% start	end	CellId	IMSI	RNTI	LCID	nTxPDUs	TxBytes	nRxPDUs	RxBytes	delay	stdDev	min	max	PduSize	stdDev	min	max
0.5	0.75	4	1	5	3	59	25414	38	14854	0.00428947	0.00484298	0.003	0.024	390.895	167.49	52	825	
0.5	0.75	4	2	3	3	76	25450	53	16114	0.0035283	0.00269332	0.003	0.017	304.038	138.023	51	517	
0.5	0.75	4	3	2	3	58	25416	40	16760	0.0044	0.00480811	0.003	0.024	419	196.659	49	839	
0.5	0.75	4	4	1	3	63	25422	44	16305	0.00411364	0.00368034	0.003	0.024	370.568	194.901	49	693	
0.5	0.75	4	5	4	3	49	25394	46	23280	0.0106087	0.00705054	0.003	0.017	506.087	256.861	73	1056	
0.5	0.75	2	6	4	3	48	25392	47	25358	0.00687234	0.00433197	0.003	0.017	539.532	224.654	219	1056	
0.5	0.75	2	7	5	3	67	25430	48	19622	0.003	0	0.003	0.003	408.792	176.596	101	839	
0.5	0.75	2	8	2	3	69	25434	66	24444	0.00692424	0.00706739	0.003	0.024	370.364	212.264	42	1056	
0.5	0.75	2	9	3	3	75	25446	58	20652	0.003	0	0.003	0.003	356.069	151.666	32	621	
0.5	0.75	2	10	1	3	53	25402	52	24829	0.00596154	0.00349207	0.003	0.01	477.481	217.221	90	1056	
0.5	0.75	3	11	5	3	87	25470	65	18362	0.003	0	0.003	0.003	282.492	162.78	26	621	
0.5	0.75	3	12	3	3	59	25414	39	16508	0.00317949	0.0011209	0.003	0.01	423.282	189.385	49	839	
0.5	0.75	3	13	1	3	54	25404	52	24481	0.00811538	0.0068073	0.003	0.017	470.788	175.038	73	839	
0.5	0.75	3	14	4	3	50	25396	48	24701	0.00883333	0.00697513	0.003	0.017	514.604	180.323	74	1056	
0.5	0.75	3	15	2	3	50	25398	49	25212	0.00814286	0.00666771	0.003	0.017	514.531	201.494	90	1056	
0.5	0.75	1	16	3	3	63	25422	61	25042	0.00690164	0.00632905	0.003	0.017	410.525	216.463	73	1056	
0.5	0.75	1	17	2	3	65	25426	47	19539	0.00359574	0.00320773	0.003	0.024	415.723	173.386	49	839	
0.5	0.75	1	18	4	3	67	25430	64	24628	0.00704687	0.00703377	0.003	0.024	384.812	189.012	51	839	
0.5	0.75	1	19	5	3	56	25408	54	24839	0.00714815	0.00630785	0.003	0.017	459.981	187.633	90	871	
0.5	0.75	1	20	1	3	69	25434	55	20901	0.00338182	0.00209489	0.003	0.017	380.018	173.78	101	839	
0.75	1	4	1	5	3	74	26498	51	16377	0.00354902	0.00236062	0.003	0.017	321.118	93.5334	117	586	
0.75	1	4	2	3	3	85	26520	61	16880	0.003	0	0.003	0.003	276.721	93.7707	51	437	
0.75	1	4	3	2	3	80	26510	57	16332	0.00349123	0.00259892	0.003	0.017	286.526	112.637	49	469	
0.75	1	4	4	1	3	77	26504	55	17166	0.00376364	0.00347991	0.003	0.024	312.109	110.66	49	478	
0.75	1	4	5	4	3	43	26436	44	26809	0.0150909	0.00485998	0.003	0.017	609.295	322.851	219	1056	
0.75	1	2	6	4	3	62	26474	62	25903	0.00604839	0.00393149	0.003	0.017	417.79	184.993	34	1056	
0.75	1	2	7	5	3	76	26502	58	20281	0.00312069	0.000919145	0.003	0.01	349.672	134.158	49	573	
0.75	1	2	8	2	3	75	26500	68	24303	0.00598529	0.00676799	0.003	0.024	357.397	166.302	42	646	
0.75	1	2	9	3	3	88	26526	76	23680	0.00364474	0.00346296	0.003	0.024	311.579	144.27	32	621	
0.75	1	2	10	1	3	67	26484	67	26484	0.00571642	0.0034369	0.003	0.01	395.284	172.699	90	839	
0.75	1	3	11	5	3	92	26534	70	20039	0.003	0	0.003	0.003	286.271	123.585	26	437	
0.75	1	3	12	3	3	74	26498	52	18803	0.00353846	0.00233861	0.003	0.017	361.596	139.035	49	573	
0.75	1	3	13	1	3	65	26480	65	26113	0.00838461	0.00686406	0.003	0.017	401.738	136.127	73	685	
0.75	1	3	14	4	3	61	26472	61	25797	0.0087377	0.00694239	0.003	0.017	422.902	137.956	149	757	
0.75	1	3	15	2	3	65	26480	64	26098	0.00825	0.0068313	0.003	0.017	407.781	142.171	93	669	
0.75	1	1	16	3	3	77	26504	78	26416	0.00739743	0.00649143	0.003	0.017	338.667	161.66	73	685	
0.75	1	1	17	2	3	82	26514	59	21229	0.003	0	0.003	0.003	359.814	137.239	49	573	
0.75	1	1	18	4	3	79	26508	77	25512	0.00754545	0.00742603	0.003	0.024	331.325	144.365	43	645	
0.75	1	1	19	5	3	74	26498	74	26204	0.00754054	0.00649592	0.003	0.017	354.108	146.078	7	669	
0.75	1	1	20	1	3	81	26512	62	22362	0.00345161	0.00173373	0.003	0.01	360.677	148.76	49	749	
1	1.25	4	1	5	3	83	26516	68	20309	0.00423529	0.00294789	0.003	0.017	298.662	129.467	4	534	
1	1.25	4	2	3	3	94	26538	75	19372	0.0044	0.0052736	0.003	0.024	258.293	121.147	26	485	
1	1.25	4	3	2	3	87	26524	69	19101	0.00411594	0.00331457	0.003	0.024	276.826	127.181	8	485	
1	1.25	4	4	1	3	81	26340	65	19139	0.00396923	0.00273273	0.003	0.017	294.446	110.753	17	485	
1	1.25	4	5	4	3	60	26347	61	27995	0.010459	0.00637331	0.003	0.017	458.934	304.851	43	1056	
1	1.25	2	6	4	3	67	26484	67	26652	0.00571642	0.00364653	0.003	0.017	397.791	183.736	3	1056	
1	1.25	2	7	5	3	82	26514	64	23255	0.003	0	0.003	0.003	363.359	133.736	15	621	
1	1.25	2	8	2	3	82	26514	79	26572	0.00583544	0.00588006	0.003	0.024	336.354	143.617	52	637	
1	1.25	2	9	3	3	94	26538	78	22353	0.003	0	0.003	0.003	286.577	131.499	15	549	
1	1.25	2	10	1	3	64	26478	64	26737	0.00595312	0.00348434	0.003	0.01	417.766	148.718	66	685	
1	1.25	3	11	5	3	99	26548	81	20712	0.00325926	0.00233333	0.003	0.024	255.704	114.906	26	494	
1	1.25	3	12	3	3	76	26502	63	22944	0.00466667	0.00349193	0.003	0.017	364.19	123.615	49	573	
1	1.25	3	13	1	3	70	26492	71	26797	0.00694366	0.00634235	0.003	0.017	377.423	152.329	14	757	
1	1.25	3	14	4	3	71	26494	72	27638	0.00747222	0.00613917	0.003	0.017	383.861	169.762	44	985	
1	1.25	3	15	2	3	68	26486	69	26481	0.00776811	0.00617906	0.003	0.017	383.783	132.297	93	669	
1	1.25	1	16	3	3	80	26510	77	26279	0.00690909	0.00627061	0.003	0.017	341.286	129.122	73	597	
1	1.25	1	17	2	3	81	26512	60	22049	0.00335	0.00200698	0.003	0.017	367.483	135.955	49	621	
1	1.25	1	18	4	3	75	26500	73	26103	0.00721918	0.00687638	0.003	0.024	357.575	131.154	57	701	
1	1.25	1	19	5	3	72	26494	73	27067	0.00693151	0.00628121	0.003	0.017	370.781	129.244	93	669	
1	1.25	1	20	1	3	81	26512	62	22327	0.00379032	0.00337851	0.003	0.024	360.113	120.24	49	573	
1.25	1.5	4	1	5	3	78	26506	60	18195	0.00393333	0.00396539	0.003	0.024	303.25	103.571	57	594	
1.25	1.5	4	2	3	3	88	26526	68	17754	0.00330882	0.00254662	0.003	0.024	261.088	104.834	26	437	
1.25	1.5	4	3	2	3	77	26504	58	17470	0.00336207	0.00156383	0.003	0.01	301.207	97.3514	49	539	
1.25	1.5	4	4	1	3	83	26690	61	18854	0.003	0	0.003	0.003	309.082	97.6916	49	533	
1.25	1.5	4	5	4	3	54	26583	53	25385	0.0101321	0.00693108	0.003	0.017	478.962	309.466	28	1056	
1.25	1.5	2	6	4	3	68	26486	68	26657	0.00577941	0.0036563	0.003	0.017	392.015	182.862	34	839	
1.25	1.5	2	7	5	3	79	26508	63	22447	0.00333333	0.00195926	0.003	0.017	356.302	131.45	49	621	
1.25	1.5	2	8	2	3	78	26506	74	25337	0.0065	0.00657986	0.003	0.024	342.392	163.729	42	935	
1.25	1.5	2	9	3	3	88	26526	71	22589	0.003	0	0.003	0.003	318.155	120.531	32	549	
1.25	1.5	2	10	1	3	66	26482	66	26594	0.00543939	0.00336099	0.003	0.01	402.939	172.737	26	685	
1.25	1.5	3	11	5	3	90	26530	73	21040	0.00338356	0.00230115	0.003	0.017	288.219	136.891	26	719	
1.25	1.5	3	12	3	3	69	26488	51	20083	0.00382353	0.00301799	0.003	0.017	393.784	160.647	49	957	
1.25	1.5	3	13	1	3	68	26486	67	26560	0.00822388	0.00682203	0.003	0.017	396.418	193.519	73	985	
1.25	1.5	3	14	4	3	65	26480	64	25335	0.00803125	0.00677054	0.003	0.017	395.859	163.526	15	685	
1.25	1.5	3	15	2	3	60	26470	60	25987	0.00883333	0.00696034	0.003	0.017	433.117	153.06	93	839	
1.25	1.5	1	16	3	3	74	26498	76	26729	0.00723684	0.00637258	0.003	0.017	351.697	147.756	10	839	
1.25	1.5	1	17	2	3	81	26512	60	21218	0.00335	0.00153849	0.003	0.01	353.633	140.221	11	621	
1.25	1.5	1	18	4	3	81	26512	77	25652	0.00681818	0.00686472	0.003	0.024	333.143	137.878	43	597	
1.25	1.5	1	19	5	3	79	26508	78	26221	0.00676923	0.00625003	0.003	0.017	336.167	150.907	90	669	
1.25	1.5	1	20	1	3	81	26512	63	22380	0.00344444	0.00277534	0.003	0.024	355.238	136.444	20	573	
1.5	1.75	4	1	5	3	84	26518	65	19244	0.00353846	0.0018798	0.003	0.01	296.062	95.3557	55	474	
1.5	1.75	4	2	3	3	86	26522	67	18418	0.00383582	0.00395274	0.003	0.024	274.896	109.405	26	485	
1.5	1.75	4	3	2	3	86	26522	67	18765	0.00341791	0.00167105	0.003	0.01	280.075	93.4582	49	469	
1.5	1.75	4	4	1	3	80	26510	63	18345	0.00388889	0.00234941	0.003	0.01	291.19	91.2557	49	534	
1.5	1.75	4	5	4	3	59	26472	58	26091	0.00939655	0.00672242	0.003	0.017	449.845	268.219	73	1056	
1.5	1.75	2	6	4	3	63	26476	63	26476	0.00622222	0.00467472	0.003	0.017	420.254	192.805	113	1056	
1.5	1.75	2	7	5	3	83	26516	65	23069	0.003	0	0.003	0.003	354.908	127.766	49	621	
1.5	1.75	2	8	2	3	83	26516	80	25680	0.0062375	0.00695054	0.003	0.024	321	147.559	43	645	
1.5	1.75	2	9	3	3	94	26538	76	22619	0.003	0	0.003	0.003	297.618	140.323	15	517	
1.5	1.75	2	10	1	3	60	26474	60	26474	0.00603333	0.00349802	0.003	0.01	441.233	182.732	75	839	
1.5	1.75	3	11	5	3	95	26540	78	21805	0.003	0	0.003	0.003	279.551	125.002	26	437	
1.5	1.75	3	12	3	3	75	26500	57	20720	0.00336842	0.00205836	0.003	0.017	363.509	142.38	49	693	
1.5	1.75	3	13	1	3	66	26484	65	25959	0.00752308	0.00659808	0.003	0.017	399.369	173.031	73	985	
1.5	1.75	3	14	4	3	66	26484	66	26265	0.00745454	0.00657076	0.003	0.017	397.955	148.106	73	833	
1.5	1.75	3	15	2	3	59	26468	59	26468	0.00833898	0.00679658	0.003	0.017	448.61	158.806	15	773	
1.5	1.75	1	16	3	3	76	26502	76	26496	0.00732895	0.00636111	0.003	0.017	348.632	138.675	23	573	
1.5	1.75	1	17	2	3	82	26514	63	22204	0.003	0	0.003	0.003	352.444	136.945	7	621	
1.5	1.75	1	18	4	3	78	26506	71	24802	0.0064507	0.00678399	0.003	0.024	349.324	137.109	7	637	
1.5	1.75	1	19	5	3	71	26492	71	26585	0.00753521	0.00649138	0.003	0.017	374.437	134.231	90	669	
1.5	1.75	1	20	1	3	78	26506	61	22703	0.00357377	0.00294086	0.003	0.024	372.18	127.031	49	621	
1.75	2	4	1	5	3	93	26542	89	25356	0.00591011	0.00595178	0.003	0.024	284.899	129.385	11	533	
1.75	2	4	2	3	3	94	26542	86	23284	0.00633721	0.00641801	0.003	0.024	270.744	140.991	12	717	
1.75	2	4	3	2	3	88	26534	81	24552	0.00593827	0.00540681	0.003	0.024	303.111	135.421	23	605	
1.75	2	4	4	1	3	96	26546	88	24383	0.00554545	0.00499864	0.003	0.024	277.08	122.964	49	642	
1.75	2	4	5	4	3	76	26514	78	28001	0.00721795	0.00600573	0.003	0.017	358.987	129.707	87	839	
1.75	2	2	6	4	3	62	26474	63	26740	0.00588889	0.00390249	0.003	0.017	424.444	224.424	34	1056	
1.75	2	2	7	5	3	77	26504	64	20724	0.00321875	0.00122758	0.003	0.01	323.812	174.662	12	685	
1.75	2	2	8	2	3	64	26480	64	26416	0.00803125	0.00699653	0.003	0.024	412.75	228.126	42	1056	
1.75	2	2	9	3	3	72	26494	58	18219	0.00348276	0.00257683	0.003	0.017	314.121	142.857	12	676	
1.75	2	2	10	1	3	52	26458	52	26594	0.00636538	0.00353153	0.003	0.01	511.423	277.27	66	1056	
1.75	2	3	11	5	3	97	26544	84	22514	0.00366667	0.00354093	0.003	0.024	268.024	121.092	26	469	
1.75	2	3	12	3	3	78	26506	67	21892	0.00498507	0.00436061	0.003	0.024	326.746	125.558	27	621	
1.75	2	3	13	1	3	77	26504	80	27940	0.005975	0.00554378	0.003	0.017	349.25	158.755	42	839	
1.75	2	3	14	4	3	77	26504	79	28094	0.00610126	0.00546221	0.003	0.017	355.62	155.711	15	985	
1.75	2	3	15	2	3	71	26492	73	27830	0.00606849	0.00494786	0.003	0.017	381.233	160.701	34	669	
1.75	2	1	16	3	3	65	26480	65	25744	0.00935385	0.00651544	0.003	0.017	396.062	162.228	10	839	
1.75	2	1	17	2	3	76	26502	56	20888	0.00425	0.00402831	0.003	0.017	373	136.089	49	621	
1.75	2	1	18	4	3	68	26486	68	25232	0.00948529	0.00654831	0.003	0.024	371.059	178.708	42	775	
1.75	2	1	19	5	3	57	26464	57	26083	0.00889474	0.00557957	0.003	0.017	457.596	186.098	93	1056	
1.75	2	1	20	1	3	75	26500	62	22591	0.00616129	0.00517622	0.003	0.017	364.371	162.246	49	717	
2	2.25	4	1	5	3	85	26524	70	20038	0.0041	0.00306996	0.003	0.017	286.257	119.561	57	534	
2	2.25	4	2	3	3	96	26544	82	19226	0.00402439	0.00455142	0.003	0.024	234.463	115.845	8	502	
2	2.25	4	3	2	3	83	26518	65	18967	0.00364615	0.00268928	0.003	0.017	291.8	113.789	7	469	
2	2.25	4	4	1	3	81	26514	64	18638	0.00365625	0.00205649	0.003	0.01	291.219	102.571	49	533	
2	2.25	4	5	4	3	59	26472	57	24842	0.00963158	0.00653734	0.003	0.017	435.825	256.608	93	1056	
2	2.25	2	6	4	3	65	26480	63	25422	0.00544444	0.00380483	0.003	0.017	403.524	184.133	34	945	
2	2.25	2	7	5	3	83	26516	68	23685	0.00310294	0.000848875	0.003	0.01	348.309	147.635	49	693	
2	2.25	2	8	2	3	85	26520	81	25559	0.00593827	0.00644078	0.003	0.024	315.543	163.946	3	645	
2	2.25	2	9	3	3	81	26512	64	22574	0.003	0	0.003	0.003	352.719	156.645	20	621	
2	2.25	2	10	1	3	62	26474	62	25855	0.00570968	0.00343744	0.003	0.01	417.016	168.171	26	749	
2	2.25	3	11	5	3	95	26540	77	20766	0.00354545	0.00336212	0.003	0.024	269.688	124.699	12	437	
2	2.25	3	12	3	3	75	26500	56	20109	0.004125	0.00291742	0.003	0.017	359.089	154.765	12	621	
2	2.25	3	13	1	3	64	26478	62	25334	0.00774193	0.00667988	0.003	0.017	408.613	174.365	73	1056	
2	2.25	3	14	4	3	63	26476	61	25186	0.00816393	0.00675075	0.003	0.017	412.885	179.976	73	1056	
2	2.25	3	15	2	3	64	26478	62	25140	0.00819355	0.00669925	0.003	0.017	405.484	154.515	28	839	
2	2.25	1	16	3	3	73	26496	73	27078	0.00721918	0.0064684	0.003	0.017	370.932	150.574	10	693	
2	2.25	1	17	2	3	81	26512	60	20925	0.00358333	0.00266993	0.003	0.017	348.75	130.922	49	533	
2	2.25	1	18	4	3	77	26504	75	27290	0.00757333	0.007323	0.003	0.024	363.867	163.159	57	941	
2	2.25	1	19	5	3	71	26492	72	27270	0.00708333	0.00640807	0.003	0.017	378.75	164.939	91	839	
2	2.25	1	20	1	3	86	26522	70	23147	0.0042	0.00461127	0.003	0.024	330.671	149.225	15	839	
2.25	2.5	4	1	5	3	81	26512	57	17766	0.00324561	0.00185435	0.003	0.017	311.684	103.032	57	469	
2.25	2.5	4	2	3	3	86	26522	63	16691	0.00333333	0.00264575	0.003	0.024	264.937	93.7901	26	437	
2.25	2.5	4	3	2	3	77	26504	57	17930	0.00398246	0.00360798	0.003	0.024	314.561	129.629	49	741	
2.25	2.5	4	4	1	3	75	26502	52	16984	0.00326923	0.00135929	0.003	0.01	326.615	99.8862	49	741	
2.25	2.5	4	5	4	3	43	26438	44	26212	0.0136591	0.00594135	0.003	0.017	595.727	333.115	72	1056	
2.25	2.5	2	6	4	3	61	26472	62	26925	0.00616129	0.00394301	0.003	0.017	434.274	179.629	34	839	
2.25	2.5	2	7	5	3	84	26518	64	23256	0.00310937	0.000875	0.003	0.01	363.375	149.329	87	839	
2.25	2.5	2	8	2	3	80	26510	75	24471	0.00589333	0.00631295	0.003	0.024	326.28	148.382	3	717	
2.25	2.5	2	9	3	3	84	26518	66	21977	0.00310606	0.00086164	0.003	0.01	332.985	129.401	32	621	
2.25	2.5	2	10	1	3	62	26474	62	26342	0.00604839	0.00349907	0.003	0.01	424.871	181.815	66	839	
2.25	2.5	3	11	5	3	95	26540	74	19438	0.00328378	0.0024412	0.003	0.024	262.676	123.273	26	437	
2.25	2.5	3	12	3	3	81	26512	58	19425	0.00312069	0.000919145	0.003	0.01	334.914	127.219	49	621	
2.25	2.5	3	13	1	3	65	26480	65	26481	0.00838461	0.0067516	0.003	0.017	407.4	159.504	73	757	
2.25	2.5	3	14	4	3	66	26484	66	27074	0.00851515	0.00678288	0.003	0.017	410.212	156.466	73	839	
2.25	2.5	3	15	2	3	62	26474	62	26861	0.00864516	0.00680669	0.003	0.017	433.242	149.476	90	669	
2.25	2.5	1	16	3	3	76	26502	76	26649	0.00751316	0.00643634	0.003	0.017	350.645	129.979	73	685	
2.25	2.5	1	17	2	3	87	26524	68	21671	0.00310294	0.000848875	0.003	0.01	318.691	128.44	49	621	
2.25	2.5	1	18	4	3	75	26500	71	25496	0.00733803	0.00742379	0.003	0.024	359.099	136.407	57	597	
2.25	2.5	1	19	5	3	72	26494	72	26599	0.00756944	0.00645205	0.003	0.017	369.431	146.485	58	669	
2.25	2.5	1	20	1	3	82	26514	63	22326	0.00322222	0.00123712	0.003	0.01	354.381	129.925	49	693	
2.5	2.75	4	1	5	3	83	26518	72	22317	0.00436111	0.00400811	0.003	0.024	309.958	85.0707	57	474	
2.5	2.75	4	2	3	3	98	26546	83	20168	0.00359036	0.00331676	0.003	0.024	242.988	114.925	11	518	
2.5	2.75	4	3	2	3	84	26520	67	20671	0.00352239	0.0018534	0.003	0.01	308.522	94.8879	49	469	
2.5	2.75	4	4	1	3	83	26516	65	19076	0.00353846	0.0018798	0.003	0.01	293.477	102.564	55	469	
2.5	2.75	4	5	4	3	64	26486	64	27916	0.00879687	0.00654697	0.003	0.017	436.188	288.801	73	1056	
2.5	2.75	2	6	4	3	71	26492	71	26943	0.00487324	0.00312103	0.003	0.01	379.479	185.003	34	717	
2.5	2.75	2	7	5	3	78	26506	64	23057	0.003875	0.00363624	0.003	0.024	360.266	127.651	49	638	
2.5	2.75	2	8	2	3	84	26518	81	25736	0.00637037	0.00665102	0.003	0.024	317.728	166.48	51	839	
2.5	2.75	2	9	3	3	100	26550	89	24858	0.0031573	0.001484	0.003	0.017	279.303	138.197	12	621	
2.5	2.75	2	10	1	3	69	26488	70	27305	0.0051	0.00323096	0.003	0.01	390.071	175.489	66	817	
2.5	2.75	3	11	5	3	99	26548	83	22623	0.00325301	0.00230505	0.003	0.024	272.566	128.54	26	437	
2.5	2.75	3	12	3	3	79	26508	63	20755	0.00377778	0.00310797	0.003	0.024	329.444	137.004	49	573	
2.5	2.75	3	13	1	3	64	26480	64	26333	0.00770312	0.00660611	0.003	0.017	411.453	172.07	73	1056	
2.5	2.75	3	14	4	3	69	26490	69	26199	0.00756522	0.00644542	0.003	0.017	379.696	177.608	21	1056	
2.5	2.75	3	15	2	3	62	26476	62	26476	0.00808064	0.00660675	0.003	0.017	427.032	168.211	93	1056	
2.5	2.75	1	16	3	3	80	26510	80	26370	0.007025	0.0062783	0.003	0.017	329.625	137.086	73	614	
2.5	2.75	1	17	2	3	86	26522	66	21246	0.00310606	0.00086164	0.003	0.01	321.909	110.759	49	573	
2.5	2.75	1	18	4	3	78	26506	76	25738	0.00622368	0.00609612	0.003	0.024	338.658	137.423	55	645	
2.5	2.75	1	19	5	3	73	26496	73	26776	0.00712329	0.00637257	0.003	0.017	366.795	145.148	90	669	
2.5	2.75	1	20	1	3	87	26524	72	23588	0.00329167	0.0014086	0.003	0.01	327.611	149.468	16	749	
2.75	3	4	1	5	3	82	26514	62	18706	0.00379032	0.00286378	0.003	0.017	301.71	113.536	57	533	
2.75	3	4	2	3	3	91	26532	71	18459	0.00359155	0.00307328	0.003	0.024	259.986	120.31	8	437	
2.75	3	4	3	2	3	74	26498	57	16793	0.00385965	0.00266886	0.003	0.017	294.614	113.736	12	543	
2.75	3	4	4	1	3	75	26500	55	17336	0.00389091	0.00302871	0.003	0.017	315.2	106.927	12	573	
2.75	3	4	5	4	3	51	26452	50	25400	0.0114	0.00678233	0.003	0.017	508	287.925	149	1056	
2.75	3	2	6	4	3	62	26474	62	26474	0.00616129	0.00394301	0.003	0.017	427	205.993	34	1056	
2.75	3	2	7	5	3	83	26516	67	23119	0.00331343	0.00190063	0.003	0.017	345.06	140.177	49	621	
2.75	3	2	8	2	3	76	26502	70	23678	0.0057	0.0059936	0.003	0.024	338.257	165.652	57	871	
2.75	3	2	9	3	3	89	26528	72	22653	0.00358333	0.00347526	0.003	0.024	314.625	147.878	7	621	
2.75	3	2	10	1	3	58	26466	57	25893	0.00607017	0.00350438	0.003	0.01	454.263	186.148	26	1056	
2.75	3	3	11	5	3	93	26536	74	20667	0.00356757	0.00342865	0.003	0.024	279.284	126.026	8	437	
2.75	3	3	12	3	3	72	26494	53	19064	0.00379245	0.00354292	0.003	0.024	359.698	160.796	49	839	
2.75	3	3	13	1	3	68	26486	68	26695	0.00752941	0.00648643	0.003	0.017	392.574	152.172	73	686	
2.75	3	3	14	4	3	70	26492	70	26564	0.0076	0.00640516	0.003	0.017	379.486	139.45	73	685	
2.75	3	3	15	2	3	68	26486	68	26769	0.00711765	0.00631163	0.003	0.017	393.662	171.835	15	774	
2.75	3	1	16	3	3	80	26510	80	26507	0.0072	0.00645608	0.003	0.017	331.337	131.05	20	605	
2.75	3	1	17	2	3	75	26500	53	20288	0.00326415	0.00192305	0.003	0.017	382.792	114.65	101	749	
2.75	3	1	18	4	3	80	26510	77	25626	0.00709091	0.0068464	0.003	0.024	332.805	140.591	57	645	
2.75	3	1	19	5	3	75	26500	75	26212	0.00729333	0.00649901	0.003	0.017	349.493	135.495	93	669	
2.75	3	1	20	1	3	79	26508	58	21734	0.00372414	0.00339139	0.003	0.024	374.724	138.171	49	839	
3	3.25	4	1	5	3	76	26502	56	17553	0.004375	0.00488992	0.003	0.024	313.446	141.063	57	765	
3	3.25	4	2	3	3	90	26530	66	17166	0.003	0	0.003	0.003	260.091	112.37	15	437	
3	3.25	4	3	2	3	77	26504	53	15911	0.00313207	0.000961524	0.003	0.01	300.208	95.5086	49	469	
3	3.25	4	4	1	3	76	26502	52	16784	0.00313461	0.000970725	0.003	0.01	322.769	96.5585	49	685	
3	3.25	4	5	4	3	48	26448	49	26821	0.0127143	0.0065192	0.003	0.017	547.367	285.218	73	1056	
3	3.25	2	6	4	3	66	26482	66	26370	0.00607576	0.00409619	0.003	0.017	399.545	187.209	34	839	
3	3.25	2	7	5	3	83	26516	66	22762	0.00331818	0.00191479	0.003	0.017	344.879	139.296	12	621	
3	3.25	2	8	2	3	79	26508	75	25417	0.00673333	0.00703146	0.003	0.024	338.893	165.821	55	775	
3	3.25	2	9	3	3	93	26536	79	22490	0.00326582	0.00236268	0.003	0.024	284.684	148.322	32	621	
3	3.25	2	10	1	3	64	26478	64	26737	0.00573437	0.00344223	0.003	0.01	417.766	170.659	66	1056	
3	3.25	3	11	5	3	97	26544	77	19529	0.003	0	0.003	0.003	253.623	114.202	26	437	
3	3.25	3	12	3	3	80	26510	60	20213	0.00358333	0.00296472	0.003	0.024	336.883	142.975	12	693	
3	3.25	3	13	1	3	69	26488	69	26644	0.00847826	0.00688265	0.003	0.017	386.145	161.89	73	839	
3	3.25	3	14	4	3	67	26484	67	26332	0.00843283	0.00687381	0.003	0.017	393.015	160.357	149	839	
3	3.25	3	15	2	3	57	26464	57	25794	0.00926316	0.00696041	0.003	0.017	452.526	173.48	98	1056	
3	3.25	1	16	3	3	79	26508	79	26752	0.00725316	0.00647969	0.003	0.017	338.633	154.278	3	685	
3	3.25	1	17	2	3	81	26512	58	21521	0.00312069	0.000919145	0.003	0.01	371.052	137.298	49	839	
3	3.25	1	18	4	3	80	26510	76	25430	0.00705263	0.00725331	0.003	0.024	334.605	130.847	51	645	
3	3.25	1	19	5	3	76	26502	76	26790	0.00760526	0.00662134	0.003	0.017	352.5	150.362	91	669	
3	3.25	1	20	1	3	77	26504	54	20536	0.00325926	0.00133438	0.003	0.01	380.296	107.669	49	573	
3.25	3.5	4	1	5	3	77	26504	55	17066	0.00350909	0.00227606	0.003	0.017	310.291	93.0774	57	533	
3.25	3.5	4	2	3	3	94	26538	71	17120	0.003	0	0.003	0.003	241.127	117.67	26	437	
3.25	3.5	4	3	2	3	79	26508	56	16979	0.003375	0.00207638	0.003	0.017	303.196	78.3297	49	421	
3.25	3.5	4	4	1	3	75	26500	54	16838	0.00364815	0.00245839	0.003	0.017	311.815	86.2756	49	538	
3.25	3.5	4	5	4	3	49	26450	48	26077	0.0124792	0.00653628	0.003	0.017	543.271	314.385	138	1095	
3.25	3.5	2	6	4	3	69	26490	69	26610	0.00563768	0.00362171	0.003	0.017	385.652	157.266	34	605	
3.25	3.5	2	7	5	3	86	26522	69	21829	0.00330435	0.00143798	0.003	0.01	316.362	133.529	49	573	
3.25	3.5	2	8	2	3	82	26514	79	26387	0.00663291	0.00642546	0.003	0.024	334.013	141.728	42	637	
3.25	3.5	2	9	3	3	91	26532	75	23845	0.003	0	0.003	0.003	317.933	137.747	15	621	
3.25	3.5	2	10	1	3	61	26472	61	26459	0.00586885	0.00347119	0.003	0.01	433.754	165.876	66	1056	
3.25	3.5	3	11	5	3	93	26536	69	19754	0.003	0	0.003	0.003	286.29	98.889	79	437	
3.25	3.5	3	12	3	3	79	26508	58	20370	0.00336207	0.0020408	0.003	0.017	351.207	133.519	49	573	
3.25	3.5	3	13	1	3	67	26484	67	26561	0.00822388	0.00682203	0.003	0.017	396.433	148.697	73	757	
3.25	3.5	3	14	4	3	57	26464	57	26835	0.00914035	0.00700877	0.003	0.017	470.789	167.976	149	1056	
3.25	3.5	3	15	2	3	62	26474	62	26474	0.00875806	0.00688711	0.003	0.017	427	148.07	26	669	
3.25	3.5	1	16	3	3	79	26508	79	26129	0.00743038	0.00645633	0.003	0.017	330.747	146.904	43	605	
3.25	3.5	1	17	2	3	79	26508	57	21149	0.003	0	0.003	0.003	371.035	118.487	49	693	
3.25	3.5	1	18	4	3	80	26510	78	25813	0.00694872	0.00663501	0.003	0.024	330.936	137.814	43	597	
3.25	3.5	1	19	5	3	73	26496	73	25925	0.00750685	0.00653436	0.003	0.017	355.137	139.835	74	669	
3.25	3.5	1	20	1	3	77	26504	56	21236	0.003625	0.00306631	0.003	0.024	379.214	113.296	49	573	
3.5	3.75	4	1	5	3	76	26502	59	17936	0.0048983	0.00447096	0.003	0.024	304	115.875	21	590	
3.5	3.75	4	2	3	3	98	26546	79	19322	0.00362025	0.00339798	0.003	0.024	244.582	106.232	15	437	
3.5	3.75	4	3	2	3	77	26504	58	18536	0.00432759	0.00381313	0.003	0.017	319.586	106.848	7	469	
3.5	3.75	4	4	1	3	78	26506	61	18320	0.0044918	0.00406457	0.003	0.024	300.328	100.563	49	469	
3.5	3.75	4	5	4	3	52	26458	52	26458	0.0113462	0.00650757	0.003	0.017	508.808	310.761	73	1056	
3.5	3.75	2	6	4	3	63	26476	63	25566	0.00622222	0.00413656	0.003	0.017	405.81	169.937	34	839	
3.5	3.75	2	7	5	3	78	26506	65	22718	0.00321538	0.00121825	0.003	0.01	349.508	140.842	18	642	
3.5	3.75	2	8	2	3	81	26512	79	25738	0.00574683	0.00586923	0.003	0.024	325.797	142.233	55	597	
3.5	3.75	2	9	3	3	91	26532	76	23944	0.003	0	0.003	0.003	315.053	151.565	16	621	
3.5	3.75	2	10	1	3	60	26470	59	26110	0.00584746	0.00346815	0.003	0.01	442.542	188.311	90	1056	
3.5	3.75	3	11	5	3	84	26518	60	18497	0.003	0	0.003	0.003	308.283	94.0727	79	437	
3.5	3.75	3	12	3	3	75	26500	54	20089	0.00351852	0.00229635	0.003	0.017	372.019	140.611	49	621	
3.5	3.75	3	13	1	3	69	26488	69	26353	0.00807246	0.00677868	0.003	0.017	381.928	147.34	73	833	
3.5	3.75	3	14	4	3	69	26488	69	26492	0.00807246	0.00677868	0.003	0.017	383.942	150.641	73	757	
3.5	3.75	3	15	2	3	65	26480	65	26667	0.00827692	0.0067812	0.003	0.017	410.262	152.268	93	773	
3.5	3.75	1	16	3	3	72	26494	72	26334	0.00776389	0.00652297	0.003	0.017	365.75	139.211	34	614	
3.5	3.75	1	17	2	3	84	26518	63	20951	0.00311111	0.000881917	0.003	0.01	332.556	136.821	49	533	
3.5	3.75	1	18	4	3	77	26504	74	25936	0.00697297	0.0066641	0.003	0.024	350.486	147.144	43	645	
3.5	3.75	1	19	5	3	72	26494	72	26485	0.00747222	0.00636003	0.003	0.017	367.847	125.922	98	669	
3.5	3.75	1	20	1	3	81	26512	61	21152	0.00368852	0.00330928	0.003	0.024	346.754	135.82	49	573	
3.75	4	4	1	5	3	81	26512	64	19444	0.00376562	0.00220204	0.003	0.01	303.813	114.359	20	485	
3.75	4	4	2	3	3	95	26540	80	19771	0.0037	0.00362621	0.003	0.024	247.138	120.32	26	525	
3.75	4	4	3	2	3	86	26522	71	20515	0.00408451	0.00255089	0.003	0.01	288.944	126.169	49	595	
3.75	4	4	4	1	3	83	26516	66	19070	0.00406061	0.00252908	0.003	0.01	288.939	112.957	23	533	
3.75	4	4	5	4	3	56	26470	57	26851	0.00938596	0.00651853	0.003	0.017	471.07	274.138	24	1056	
3.75	4	2	6	4	3	67	26484	66	26557	0.00543939	0.00357826	0.003	0.017	402.379	182.195	10	1056	
3.75	4	2	7	5	3	86	26522	71	22662	0.00339437	0.00261577	0.003	0.024	319.183	165.985	8	573	
3.75	4	2	8	2	3	77	26506	73	25905	0.00654794	0.0067145	0.003	0.024	354.863	155.89	36	701	
3.75	4	2	9	3	3	94	26538	75	23339	0.003	0	0.003	0.003	311.187	145.392	32	621	
3.75	4	2	10	1	3	66	26482	67	26484	0.00571642	0.0034369	0.003	0.01	395.284	174.543	66	839	
3.75	4	3	11	5	3	95	26540	79	21341	0.00335443	0.00221324	0.003	0.017	270.139	122.881	26	437	
3.75	4	3	12	3	3	73	26496	53	19637	0.0035283	0.00231719	0.003	0.017	370.509	135.685	49	621	
3.75	4	3	13	1	3	65	26482	65	26415	0.00773846	0.00667616	0.003	0.017	406.385	151.525	73	685	
3.75	4	3	14	4	3	65	26482	65	26633	0.00806154	0.006607	0.003	0.017	409.738	158.354	73	1056	
3.75	4	3	15	2	3	67	26486	67	26579	0.00791045	0.00656375	0.003	0.017	396.701	122.843	97	669	
3.75	4	1	16	3	3	75	26500	75	26803	0.00766667	0.00654369	0.003	0.017	357.373	154.164	10	685	
3.75	4	1	17	2	3	81	26512	62	23080	0.0031129	0.000889001	0.003	0.01	372.258	151.613	49	775	
3.75	4	1	18	4	3	77	26504	68	24216	0.00608823	0.00597191	0.003	0.024	356.118	109.098	57	701	
3.75	4	1	19	5	3	76	26502	76	26794	0.00714474	0.00638269	0.003	0.017	352.553	151.244	90	669	
3.75	4	1	20	1	3	79	26508	60	21491	0.0037	0.00307698	0.003	0.024	358.183	143.516	7	637	
4	4.25	4	1	5	3	78	26506	56	16987	0.0035	0.0022563	0.003	0.017	303.339	92.3354	57	533	
4	4.25	4	2	3	3	89	26528	65	17192	0.003	0	0.003	0.003	264.492	110.979	51	437	
4	4.25	4	3	2	3	77	26504	53	17046	0.00326415	0.00192305	0.003	0.017	321.623	72.0572	49	469	
4	4.25	4	4	1	3	76	26502	52	16373	0.00313461	0.000970725	0.003	0.01	314.865	98.5515	49	694	
4	4.25	4	5	4	3	43	26436	43	25606	0.0134186	0.00618074	0.003	0.017	595.488	317.259	73	1056	
4	4.25	2	6	4	3	66	26482	67	27431	0.0062388	0.00427852	0.003	0.017	409.418	199.504	26	1056	
4	4.25	2	7	5	3	88	26526	72	22965	0.00309722	0.000824958	0.003	0.01	318.958	142.352	16	573	
4	4.25	2	8	2	3	72	26494	66	24603	0.00618182	0.0064017	0.003	0.024	372.773	159.988	52	775	
4	4.25	2	9	3	3	90	26530	72	22335	0.003	0	0.003	0.003	310.208	143.728	15	621	
4	4.25	2	10	1	3	67	26484	67	26834	0.00582089	0.0034594	0.003	0.01	400.507	201.455	26	1056	
4	4.25	3	11	5	3	93	26536	70	19183	0.003	0	0.003	0.003	274.043	107.548	79	437	
4	4.25	3	12	3	3	70	26490	49	19480	0.00357143	0.00240659	0.003	0.017	397.551	119.101	49	621	
4	4.25	3	13	1	3	68	26486	68	26468	0.00814706	0.00680049	0.003	0.017	389.235	157.778	73	757	
4	4.25	3	14	4	3	64	26478	64	25653	0.00846875	0.00688446	0.003	0.017	400.828	168.545	73	757	
4	4.25	3	15	2	3	64	26478	64	26294	0.00846875	0.00688446	0.003	0.017	410.844	119.163	186	669	
4	4.25	1	16	3	3	75	26500	75	25826	0.00757333	0.00655986	0.003	0.017	344.347	149.058	7	605	
4	4.25	1	17	2	3	82	26514	58	20755	0.003	0	0.003	0.003	357.845	157.454	49	693	
4	4.25	1	18	4	3	81	26512	78	25821	0.00694872	0.00709838	0.003	0.024	331.038	137.01	55	597	
4	4.25	1	19	5	3	77	26504	77	25834	0.00727273	0.00643926	0.003	0.017	335.506	135.871	90	669	
4	4.25	1	20	1	3	82	26514	60	21004	0.003	0	0.003	0.003	350.067	126.718	49	749	
4.25	4.5	4	1	5	3	85	26522	71	20503	0.00457746	0.00377837	0.003	0.024	288.775	103.031	57	474	
4.25	4.5	4	2	3	3	93	26536	77	20522	0.00445454	0.00524541	0.003	0.024	266.519	120.892	26	485	
4.25	4.5	4	3	2	3	90	26361	76	20260	0.00401316	0.00317277	0.003	0.024	266.579	124.626	39	703	
4.25	4.5	4	4	1	3	90	26532	74	21230	0.00404054	0.00341407	0.003	0.024	286.892	117.803	4	485	
4.25	4.5	4	5	4	3	68	26488	68	28064	0.00825	0.00644234	0.003	0.017	412.706	280.112	12	1056	
4.25	4.5	2	6	4	3	63	26476	64	26510	0.00529687	0.0033127	0.003	0.01	414.219	209.391	34	1056	
4.25	4.5	2	7	5	3	85	26520	71	24224	0.00329577	0.00184696	0.003	0.017	341.183	128.665	12	621	
4.25	4.5	2	8	2	3	84	26518	80	25422	0.0058	0.00563533	0.003	0.024	317.775	157.611	3	646	
4.25	4.5	2	9	3	3	91	26532	79	23394	0.00317721	0.00157512	0.003	0.017	296.127	140.771	32	597	
4.25	4.5	2	10	1	3	65	26480	65	26749	0.00558461	0.00340447	0.003	0.01	411.523	159.332	66	685	
4.25	4.5	3	11	5	3	107	26564	96	23404	0.00321875	0.0021433	0.003	0.024	243.792	127.718	3	549	
4.25	4.5	3	12	3	3	79	26508	64	21906	0.00464062	0.00347036	0.003	0.017	342.281	130.887	39	586	
4.25	4.5	3	13	1	3	67	26486	68	26869	0.00711765	0.00642646	0.003	0.017	395.132	163.926	73	1056	
4.25	4.5	3	14	4	3	66	26484	66	26796	0.00766667	0.00641952	0.003	0.017	406	206.172	34	1056	
4.25	4.5	3	15	2	3	65	26482	66	27055	0.00777273	0.00603527	0.003	0.017	409.924	181.826	50	839	
4.25	4.5	1	16	3	3	82	26514	82	27267	0.00709756	0.00640912	0.003	0.017	332.524	152.788	11	686	
4.25	4.5	1	17	2	3	79	26508	59	20993	0.00347458	0.00255529	0.003	0.017	355.814	145.63	49	775	
4.25	4.5	1	18	4	3	78	26506	74	25593	0.00706757	0.00685532	0.003	0.024	345.851	146.237	51	597	
4.25	4.5	1	19	5	3	79	26508	79	27266	0.00663291	0.00612514	0.003	0.017	345.139	161.934	7	669	
4.25	4.5	1	20	1	3	74	26498	58	22112	0.0042069	0.00374053	0.003	0.017	381.241	157.927	64	839	
4.5	4.75	4	1	5	3	80	26510	63	18201	0.00377778	0.00284233	0.003	0.017	288.905	134.765	16	701	
4.5	4.75	4	2	3	3	84	26520	66	18417	0.00374242	0.00350082	0.003	0.024	279.045	116.462	26	656	
4.5	4.75	4	3	2	3	73	26669	58	20402	0.00468965	0.00460056	0.003	0.024	351.759	188.135	49	1056	
4.5	4.75	4	4	1	3	79	26508	59	18133	0.00323729	0.00127765	0.003	0.01	307.339	124.759	49	750	
4.5	4.75	4	5	4	3	56	26464	55	24886	0.00936364	0.00690508	0.003	0.017	452.473	282.579	7	1056	
4.5	4.75	2	6	4	3	66	26484	65	26218	0.00547692	0.00337318	0.003	0.01	403.354	172.993	26	717	
4.5	4.75	2	7	5	3	78	26506	63	22497	0.004	0.00329222	0.003	0.024	357.095	133.132	49	749	
4.5	4.75	2	8	2	3	83	26516	79	25293	0.00565823	0.00606775	0.003	0.024	320.165	154.081	52	765	
4.5	4.75	2	9	3	3	90	26530	76	23998	0.00373684	0.00269997	0.003	0.017	315.763	157.499	32	636	
4.5	4.75	2	10	1	3	68	26488	68	25976	0.00505882	0.00321323	0.003	0.01	382	189.998	9	1056	
4.5	4.75	3	11	5	3	94	26542	78	21574	0.00389743	0.00396606	0.003	0.024	276.59	164.042	13	935	
4.5	4.75	3	12	3	3	75	26502	59	21281	0.00466102	0.0043771	0.003	0.024	360.695	169.684	35	1056	
4.5	4.75	3	13	1	3	72	26496	71	26556	0.00684507	0.00623733	0.003	0.017	374.028	166.82	12	757	
4.5	4.75	3	14	4	3	66	26484	66	26332	0.00766667	0.0065359	0.003	0.017	398.97	179.525	7	839	
4.5	4.75	3	15	2	3	66	26484	65	26578	0.00763077	0.00634323	0.003	0.017	408.892	140.292	90	669	
4.5	4.75	1	16	3	3	85	26520	85	26664	0.00621176	0.00587183	0.003	0.017	313.694	159.206	7	685	
4.5	4.75	1	17	2	3	81	26512	65	22858	0.00321538	0.00121825	0.003	0.01	351.662	156.399	23	621	
4.5	4.75	1	18	4	3	79	26510	77	25590	0.006	0.00616014	0.003	0.024	332.338	140.312	30	645	
4.5	4.75	1	19	5	3	79	26508	79	26708	0.00618987	0.00590974	0.003	0.017	338.076	159.536	90	669	
4.5	4.75	1	20	1	3	82	26514	65	21744	0.00343077	0.0016953	0.003	0.01	334.523	153.514	19	839	
4.75	5	4	1	5	3	72	26494	51	16824	0.00409804	0.00405095	0.003	0.024	329.882	90.8994	117	535	
4.75	5	4	2	3	3	91	26532	68	17113	0.00330882	0.00254662	0.003	0.024	251.662	114.115	26	437	
4.75	5	4	3	2	3	73	26496	51	16563	0.00368627	0.00288784	0.003	0.017	324.765	95.5903	39	534	
4.75	5	4	4	1	3	84	26518	64	18836	0.003875	0.00384419	0.003	0.024	294.312	103.247	49	469	
4.75	5	4	5	4	3	46	26444	46	26444	0.0116739	0.00679233	0.003	0.017	574.87	307.676	42	1056	
4.75	5	2	6	4	3	62	26474	62	26255	0.00627419	0.00395122	0.003	0.017	423.468	154.755	58	717	
4.75	5	2	7	5	3	87	26524	69	22790	0.00350725	0.00218702	0.003	0.017	330.29	149.9	49	839	
4.75	5	2	8	2	3	81	26512	78	26082	0.00685897	0.00719257	0.003	0.024	334.385	153.007	39	717	
4.75	5	2	9	3	3	89	26528	71	23383	0.00309859	0.000830747	0.003	0.01	329.338	132.641	18	597	
4.75	5	2	10	1	3	64	26478	64	26371	0.00595312	0.00348434	0.003	0.01	412.047	178.05	66	839	
4.75	5	3	11	5	3	92	26534	75	20208	0.00328	0.00242487	0.003	0.024	269.44	120.418	51	437	
4.75	5	3	12	3	3	77	26504	55	19727	0.00338182	0.00209489	0.003	0.017	358.673	129.239	49	621	
4.75	5	3	13	1	3	63	26478	63	26032	0.00844444	0.00670526	0.003	0.017	413.206	181.281	73	1056	
4.75	5	3	14	4	3	64	26482	64	26781	0.0086875	0.00670199	0.003	0.017	418.453	163.418	73	839	
4.75	5	3	15	2	3	67	26486	67	26593	0.00822388	0.00660078	0.003	0.017	396.91	144.827	79	669	
4.75	5	1	16	3	3	78	26506	78	26363	0.00730769	0.00630462	0.003	0.017	337.987	126.129	73	605	
4.75	5	1	17	2	3	82	26514	59	21100	0.00311864	0.000911322	0.003	0.01	357.627	138.722	49	621	
4.75	5	1	18	4	3	78	26506	74	25705	0.00706757	0.00704843	0.003	0.024	347.365	137.495	58	597	
4.75	5	1	19	5	3	77	26504	77	26320	0.00727273	0.0062358	0.003	0.017	341.818	133.978	90	669	
4.75	5	1	20	1	3	84	26518	65	21583	0.00375385	0.00330261	0.003	0.024	332.046	140.937	18	621	
5	5.25	4	1	5	3	77	26504	55	16115	0.00376364	0.00320857	0.003	0.024	293	110.559	57	595	
5	5.25	4	2	3	3	92	26534	67	17356	0.003	0	0.003	0.003	259.045	114.991	26	437	
5	5.25	4	3	2	3	76	26502	53	16128	0.00313207	0.000961524	0.003	0.01	304.302	123.43	49	741	
5	5.25	4	4	1	3	76	26502	51	16035	0.003	0	0.003	0.003	314.412	94.206	49	533	
5	5.25	4	5	4	3	46	26442	46	26741	0.0139565	0.0058384	0.003	0.017	581.326	338.977	73	1056	
5	5.25	2	6	4	3	58	26466	58	26797	0.00637931	0.00376422	0.003	0.017	462.017	182.662	34	839	
5	5.25	2	7	5	3	82	26514	64	22055	0.00365625	0.00270929	0.003	0.017	344.609	148.774	49	621	
5	5.25	2	8	2	3	83	26516	79	24774	0.00636709	0.006897	0.003	0.024	313.595	147.489	3	597	
5	5.25	2	9	3	3	91	26532	78	23865	0.00353846	0.00334078	0.003	0.024	305.962	164.825	15	621	
5	5.25	2	10	1	3	63	26476	63	27078	0.006	0.00349193	0.003	0.01	429.81	175.206	66	839	
5	5.25	3	11	5	3	95	26540	73	19905	0.003	0	0.003	0.003	272.671	110.356	26	437	
5	5.25	3	12	3	3	73	26496	55	19382	0.00338182	0.00160429	0.003	0.01	352.4	138.369	49	621	
5	5.25	3	13	1	3	64	26478	64	26558	0.00890625	0.00696868	0.003	0.017	414.969	173.958	74	1056	
5	5.25	3	14	4	3	63	26476	63	26396	0.009	0.00698385	0.003	0.017	418.984	199.779	73	1056	
5	5.25	3	15	2	3	64	26478	64	25308	0.0086875	0.00693021	0.003	0.017	395.437	128.492	98	669	
5	5.25	1	16	3	3	78	26506	78	26654	0.00730769	0.00650336	0.003	0.017	341.718	141.331	73	685	
5	5.25	1	17	2	3	80	26510	57	20484	0.00336842	0.00278152	0.003	0.024	359.368	126.226	49	621	
5	5.25	1	18	4	3	83	26516	81	26110	0.00654321	0.00636995	0.003	0.024	322.346	149.801	57	597	
5	5.25	1	19	5	3	80	26510	80	26496	0.0072	0.00645608	0.003	0.017	331.2	170.578	7	965	
5	5.25	1	20	1	3	78	26506	55	20370	0.00325454	0.00132243	0.003	0.01	370.364	102.268	101	573	
5.25	5.5	4	1	5	3	82	26514	59	17562	0.00347458	0.00286691	0.003	0.024	297.661	104.165	48	586	
5.25	5.5	4	2	3	3	90	26530	68	16828	0.003	0	0.003	0.003	247.471	107.05	26	437	
5.25	5.5	4	3	2	3	80	26510	57	16625	0.00312281	0.000927173	0.003	0.01	291.667	104.019	49	469	
5.25	5.5	4	4	1	3	81	26512	58	16912	0.00324138	0.00128841	0.003	0.01	291.586	97.2461	49	426	
5.25	5.5	4	5	4	3	51	26454	54	28046	0.0116852	0.00679018	0.003	0.017	519.37	250.479	72	1056	
5.25	5.5	2	6	4	3	64	26478	64	26478	0.00617187	0.00393016	0.003	0.017	413.719	165.759	34	839	
5.25	5.5	2	7	5	3	80	26510	61	22565	0.00311475	0.000896258	0.003	0.01	369.918	172.018	49	775	
5.25	5.5	2	8	2	3	76	26502	70	25155	0.0063	0.00702243	0.003	0.024	359.357	168.034	57	871	
5.25	5.5	2	9	3	3	92	26534	78	23050	0.003	0	0.003	0.003	295.513	141.447	20	597	
5.25	5.5	2	10	1	3	63	26476	63	25861	0.006	0.00349193	0.003	0.01	410.492	165.662	66	839	
5.25	5.5	3	11	5	3	97	26544	74	20279	0.003	0	0.003	0.003	274.041	95.7535	55	437	
5.25	5.5	3	12	3	3	75	26500	51	20711	0.003	0	0.003	0.003	406.098	108.868	49	621	
5.25	5.5	3	13	1	3	64	26478	64	26402	0.00846875	0.00688446	0.003	0.017	412.531	147.702	225	1056	
5.25	5.5	3	14	4	3	59	26468	59	26329	0.00916949	0.00701022	0.003	0.017	446.254	184.534	73	839	
5.25	5.5	3	15	2	3	56	26462	56	26858	0.0095	0.00704531	0.003	0.017	479.607	164.842	186	865	
5.25	5.5	1	16	3	3	73	26496	74	26810	0.00791892	0.00662862	0.003	0.017	362.297	148.305	73	833	
5.25	5.5	1	17	2	3	83	26516	63	22114	0.00322222	0.00123712	0.003	0.01	351.016	161.773	49	839	
5.25	5.5	1	18	4	3	79	26508	75	25521	0.00710667	0.00719529	0.003	0.024	340.28	134.464	57	597	
5.25	5.5	1	19	5	3	71	26492	72	26592	0.00747222	0.00646763	0.003	0.017	369.333	143.268	93	669	
5.25	5.5	1	20	1	3	82	26514	59	21557	0.00311864	0.000911322	0.003	0.01	365.373	149.076	49	775	
5.5	5.75	4	1	5	3	80	26510	60	18194	0.00381667	0.00366611	0.003	0.024	303.233	91.0435	57	533	
5.5	5.75	4	2	3	3	86	26522	66	18506	0.00374242	0.00350082	0.003	0.024	280.394	115.435	26	634	
5.5	5.75	4	3	2	3	76	26502	56	17674	0.003875	0.00354741	0.003	0.024	315.607	89.0593	49	482	
5.5	5.75	4	4	1	3	85	26520	64	17029	0.00365625	0.00323286	0.003	0.024	266.078	114.299	49	469	
5.5	5.75	4	5	4	3	53	26460	52	25490	0.0106731	0.00682763	0.003	0.017	490.192	274.183	73	1056	
5.5	5.75	2	6	4	3	61	26474	61	26023	0.00598361	0.00371704	0.003	0.017	426.607	169.082	34	839	
5.5	5.75	2	7	5	3	80	26510	63	22638	0.004	0.00374166	0.003	0.024	359.333	138.843	16	637	
5.5	5.75	2	8	2	3	80	26510	79	25937	0.0064557	0.0063282	0.003	0.024	328.316	160.486	51	597	
5.5	5.75	2	9	3	3	88	26526	71	23511	0.00349296	0.00297549	0.003	0.024	331.141	142.626	32	621	
5.5	5.75	2	10	1	3	59	26470	59	26483	0.00584746	0.00346815	0.003	0.01	448.864	166.382	90	839	
5.5	5.75	3	11	5	3	103	26556	87	21306	0.003	0	0.003	0.003	244.897	119.579	26	437	
5.5	5.75	3	12	3	3	75	26502	59	20565	0.00394915	0.00354976	0.003	0.024	348.559	148.603	15	621	
5.5	5.75	3	13	1	3	66	26484	66	26792	0.00798485	0.00658551	0.003	0.017	405.939	176.534	11	839	
5.5	5.75	3	14	4	3	67	26484	67	27069	0.00738806	0.00642899	0.003	0.017	404.015	176.887	11	1056	
5.5	5.75	3	15	2	3	62	26476	62	26767	0.00830645	0.00666921	0.003	0.017	431.726	152.508	26	839	
5.5	5.75	1	16	3	3	76	26502	75	25657	0.0072	0.00630315	0.003	0.017	342.093	143.921	10	985	
5.5	5.75	1	17	2	3	79	26508	60	21318	0.00335	0.00271109	0.003	0.024	355.3	137.931	18	775	
5.5	5.75	1	18	4	3	83	26516	77	24917	0.00581818	0.00559306	0.003	0.024	323.597	129.203	42	597	
5.5	5.75	1	19	5	3	76	26504	75	26218	0.00682667	0.00612124	0.003	0.017	349.573	142.833	66	669	
5.5	5.75	1	20	1	3	82	26514	64	22488	0.00376562	0.00308474	0.003	0.024	351.375	132.468	49	693	
5.75	6	4	1	5	3	75	26500	53	17051	0.00366038	0.00314975	0.003	0.024	321.717	88.027	117	589	
5.75	6	4	2	3	3	90	26530	65	17526	0.003	0	0.003	0.003	269.631	110.763	26	437	
5.75	6	4	3	2	3	72	26494	49	14379	0.00328571	0.0013994	0.003	0.01	293.449	114.258	49	638	
5.75	6	4	4	1	3	76	26502	51	16747	0.003	0	0.003	0.003	328.373	57.0775	157	469	
5.75	6	4	5	4	3	49	26448	48	26076	0.012625	0.00655784	0.003	0.017	543.25	294.804	72	1056	
5.75	6	2	6	4	3	62	26474	62	26594	0.00604839	0.00372157	0.003	0.017	428.935	166.213	34	839	
5.75	6	2	7	5	3	83	26516	67	22834	0.00320895	0.00120022	0.003	0.01	340.806	127.795	49	693	
5.75	6	2	8	2	3	80	26510	74	25093	0.0064054	0.00637185	0.003	0.024	339.095	154.205	51	637	
5.75	6	2	9	3	3	88	26526	70	22449	0.003	0	0.003	0.003	320.7	146.677	32	621	
5.75	6	2	10	1	3	59	26468	59	26468	0.0059661	0.00348873	0.003	0.01	448.61	196.477	66	1056	
5.75	6	3	11	5	3	97	26544	82	21666	0.00351219	0.00325934	0.003	0.024	264.22	126.039	19	437	
5.75	6	3	12	3	3	73	26498	53	17963	0.00326415	0.00134666	0.003	0.01	338.925	140.225	49	621	
5.75	6	3	13	1	3	64	26478	64	26022	0.0086875	0.00670199	0.003	0.017	406.594	168.245	73	839	
5.75	6	3	14	4	3	62	26474	62	25809	0.00909677	0.00688241	0.003	0.017	416.274	192.034	73	1056	
5.75	6	3	15	2	3	63	26476	63	26185	0.00888889	0.00679447	0.003	0.017	415.635	173.133	90	839	
5.75	6	1	16	3	3	77	26504	78	27269	0.00730769	0.00640476	0.003	0.017	349.603	146.937	7	605	
5.75	6	1	17	2	3	81	26512	63	23232	0.00333333	0.00264575	0.003	0.024	368.762	126.607	157	693	
5.75	6	1	18	4	3	78	26506	73	24282	0.00654794	0.00640321	0.003	0.024	332.63	130.058	57	637	
5.75	6	1	19	5	3	76	26502	77	26888	0.00727273	0.00633835	0.003	0.017	349.195	153.675	93	773	
5.75	6	1	20	1	3	80	26510	60	22026	0.00335	0.00153849	0.003	0.01	367.1	142.755	101	749	
6	6.25	4	1	5	3	80	26510	58	17722	0.0042069	0.00475269	0.003	0.024	305.552	72.5365	117	469	
6	6.25	4	2	3	3	93	26536	70	17191	0.003	0	0.003	0.003	245.586	112.839	26	437	
6	6.25	4	3	2	3	78	26506	54	15431	0.00312963	0.000952579	0.003	0.01	285.759	88.7287	49	421	
6	6.25	4	4	1	3	76	26502	52	16185	0.00313461	0.000970725	0.003	0.01	311.25	83.3139	49	469	
6	6.25	4	5	4	3	48	26446	48	26816	0.0137917	0.00594642	0.003	0.017	558.667	337.091	72	1056	
6	6.25	2	6	4	3	63	26476	63	26355	0.00633333	0.00414262	0.003	0.017	418.333	205.213	26	1056	
6	6.25	2	7	5	3	82	26514	66	22829	0.0035303	0.00282962	0.003	0.024	345.894	142.057	49	839	
6	6.25	2	8	2	3	74	26498	70	25325	0.0072	0.00719017	0.003	0.024	361.786	168.903	42	717	
6	6.25	2	9	3	3	93	26536	75	22604	0.003	0	0.003	0.003	301.387	132.145	32	621	
6	6.25	2	10	1	3	59	26468	59	26580	0.00608474	0.00350511	0.003	0.01	450.508	176.599	26	1056	
6	6.25	3	11	5	3	92	26534	71	19791	0.003	0	0.003	0.003	278.746	115.294	26	437	
6	6.25	3	12	3	3	80	26510	60	20936	0.00335	0.00153849	0.003	0.01	348.933	157.174	58	741	
6	6.25	3	13	1	3	67	26484	67	26556	0.00822388	0.00682203	0.003	0.017	396.358	167.265	73	833	
6	6.25	3	14	4	3	64	26478	64	26326	0.00846875	0.00688446	0.003	0.017	411.344	171.937	73	757	
6	6.25	3	15	2	3	59	26468	59	26564	0.00916949	0.00701022	0.003	0.017	450.237	177.094	93	1056	
6	6.25	1	16	3	3	78	26506	77	26416	0.00718182	0.00644966	0.003	0.017	343.065	128.611	73	597	
6	6.25	1	17	2	3	79	26508	54	20722	0.003	0	0.003	0.003	383.741	107.137	49	573	
6	6.25	1	18	4	3	80	26510	71	23567	0.00595775	0.00599389	0.003	0.024	331.93	149.022	43	645	
6	6.25	1	19	5	3	74	26498	73	26503	0.00721918	0.0064684	0.003	0.017	363.055	129.424	90	669	
6	6.25	1	20	1	3	80	26510	60	22754	0.00358333	0.00195102	0.003	0.01	379.233	121.934	49	621	
6.25	6.5	4	1	5	3	80	26510	61	18106	0.00426229	0.00451996	0.003	0.024	296.82	136.324	57	717	
6.25	6.5	4	2	3	3	87	26524	64	16867	0.00332812	0.002625	0.003	0.024	263.547	106.004	26	437	
6.25	6.5	4	3	2	3	73	26496	53	17514	0.00418868	0.00381826	0.003	0.017	330.453	74.2249	49	482	
6.25	6.5	4	4	1	3	77	26504	58	18806	0.00408621	0.00389009	0.003	0.024	324.241	97.6257	49	637	
6.25	6.5	4	5	4	3	48	26446	48	26447	0.0123333	0.0066695	0.003	0.017	550.979	302.146	73	1056	
6.25	6.5	2	6	4	3	63	26476	63	26026	0.00622222	0.00413656	0.003	0.017	413.111	175.41	113	1056	
6.25	6.5	2	7	5	3	81	26512	66	23124	0.00342424	0.00208334	0.003	0.017	350.364	166.099	8	839	
6.25	6.5	2	8	2	3	81	26512	79	25104	0.00636709	0.00698749	0.003	0.024	317.772	149.81	42	935	
6.25	6.5	2	9	3	3	82	26514	65	21585	0.00321538	0.00121825	0.003	0.01	332.077	133.139	32	621	
6.25	6.5	2	10	1	3	63	26478	63	26478	0.00577778	0.00345218	0.003	0.01	420.286	175.451	66	817	
6.25	6.5	3	11	5	3	92	26534	71	19845	0.00329577	0.00249224	0.003	0.024	279.507	123.193	26	437	
6.25	6.5	3	12	3	3	81	26512	61	20842	0.00368852	0.00277213	0.003	0.017	341.672	156.894	49	621	
6.25	6.5	3	13	1	3	65	26480	65	26779	0.0086	0.00680028	0.003	0.017	411.985	156.694	73	839	
6.25	6.5	3	14	4	3	60	26470	60	26988	0.00906667	0.00687631	0.003	0.017	449.8	169.403	72	839	
6.25	6.5	3	15	2	3	62	26474	63	26951	0.00866667	0.00675373	0.003	0.017	427.794	171.816	93	1056	
6.25	6.5	1	16	3	3	73	26496	73	26048	0.00731507	0.0062425	0.003	0.017	356.822	147.529	10	757	
6.25	6.5	1	17	2	3	80	26510	62	22333	0.0031129	0.000889001	0.003	0.01	360.21	126.537	55	693	
6.25	6.5	1	18	4	3	76	26502	73	25885	0.00654794	0.00640321	0.003	0.024	354.589	138.559	93	637	
6.25	6.5	1	19	5	3	71	26492	72	26380	0.00727778	0.0063871	0.003	0.017	366.389	154.948	7	669	
6.25	6.5	1	20	1	3	82	26516	65	22734	0.00332308	0.00148016	0.003	0.01	349.754	123.719	49	533	
6.5	6.75	4	1	5	3	76	26502	57	17525	0.00373684	0.00216734	0.003	0.01	307.456	144.912	15	1056	
6.5	6.75	4	2	3	3	98	26546	80	19961	0.00405	0.00460572	0.003	0.024	249.513	123.165	7	485	
6.5	6.75	4	3	2	3	72	26494	53	17446	0.00366038	0.00206568	0.003	0.01	329.17	88.5085	101	538	
6.5	6.75	4	4	1	3	78	26506	57	17864	0.00336842	0.00157697	0.003	0.01	313.404	107.288	49	533	
6.5	6.75	4	5	4	3	54	26462	55	27066	0.0102545	0.00673085	0.003	0.017	492.109	263.173	149	1056	
6.5	6.75	2	6	4	3	62	26474	61	26435	0.00632787	0.00435401	0.003	0.017	433.361	182.689	34	1056	
6.5	6.75	2	7	5	3	82	26514	65	22660	0.00310769	0.000868243	0.003	0.01	348.615	145.79	49	621	
6.5	6.75	2	8	2	3	78	26506	73	24230	0.00635616	0.00640176	0.003	0.024	331.918	166.933	3	637	
6.5	6.75	2	9	3	3	98	26546	82	23096	0.00308536	0.000773021	0.003	0.01	281.659	143.307	16	597	
6.5	6.75	2	10	1	3	61	26474	60	25989	0.00603333	0.00349802	0.003	0.01	433.15	175.465	66	839	
6.5	6.75	3	11	5	3	92	26534	76	20545	0.00327631	0.00240887	0.003	0.024	270.329	126.548	26	478	
6.5	6.75	3	12	3	3	77	26504	57	19385	0.00336842	0.00157697	0.003	0.01	340.088	150.393	49	839	
6.5	6.75	3	13	1	3	71	26492	71	26711	0.00723944	0.00642421	0.003	0.017	376.211	143.736	71	685	
6.5	6.75	3	14	4	3	70	26494	71	26876	0.00773239	0.00645635	0.003	0.017	378.535	135.056	73	839	
6.5	6.75	3	15	2	3	69	26490	68	26399	0.00742647	0.00627317	0.003	0.017	388.221	166.332	93	1056	
6.5	6.75	1	16	3	3	78	26506	78	26730	0.00748718	0.00657572	0.003	0.017	342.692	158.522	10	693	
6.5	6.75	1	17	2	3	82	26514	64	21520	0.00332812	0.00149129	0.003	0.01	336.25	148.891	49	749	
6.5	6.75	1	18	4	3	77	26504	71	24867	0.00595775	0.00575559	0.003	0.024	350.239	138.438	57	645	
6.5	6.75	1	19	5	3	78	26506	78	26907	0.00730769	0.00650336	0.003	0.017	344.962	139.51	90	669	
6.5	6.75	1	20	1	3	75	26500	55	21750	0.00414545	0.00441973	0.003	0.024	395.455	123.554	101	839	
6.75	7	4	1	5	3	79	26508	59	18605	0.00335593	0.00202368	0.003	0.017	315.339	90.3952	117	534	
6.75	7	4	2	3	3	99	26548	81	18605	0.003	0	0.003	0.003	229.691	108.474	15	437	
6.75	7	4	3	2	3	79	26508	59	18105	0.00347458	0.00219997	0.003	0.017	306.864	98.4042	49	482	
6.75	7	4	4	1	3	78	26506	57	17172	0.00336842	0.00157697	0.003	0.01	301.263	109.862	31	698	
6.75	7	4	5	4	3	49	26448	49	26225	0.0118571	0.00666771	0.003	0.017	535.204	293.443	219	1056	
6.75	7	2	6	4	3	62	26474	62	26511	0.00616129	0.00373373	0.003	0.017	427.597	189.499	34	1056	
6.75	7	2	7	5	3	90	26530	72	23279	0.00309722	0.000824958	0.003	0.01	323.319	141.615	4	621	
6.75	7	2	8	2	3	79	26508	75	26250	0.00645333	0.00654773	0.003	0.024	350	147.721	7	637	
6.75	7	2	9	3	3	92	26534	79	23544	0.00308861	0.000787562	0.003	0.01	298.025	147.509	26	597	
6.75	7	2	10	1	3	62	26474	62	26474	0.0063871	0.00352674	0.003	0.01	427	172.744	115	1056	
6.75	7	3	11	5	3	90	26530	68	19080	0.00361765	0.00357449	0.003	0.024	280.588	96.9849	79	437	
6.75	7	3	12	3	3	79	26508	58	20669	0.00348276	0.00221828	0.003	0.017	356.362	145.127	49	621	
6.75	7	3	13	1	3	65	26482	65	26188	0.00838461	0.0067516	0.003	0.017	402.892	134.127	73	757	
6.75	7	3	14	4	3	65	26482	64	25734	0.00825	0.00671648	0.003	0.017	402.094	116.896	73	757	
6.75	7	3	15	2	3	64	26478	64	26183	0.00825	0.00659966	0.003	0.017	409.109	160.283	28	839	
6.75	7	1	16	3	3	75	26502	75	25903	0.00766667	0.00654369	0.003	0.017	345.373	149.791	74	749	
6.75	7	1	17	2	3	79	26508	57	21760	0.003	0	0.003	0.003	381.754	109.313	63	621	
6.75	7	1	18	4	3	76	26502	71	25112	0.00625352	0.00646246	0.003	0.024	353.69	151.712	57	701	
6.75	7	1	19	5	3	71	26494	71	25720	0.00743662	0.00650655	0.003	0.017	362.254	157.142	90	669	
6.75	7	1	20	1	3	81	26512	63	23012	0.004	0.00394723	0.003	0.024	365.27	123.828	101	693	
7	7.25	4	1	5	3	78	26506	55	16868	0.00325454	0.00132243	0.003	0.01	306.691	117.354	57	637	
7	7.25	4	2	3	3	89	26528	66	17491	0.003	0	0.003	0.003	265.015	109.18	26	437	
7	7.25	4	3	2	3	80	26510	58	17186	0.00336207	0.00156383	0.003	0.01	296.31	109.453	49	487	
7	7.25	4	4	1	3	75	26500	51	17202	0.00313725	0.000980196	0.003	0.01	337.294	85.185	49	590	
7	7.25	4	5	4	3	44	26438	43	25686	0.0137442	0.00598448	0.003	0.017	597.349	319.694	73	1056	
7	7.25	2	6	4	3	64	26478	65	27502	0.00623077	0.00411844	0.003	0.017	423.108	181.942	34	839	
7	7.25	2	7	5	3	89	26528	70	22647	0.0031	0.00083666	0.003	0.01	323.529	164.366	8	839	
7	7.25	2	8	2	3	77	26504	69	24372	0.00614493	0.00641294	0.003	0.024	353.217	171.214	42	839	
7	7.25	2	9	3	3	89	26528	71	22821	0.003	0	0.003	0.003	321.423	144.182	32	621	
7	7.25	2	10	1	3	58	26466	59	26839	0.00608474	0.00350511	0.003	0.01	454.898	203.916	66	1056	
7	7.25	3	11	5	3	99	26548	77	20958	0.003	0	0.003	0.003	272.182	111.124	26	437	
7	7.25	3	12	3	3	72	26494	49	19397	0.00314286	0.001	0.003	0.01	395.857	138.241	49	741	
7	7.25	3	13	1	3	65	26480	65	26260	0.0086	0.00691195	0.003	0.017	404	155.936	73	839	
7	7.25	3	14	4	3	56	26462	56	26302	0.00925	0.00702269	0.003	0.017	469.679	173.405	73	833	
7	7.25	3	15	2	3	58	26466	58	26279	0.00915517	0.00682308	0.003	0.017	453.086	183.118	193	1056	
7	7.25	1	16	3	3	74	26498	74	26806	0.00754054	0.00659844	0.003	0.017	362.243	152.235	10	833	
7	7.25	1	17	2	3	85	26520	64	21952	0.003	0	0.003	0.003	343	138.282	49	573	
7	7.25	1	18	4	3	79	26508	73	24605	0.00568493	0.00602051	0.003	0.024	337.055	135.455	56	645	
7	7.25	1	19	5	3	67	26484	68	27252	0.00794118	0.00674013	0.003	0.017	400.765	172.811	28	839	
7	7.25	1	20	1	3	78	26506	60	22584	0.00346667	0.00176084	0.003	0.01	376.4	123.088	49	573	
7.25	7.5	4	1	5	3	80	26510	59	18389	0.0040678	0.00427448	0.003	0.024	311.678	85.3167	19	469	
7.25	7.5	4	2	3	3	91	26532	70	17129	0.003	0	0.003	0.003	244.7	102.482	17	437	
7.25	7.5	4	3	2	3	74	26498	52	16631	0.00326923	0.00135929	0.003	0.01	319.827	88.5149	49	586	
7.25	7.5	4	4	1	3	79	26508	56	17518	0.003375	0.00280624	0.003	0.024	312.821	97.1163	49	469	
7.25	7.5	4	5	4	3	51	26456	52	27280	0.0104038	0.00684924	0.003	0.017	524.615	264.658	219	1056	
7.25	7.5	2	6	4	3	63	26476	63	25905	0.006	0.00391853	0.003	0.017	411.19	174.23	34	1056	
7.25	7.5	2	7	5	3	83	26516	67	23148	0.00331343	0.00145861	0.003	0.01	345.493	132.756	7	586	
7.25	7.5	2	8	2	3	79	26508	77	25898	0.00736364	0.00727452	0.003	0.024	336.338	164.318	42	701	
7.25	7.5	2	9	3	3	93	26536	77	22995	0.003	0	0.003	0.003	298.636	130.148	32	621	
7.25	7.5	2	10	1	3	60	26470	60	26841	0.00603333	0.00349802	0.003	0.01	447.35	158.297	66	685	
7.25	7.5	3	11	5	3	100	26550	80	20983	0.003	0	0.003	0.003	262.287	117.874	26	437	
7.25	7.5	3	12	3	3	79	26508	58	19775	0.003	0	0.003	0.003	340.948	166.63	49	839	
7.25	7.5	3	13	1	3	65	26480	65	26324	0.00881538	0.00695272	0.003	0.017	404.985	172.322	72	839	
7.25	7.5	3	14	4	3	61	26472	61	26999	0.00919672	0.00701147	0.003	0.017	442.607	190.885	72	839	
7.25	7.5	3	15	2	3	58	26466	58	26549	0.00915517	0.00694793	0.003	0.017	457.741	185.277	93	1056	
7.25	7.5	1	16	3	3	74	26498	74	26949	0.00744594	0.00651056	0.003	0.017	364.176	153.204	15	757	
7.25	7.5	1	17	2	3	85	26520	64	21122	0.003	0	0.003	0.003	330.031	111.348	49	533	
7.25	7.5	1	18	4	3	78	26506	73	24815	0.0070274	0.00727815	0.003	0.024	339.932	146.656	42	637	
7.25	7.5	1	19	5	3	71	26492	71	26689	0.0076338	0.00658188	0.003	0.017	375.901	157.174	7	669	
7.25	7.5	1	20	1	3	81	26512	63	21931	0.00333333	0.00195926	0.003	0.017	348.111	108.501	101	573	
7.5	7.75	4	1	5	3	76	26502	52	16677	0.00313461	0.000970725	0.003	0.01	320.712	86.8242	57	469	
7.5	7.75	4	2	3	3	89	26528	67	17495	0.00331343	0.00256556	0.003	0.024	261.119	112.423	15	437	
7.5	7.75	4	3	2	3	83	26516	60	17276	0.00323333	0.00126714	0.003	0.01	287.933	101.344	49	469	
7.5	7.75	4	4	1	3	78	26508	55	16656	0.00325454	0.00132243	0.003	0.01	302.836	92.3984	49	469	
7.5	7.75	4	5	4	3	44	26440	44	25618	0.0133409	0.00613015	0.003	0.017	582.227	312.111	72	1056	
7.5	7.75	2	6	4	3	64	26478	64	26705	0.0060625	0.00391933	0.003	0.017	417.266	203.696	34	1056	
7.5	7.75	2	7	5	3	80	26510	61	22437	0.00322951	0.00125689	0.003	0.01	367.82	136.977	49	573	
7.5	7.75	2	8	2	3	80	26510	79	26276	0.00636709	0.00661811	0.003	0.024	332.608	158.99	43	839	
7.5	7.75	2	9	3	3	88	26526	70	22203	0.0031	0.00083666	0.003	0.01	317.186	120.115	15	517	
7.5	7.75	2	10	1	3	61	26472	61	26101	0.00586885	0.00347119	0.003	0.01	427.885	187.364	66	839	
7.5	7.75	3	11	5	3	99	26548	78	20527	0.003	0	0.003	0.003	263.167	123.687	26	437	
7.5	7.75	3	12	3	3	81	26512	59	19882	0.00347458	0.00286691	0.003	0.024	336.983	173.658	12	621	
7.5	7.75	3	13	1	3	60	26470	61	27231	0.00942623	0.00691727	0.003	0.017	446.41	189.674	73	839	
7.5	7.75	3	14	4	3	61	26472	62	26790	0.00898387	0.00692463	0.003	0.017	432.097	178.514	73	839	
7.5	7.75	3	15	2	3	60	26470	61	27144	0.00965574	0.00693274	0.003	0.017	444.984	179.666	26	839	
7.5	7.75	1	16	3	3	73	26496	73	26027	0.00769863	0.00660531	0.003	0.017	356.534	158.506	73	693	
7.5	7.75	1	17	2	3	82	26514	61	21151	0.00311475	0.000896258	0.003	0.01	346.738	137.547	49	621	
7.5	7.75	1	18	4	3	84	26518	79	24599	0.0064557	0.0064267	0.003	0.024	311.38	130.461	3	533	
7.5	7.75	1	19	5	3	71	26494	71	26398	0.00783098	0.00654432	0.003	0.017	371.803	164.773	90	1056	
7.5	7.75	1	20	1	3	80	26510	62	22538	0.00333871	0.00151434	0.003	0.01	363.516	141.494	18	693	
7.75	8	4	1	5	3	82	26514	62	18512	0.00356452	0.00291756	0.003	0.024	298.581	95.0649	57	474	
7.75	8	4	2	3	3	90	26530	68	17950	0.00330882	0.00254662	0.003	0.024	263.971	101.936	26	450	
7.75	8	4	3	2	3	79	26508	60	17529	0.00346667	0.00176084	0.003	0.01	292.15	139.733	49	1056	
7.75	8	4	4	1	3	81	26512	59	16898	0.00311864	0.000911322	0.003	0.01	286.407	100.762	49	444	
7.75	8	4	5	4	3	57	26468	56	26917	0.01025	0.00705884	0.003	0.017	480.661	279.336	72	1056	
7.75	8	2	6	4	3	64	26478	64	26251	0.0060625	0.00429793	0.003	0.017	410.172	161.276	34	717	
7.75	8	2	7	5	3	89	26528	74	23679	0.00347297	0.00211468	0.003	0.017	319.986	152.452	49	749	
7.75	8	2	8	2	3	75	26500	71	24463	0.00674648	0.00708261	0.003	0.024	344.549	180.201	57	881	
7.75	8	2	9	3	3	87	26524	72	23514	0.00309722	0.000824958	0.003	0.01	326.583	125.223	75	621	
7.75	8	2	10	1	3	59	26470	59	26582	0.00584746	0.00346815	0.003	0.01	450.542	176.194	66	1056	
7.75	8	3	11	5	3	95	26540	80	21586	0.003525	0.00329931	0.003	0.024	269.825	115.667	3	443	
7.75	8	3	12	3	3	79	26510	61	21381	0.00414754	0.00387228	0.003	0.024	350.508	135.911	73	839	
7.75	8	3	13	1	3	67	26484	66	26027	0.00734848	0.00647003	0.003	0.017	394.348	137.347	73	757	
7.75	8	3	14	4	3	69	26490	68	26315	0.00752941	0.00637268	0.003	0.017	386.985	151.657	73	833	
7.75	8	3	15	2	3	62	26474	61	25621	0.00793443	0.00655965	0.003	0.017	420.016	149.726	93	965	
7.75	8	1	16	3	3	77	26504	77	26812	0.00754545	0.00659854	0.003	0.017	348.208	129.864	15	605	
7.75	8	1	17	2	3	77	26504	55	21601	0.00350909	0.00264486	0.003	0.017	392.745	91.2399	154	693	
7.75	8	1	18	4	3	82	26514	80	26222	0.0071125	0.00692819	0.003	0.024	327.775	150.566	55	645	
7.75	8	1	19	5	3	76	26502	76	26310	0.00686842	0.00630205	0.003	0.017	346.184	132.487	7	582	
7.75	8	1	20	1	3	79	26508	62	21939	0.00412903	0.00384317	0.003	0.024	353.855	130.601	49	693	
8	8.25	4	1	5	3	74	26498	52	16712	0.00367308	0.00317911	0.003	0.024	321.385	99.5687	57	589	
8	8.25	4	2	3	3	94	26538	72	18029	0.00329167	0.00247487	0.003	0.024	250.403	106.912	26	437	
8	8.25	4	3	2	3	81	26512	58	17729	0.00360345	0.00271409	0.003	0.017	305.672	94.1535	49	534	
8	8.25	4	4	1	3	74	26498	53	16750	0.0035283	0.00186675	0.003	0.01	316.038	95.2226	49	539	
8	8.25	4	5	4	3	46	26444	47	26366	0.0120851	0.00667516	0.003	0.017	560.979	302.889	73	1056	
8	8.25	2	6	4	3	63	26476	62	26023	0.00627419	0.00395122	0.003	0.017	419.726	177.317	34	833	
8	8.25	2	7	5	3	84	26518	68	23187	0.00310294	0.000848875	0.003	0.01	340.985	149.09	49	573	
8	8.25	2	8	2	3	84	26518	77	25767	0.00572727	0.0062358	0.003	0.024	334.636	153.946	56	701	
8	8.25	2	9	3	3	92	26534	72	22639	0.003	0	0.003	0.003	314.431	119.353	32	621	
8	8.25	2	10	1	3	59	26468	58	25983	0.00601724	0.00349682	0.003	0.01	447.983	186.114	66	1056	
8	8.25	3	11	5	3	90	26530	66	19925	0.003	0	0.003	0.003	301.894	92.116	105	437	
8	8.25	3	12	3	3	76	26502	52	19138	0.003	0	0.003	0.003	368.038	122.17	49	621	
8	8.25	3	13	1	3	63	26476	63	26475	0.00877778	0.00694783	0.003	0.017	420.238	152.924	73	839	
8	8.25	3	14	4	3	65	26480	65	25810	0.00838461	0.00686406	0.003	0.017	397.077	124.144	73	757	
8	8.25	3	15	2	3	60	26470	60	26953	0.00883333	0.00696034	0.003	0.017	449.217	149.133	93	965	
8	8.25	1	16	3	3	77	26504	77	26812	0.00727273	0.00633835	0.003	0.017	348.208	161.9	3	685	
8	8.25	1	17	2	3	78	26506	57	21021	0.00349123	0.00291623	0.003	0.024	368.789	129.013	49	839	
8	8.25	1	18	4	3	80	26510	77	25719	0.00672727	0.00648203	0.003	0.024	334.013	140.76	57	701	
8	8.25	1	19	5	3	76	26502	76	26502	0.00714474	0.0062795	0.003	0.017	348.711	133.63	90	773	
8	8.25	1	20	1	3	83	26516	63	21857	0.00366667	0.00207131	0.003	0.01	346.937	123.842	49	533	
8.25	8.5	4	1	5	3	78	26506	54	16031	0.00312963	0.000952579	0.003	0.01	296.87	83.2292	57	469	
8.25	8.5	4	2	3	3	91	26532	67	16787	0.003	0	0.003	0.003	250.552	104.806	26	437	
8.25	8.5	4	3	2	3	73	26496	49	16249	0.00314286	0.001	0.003	0.01	331.612	80.9426	49	637	
8.25	8.5	4	4	1	3	82	26514	57	17133	0.003	0	0.003	0.003	300.579	90.1132	49	421	
8.25	8.5	4	5	4	3	43	26436	43	26065	0.0143953	0.00551249	0.003	0.017	606.163	321.949	73	1056	
8.25	8.5	2	6	4	3	57	26464	58	27256	0.00662069	0.00398606	0.003	0.017	469.931	211.854	26	1056	
8.25	8.5	2	7	5	3	83	26516	64	21820	0.00321875	0.00122758	0.003	0.01	340.938	158.446	49	621	
8.25	8.5	2	8	2	3	83	26516	74	23720	0.00583784	0.00601147	0.003	0.024	320.541	134.757	7	597	
8.25	8.5	2	9	3	3	92	26534	75	23095	0.00328	0.00242487	0.003	0.024	307.933	141.454	25	621	
8.25	8.5	2	10	1	3	59	26468	60	27436	0.00626667	0.00352168	0.003	0.01	457.267	188.559	90	1056	
8.25	8.5	3	11	5	3	92	26534	69	19190	0.003	0	0.003	0.003	278.116	109.23	26	437	
8.25	8.5	3	12	3	3	78	26506	57	20538	0.00324561	0.00129946	0.003	0.01	360.316	138.055	49	621	
8.25	8.5	3	13	1	3	66	26482	66	26555	0.00851515	0.00689312	0.003	0.017	402.348	157.05	72	839	
8.25	8.5	3	14	4	3	62	26474	62	26992	0.00887097	0.00696474	0.003	0.017	435.355	167.793	149	1056	
8.25	8.5	3	15	2	3	64	26478	64	26277	0.00857812	0.00685173	0.003	0.017	410.578	145.97	93	839	
8.25	8.5	1	16	3	3	76	26502	77	26205	0.00754545	0.00659854	0.003	0.017	340.325	156.589	7	686	
8.25	8.5	1	17	2	3	83	26516	63	22544	0.003	0	0.003	0.003	357.841	145.48	11	839	
8.25	8.5	1	18	4	3	75	26500	71	24575	0.00723944	0.00724365	0.003	0.024	346.127	130.347	57	645	
8.25	8.5	1	19	5	3	72	26494	73	26493	0.00760274	0.00662223	0.003	0.017	362.918	160.62	11	669	
8.25	8.5	1	20	1	3	79	26508	59	21170	0.00311864	0.000911322	0.003	0.01	358.814	135.376	49	621	
8.5	8.75	4	1	5	3	71	26492	50	16810	0.0044	0.00509902	0.003	0.024	336.2	64.9339	233	470	
8.5	8.75	4	2	3	3	87	26524	63	16753	0.003	0	0.003	0.003	265.921	98.5855	26	437	
8.5	8.75	4	3	2	3	83	26516	61	18520	0.00403279	0.00457882	0.003	0.024	303.607	96.6103	49	482	
8.5	8.75	4	4	1	3	78	26506	56	17227	0.003875	0.00401842	0.003	0.024	307.625	96.8871	101	685	
8.5	8.75	4	5	4	3	47	26444	46	26442	0.0130435	0.0063734	0.003	0.017	574.826	305.433	73	1056	
8.5	8.75	2	6	4	3	64	26478	64	26139	0.0060625	0.00391933	0.003	0.017	408.422	166.334	34	1056	
8.5	8.75	2	7	5	3	84	26518	68	22679	0.00372059	0.00246071	0.003	0.017	333.515	167.64	12	839	
8.5	8.75	2	8	2	3	80	26510	76	25628	0.00631579	0.00661354	0.003	0.024	337.211	140.074	57	597	
8.5	8.75	2	9	3	3	86	26522	69	22636	0.003	0	0.003	0.003	328.058	139.557	32	597	
8.5	8.75	2	10	1	3	67	26484	67	26372	0.00582089	0.0034594	0.003	0.01	393.612	148.784	66	685	
8.5	8.75	3	11	5	3	97	26544	81	21992	0.00351852	0.00327914	0.003	0.024	271.506	116.017	26	573	
8.5	8.75	3	12	3	3	78	26506	59	20138	0.00394915	0.00303669	0.003	0.017	341.322	141.333	12	621	
8.5	8.75	3	13	1	3	61	26472	61	25877	0.00896721	0.00674282	0.003	0.017	424.213	172.972	73	839	
8.5	8.75	3	14	4	3	64	26478	64	26259	0.00901562	0.00681616	0.003	0.017	410.297	180.969	15	839	
8.5	8.75	3	15	2	3	59	26468	59	26573	0.00905085	0.00681131	0.003	0.017	450.39	184.761	90	1056	
8.5	8.75	1	16	3	3	76	26502	75	25969	0.00738667	0.00648677	0.003	0.017	346.253	144.833	73	610	
8.5	8.75	1	17	2	3	83	26516	63	22001	0.003	0	0.003	0.003	349.222	151.588	49	749	
8.5	8.75	1	18	4	3	75	26500	68	24813	0.0065	0.00645651	0.003	0.024	364.897	130.819	57	701	
8.5	8.75	1	19	5	3	71	26492	71	26684	0.0076338	0.00658188	0.003	0.017	375.831	138.704	90	773	
8.5	8.75	1	20	1	3	85	26520	66	23016	0.00374242	0.00370991	0.003	0.024	348.727	149.951	18	839	
8.75	9	4	1	5	3	80	26510	62	18229	0.00345161	0.00173373	0.003	0.01	294.016	115.653	23	765	
8.75	9	4	2	3	3	90	26530	68	18171	0.00330882	0.00188678	0.003	0.017	267.221	117.423	26	485	
8.75	9	4	3	2	3	78	26506	60	17808	0.00393333	0.00327738	0.003	0.024	296.8	122.285	37	741	
8.75	9	4	4	1	3	82	26514	61	18378	0.00334426	0.00152627	0.003	0.01	301.279	102.336	49	482	
8.75	9	4	5	4	3	50	26452	51	27052	0.0108235	0.00680795	0.003	0.017	530.431	283.621	73	1056	
8.75	9	2	6	4	3	64	26478	64	26929	0.00639062	0.00394251	0.003	0.017	420.766	181.669	34	839	
8.75	9	2	7	5	3	81	26512	64	22051	0.00310937	0.000875	0.003	0.01	344.547	130.209	49	573	
8.75	9	2	8	2	3	81	26512	77	25467	0.00627273	0.00686838	0.003	0.024	330.74	181.286	3	1056	
8.75	9	2	9	3	3	92	26534	77	22493	0.003	0	0.003	0.003	292.117	148.563	7	621	
8.75	9	2	10	1	3	61	26472	61	25989	0.00621311	0.00351717	0.003	0.01	426.049	180.814	66	839	
8.75	9	3	11	5	3	90	26530	71	20816	0.003	0	0.003	0.003	293.183	111.935	26	437	
8.75	9	3	12	3	3	76	26504	55	19585	0.00325454	0.00132243	0.003	0.01	356.091	123.894	101	621	
8.75	9	3	13	1	3	67	26486	67	26790	0.00780597	0.00669744	0.003	0.017	399.851	157.053	50	757	
8.75	9	3	14	4	3	67	26486	67	26347	0.00801492	0.00665262	0.003	0.017	393.239	160.384	7	1056	
8.75	9	3	15	2	3	61	26474	61	26369	0.00896721	0.00686286	0.003	0.017	432.279	201.424	28	1056	
8.75	9	1	16	3	3	74	26498	74	26810	0.00772973	0.00666682	0.003	0.017	362.297	143.972	15	685	
8.75	9	1	17	2	3	82	26514	61	21882	0.003	0	0.003	0.003	358.721	130.686	49	749	
8.75	9	1	18	4	3	75	26500	72	25040	0.00698611	0.006833	0.003	0.024	347.778	137.695	42	637	
8.75	9	1	19	5	3	73	26496	73	26790	0.00760274	0.00662223	0.003	0.017	366.986	166.498	7	669	
8.75	9	1	20	1	3	80	26510	59	22418	0.00359322	0.00298917	0.003	0.024	379.966	124.383	49	621	
9	9.25	4	1	5	3	82	26514	62	18823	0.00412903	0.00424065	0.003	0.024	303.597	89.5404	57	469	
9	9.25	4	2	3	3	89	26528	66	17006	0.003	0	0.003	0.003	257.667	104.645	26	437	
9	9.25	4	3	2	3	77	26504	56	16542	0.003625	0.00241633	0.003	0.017	295.393	126.551	49	694	
9	9.25	4	4	1	3	74	26498	51	17249	0.00341176	0.00217418	0.003	0.017	338.216	78.4906	157	533	
9	9.25	4	5	4	3	49	26448	48	25848	0.012625	0.00655784	0.003	0.017	538.5	315.933	73	1056	
9	9.25	2	6	4	3	64	26478	64	26490	0.00595312	0.00390535	0.003	0.017	413.906	186.732	39	839	
9	9.25	2	7	5	3	80	26510	64	22589	0.0034375	0.00275379	0.003	0.024	352.953	159.86	12	839	
9	9.25	2	8	2	3	75	26500	71	25275	0.00654929	0.00646703	0.003	0.024	355.986	159.337	55	701	
9	9.25	2	9	3	3	94	26538	79	23575	0.00335443	0.00248089	0.003	0.024	298.418	151.593	17	621	
9	9.25	2	10	1	3	63	26476	63	26959	0.00611111	0.00350627	0.003	0.01	427.921	157.423	90	839	
9	9.25	3	11	5	3	89	26528	65	18407	0.003	0	0.003	0.003	283.185	108.006	26	437	
9	9.25	3	12	3	3	77	26504	56	20516	0.0035	0.00262159	0.003	0.017	366.357	136.027	49	621	
9	9.25	3	13	1	3	63	26476	63	26695	0.00855555	0.00690436	0.003	0.017	423.73	133.004	73	685	
9	9.25	3	14	4	3	68	26486	68	26777	0.00814706	0.00680049	0.003	0.017	393.779	134.67	73	757	
9	9.25	3	15	2	3	64	26478	64	26679	0.00846875	0.00688446	0.003	0.017	416.859	133.193	186	773	
9	9.25	1	16	3	3	74	26498	74	26258	0.00754054	0.00649592	0.003	0.017	354.838	153.212	73	686	
9	9.25	1	17	2	3	83	26516	64	23088	0.00310937	0.000875	0.003	0.01	360.75	137.25	101	621	
9	9.25	1	18	4	3	86	26522	82	25236	0.0065	0.00671326	0.003	0.024	307.756	160.214	42	597	
9	9.25	1	19	5	3	68	26486	68	26376	0.00773529	0.00656226	0.003	0.017	387.882	168.315	90	965	
9	9.25	1	20	1	3	79	26508	58	21265	0.00336207	0.00156383	0.003	0.01	366.638	130.71	49	693	
9.25	9.5	4	1	5	3	78	26506	59	18572	0.00335593	0.00202368	0.003	0.017	314.78	90.1956	55	469	
9.25	9.5	4	2	3	3	96	26542	78	19461	0.00326923	0.00237778	0.003	0.024	249.5	119.068	7	469	
9.25	9.5	4	3	2	3	80	26512	62	19469	0.00333871	0.00197479	0.003	0.017	314.016	113.911	12	533	
9.25	9.5	4	4	1	3	82	26514	66	18877	0.00342424	0.00168304	0.003	0.01	286.015	148.269	49	1056	
9.25	9.5	4	5	4	3	62	26478	64	27987	0.00857812	0.00673726	0.003	0.017	437.297	268.765	7	1056	
9.25	9.5	2	6	4	3	68	26486	68	26362	0.00505882	0.0034333	0.003	0.017	387.676	164.125	35	833	
9.25	9.5	2	7	5	3	85	26520	74	24005	0.00347297	0.00241129	0.003	0.017	324.392	162.887	7	839	
9.25	9.5	2	8	2	3	77	26504	72	24589	0.00591667	0.00618893	0.003	0.024	341.514	164.549	3	717	
9.25	9.5	2	9	3	3	95	26540	83	23635	0.00316867	0.0015367	0.003	0.017	284.759	137.455	12	621	
9.25	9.5	2	10	1	3	71	26494	71	26494	0.00507042	0.00321747	0.003	0.01	373.155	150.256	26	685	
9.25	9.5	3	11	5	3	99	26548	85	21931	0.00431765	0.00488977	0.003	0.024	258.012	116.144	26	485	
9.25	9.5	3	12	3	3	77	26504	62	20901	0.00446774	0.00338617	0.003	0.017	337.113	110.836	101	573	
9.25	9.5	3	13	1	3	74	26498	74	26498	0.00668919	0.00593325	0.003	0.017	358.081	162.172	4	757	
9.25	9.5	3	14	4	3	73	26496	73	26344	0.00683562	0.00583813	0.003	0.017	360.877	140.97	42	757	
9.25	9.5	3	15	2	3	69	26488	69	25901	0.00685507	0.00582408	0.003	0.017	375.377	153.62	15	669	
9.25	9.5	1	16	3	3	71	26492	72	27097	0.00698611	0.00608506	0.003	0.017	376.347	184.497	10	985	
9.25	9.5	1	17	2	3	88	26526	77	23436	0.00345454	0.00236502	0.003	0.017	304.364	147.614	49	839	
9.25	9.5	1	18	4	3	78	26506	72	25054	0.00611111	0.00642301	0.003	0.024	347.972	146.952	43	701	
9.25	9.5	1	19	5	3	72	26494	73	26795	0.00750685	0.00632263	0.003	0.017	367.055	144.264	90	773	
9.25	9.5	1	20	1	3	79	26508	67	24718	0.0039403	0.00319981	0.003	0.017	368.925	124.573	64	573	
9.5	9.75	4	1	5	3	74	26500	55	18520	0.00401818	0.00366915	0.003	0.024	336.727	96.656	62	650	
9.5	9.75	4	2	3	3	95	26540	78	20071	0.00326923	0.00237778	0.003	0.024	257.321	125.415	9	470	
9.5	9.75	4	3	2	3	77	26506	55	16901	0.00325454	0.00132243	0.003	0.01	307.291	119.138	49	533	
9.5	9.75	4	4	1	3	72	26317	51	16705	0.00341176	0.00166345	0.003	0.01	327.549	89.7301	49	478	
9.5	9.75	4	5	4	3	52	25794	50	24949	0.0107	0.00696419	0.003	0.017	498.98	227.85	219	1056	
9.5	9.75	2	6	4	3	64	26478	64	26718	0.00573437	0.00344223	0.003	0.01	417.469	169.841	34	833	
9.5	9.75	2	7	5	3	83	26516	66	22441	0.00342424	0.00271214	0.003	0.024	340.015	163.661	49	839	
9.5	9.75	2	8	2	3	81	26512	75	24525	0.00542667	0.00569536	0.003	0.024	327	146.72	57	701	
9.5	9.75	2	9	3	3	90	26530	77	24148	0.00309091	0.000797724	0.003	0.01	313.61	166.117	21	621	
9.5	9.75	2	10	1	3	62	26474	62	26610	0.00548387	0.00337659	0.003	0.01	429.194	201.318	66	1056	
9.5	9.75	3	11	5	3	92	26534	71	19818	0.00329577	0.00249224	0.003	0.024	279.127	129.935	26	579	
9.5	9.75	3	12	3	3	72	26494	52	20450	0.00353846	0.00233861	0.003	0.017	393.269	169.047	49	1056	
9.5	9.75	3	13	1	3	62	26474	62	26326	0.00909677	0.00699815	0.003	0.017	424.613	160.386	73	839	
9.5	9.75	3	14	4	3	67	26484	67	26479	0.00843283	0.00687381	0.003	0.017	395.209	150.357	73	839	
9.5	9.75	3	15	2	3	62	26474	62	26578	0.00909677	0.00699815	0.003	0.017	428.677	180.539	28	839	
9.5	9.75	1	16	3	3	70	26492	70	26201	0.0077	0.00649716	0.003	0.017	374.3	165.883	3	693	
9.5	9.75	1	17	2	3	83	26516	62	22503	0.003	0	0.003	0.003	362.952	130.01	11	573	
9.5	9.75	1	18	4	3	82	26514	80	26005	0.0067625	0.00667746	0.003	0.024	325.062	142.511	57	645	
9.5	9.75	1	19	5	3	67	26484	70	28200	0.0077	0.00660555	0.003	0.017	402.857	194.002	90	1056	
9.5	9.75	1	20	1	3	79	26508	60	21998	0.00346667	0.00284317	0.003	0.024	366.633	140.942	49	621	
9.75	10	4	1	5	3	74	26498	54	16906	0.00416667	0.00424597	0.003	0.024	313.074	98.612	44	526	
9.75	10	4	2	3	3	93	26536	69	16176	0.003	0	0.003	0.003	234.435	103.231	26	437	
9.75	10	4	3	2	3	80	26510	58	17826	0.00360345	0.00328708	0.003	0.024	307.345	93.1484	49	586	
9.75	10	4	4	1	3	82	26697	61	18336	0.00391803	0.00393402	0.003	0.024	300.59	91.0063	49	469	
9.75	10	4	5	4	3	49	27114	50	26452	0.0121	0.00667083	0.003	0.017	529.04	323.782	64	1056	
9.75	10	2	6	4	3	62	26474	61	25442	0.00621311	0.00374217	0.003	0.017	417.082	196.261	26	1056	
9.75	10	2	7	5	3	80	26510	61	21642	0.00311475	0.000896258	0.003	0.01	354.787	134.933	49	749	
9.75	10	2	8	2	3	79	26508	72	23305	0.00620833	0.00684422	0.003	0.024	323.681	168.049	42	710	
9.75	10	2	9	3	3	92	26536	77	23539	0.003	0	0.003	0.003	305.701	162.872	32	621	
9.75	10	2	10	1	3	60	26470	60	25480	0.00591667	0.00348017	0.003	0.01	424.667	201.507	66	1056	
9.75	10	3	11	5	3	93	26536	71	19468	0.003	0	0.003	0.003	274.197	109.98	51	437	
9.75	10	3	12	3	3	76	26502	55	19888	0.00325454	0.00132243	0.003	0.01	361.6	163.312	49	839	
9.75	10	3	13	1	3	63	26476	63	26552	0.00877778	0.00694783	0.003	0.017	421.46	151.094	74	839	
9.75	10	3	14	4	3	63	26476	63	26785	0.00855555	0.00690436	0.003	0.017	425.159	140.502	73	757	
9.75	10	3	15	2	3	60	26470	60	27041	0.00895	0.00691945	0.003	0.017	450.683	158.241	93	839	
9.75	10	1	16	3	3	79	26508	78	26725	0.00730769	0.00650336	0.003	0.017	342.628	143.46	73	614	
9.75	10	1	17	2	3	81	26512	60	21357	0.00311667	0.000903696	0.003	0.01	355.95	129.05	49	621	
9.75	10	1	18	4	3	80	26510	77	25760	0.00772727	0.00773855	0.003	0.024	334.545	147.469	7	597	
9.75	10	1	19	5	3	77	26504	76	26309	0.00723684	0.00647429	0.003	0.017	346.171	153.712	7	839	
9.75	10	1	20	1	3	77	26504	54	20245	0.00325926	0.00133438	0.003	0.01	374.907	106.806	49	573	
