% start	end	CellId	IMSI	RNTI	LCID	nTxPDUs	TxBytes	nRxPDUs	RxBytes	delay	stdDev	min	max	PduSize	stdDev	min	max
0.5	0.75	4	1	3	3	39	25374	38	24783	0.0111053	0.00700498	0.003	0.017	652.184	307.617	187	1056	
0.5	0.75	4	2	1	3	44	25384	42	24712	0.0103333	0.00673059	0.003	0.017	588.381	308.024	91	1056	
0.5	0.75	4	3	2	3	37	25374	37	25374	0.003	0	0.003	0.003	685.784	332.391	219	1095	
0.5	0.75	4	4	5	3	41	25378	39	24312	0.0101795	0.00690489	0.003	0.017	623.385	294.165	219	1056	
0.5	0.75	4	5	4	3	41	25378	37	22924	0.0109459	0.0074085	0.003	0.024	619.568	303.056	146	1056	
0.5	0.75	2	6	5	3	54	25404	52	24636	0.00878846	0.00566841	0.003	0.017	473.769	254.246	26	1056	
0.5	0.75	2	7	1	3	58	25412	50	19549	0.00692	0.00568507	0.003	0.024	390.98	196.1	66	905	
0.5	0.75	2	8	2	3	50	25396	49	25007	0.00771428	0.00437798	0.003	0.017	510.347	245.57	26	1056	
0.5	0.75	2	9	4	3	50	25396	48	24338	0.0069375	0.0035093	0.003	0.01	507.042	243.811	18	1056	
0.5	0.75	2	10	3	3	57	25410	44	17862	0.00475	0.00341764	0.003	0.017	405.955	232.242	50	967	
0.5	0.75	3	11	5	3	39	25374	38	25315	0.00723684	0.00346749	0.003	0.01	666.184	366.539	59	1056	
0.5	0.75	3	12	1	3	33	25362	33	25362	0.003	0	0.003	0.003	768.545	342.123	219	1056	
0.5	0.75	3	13	3	3	43	25382	42	25073	0.00733333	0.00344055	0.003	0.01	596.976	381.079	16	1056	
0.5	0.75	3	14	2	3	40	25376	39	25067	0.0071282	0.00348817	0.003	0.01	642.744	359.458	27	1056	
0.5	0.75	3	15	4	3	49	25394	39	19221	0.00515385	0.00485873	0.003	0.017	492.846	275.851	49	1056	
0.5	0.75	1	16	4	3	46	25388	44	24394	0.0107955	0.00626389	0.003	0.017	554.409	282.133	91	1056	
0.5	0.75	1	17	3	3	48	25392	47	24544	0.00970213	0.00652059	0.003	0.017	522.213	221.239	73	1056	
0.5	0.75	1	18	5	3	52	25400	42	19612	0.00833333	0.0068811	0.003	0.024	466.952	242.175	93	1056	
0.5	0.75	1	19	1	3	40	25376	39	24320	0.00748718	0.00340179	0.003	0.01	623.59	307.891	27	1056	
0.5	0.75	1	20	2	3	49	25394	47	24785	0.0102979	0.00635512	0.003	0.017	527.34	232.283	73	1056	
0.75	1	4	1	3	3	53	26456	53	26088	0.00960377	0.00692081	0.003	0.017	492.226	201.64	91	1056	
0.75	1	4	2	1	3	46	26442	46	26346	0.0106087	0.00689437	0.003	0.017	572.739	256.709	93	1056	
0.75	1	4	3	2	3	38	26426	38	26426	0.003	0	0.003	0.003	695.421	334.483	219	1056	
0.75	1	4	4	5	3	54	26458	54	26378	0.00948148	0.00704632	0.003	0.017	488.481	188.003	73	1056	
0.75	1	4	5	4	3	56	26462	52	24810	0.00946154	0.00852784	0.003	0.024	477.115	220.844	101	957	
0.75	1	2	6	5	3	47	26444	47	25583	0.0107447	0.00703553	0.003	0.017	544.319	257.437	28	1056	
0.75	1	2	7	1	3	53	26456	29	10979	0.00372414	0.0038996	0.003	0.024	378.586	194.43	32	839	
0.75	1	2	8	2	3	42	26434	41	25373	0.0105122	0.00633688	0.003	0.017	618.854	296.959	93	1056	
0.75	1	2	9	4	3	42	26434	43	26436	0.00853488	0.00288138	0.003	0.01	614.791	311.226	26	1056	
0.75	1	2	10	3	3	54	26458	31	13332	0.00435484	0.00524435	0.003	0.024	430.065	201.07	42	1056	
0.75	1	3	11	5	3	42	26434	41	25435	0.00658536	0.00354243	0.003	0.01	620.366	374.706	59	1056	
0.75	1	3	12	1	3	39	26428	39	26428	0.003	0	0.003	0.003	677.641	346.5	219	1056	
0.75	1	3	13	3	3	48	26446	48	26446	0.005625	0.00342472	0.003	0.01	550.958	330.671	27	1056	
0.75	1	3	14	2	3	49	26448	49	26730	0.00557143	0.00340955	0.003	0.01	545.51	375.009	18	1056	
0.75	1	3	15	4	3	60	26470	60	26693	0.00463333	0.00298565	0.003	0.01	444.883	244.293	49	1056	
0.75	1	1	16	4	3	49	26448	49	26320	0.0102857	0.00684653	0.003	0.017	537.143	192.214	149	1056	
0.75	1	1	17	3	3	52	26454	52	26390	0.0105385	0.0067692	0.003	0.017	507.5	234.461	8	1056	
0.75	1	1	18	5	3	51	26452	32	15368	0.00540625	0.00490463	0.003	0.024	480.25	211.81	12	1056	
0.75	1	1	19	1	3	41	26432	40	26430	0.0079	0.00324867	0.003	0.01	660.75	318.122	155	1056	
0.75	1	1	20	2	3	49	26448	49	26007	0.0102857	0.00684653	0.003	0.017	530.755	209.531	73	1056	
1	1.25	4	1	3	3	55	26460	55	27262	0.00961818	0.00692417	0.003	0.017	495.673	145.904	93	775	
1	1.25	4	2	1	3	50	26450	50	26298	0.01014	0.00699857	0.003	0.017	525.96	133.22	193	865	
1	1.25	4	3	2	3	44	26438	44	26438	0.003	0	0.003	0.003	600.864	314.759	219	1056	
1	1.25	4	4	5	3	53	26456	53	26328	0.00960377	0.00705566	0.003	0.017	496.755	172.857	155	903	
1	1.25	4	5	4	3	54	26458	48	23505	0.0101458	0.00884137	0.003	0.024	489.688	164.912	49	967	
1	1.25	2	6	5	3	48	26446	47	27015	0.0108936	0.00694148	0.003	0.017	574.787	271.904	26	1056	
1	1.25	2	7	1	3	56	26462	33	12841	0.00427273	0.00508842	0.003	0.024	389.121	196.574	28	669	
1	1.25	2	8	2	3	44	26438	44	25776	0.0106364	0.00600423	0.003	0.017	585.818	342.056	28	1056	
1	1.25	2	9	4	3	41	26432	41	26432	0.00760976	0.00336064	0.003	0.01	644.683	274.039	121	1056	
1	1.25	2	10	3	3	53	26456	31	12779	0.00390322	0.00393577	0.003	0.024	412.226	153.217	75	669	
1	1.25	3	11	5	3	39	26428	41	27486	0.00573171	0.00345705	0.003	0.01	670.39	336.283	59	1056	
1	1.25	3	12	1	3	36	26422	36	26422	0.003	0	0.003	0.003	733.944	339.846	219	1056	
1	1.25	3	13	3	3	45	26440	45	26594	0.00533333	0.00333712	0.003	0.01	590.978	398.306	12	1056	
1	1.25	3	14	2	3	46	26442	47	26469	0.00538298	0.00335283	0.003	0.01	563.17	366.767	10	1056	
1	1.25	3	15	4	3	64	26478	60	25339	0.00416667	0.00263076	0.003	0.01	422.317	243.763	7	901	
1	1.25	1	16	4	3	49	26448	49	26656	0.011	0.00685262	0.003	0.017	544	228.827	58	1056	
1	1.25	1	17	3	3	50	26450	50	26586	0.01028	0.00692243	0.003	0.017	531.72	231.68	73	1056	
1	1.25	1	18	5	3	56	26462	35	15473	0.0054	0.00610785	0.003	0.024	442.086	157.726	49	693	
1	1.25	1	19	1	3	42	26434	42	26434	0.00783333	0.00327531	0.003	0.01	629.381	316.077	145	1056	
1	1.25	1	20	2	3	49	26448	49	26946	0.0104286	0.00691315	0.003	0.017	549.918	181.534	73	1056	
1.25	1.5	4	1	3	3	53	26456	54	26502	0.00922222	0.00702198	0.003	0.017	490.778	178.913	93	807	
1.25	1.5	4	2	1	3	52	26454	52	26702	0.00986538	0.00686003	0.003	0.017	513.5	167.337	113	871	
1.25	1.5	4	3	2	3	43	26436	43	26436	0.003	0	0.003	0.003	614.791	319.996	219	1056	
1.25	1.5	4	4	5	3	55	26460	55	26524	0.00910909	0.00700707	0.003	0.017	482.255	156.318	149	775	
1.25	1.5	4	5	4	3	52	26454	47	24133	0.0107447	0.00890644	0.003	0.024	513.468	165.226	42	1056	
1.25	1.5	2	6	5	3	50	26450	51	25972	0.010549	0.00683612	0.003	0.017	509.255	277.386	26	1056	
1.25	1.5	2	7	1	3	57	26464	34	11566	0.00361765	0.00360147	0.003	0.024	340.176	173.551	26	597	
1.25	1.5	2	8	2	3	47	26444	46	26925	0.0106087	0.00623067	0.003	0.017	585.326	334.823	26	1056	
1.25	1.5	2	9	4	3	42	26434	42	26434	0.00783333	0.00327531	0.003	0.01	629.381	298.425	26	1056	
1.25	1.5	2	10	3	3	59	26468	38	13797	0.00465789	0.00525705	0.003	0.024	363.079	206.074	32	1026	
1.25	1.5	3	11	5	3	40	26430	39	25374	0.00641026	0.00354459	0.003	0.01	650.615	372.353	52	1056	
1.25	1.5	3	12	1	3	33	26416	33	26416	0.003	0	0.003	0.003	800.485	345.812	219	1056	
1.25	1.5	3	13	3	3	43	26436	43	26436	0.00609302	0.0035174	0.003	0.01	614.791	339.102	27	1056	
1.25	1.5	3	14	2	3	43	26436	43	26436	0.00544186	0.0033757	0.003	0.01	614.791	410.438	27	1056	
1.25	1.5	3	15	4	3	63	26476	59	25350	0.00477966	0.00381046	0.003	0.024	429.661	263.377	12	1056	
1.25	1.5	1	16	4	3	47	26444	47	25388	0.0107447	0.0067259	0.003	0.017	540.17	272.812	73	1056	
1.25	1.5	1	17	3	3	56	26462	56	27240	0.0095	0.00678769	0.003	0.017	486.429	230.045	34	1056	
1.25	1.5	1	18	5	3	58	26466	40	16962	0.0051	0.00480811	0.003	0.024	424.05	225.872	42	1056	
1.25	1.5	1	19	1	3	45	26440	46	27189	0.00756522	0.0033708	0.003	0.01	591.065	289.15	76	1056	
1.25	1.5	1	20	2	3	47	26444	47	26010	0.0105957	0.0068196	0.003	0.017	553.404	249.475	58	1056	
1.5	1.75	4	1	3	3	53	26456	52	25696	0.00973077	0.0069257	0.003	0.017	494.154	190.476	93	871	
1.5	1.75	4	2	1	3	54	26458	54	26598	0.00987037	0.00686541	0.003	0.017	492.556	218.497	93	1056	
1.5	1.75	4	3	2	3	39	26430	38	26211	0.003	0	0.003	0.003	689.763	316.756	182	1095	
1.5	1.75	4	4	5	3	52	26454	52	26566	0.00986538	0.00699868	0.003	0.017	510.885	156.488	93	833	
1.5	1.75	4	5	4	3	59	26468	55	25350	0.00987273	0.00835786	0.003	0.024	460.909	188.356	49	849	
1.5	1.75	2	6	5	3	50	26450	50	27117	0.01168	0.0068644	0.003	0.017	542.34	258.962	26	1056	
1.5	1.75	2	7	1	3	57	26464	33	12580	0.00384848	0.00381708	0.003	0.024	381.212	183.523	32	669	
1.5	1.75	2	8	2	3	38	26426	38	26634	0.0116579	0.00525705	0.003	0.017	700.895	342.363	26	1056	
1.5	1.75	2	9	4	3	41	26432	41	26915	0.00812195	0.00314002	0.003	0.01	656.463	306.336	26	1056	
1.5	1.75	2	10	3	3	55	26460	31	11966	0.00322581	0.00125724	0.003	0.01	386	156.705	64	693	
1.5	1.75	3	11	5	3	41	26432	42	27488	0.0055	0.00339476	0.003	0.01	654.476	357.576	59	1056	
1.5	1.75	3	12	1	3	39	26428	39	26428	0.003	0	0.003	0.003	677.641	334.222	219	1056	
1.5	1.75	3	13	3	3	46	26442	46	26288	0.00558696	0.00341615	0.003	0.01	571.478	354.953	27	1056	
1.5	1.75	3	14	2	3	45	26440	44	26285	0.00586364	0.00348145	0.003	0.01	597.386	388.319	18	1056	
1.5	1.75	3	15	4	3	60	26470	58	26041	0.00456896	0.00371867	0.003	0.017	448.983	286.709	18	1009	
1.5	1.75	1	16	4	3	48	26446	48	27502	0.010875	0.00671494	0.003	0.017	572.958	215.123	193	1056	
1.5	1.75	1	17	3	3	49	26448	49	25574	0.0108571	0.00679767	0.003	0.017	521.918	218.473	72	1056	
1.5	1.75	1	18	5	3	59	26468	43	18927	0.00706977	0.0073627	0.003	0.024	440.163	210.301	42	901	
1.5	1.75	1	19	1	3	43	26436	42	25687	0.0075	0.00339476	0.003	0.01	611.595	293.395	58	1056	
1.5	1.75	1	20	2	3	51	26452	51	26779	0.0104118	0.006774	0.003	0.017	525.078	176.5	149	1056	
1.75	2	4	1	3	3	52	26454	52	26841	0.00973077	0.0069257	0.003	0.017	516.173	182.371	93	1056	
1.75	2	4	2	1	3	52	26454	52	26420	0.0101346	0.00671851	0.003	0.017	508.077	219.917	26	1056	
1.75	2	4	3	2	3	46	26442	47	26661	0.003	0	0.003	0.003	567.255	260.154	219	1056	
1.75	2	4	4	5	3	55	26460	55	26188	0.00910909	0.00700707	0.003	0.017	476.145	221.581	73	1056	
1.75	2	4	5	4	3	60	26470	56	23719	0.008	0.00739779	0.003	0.024	423.554	209.493	10	839	
1.75	2	2	6	5	3	51	26452	52	26838	0.00946154	0.0067692	0.003	0.017	516.115	253.533	93	1056	
1.75	2	2	7	1	3	60	26470	43	16036	0.00527907	0.00565822	0.003	0.024	372.93	171.971	28	621	
1.75	2	2	8	2	3	46	26442	48	27268	0.00839583	0.00544895	0.003	0.017	568.083	271.089	93	1056	
1.75	2	2	9	4	3	48	26446	48	26446	0.00722917	0.00345943	0.003	0.01	550.958	257.916	26	1056	
1.75	2	2	10	3	3	63	26476	44	16613	0.00522727	0.00560259	0.003	0.024	377.568	203.15	28	839	
1.75	2	3	11	5	3	38	26426	38	26426	0.00668421	0.00354207	0.003	0.01	695.421	383.272	59	1056	
1.75	2	3	12	1	3	42	26434	42	26434	0.003	0	0.003	0.003	629.381	346.371	219	1056	
1.75	2	3	13	3	3	44	26438	44	26438	0.00570454	0.00344781	0.003	0.01	600.864	399.331	27	1056	
1.75	2	3	14	2	3	39	26428	39	25744	0.00641026	0.00354459	0.003	0.01	660.103	405.878	27	1056	
1.75	2	3	15	4	3	64	26478	58	24871	0.00481034	0.00405427	0.003	0.017	428.81	242.493	12	901	
1.75	2	1	16	4	3	51	26452	51	26308	0.00986274	0.00649005	0.003	0.017	515.843	219.605	73	1056	
1.75	2	1	17	3	3	52	26454	51	26941	0.00958823	0.00662775	0.003	0.017	528.255	208.168	42	1056	
1.75	2	1	18	5	3	59	26468	45	19893	0.0058	0.0054631	0.003	0.024	442.067	196.538	101	1056	
1.75	2	1	19	1	3	43	26436	43	26436	0.00772093	0.00331896	0.003	0.01	614.791	324.102	145	1056	
1.75	2	1	20	2	3	52	26454	52	26354	0.0102692	0.00634658	0.003	0.017	506.808	180.035	114	1056	
2	2.25	4	1	3	3	49	26448	49	26351	0.0101429	0.00707107	0.003	0.017	537.776	203.676	26	1056	
2	2.25	4	2	1	3	49	26448	49	26246	0.00971428	0.00684653	0.003	0.017	535.633	258.579	92	1056	
2	2.25	4	3	2	3	44	26438	44	26438	0.003	0	0.003	0.003	600.864	271.813	219	1056	
2	2.25	4	4	5	3	52	26454	52	26685	0.00919231	0.00702108	0.003	0.017	513.173	211.442	149	1056	
2	2.25	4	5	4	3	58	26466	53	24434	0.00881132	0.00709837	0.003	0.024	461.019	209.827	49	1009	
2	2.25	2	6	5	3	53	26456	53	25797	0.00867924	0.00629949	0.003	0.017	486.736	228.622	26	1056	
2	2.25	2	7	1	3	62	26474	49	18609	0.00657143	0.00591256	0.003	0.024	379.776	209.232	10	839	
2	2.25	2	8	2	3	51	26452	50	25511	0.00804	0.00529906	0.003	0.017	510.22	252.924	90	1056	
2	2.25	2	9	4	3	54	26458	54	25975	0.00766667	0.00333082	0.003	0.01	481.019	242.376	10	1056	
2	2.25	2	10	3	3	63	26476	51	17757	0.00615686	0.00615263	0.003	0.024	348.176	183.878	10	621	
2	2.25	3	11	5	3	43	26436	43	26436	0.0064186	0.00354046	0.003	0.01	614.791	361.37	59	1056	
2	2.25	3	12	1	3	41	26432	41	26432	0.003	0	0.003	0.003	644.683	349.846	219	1056	
2	2.25	3	13	3	3	46	26442	47	26751	0.00523404	0.00329831	0.003	0.01	569.17	318.865	18	1056	
2	2.25	3	14	2	3	46	26442	46	26972	0.00528261	0.00331772	0.003	0.01	586.348	331.112	27	1056	
2	2.25	3	15	4	3	59	26468	56	24929	0.005375	0.00504367	0.003	0.024	445.161	246.294	64	957	
2	2.25	1	16	4	3	51	26452	51	26380	0.00931372	0.00645443	0.003	0.017	517.255	221.748	91	1056	
2	2.25	1	17	3	3	59	26468	60	26632	0.0086	0.00628746	0.003	0.017	443.867	206.782	34	965	
2	2.25	1	18	5	3	56	26462	48	21985	0.00620833	0.00499344	0.003	0.017	458.021	199.912	49	967	
2	2.25	1	19	1	3	42	26434	43	26436	0.00772093	0.00331896	0.003	0.01	614.791	247.594	155	1056	
2	2.25	1	20	2	3	51	26452	51	26321	0.0084902	0.00646335	0.003	0.017	516.098	232.611	10	1056	
2.25	2.5	4	1	3	3	50	26450	50	26482	0.00958	0.00669477	0.003	0.017	529.64	222.181	27	1056	
2.25	2.5	4	2	1	3	48	26446	47	26010	0.0102979	0.00635512	0.003	0.017	553.404	234.596	93	1056	
2.25	2.5	4	3	2	3	44	26438	44	26438	0.003	0	0.003	0.003	600.864	300.285	219	1056	
2.25	2.5	4	4	5	3	56	26462	58	27601	0.00806896	0.00652892	0.003	0.017	475.879	208.222	93	1056	
2.25	2.5	4	5	4	3	59	26468	58	25806	0.00855172	0.00678278	0.003	0.024	444.931	222.054	49	1056	
2.25	2.5	2	6	5	3	48	26446	48	27017	0.0104375	0.00668089	0.003	0.017	562.854	242.335	26	1056	
2.25	2.5	2	7	1	3	57	26464	35	14138	0.0032	0.00118322	0.003	0.01	403.943	179.333	28	621	
2.25	2.5	2	8	2	3	43	26436	43	26916	0.00951163	0.00559069	0.003	0.017	625.953	303.702	10	1056	
2.25	2.5	2	9	4	3	46	26442	46	26442	0.00771739	0.00331772	0.003	0.01	574.826	304.991	100	1056	
2.25	2.5	2	10	3	3	61	26472	38	13014	0.00410526	0.00346246	0.003	0.017	342.474	234.089	32	839	
2.25	2.5	3	11	5	3	37	26424	36	26365	0.00688889	0.00352767	0.003	0.01	732.361	410.647	59	1056	
2.25	2.5	3	12	1	3	35	26420	35	26420	0.003	0	0.003	0.003	754.857	355.732	219	1056	
2.25	2.5	3	13	3	3	40	26430	39	25374	0.00623077	0.00353525	0.003	0.01	650.615	394.036	27	1056	
2.25	2.5	3	14	2	3	42	26434	42	26588	0.00533333	0.00333983	0.003	0.01	633.048	377.355	27	1056	
2.25	2.5	3	15	4	3	61	26472	60	26352	0.00498333	0.00429225	0.003	0.017	439.2	267.811	49	1056	
2.25	2.5	1	16	4	3	50	26450	49	25949	0.0111429	0.0062849	0.003	0.017	529.571	173.152	73	1056	
2.25	2.5	1	17	3	3	53	26456	51	26003	0.0113725	0.00626406	0.003	0.017	509.863	184.233	93	1056	
2.25	2.5	1	18	5	3	53	26456	38	18002	0.00944737	0.00786954	0.003	0.024	473.737	230.389	49	1056	
2.25	2.5	1	19	1	3	44	26438	44	26581	0.00761364	0.00335646	0.003	0.01	604.114	264.551	145	1056	
2.25	2.5	1	20	2	3	51	26452	51	26284	0.0109608	0.00626406	0.003	0.017	515.373	215.117	91	1056	
2.5	2.75	4	1	3	3	48	26446	48	26220	0.0102917	0.00706793	0.003	0.017	546.25	198.916	155	1056	
2.5	2.75	4	2	1	3	54	26458	55	26788	0.0101273	0.00666682	0.003	0.017	487.055	202.91	93	871	
2.5	2.75	4	3	2	3	45	26440	45	26440	0.003	0	0.003	0.003	587.556	248.466	219	1056	
2.5	2.75	4	4	5	3	51	26452	49	25722	0.00957143	0.00705927	0.003	0.017	524.939	184.173	186	1056	
2.5	2.75	4	5	4	3	58	26466	53	24922	0.00907547	0.00752393	0.003	0.024	470.226	238.986	49	1056	
2.5	2.75	2	6	5	3	48	26446	47	26163	0.0113404	0.00663088	0.003	0.017	556.66	260.186	28	1056	
2.5	2.75	2	7	1	3	56	26462	35	13971	0.0048	0.00546002	0.003	0.024	399.171	232.488	28	1056	
2.5	2.75	2	8	2	3	41	26432	41	25378	0.01	0.00519134	0.003	0.017	618.976	312.189	122	1056	
2.5	2.75	2	9	4	3	46	26442	46	27061	0.00726087	0.00345405	0.003	0.01	588.283	278.777	26	1056	
2.5	2.75	2	10	3	3	56	26462	33	12293	0.00321212	0.00121854	0.003	0.01	372.515	179.016	32	621	
2.5	2.75	3	11	5	3	41	26432	42	26491	0.006	0.00350609	0.003	0.01	630.738	374.699	59	1056	
2.5	2.75	3	12	1	3	41	26432	41	26432	0.003	0	0.003	0.003	644.683	335.89	219	1056	
2.5	2.75	3	13	3	3	45	26440	45	27469	0.00533333	0.00333712	0.003	0.01	610.422	364.776	27	1056	
2.5	2.75	3	14	2	3	44	26438	45	26593	0.00548889	0.00338863	0.003	0.01	590.956	397.511	12	1056	
2.5	2.75	3	15	4	3	62	26474	59	25759	0.00525424	0.00439668	0.003	0.017	436.593	229.194	18	839	
2.5	2.75	1	16	4	3	51	26452	52	27353	0.0110769	0.00655847	0.003	0.017	526.019	210.054	74	1056	
2.5	2.75	1	17	3	3	46	26442	48	26655	0.0116042	0.00633376	0.003	0.017	555.312	238.448	58	1056	
2.5	2.75	1	18	5	3	57	26464	39	17356	0.00766667	0.00668594	0.003	0.024	445.026	166.716	73	749	
2.5	2.75	1	19	1	3	48	26446	48	26303	0.00839583	0.00297321	0.003	0.01	547.979	286.56	58	1056	
2.5	2.75	1	20	2	3	52	26454	52	25931	0.0106731	0.00668543	0.003	0.017	498.673	251.221	58	1056	
2.75	3	4	1	3	3	53	26456	53	26639	0.00933962	0.00690023	0.003	0.017	502.623	220.043	26	1056	
2.75	3	4	2	1	3	51	26452	51	26268	0.0101373	0.00649005	0.003	0.017	515.059	219.162	34	1056	
2.75	3	4	3	2	3	44	26438	44	26438	0.003	0	0.003	0.003	600.864	310.062	219	1056	
2.75	3	4	4	5	3	55	26460	55	26140	0.00936364	0.00690508	0.003	0.017	475.273	211.262	93	1056	
2.75	3	4	5	4	3	59	26468	56	24848	0.009	0.0072413	0.003	0.024	443.714	180.592	49	749	
2.75	3	2	6	5	3	53	26456	53	26456	0.0107925	0.00695413	0.003	0.017	499.17	231.285	26	1056	
2.75	3	2	7	1	3	64	26478	42	13574	0.0035	0.00324037	0.003	0.024	323.19	186.045	28	621	
2.75	3	2	8	2	3	43	26436	43	27136	0.00967442	0.00570597	0.003	0.017	631.07	315.94	58	1056	
2.75	3	2	9	4	3	41	26432	41	25813	0.00760976	0.00336064	0.003	0.01	629.585	297.147	121	1056	
2.75	3	2	10	3	3	56	26462	35	12605	0.0044	0.00503634	0.003	0.024	360.143	210.476	28	983	
2.75	3	3	11	5	3	36	26422	35	26363	0.0058	0.00347935	0.003	0.01	753.229	398.224	59	1056	
2.75	3	3	12	1	3	40	26430	40	26430	0.003	0	0.003	0.003	660.75	347.496	219	1056	
2.75	3	3	13	3	3	43	26436	44	26463	0.00570454	0.00344781	0.003	0.01	601.432	353.011	27	1056	
2.75	3	3	14	2	3	41	26432	41	26432	0.0062439	0.00353398	0.003	0.01	644.683	380.516	27	1056	
2.75	3	3	15	4	3	61	26472	61	26277	0.00518033	0.00487343	0.003	0.024	430.77	225.119	12	1056	
2.75	3	1	16	4	3	51	26452	51	25521	0.0112353	0.00637052	0.003	0.017	500.412	161.564	58	967	
2.75	3	1	17	3	3	52	26454	52	26904	0.0110769	0.00625863	0.003	0.017	517.385	176.849	149	1056	
2.75	3	1	18	5	3	53	26456	37	17135	0.00791892	0.00697367	0.003	0.024	463.108	150.432	49	749	
2.75	3	1	19	1	3	48	26446	48	26446	0.0069375	0.0035093	0.003	0.01	550.958	238.039	58	1056	
2.75	3	1	20	2	3	48	26446	48	26513	0.0113125	0.00640198	0.003	0.017	552.354	195.845	73	1056	
3	3.25	4	1	3	3	52	26454	52	25975	0.00973077	0.00706306	0.003	0.017	499.519	181.517	93	871	
3	3.25	4	2	1	3	52	26454	51	26065	0.01	0.007	0.003	0.017	511.078	156.064	186	871	
3	3.25	4	3	2	3	46	26444	46	26444	0.003	0	0.003	0.003	574.87	315.841	219	1056	
3	3.25	4	4	5	3	54	26458	54	26458	0.00948148	0.00704632	0.003	0.017	489.963	169.738	74	871	
3	3.25	4	5	4	3	59	26468	54	24488	0.00909259	0.00871188	0.003	0.024	453.481	183.596	49	839	
3	3.25	2	6	5	3	46	26442	47	26154	0.0114894	0.0068362	0.003	0.017	556.468	275.926	93	1056	
3	3.25	2	7	1	3	55	26460	31	9801	0.003	0	0.003	0.003	316.161	181.929	28	621	
3	3.25	2	8	2	3	47	26444	47	25961	0.0107447	0.00605937	0.003	0.017	552.362	281.101	26	1056	
3	3.25	2	9	4	3	49	26448	49	27195	0.007	0.0035	0.003	0.01	555	251.113	26	1056	
3	3.25	2	10	3	3	56	26462	31	11263	0.003	0	0.003	0.003	363.323	161.975	28	621	
3	3.25	3	11	5	3	41	26432	41	26240	0.00556097	0.00341357	0.003	0.01	640	389.402	59	1056	
3	3.25	3	12	1	3	40	26430	40	26430	0.003	0	0.003	0.003	660.75	347.496	219	1056	
3	3.25	3	13	3	3	47	26444	47	26444	0.00523404	0.00329831	0.003	0.01	562.638	385.01	12	1056	
3	3.25	3	14	2	3	44	26438	44	26438	0.00506818	0.00323065	0.003	0.01	600.864	369.994	12	1056	
3	3.25	3	15	4	3	63	26476	60	25682	0.00451667	0.00318094	0.003	0.017	428.033	232.541	49	839	
3	3.25	1	16	4	3	51	26452	51	27127	0.0101373	0.00692826	0.003	0.017	531.902	161.241	149	1056	
3	3.25	1	17	3	3	50	26450	50	26304	0.01056	0.00690507	0.003	0.017	526.08	192.197	58	1056	
3	3.25	1	18	5	3	54	26458	29	11434	0.00348276	0.00180517	0.003	0.01	394.276	179.545	12	693	
3	3.25	1	19	1	3	43	26436	43	26887	0.00706977	0.00349418	0.003	0.01	625.279	272.55	145	1056	
3	3.25	1	20	2	3	54	26458	54	26842	0.0101296	0.00686541	0.003	0.017	497.074	182.466	58	1056	
3.25	3.5	4	1	3	3	53	26456	53	26936	0.00960377	0.00705566	0.003	0.017	508.226	174.369	98	871	
3.25	3.5	4	2	1	3	50	26450	51	26935	0.0101373	0.00706829	0.003	0.017	528.137	180.885	93	1056	
3.25	3.5	4	3	2	3	44	26438	44	26438	0.003	0	0.003	0.003	600.864	279.881	219	1056	
3.25	3.5	4	4	5	3	54	26458	54	26778	0.00948148	0.00704632	0.003	0.017	495.889	162.584	73	909	
3.25	3.5	4	5	4	3	57	26464	47	20693	0.0083617	0.00853745	0.003	0.024	440.277	162.299	101	839	
3.25	3.5	2	6	5	3	42	26434	42	27005	0.0118333	0.00674959	0.003	0.017	642.976	303.755	26	1056	
3.25	3.5	2	7	1	3	56	26462	33	12781	0.00384848	0.00381708	0.003	0.024	387.303	187.708	42	666	
3.25	3.5	2	8	2	3	45	26440	46	27279	0.0104565	0.00615614	0.003	0.017	593.022	289.465	26	1056	
3.25	3.5	2	9	4	3	43	26436	42	25687	0.00816667	0.003115	0.003	0.01	611.595	320.018	26	1056	
3.25	3.5	2	10	3	3	57	26464	35	12259	0.0048	0.0059646	0.003	0.024	350.257	185.495	28	751	
3.25	3.5	3	11	5	3	41	26432	42	26683	0.00616667	0.00352632	0.003	0.01	635.31	365.479	59	1056	
3.25	3.5	3	12	1	3	38	26426	38	26426	0.003	0	0.003	0.003	695.421	349.606	219	1056	
3.25	3.5	3	13	3	3	46	26442	45	26287	0.00533333	0.00333712	0.003	0.01	584.156	378.128	27	1056	
3.25	3.5	3	14	2	3	41	26432	40	26277	0.005275	0.00332039	0.003	0.01	656.925	378.28	27	1056	
3.25	3.5	3	15	4	3	60	26470	55	25988	0.00427273	0.00272475	0.003	0.01	472.509	209.029	101	839	
3.25	3.5	1	16	4	3	52	26454	52	26606	0.00973077	0.00706306	0.003	0.017	511.654	173.731	142	839	
3.25	3.5	1	17	3	3	49	26448	49	26280	0.0101429	0.00707107	0.003	0.017	536.327	222.271	72	1056	
3.25	3.5	1	18	5	3	54	26458	35	16303	0.0044	0.00442719	0.003	0.024	465.8	205.508	49	1056	
3.25	3.5	1	19	1	3	37	26424	37	25973	0.0082973	0.00304471	0.003	0.01	701.973	343.122	145	1056	
3.25	3.5	1	20	2	3	46	26442	45	25909	0.0107778	0.00703526	0.003	0.017	575.756	233.242	149	1056	
3.5	3.75	4	1	3	3	51	26452	51	26462	0.00972549	0.00685297	0.003	0.017	518.863	194.293	93	1056	
3.5	3.75	4	2	1	3	49	26448	49	26632	0.0104286	0.00676387	0.003	0.017	543.51	195.871	93	1056	
3.5	3.75	4	3	2	3	40	26430	40	26430	0.003	0	0.003	0.003	660.75	302.171	219	1056	
3.5	3.75	4	4	5	3	53	26456	53	26360	0.0101321	0.00706573	0.003	0.017	497.358	178.331	26	1056	
3.5	3.75	4	5	4	3	59	26468	55	24538	0.00974545	0.00830042	0.003	0.024	446.145	205.809	49	1056	
3.5	3.75	2	6	5	3	48	26446	47	25961	0.0110426	0.00668534	0.003	0.017	552.362	249.4	18	1056	
3.5	3.75	2	7	1	3	59	26468	38	13703	0.0048421	0.00531965	0.003	0.024	360.605	242.146	28	1026	
3.5	3.75	2	8	2	3	47	26444	47	26444	0.00970213	0.00583063	0.003	0.017	562.638	298.976	18	1056	
3.5	3.75	2	9	4	3	44	26438	44	26438	0.00761364	0.00335646	0.003	0.01	600.864	257.744	100	1056	
3.5	3.75	2	10	3	3	56	26462	35	14307	0.0042	0.00494559	0.003	0.024	408.771	253.268	28	1056	
3.5	3.75	3	11	5	3	41	26432	40	26181	0.00615	0.00352682	0.003	0.01	654.525	389.557	59	1056	
3.5	3.75	3	12	1	3	37	26424	37	26424	0.003	0	0.003	0.003	714.162	349.109	219	1056	
3.5	3.75	3	13	3	3	39	26428	40	26583	0.005975	0.00350448	0.003	0.01	664.575	383.283	12	1056	
3.5	3.75	3	14	2	3	45	26440	45	26286	0.0058	0.00346804	0.003	0.01	584.133	383.752	18	1056	
3.5	3.75	3	15	4	3	65	26480	65	26480	0.00526154	0.00448008	0.003	0.024	407.385	271.55	12	849	
3.5	3.75	1	16	4	3	50	26450	50	25766	0.0107	0.00667083	0.003	0.017	515.32	195.606	91	1056	
3.5	3.75	1	17	3	3	48	26446	48	26454	0.0107292	0.00680969	0.003	0.017	551.125	232.887	91	1056	
3.5	3.75	1	18	5	3	53	26456	36	17496	0.00727778	0.00695541	0.003	0.024	486	187.444	49	957	
3.5	3.75	1	19	1	3	43	26436	43	26436	0.00739535	0.00342358	0.003	0.01	614.791	290.781	145	1056	
3.5	3.75	1	20	2	3	51	26452	52	27065	0.0104038	0.00684924	0.003	0.017	520.481	244.843	58	1056	
3.75	4	4	1	3	3	50	26450	48	25673	0.0105833	0.00674721	0.003	0.017	534.854	182.095	225	1056	
3.75	4	4	2	1	3	54	26458	53	25573	0.0103962	0.00635289	0.003	0.017	482.509	163.739	93	903	
3.75	4	4	3	2	3	40	26430	40	26430	0.003	0	0.003	0.003	660.75	323.046	219	1056	
3.75	4	4	4	5	3	53	26456	53	26467	0.00973585	0.00699492	0.003	0.017	499.377	208.369	142	1056	
3.75	4	4	5	4	3	64	26478	62	25548	0.0104516	0.00759136	0.003	0.024	412.065	193.718	10	839	
3.75	4	2	6	5	3	45	26440	46	27205	0.0112174	0.0069695	0.003	0.017	591.413	273.858	93	1056	
3.75	4	2	7	1	3	52	26454	28	11398	0.00375	0.00396863	0.003	0.024	407.071	132.365	75	621	
3.75	4	2	8	2	3	45	26440	45	26440	0.01	0.00538094	0.003	0.017	587.556	315.926	28	1056	
3.75	4	2	9	4	3	44	26438	45	26440	0.00766667	0.00333712	0.003	0.01	587.556	268.757	26	1056	
3.75	4	2	10	3	3	57	26464	35	14452	0.004	0.00420784	0.003	0.024	412.914	225.001	28	1056	
3.75	4	3	11	5	3	41	26432	42	26683	0.00633333	0.00353841	0.003	0.01	635.31	395.509	59	1056	
3.75	4	3	12	1	3	37	26424	37	26424	0.003	0	0.003	0.003	714.162	341.579	219	1056	
3.75	4	3	13	3	3	46	26442	45	26287	0.00611111	0.00351763	0.003	0.01	584.156	385.216	12	1056	
3.75	4	3	14	2	3	47	26444	47	26444	0.00642553	0.00353704	0.003	0.01	562.638	373.065	27	1056	
3.75	4	3	15	4	3	61	26472	60	26318	0.00568333	0.00500675	0.003	0.017	438.633	249.644	12	858	
3.75	4	1	16	4	3	54	26458	53	26716	0.0103962	0.00649953	0.003	0.017	504.075	228.772	73	1056	
3.75	4	1	17	3	3	52	26454	51	25897	0.0106863	0.00660451	0.003	0.017	507.784	235.872	73	1056	
3.75	4	1	18	5	3	52	26454	35	16429	0.007	0.00570346	0.003	0.024	469.4	175.27	49	797	
3.75	4	1	19	1	3	41	26432	41	26432	0.00760976	0.00336064	0.003	0.01	644.683	281.75	155	1056	
3.75	4	1	20	2	3	47	26444	46	25380	0.0113696	0.00636783	0.003	0.017	551.739	258.961	73	1056	
4	4.25	4	1	3	3	55	26460	57	27131	0.00938596	0.0069095	0.003	0.017	475.982	176.285	154	871	
4	4.25	4	2	1	3	52	26454	53	27243	0.00960377	0.00692081	0.003	0.017	514.019	211.43	93	1056	
4	4.25	4	3	2	3	46	26442	46	26442	0.003	0	0.003	0.003	574.826	245.374	219	1056	
4	4.25	4	4	5	3	56	26462	56	26294	0.00925	0.00702269	0.003	0.017	469.536	177.674	149	909	
4	4.25	4	5	4	3	58	26466	50	22522	0.00846	0.00815966	0.003	0.024	450.44	173.917	42	903	
4	4.25	2	6	5	3	52	26454	52	26174	0.0110769	0.00670337	0.003	0.017	503.346	225.237	18	1056	
4	4.25	2	7	1	3	64	26478	42	13798	0.00416667	0.00406602	0.003	0.024	328.524	188.977	32	749	
4	4.25	2	8	2	3	47	26444	46	26633	0.0110652	0.0058969	0.003	0.017	578.978	299.422	26	1056	
4	4.25	2	9	4	3	47	26444	46	26442	0.00802174	0.0031867	0.003	0.01	574.826	302.924	26	1056	
4	4.25	2	10	3	3	57	26464	36	13210	0.00436111	0.00436972	0.003	0.024	366.944	222.271	32	1026	
4	4.25	3	11	5	3	42	26434	41	26183	0.00556097	0.00341357	0.003	0.01	638.61	385.353	59	1056	
4	4.25	3	12	1	3	38	26426	38	26426	0.003	0	0.003	0.003	695.421	344.693	219	1056	
4	4.25	3	13	3	3	46	26442	46	26288	0.00573913	0.00345405	0.003	0.01	571.478	378.999	18	1056	
4	4.25	3	14	2	3	51	26452	52	26761	0.00515385	0.00326229	0.003	0.01	514.635	326.914	27	1056	
4	4.25	3	15	4	3	60	26470	60	26139	0.00475	0.00420099	0.003	0.024	435.65	206.997	101	839	
4	4.25	1	16	4	3	52	26454	54	27253	0.00961111	0.00685543	0.003	0.017	504.685	168.072	58	1056	
4	4.25	1	17	3	3	52	26454	54	27512	0.01	0.00693365	0.003	0.017	509.481	216.391	42	1056	
4	4.25	1	18	5	3	56	26462	37	15753	0.00413513	0.00309266	0.003	0.017	425.757	198.781	42	1056	
4	4.25	1	19	1	3	39	26428	39	27175	0.00748718	0.00340179	0.003	0.01	696.795	313.818	145	1056	
4	4.25	1	20	2	3	52	26454	54	28107	0.00948148	0.00691387	0.003	0.017	520.5	219.843	34	1056	
4.25	4.5	4	1	3	3	48	26446	48	26358	0.0102917	0.00706793	0.003	0.017	549.125	239.366	93	1056	
4.25	4.5	4	2	1	3	52	26454	52	26270	0.0101346	0.00686003	0.003	0.017	505.192	158.972	93	775	
4.25	4.5	4	3	2	3	40	26430	40	26430	0.003	0	0.003	0.003	660.75	307.479	219	1056	
4.25	4.5	4	4	5	3	54	26458	54	26922	0.00974074	0.00692871	0.003	0.017	498.556	207.183	149	909	
4.25	4.5	4	5	4	3	56	26462	56	26319	0.011125	0.00873043	0.003	0.024	469.982	191.842	73	901	
4.25	4.5	2	6	5	3	46	26442	46	25479	0.0103043	0.00642519	0.003	0.017	553.891	264.22	90	1056	
4.25	4.5	2	7	1	3	54	26458	35	14803	0.0052	0.00557199	0.003	0.024	422.943	156.295	32	621	
4.25	4.5	2	8	2	3	44	26438	44	25676	0.00840909	0.00582025	0.003	0.017	583.545	281.359	93	1056	
4.25	4.5	2	9	4	3	53	26456	53	26939	0.00749057	0.00338902	0.003	0.01	508.283	270.882	26	1056	
4.25	4.5	2	10	3	3	57	26464	40	16361	0.00545	0.00583513	0.003	0.024	409.025	180.871	68	839	
4.25	4.5	3	11	5	3	40	26430	40	25625	0.0065	0.00354459	0.003	0.01	640.625	392.37	59	1056	
4.25	4.5	3	12	1	3	32	26414	32	26414	0.003	0	0.003	0.003	825.438	338.563	219	1056	
4.25	4.5	3	13	3	3	45	26440	45	25693	0.00564444	0.00343217	0.003	0.01	570.956	366.049	12	1056	
4.25	4.5	3	14	2	3	41	26432	41	26432	0.00556097	0.00341357	0.003	0.01	644.683	359.023	27	1056	
4.25	4.5	3	15	4	3	59	26468	58	26150	0.00468965	0.00400091	0.003	0.024	450.862	242.529	12	1056	
4.25	4.5	1	16	4	3	55	26460	54	25639	0.00883333	0.00634169	0.003	0.017	474.796	156.411	93	775	
4.25	4.5	1	17	3	3	52	26454	51	25953	0.00917647	0.0065137	0.003	0.017	508.882	167.36	18	1056	
4.25	4.5	1	18	5	3	57	26464	44	18667	0.00777273	0.00654098	0.003	0.024	424.25	197.569	10	775	
4.25	4.5	1	19	1	3	51	26452	51	26300	0.00670588	0.00352871	0.003	0.01	515.686	244.417	74	1056	
4.25	4.5	1	20	2	3	54	26458	53	26239	0.0089434	0.00649679	0.003	0.017	495.075	183.954	42	985	
4.5	4.75	4	1	3	3	56	26462	56	26457	0.009875	0.00687039	0.003	0.017	472.446	215.916	26	903	
4.5	4.75	4	2	1	3	51	26452	51	26636	0.0104118	0.006774	0.003	0.017	522.275	180.892	34	1056	
4.5	4.75	4	3	2	3	46	26442	46	26442	0.003	0	0.003	0.003	574.826	264.008	219	1056	
4.5	4.75	4	4	5	3	54	26458	54	26055	0.00922222	0.00702198	0.003	0.017	482.5	205.1	71	1056	
4.5	4.75	4	5	4	3	57	26464	52	23367	0.00865385	0.0074699	0.003	0.024	449.365	221.454	73	1056	
4.5	4.75	2	6	5	3	42	26434	42	27010	0.0116667	0.0068811	0.003	0.017	643.095	265.598	26	1056	
4.5	4.75	2	7	1	3	58	26466	36	13525	0.00377778	0.00365756	0.003	0.024	375.694	190.937	32	825	
4.5	4.75	2	8	2	3	43	26436	43	26524	0.0101628	0.00620265	0.003	0.017	616.837	262.757	93	1056	
4.5	4.75	2	9	4	3	41	26432	42	25951	0.0075	0.00339476	0.003	0.01	617.881	279.11	26	1056	
4.5	4.75	2	10	3	3	55	26460	33	12408	0.00427273	0.00508842	0.003	0.024	376	203.775	28	749	
4.5	4.75	3	11	5	3	38	26426	39	27482	0.00605128	0.00351649	0.003	0.01	704.667	374.65	59	1056	
4.5	4.75	3	12	1	3	41	26432	41	26432	0.003	0	0.003	0.003	644.683	347.659	219	1056	
4.5	4.75	3	13	3	3	44	26438	44	27339	0.00570454	0.00344781	0.003	0.01	621.341	402.558	12	1056	
4.5	4.75	3	14	2	3	44	26438	43	26411	0.00576744	0.00346298	0.003	0.01	614.209	403.164	27	1056	
4.5	4.75	3	15	4	3	63	26476	61	26151	0.00506557	0.00449024	0.003	0.024	428.705	261.158	12	957	
4.5	4.75	1	16	4	3	50	26450	50	25843	0.0107	0.00667083	0.003	0.017	516.86	208.153	91	1056	
4.5	4.75	1	17	3	3	52	26454	52	26839	0.0104038	0.0067075	0.003	0.017	516.135	222.066	73	1056	
4.5	4.75	1	18	5	3	54	26458	35	15960	0.007	0.00705858	0.003	0.024	456	200.566	49	1056	
4.5	4.75	1	19	1	3	44	26438	44	26590	0.00761364	0.00335646	0.003	0.01	604.318	286.111	76	1056	
4.5	4.75	1	20	2	3	50	26450	50	25549	0.01084	0.00657875	0.003	0.017	510.98	225.458	73	1056	
4.75	5	4	1	3	3	51	26452	51	26843	0.0108235	0.00666245	0.003	0.017	526.333	246.182	26	1056	
4.75	5	4	2	1	3	58	26466	58	26469	0.00987931	0.00662022	0.003	0.017	456.362	214.15	93	903	
4.75	5	4	3	2	3	41	26432	41	26432	0.003	0	0.003	0.003	644.683	287.379	219	1056	
4.75	5	4	4	5	3	50	26450	50	26162	0.00986	0.00699857	0.003	0.017	523.24	179.574	225	1056	
4.75	5	4	5	4	3	61	26472	56	24181	0.009125	0.00755841	0.003	0.024	431.804	219.943	49	1056	
4.75	5	2	6	5	3	45	26440	47	27885	0.01	0.00668873	0.003	0.017	593.298	220.333	34	1056	
4.75	5	2	7	1	3	63	26476	43	14981	0.00413953	0.00430161	0.003	0.024	348.395	190.543	32	693	
4.75	5	2	8	2	3	48	26446	50	27987	0.00846	0.00588048	0.003	0.017	559.74	256.408	108	1056	
4.75	5	2	9	4	3	50	26450	51	27506	0.00739216	0.00341806	0.003	0.01	539.333	287.172	26	1056	
4.75	5	2	10	3	3	58	26466	38	13177	0.00318421	0.00113555	0.003	0.01	346.763	179.831	32	709	
4.75	5	3	11	5	3	47	26444	46	25983	0.00573913	0.00345405	0.003	0.01	564.848	347.897	59	1056	
4.75	5	3	12	1	3	42	26434	42	26434	0.003	0	0.003	0.003	629.381	333.234	219	1056	
4.75	5	3	13	3	3	48	26446	49	26601	0.006	0.0035	0.003	0.01	542.878	356.628	27	1056	
4.75	5	3	14	2	3	43	26436	44	26463	0.00602273	0.00350739	0.003	0.01	601.432	364.524	27	1056	
4.75	5	3	15	4	3	56	26462	52	24700	0.00448077	0.00375469	0.003	0.017	475	236.94	18	1009	
4.75	5	1	16	4	3	54	26458	55	27822	0.00974545	0.00616807	0.003	0.017	505.855	203.793	73	1056	
4.75	5	1	17	3	3	57	26464	58	27046	0.00975862	0.00628368	0.003	0.017	466.31	240.577	28	1056	
4.75	5	1	18	5	3	59	26468	40	16450	0.005975	0.00472575	0.003	0.017	411.25	208.236	15	1056	
4.75	5	1	19	1	3	45	26440	45	26722	0.00735555	0.00343217	0.003	0.01	593.822	257.716	219	1056	
4.75	5	1	20	2	3	57	26464	56	26605	0.0095	0.00624063	0.003	0.017	475.089	219.382	73	1056	
5	5.25	4	1	3	3	50	26450	50	26354	0.00972	0.00692243	0.003	0.017	527.08	235.387	91	1056	
5	5.25	4	2	1	3	52	26454	52	26653	0.00973077	0.0069257	0.003	0.017	512.558	218.648	91	1056	
5	5.25	4	3	2	3	38	26426	38	26426	0.003	0	0.003	0.003	695.421	342.128	219	1056	
5	5.25	4	4	5	3	51	26452	51	26966	0.00958823	0.00705741	0.003	0.017	528.745	180.661	149	1056	
5	5.25	4	5	4	3	61	26472	60	25560	0.00813333	0.00704337	0.003	0.024	426	200.249	49	957	
5	5.25	2	6	5	3	61	26472	61	26961	0.00667213	0.00416222	0.003	0.017	441.984	171.427	90	839	
5	5.25	2	7	1	3	68	26488	66	25578	0.00862121	0.00707708	0.003	0.024	387.545	229.236	15	1056	
5	5.25	2	8	2	3	59	26468	57	24356	0.00607017	0.00350438	0.003	0.01	427.298	215.443	12	903	
5	5.25	2	9	4	3	54	26458	53	25885	0.00603773	0.00350254	0.003	0.01	488.396	182.509	58	871	
5	5.25	2	10	3	3	70	26490	67	24701	0.00634328	0.00445364	0.003	0.024	368.672	196.619	26	749	
5	5.25	3	11	5	3	44	26438	44	25843	0.00634091	0.0035368	0.003	0.01	587.341	377.348	59	1056	
5	5.25	3	12	1	3	34	26418	34	26418	0.003	0	0.003	0.003	777	340.487	219	1056	
5	5.25	3	13	3	3	42	26434	41	25378	0.00504878	0.00322452	0.003	0.01	618.976	372.045	10	1056	
5	5.25	3	14	2	3	48	26446	47	26137	0.00508511	0.00323587	0.003	0.01	556.106	342.345	27	1056	
5	5.25	3	15	4	3	62	26474	58	24285	0.00468965	0.00400091	0.003	0.017	418.707	223.353	17	910	
5	5.25	1	16	4	3	60	26470	59	25849	0.0070339	0.00523241	0.003	0.017	438.119	182.565	90	833	
5	5.25	1	17	3	3	61	26472	60	25425	0.00661667	0.00507266	0.003	0.017	423.75	209.844	19	967	
5	5.25	1	18	5	3	65	26480	63	26278	0.00777778	0.00545493	0.003	0.024	417.111	200.645	18	871	
5	5.25	1	19	1	3	54	26460	54	25431	0.00662963	0.00353044	0.003	0.01	470.944	227.486	27	1056	
5	5.25	1	20	2	3	58	26468	60	27100	0.0079	0.00580678	0.003	0.017	451.667	215.061	27	871	
5.25	5.5	4	1	3	3	53	26456	53	26552	0.0101321	0.00679377	0.003	0.017	500.981	249.478	34	1056	
5.25	5.5	4	2	1	3	48	26446	48	26350	0.0107292	0.00665483	0.003	0.017	548.958	171.287	113	1056	
5.25	5.5	4	3	2	3	40	26430	40	26430	0.003	0	0.003	0.003	660.75	317.998	219	1056	
5.25	5.5	4	4	5	3	56	26462	56	25712	0.00975	0.00693148	0.003	0.017	459.143	231.557	73	967	
5.25	5.5	4	5	4	3	58	26466	51	22993	0.0087647	0.00723488	0.003	0.024	450.843	227.487	49	1056	
5.25	5.5	2	6	5	3	46	26442	46	26152	0.0115217	0.00690809	0.003	0.017	568.522	285.718	26	1056	
5.25	5.5	2	7	1	3	55	26460	31	11882	0.00367742	0.00377171	0.003	0.024	383.29	165.484	32	751	
5.25	5.5	2	8	2	3	45	26440	45	27406	0.01	0.00633174	0.003	0.017	609.022	279.279	93	1056	
5.25	5.5	2	9	4	3	42	26434	42	26434	0.00816667	0.003115	0.003	0.01	629.381	315.211	100	1056	
5.25	5.5	2	10	3	3	51	26452	26	10618	0.003	0	0.003	0.003	408.385	155.503	75	621	
5.25	5.5	3	11	5	3	41	26432	42	27488	0.00583333	0.00347757	0.003	0.01	654.476	373.267	59	1056	
5.25	5.5	3	12	1	3	37	26424	37	26424	0.003	0	0.003	0.003	714.162	359.333	219	1056	
5.25	5.5	3	13	3	3	44	26438	44	27339	0.00490909	0.00315357	0.003	0.01	621.341	316.879	155	1056	
5.25	5.5	3	14	2	3	41	26432	41	25685	0.00556097	0.00341357	0.003	0.01	626.463	353.535	18	1056	
5.25	5.5	3	15	4	3	59	26468	57	26005	0.00533333	0.00464579	0.003	0.017	456.228	265.387	12	1056	
5.25	5.5	1	16	4	3	49	26448	49	26770	0.0107143	0.00658597	0.003	0.017	546.327	203.541	149	1056	
5.25	5.5	1	17	3	3	51	26452	51	26527	0.0102745	0.00670844	0.003	0.017	520.137	173.252	73	1056	
5.25	5.5	1	18	5	3	53	26456	34	15739	0.0065	0.00627284	0.003	0.024	462.912	198.479	49	693	
5.25	5.5	1	19	1	3	45	26440	45	26440	0.00766667	0.00333712	0.003	0.01	587.556	287.427	58	1056	
5.25	5.5	1	20	2	3	47	26444	46	26122	0.0113696	0.00653659	0.003	0.017	567.87	237.243	142	1056	
5.5	5.75	4	1	3	3	50	26450	50	26056	0.00986	0.00699857	0.003	0.017	521.12	191.319	93	965	
5.5	5.75	4	2	1	3	54	26458	54	26453	0.00961111	0.00698899	0.003	0.017	489.87	169.766	26	871	
5.5	5.75	4	3	2	3	44	26438	44	26438	0.003	0	0.003	0.003	600.864	285.076	219	1056	
5.5	5.75	4	4	5	3	52	26454	52	26914	0.00959615	0.00698811	0.003	0.017	517.577	203.085	73	1056	
5.5	5.75	4	5	4	3	58	26466	52	24041	0.00919231	0.00861835	0.003	0.024	462.327	186.976	42	839	
5.5	5.75	2	6	5	3	44	26438	45	26045	0.0126444	0.00655451	0.003	0.017	578.778	296.516	26	1056	
5.5	5.75	2	7	1	3	59	26468	37	13871	0.00375676	0.00320941	0.003	0.017	374.892	190	28	621	
5.5	5.75	2	8	2	3	42	26434	42	25951	0.0116667	0.00633868	0.003	0.017	617.881	302.063	93	1056	
5.5	5.75	2	9	4	3	45	26440	45	26576	0.00766667	0.00333712	0.003	0.01	590.578	279.563	26	1056	
5.5	5.75	2	10	3	3	53	26456	29	10103	0.00372414	0.0038996	0.003	0.024	348.379	178.394	32	621	
5.5	5.75	3	11	5	3	45	26440	45	26440	0.00533333	0.00333712	0.003	0.01	587.556	341.635	59	1056	
5.5	5.75	3	12	1	3	40	26430	40	26430	0.003	0	0.003	0.003	660.75	354.487	219	1056	
5.5	5.75	3	13	3	3	48	26446	49	26601	0.00528571	0.00331662	0.003	0.01	542.878	381.785	12	1056	
5.5	5.75	3	14	2	3	47	26444	47	27473	0.00538298	0.00335283	0.003	0.01	584.532	355.602	27	1056	
5.5	5.75	3	15	4	3	65	26480	64	26360	0.00485937	0.00436387	0.003	0.024	411.875	253.211	49	1056	
5.5	5.75	1	16	4	3	52	26454	51	25535	0.00986274	0.00706829	0.003	0.017	500.686	188.315	149	1056	
5.5	5.75	1	17	3	3	51	26452	50	25860	0.01	0.00707107	0.003	0.017	517.2	177.194	73	1056	
5.5	5.75	1	18	5	3	53	26456	32	14199	0.00453125	0.00461403	0.003	0.024	443.719	214.7	12	839	
5.5	5.75	1	19	1	3	40	26430	40	26430	0.007375	0.00343203	0.003	0.01	660.75	291.009	155	1056	
5.5	5.75	1	20	2	3	52	26454	51	26065	0.0101373	0.00706829	0.003	0.017	511.078	256.347	58	1056	
5.75	6	4	1	3	3	51	26452	51	26566	0.01	0.007	0.003	0.017	520.902	188.569	34	965	
5.75	6	4	2	1	3	50	26450	50	26367	0.01028	0.00692243	0.003	0.017	527.34	197.387	187	1056	
5.75	6	4	3	2	3	39	26430	38	25374	0.003	0	0.003	0.003	667.737	313.534	219	1056	
5.75	6	4	4	5	3	52	26454	52	26521	0.00986538	0.00699868	0.003	0.017	510.019	192.362	142	1056	
5.75	6	4	5	4	3	59	26468	53	23671	0.0089434	0.00805131	0.003	0.024	446.623	190.697	49	849	
5.75	6	2	6	5	3	50	26450	50	26933	0.01	0.00678233	0.003	0.017	538.66	237.469	90	1056	
5.75	6	2	7	1	3	53	26456	33	13109	0.00533333	0.00646948	0.003	0.024	397.242	167.031	18	621	
5.75	6	2	8	2	3	42	26434	43	27007	0.01	0.0061101	0.003	0.017	628.07	320.352	26	1056	
5.75	6	2	9	4	3	46	26442	45	25821	0.00751111	0.00338863	0.003	0.01	573.8	249.405	58	1056	
5.75	6	2	10	3	3	60	26470	39	15554	0.0044359	0.00512371	0.003	0.024	398.821	204.422	28	741	
5.75	6	3	11	5	3	45	26440	45	26440	0.00533333	0.00333712	0.003	0.01	587.556	368.629	59	1056	
5.75	6	3	12	1	3	45	26440	45	26440	0.003	0	0.003	0.003	587.556	337.543	219	1056	
5.75	6	3	13	3	3	45	26440	44	26285	0.00570454	0.00344781	0.003	0.01	597.386	339.551	27	1056	
5.75	6	3	14	2	3	45	26440	46	26467	0.0058913	0.00348475	0.003	0.01	575.37	380.315	18	1056	
5.75	6	3	15	4	3	65	26480	63	25975	0.00422222	0.00321511	0.003	0.017	412.302	223.142	11	839	
5.75	6	1	16	4	3	52	26454	53	27139	0.0103962	0.00678329	0.003	0.017	512.057	210.364	42	1056	
5.75	6	1	17	3	3	51	26452	52	26977	0.0105385	0.0067692	0.003	0.017	518.788	271.129	19	1056	
5.75	6	1	18	5	3	53	26456	36	15810	0.00572222	0.00586326	0.003	0.024	439.167	190.386	42	839	
5.75	6	1	19	1	3	47	26444	47	27038	0.00717021	0.00347237	0.003	0.01	575.277	274.508	145	1056	
5.75	6	1	20	2	3	51	26452	53	27285	0.0101321	0.00679377	0.003	0.017	514.811	180.57	73	1056	
6	6.25	4	1	3	3	52	26454	52	26734	0.01	0.00706829	0.003	0.017	514.115	239.86	26	1056	
6	6.25	4	2	1	3	55	26460	55	26538	0.00936364	0.00703526	0.003	0.017	482.509	183.299	106	871	
6	6.25	4	3	2	3	44	26438	45	27494	0.003	0	0.003	0.003	610.978	301.276	219	1056	
6	6.25	4	4	5	3	51	26452	51	26153	0.00986274	0.00706829	0.003	0.017	512.804	205.252	149	1056	
6	6.25	4	5	4	3	53	26456	51	24658	0.00972549	0.0076631	0.003	0.024	483.49	168.765	49	1056	
6	6.25	2	6	5	3	62	26474	61	26156	0.0072459	0.00482927	0.003	0.017	428.787	202.123	50	839	
6	6.25	2	7	1	3	73	26496	68	24685	0.00814706	0.00612132	0.003	0.024	363.015	218.078	26	1056	
6	6.25	2	8	2	3	56	26462	57	27518	0.00594737	0.00437697	0.003	0.017	482.772	194.604	10	1056	
6	6.25	2	9	4	3	59	26472	61	27530	0.00632787	0.00352478	0.003	0.01	451.311	188.895	27	839	
6	6.25	2	10	3	3	65	26480	59	24002	0.00644068	0.0045723	0.003	0.024	406.814	179.687	26	693	
6	6.25	3	11	5	3	41	26432	40	25376	0.005975	0.00350448	0.003	0.01	634.4	359.635	59	1056	
6	6.25	3	12	1	3	38	26426	38	26426	0.003	0	0.003	0.003	695.421	356.928	219	1056	
6	6.25	3	13	3	3	47	26444	48	26599	0.00591667	0.00348757	0.003	0.01	554.146	344.473	27	1056	
6	6.25	3	14	2	3	48	26446	47	26419	0.00597872	0.00349838	0.003	0.01	562.106	390.903	12	1056	
6	6.25	3	15	4	3	69	26488	63	23438	0.00411111	0.0038147	0.003	0.024	372.032	258.898	17	839	
6	6.25	1	16	4	3	59	26468	61	27526	0.00942623	0.00603451	0.003	0.017	451.246	219.185	10	967	
6	6.25	1	17	3	3	58	26466	57	26128	0.00815789	0.00613767	0.003	0.017	458.386	199.869	10	839	
6	6.25	1	18	5	3	63	26476	56	23739	0.00775	0.00501362	0.003	0.017	423.911	241.269	18	1056	
6	6.25	1	19	1	3	53	26456	52	25860	0.00744231	0.00340365	0.003	0.01	497.308	202.062	18	903	
6	6.25	1	20	2	3	58	26466	58	26738	0.00782759	0.00589421	0.003	0.017	461	186.643	93	833	
6.25	6.5	4	1	3	3	49	26448	49	26054	0.0101429	0.00707107	0.003	0.017	531.714	201.43	155	1056	
6.25	6.5	4	2	1	3	51	26452	51	26172	0.0101373	0.00678534	0.003	0.017	513.176	200.499	91	1056	
6.25	6.5	4	3	2	3	45	26440	45	26440	0.003	0	0.003	0.003	587.556	301.957	219	1056	
6.25	6.5	4	4	5	3	53	26456	54	27965	0.00948148	0.00704632	0.003	0.017	517.87	162.781	90	839	
6.25	6.5	4	5	4	3	59	26468	55	24403	0.00898182	0.00755104	0.003	0.024	443.691	209.383	49	839	
6.25	6.5	2	6	5	3	64	26478	65	27167	0.00709231	0.00493306	0.003	0.017	417.954	162.64	50	839	
6.25	6.5	2	7	1	3	64	26478	60	24012	0.00848333	0.00670818	0.003	0.024	400.2	205.922	7	935	
6.25	6.5	2	8	2	3	59	26468	57	25410	0.00668421	0.00376619	0.003	0.017	445.789	209.35	10	1056	
6.25	6.5	2	9	4	3	62	26474	61	26255	0.00655738	0.00352857	0.003	0.01	430.41	247.351	26	1056	
6.25	6.5	2	10	3	3	70	26490	64	23126	0.00595312	0.00479891	0.003	0.024	361.344	206.245	28	839	
6.25	6.5	3	11	5	3	42	26434	43	27490	0.00625581	0.00353279	0.003	0.01	639.302	357.998	59	1056	
6.25	6.5	3	12	1	3	38	26426	38	26426	0.003	0	0.003	0.003	695.421	359.388	219	1056	
6.25	6.5	3	13	3	3	45	26440	45	26440	0.00533333	0.00333712	0.003	0.01	587.556	360.859	27	1056	
6.25	6.5	3	14	2	3	46	26442	47	26469	0.00538298	0.00335283	0.003	0.01	563.17	340.001	27	1056	
6.25	6.5	3	15	4	3	58	26466	54	24679	0.00494444	0.00438874	0.003	0.017	457.019	249.895	49	1056	
6.25	6.5	1	16	4	3	57	26464	57	26464	0.00803509	0.00557406	0.003	0.017	464.281	168.059	23	775	
6.25	6.5	1	17	3	3	62	26474	63	26983	0.008	0.00539713	0.003	0.017	428.302	212.568	40	1056	
6.25	6.5	1	18	5	3	62	26476	64	26861	0.00825	0.0062361	0.003	0.024	419.703	192.35	18	775	
6.25	6.5	1	19	1	3	50	26452	51	27145	0.00615686	0.0035178	0.003	0.01	532.255	205.926	37	1056	
6.25	6.5	1	20	2	3	55	26460	55	26632	0.00745454	0.00544949	0.003	0.017	484.218	237.638	73	1056	
6.5	6.75	4	1	3	3	52	26454	51	26364	0.00958823	0.00705741	0.003	0.017	516.941	142.791	193	775	
6.5	6.75	4	2	1	3	51	26452	50	25879	0.00972	0.00692243	0.003	0.017	517.58	232.125	93	1056	
6.5	6.75	4	3	2	3	42	26434	42	26434	0.003	0	0.003	0.003	629.381	309.115	219	1056	
6.5	6.75	4	4	5	3	56	26462	56	25474	0.009	0.0069909	0.003	0.017	454.893	187.669	72	833	
6.5	6.75	4	5	4	3	57	26464	50	23415	0.00902	0.00848646	0.003	0.024	468.3	166.737	49	797	
6.5	6.75	2	6	5	3	50	26450	50	26450	0.00944	0.00660908	0.003	0.017	529	257.131	26	1056	
6.5	6.75	2	7	1	3	57	26464	42	15813	0.0055	0.00531565	0.003	0.024	376.5	168.249	10	749	
6.5	6.75	2	8	2	3	44	26438	45	26440	0.00968889	0.00596132	0.003	0.017	587.556	319.064	28	1056	
6.5	6.75	2	9	4	3	46	26442	46	25605	0.00710869	0.00348475	0.003	0.01	556.63	272.168	58	1056	
6.5	6.75	2	10	3	3	56	26462	36	15449	0.00416667	0.00392428	0.003	0.024	429.139	207.255	28	1026	
6.5	6.75	3	11	5	3	45	26440	45	26440	0.00548889	0.00338863	0.003	0.01	587.556	361.493	52	1056	
6.5	6.75	3	12	1	3	42	26434	42	26434	0.003	0	0.003	0.003	629.381	335.611	219	1056	
6.5	6.75	3	13	3	3	45	26440	43	25382	0.00560465	0.00342358	0.003	0.01	590.279	378.981	12	1056	
6.5	6.75	3	14	2	3	47	26444	45	25386	0.00533333	0.00333712	0.003	0.01	564.133	363.782	27	1056	
6.5	6.75	3	15	4	3	63	26476	63	26636	0.00488889	0.00473869	0.003	0.024	422.794	218.77	50	839	
6.5	6.75	1	16	4	3	53	26456	51	25338	0.0101373	0.00678534	0.003	0.017	496.824	235.389	73	1056	
6.5	6.75	1	17	3	3	53	26456	52	25680	0.00865385	0.00693636	0.003	0.017	493.846	155.868	149	833	
6.5	6.75	1	18	5	3	51	26454	37	16615	0.00545946	0.00500885	0.003	0.024	449.054	155.234	101	808	
6.5	6.75	1	19	1	3	46	26442	46	26346	0.00695652	0.00350844	0.003	0.01	572.739	251.473	145	1056	
6.5	6.75	1	20	2	3	53	26456	51	25035	0.00903921	0.00671703	0.003	0.017	490.882	213.384	73	1056	
6.75	7	4	1	3	3	49	26448	50	26868	0.01014	0.00699857	0.003	0.017	537.36	204.078	34	1056	
6.75	7	4	2	1	3	52	26454	52	26358	0.0101346	0.00699868	0.003	0.017	506.885	215.7	26	1056	
6.75	7	4	3	2	3	42	26434	42	26434	0.003	0	0.003	0.003	629.381	271.475	219	1056	
6.75	7	4	4	5	3	50	26450	50	27120	0.01	0.00707107	0.003	0.017	542.4	192.748	73	1056	
6.75	7	4	5	4	3	61	26472	56	23076	0.008625	0.00805563	0.003	0.024	412.071	179.343	49	839	
6.75	7	2	6	5	3	45	26440	46	26442	0.0112174	0.00681147	0.003	0.017	574.826	277.558	26	1056	
6.75	7	2	7	1	3	58	26466	36	13114	0.003	0	0.003	0.003	364.278	176.057	32	621	
6.75	7	2	8	2	3	43	26436	43	26436	0.0106512	0.00607447	0.003	0.017	614.791	309.518	16	1056	
6.75	7	2	9	4	3	44	26438	44	26921	0.00761364	0.00335646	0.003	0.01	611.841	294.318	100	1056	
6.75	7	2	10	3	3	51	26452	27	10264	0.00325926	0.00134715	0.003	0.01	380.148	181.894	32	621	
6.75	7	3	11	5	3	45	26440	44	26189	0.00586364	0.00348145	0.003	0.01	595.205	349.253	59	1056	
6.75	7	3	12	1	3	41	26432	41	26432	0.003	0	0.003	0.003	644.683	340.708	219	1056	
6.75	7	3	13	3	3	47	26444	48	26446	0.00504167	0.00321538	0.003	0.01	550.958	381.869	27	1056	
6.75	7	3	14	2	3	44	26438	45	26440	0.0058	0.00346804	0.003	0.01	587.556	371.617	12	1056	
6.75	7	3	15	4	3	64	26478	64	26806	0.00464062	0.00368768	0.003	0.017	418.844	245.603	23	1009	
6.75	7	1	16	4	3	51	26452	51	26380	0.0104118	0.00691716	0.003	0.017	517.255	187.732	72	1056	
6.75	7	1	17	3	3	52	26454	52	26454	0.0101346	0.00699868	0.003	0.017	508.731	205.63	72	985	
6.75	7	1	18	5	3	55	26460	36	15764	0.00552778	0.00558818	0.003	0.024	437.889	235.378	12	849	
6.75	7	1	19	1	3	44	26438	44	26438	0.00745454	0.00340625	0.003	0.01	600.864	272.268	58	1056	
6.75	7	1	20	2	3	47	26444	47	26444	0.0105957	0.00697405	0.003	0.017	562.638	200.426	149	1056	
7	7.25	4	1	3	3	55	26460	55	26226	0.00936364	0.00703526	0.003	0.017	476.836	204.687	93	965	
7	7.25	4	2	1	3	50	26450	51	27409	0.01	0.007	0.003	0.017	537.431	172.511	187	871	
7	7.25	4	3	2	3	42	26434	42	26434	0.003	0	0.003	0.003	629.381	290.904	219	1056	
7	7.25	4	4	5	3	50	26450	50	26112	0.01	0.00707107	0.003	0.017	522.24	168.669	149	1056	
7	7.25	4	5	4	3	57	26464	52	23840	0.00959615	0.00881233	0.003	0.024	458.462	185.774	49	1056	
7	7.25	2	6	5	3	42	26434	42	25863	0.0121667	0.00664764	0.003	0.017	615.786	255.103	26	1056	
7	7.25	2	7	1	3	55	26460	32	12611	0.00365625	0.00371231	0.003	0.024	394.094	175.538	42	674	
7	7.25	2	8	2	3	40	26430	39	26428	0.0110769	0.00612323	0.003	0.017	677.641	272.031	219	1056	
7	7.25	2	9	4	3	42	26434	42	26570	0.0075	0.00339476	0.003	0.01	632.619	288.422	100	1056	
7	7.25	2	10	3	3	55	26460	32	12186	0.00365625	0.00371231	0.003	0.024	380.812	168.072	32	621	
7	7.25	3	11	5	3	44	26438	44	26438	0.00586364	0.00348145	0.003	0.01	600.864	390.834	20	1056	
7	7.25	3	12	1	3	39	26428	39	26428	0.003	0	0.003	0.003	677.641	341.674	219	1056	
7	7.25	3	13	3	3	47	26444	47	27345	0.00568085	0.00343958	0.003	0.01	581.809	360.388	27	1056	
7	7.25	3	14	2	3	46	26442	47	27498	0.00508511	0.00323587	0.003	0.01	585.064	363.636	12	1056	
7	7.25	3	15	4	3	57	26464	53	25516	0.00418868	0.00265342	0.003	0.01	481.434	225.216	75	1056	
7	7.25	1	16	4	3	50	26450	52	27297	0.01	0.00693103	0.003	0.017	524.942	189.61	149	1056	
7	7.25	1	17	3	3	52	26454	53	27354	0.00973585	0.00699492	0.003	0.017	516.113	197.594	73	1056	
7	7.25	1	18	5	3	51	26452	29	13388	0.0042069	0.00421205	0.003	0.024	461.655	222.746	12	1056	
7	7.25	1	19	1	3	45	26440	45	26440	0.00688889	0.00351763	0.003	0.01	587.556	246.724	145	1056	
7	7.25	1	20	2	3	51	26452	52	26605	0.00986538	0.00699868	0.003	0.017	511.635	185.122	73	1056	
7.25	7.5	4	1	3	3	53	26456	54	26941	0.00922222	0.00688906	0.003	0.017	498.907	177.912	26	1056	
7.25	7.5	4	2	1	3	53	26456	53	26456	0.00907547	0.00644458	0.003	0.017	499.17	235.303	82	1056	
7.25	7.5	4	3	2	3	46	26442	46	26442	0.003	0	0.003	0.003	574.826	292.002	219	1056	
7.25	7.5	4	4	5	3	56	26462	56	25723	0.008375	0.00680525	0.003	0.017	459.339	202.967	60	903	
7.25	7.5	4	5	4	3	57	26464	51	23074	0.00807843	0.0067256	0.003	0.024	452.431	223.189	18	1056	
7.25	7.5	2	6	5	3	47	26444	47	26734	0.0102979	0.00652059	0.003	0.017	568.809	235.535	90	1056	
7.25	7.5	2	7	1	3	61	26472	42	14112	0.00416667	0.00435003	0.003	0.024	336	188.45	32	693	
7.25	7.5	2	8	2	3	49	26448	49	26568	0.00942857	0.00568624	0.003	0.017	542.204	275.168	10	1056	
7.25	7.5	2	9	4	3	52	26454	52	26318	0.00717308	0.00346818	0.003	0.01	506.115	259.455	10	1056	
7.25	7.5	2	10	3	3	62	26474	44	15367	0.00490909	0.00485998	0.003	0.024	349.25	174.414	28	685	
7.25	7.5	3	11	5	3	47	26444	47	26444	0.00538298	0.00335283	0.003	0.01	562.638	365.794	59	1056	
7.25	7.5	3	12	1	3	42	26434	42	26434	0.003	0	0.003	0.003	629.381	323.708	219	1056	
7.25	7.5	3	13	3	3	46	26442	46	26442	0.00573913	0.00345405	0.003	0.01	574.826	381.006	27	1056	
7.25	7.5	3	14	2	3	40	26430	39	26403	0.00587179	0.00348817	0.003	0.01	677	399.947	27	1056	
7.25	7.5	3	15	4	3	61	26472	59	26106	0.00537288	0.00479547	0.003	0.024	442.475	256.73	49	839	
7.25	7.5	1	16	4	3	50	26450	50	26482	0.00986	0.00670671	0.003	0.017	529.64	193.094	114	1056	
7.25	7.5	1	17	3	3	49	26448	49	26201	0.0101429	0.00662382	0.003	0.017	534.714	260.339	74	1056	
7.25	7.5	1	18	5	3	56	26462	44	19597	0.00745454	0.00709554	0.003	0.024	445.386	212.73	18	839	
7.25	7.5	1	19	1	3	49	26448	49	25853	0.00685714	0.00351781	0.003	0.01	527.612	267.288	90	1056	
7.25	7.5	1	20	2	3	49	26448	49	27044	0.0104286	0.00645497	0.003	0.017	551.918	239.554	93	1056	
7.5	7.75	4	1	3	3	51	26452	50	26169	0.00986	0.00699857	0.003	0.017	523.38	143.984	106	807	
7.5	7.75	4	2	1	3	50	26450	51	26733	0.0104118	0.006774	0.003	0.017	524.176	200.109	113	1056	
7.5	7.75	4	3	2	3	44	26440	44	26440	0.003	0	0.003	0.003	600.909	299.692	182	1095	
7.5	7.75	4	4	5	3	56	26462	56	27201	0.00925	0.00702269	0.003	0.017	485.732	167.8	149	1056	
7.5	7.75	4	5	4	3	59	26468	50	21377	0.00888	0.00804487	0.003	0.024	427.54	179.282	49	749	
7.5	7.75	2	6	5	3	44	26438	44	25665	0.0119091	0.0068125	0.003	0.017	583.295	309.977	26	1056	
7.5	7.75	2	7	1	3	52	26454	30	12273	0.00463333	0.00541698	0.003	0.024	409.1	165.58	117	749	
7.5	7.75	2	8	2	3	48	26446	49	26811	0.0102857	0.0062216	0.003	0.017	547.163	271.486	26	1056	
7.5	7.75	2	9	4	3	44	26438	43	25953	0.00755814	0.0033757	0.003	0.01	603.558	278.245	121	1056	
7.5	7.75	2	10	3	3	55	26460	32	13391	0.0043125	0.00516463	0.003	0.024	418.469	165.809	32	709	
7.5	7.75	3	11	5	3	41	26432	41	26432	0.0062439	0.00353398	0.003	0.01	644.683	388.038	59	1056	
7.5	7.75	3	12	1	3	43	26436	43	26436	0.003	0	0.003	0.003	614.791	339.139	219	1056	
7.5	7.75	3	13	3	3	46	26442	46	26288	0.00558696	0.00341615	0.003	0.01	571.478	367.508	18	1056	
7.5	7.75	3	14	2	3	45	26440	46	26467	0.00573913	0.00345405	0.003	0.01	575.37	390.064	18	1056	
7.5	7.75	3	15	4	3	62	26474	61	26643	0.00460656	0.0032315	0.003	0.017	436.77	255.011	3	1056	
7.5	7.75	1	16	4	3	53	26456	53	26650	0.0101321	0.00679377	0.003	0.017	502.83	184.026	90	1056	
7.5	7.75	1	17	3	3	52	26454	52	26114	0.0101346	0.00686003	0.003	0.017	502.192	154.1	73	833	
7.5	7.75	1	18	5	3	54	26458	34	14692	0.00629412	0.00672638	0.003	0.024	432.118	204.867	12	797	
7.5	7.75	1	19	1	3	46	26442	46	27332	0.00695652	0.00350844	0.003	0.01	594.174	286.845	145	1056	
7.5	7.75	1	20	2	3	51	26452	51	25849	0.0102745	0.00685297	0.003	0.017	506.843	112.389	149	757	
7.75	8	4	1	3	3	50	26450	50	26160	0.01	0.00707107	0.003	0.017	523.2	188.359	187	1056	
7.75	8	4	2	1	3	54	26458	54	26160	0.0102593	0.00706088	0.003	0.017	484.444	219.777	26	1056	
7.75	8	4	3	2	3	40	26430	40	26430	0.003	0	0.003	0.003	660.75	312.868	219	1056	
7.75	8	4	4	5	3	57	26464	57	26755	0.00889474	0.00697363	0.003	0.017	469.386	219.653	73	985	
7.75	8	4	5	4	3	57	26464	53	24468	0.00986792	0.00915683	0.003	0.024	461.66	159.548	17	839	
7.75	8	2	6	5	3	45	26440	44	26438	0.0131818	0.00630715	0.003	0.017	600.864	308.828	26	1056	
7.75	8	2	7	1	3	57	26464	32	11300	0.00321875	0.00123744	0.003	0.01	353.125	196.36	32	621	
7.75	8	2	8	2	3	45	26440	44	25472	0.00984091	0.00613015	0.003	0.017	578.909	285.966	28	1056	
7.75	8	2	9	4	3	44	26438	45	27187	0.00797778	0.00320857	0.003	0.01	604.156	314	26	1056	
7.75	8	2	10	3	3	56	26462	32	11286	0.003	0	0.003	0.003	352.688	155.648	32	693	
7.75	8	3	11	5	3	40	26430	40	25625	0.006675	0.00354015	0.003	0.01	640.625	368.253	59	1056	
7.75	8	3	12	1	3	37	26424	37	26424	0.003	0	0.003	0.003	714.162	351.857	219	1056	
7.75	8	3	13	3	3	44	26438	44	25982	0.00475	0.00306613	0.003	0.01	590.5	384.69	18	1056	
7.75	8	3	14	2	3	45	26440	44	25384	0.00490909	0.00315357	0.003	0.01	576.909	359.152	27	1056	
7.75	8	3	15	4	3	60	26470	58	26175	0.00481034	0.00335845	0.003	0.017	451.293	183.819	49	839	
7.75	8	1	16	4	3	47	26444	47	25607	0.0104468	0.00706125	0.003	0.017	544.83	222.875	149	1056	
7.75	8	1	17	3	3	53	26456	53	26676	0.0101321	0.00706573	0.003	0.017	503.321	247.173	58	1056	
7.75	8	1	18	5	3	54	26458	33	15697	0.00490909	0.00560894	0.003	0.024	475.667	152.282	49	749	
7.75	8	1	19	1	3	42	26434	42	26291	0.00766667	0.00333983	0.003	0.01	625.976	316.568	58	1056	
7.75	8	1	20	2	3	48	26446	48	26913	0.0102917	0.00706793	0.003	0.017	560.688	209.09	73	1056	
8	8.25	4	1	3	3	49	26448	49	26738	0.0102857	0.00699405	0.003	0.017	545.673	215.66	91	1056	
8	8.25	4	2	1	3	48	26446	48	25878	0.0105833	0.00689999	0.003	0.017	539.125	226.375	93	1056	
8	8.25	4	3	2	3	37	26424	37	26424	0.003	0	0.003	0.003	714.162	330.981	219	1056	
8	8.25	4	4	5	3	52	26454	52	26067	0.00973077	0.00706306	0.003	0.017	501.288	200.359	106	1056	
8	8.25	4	5	4	3	59	26468	53	23735	0.00867924	0.00801147	0.003	0.024	447.83	162.946	49	839	
8	8.25	2	6	5	3	46	26442	46	26925	0.0118261	0.00683229	0.003	0.017	585.326	292.354	26	1056	
8	8.25	2	7	1	3	61	26472	38	12945	0.00355263	0.00340665	0.003	0.024	340.658	182.588	32	621	
8	8.25	2	8	2	3	42	26434	41	25861	0.0108537	0.00629905	0.003	0.017	630.756	309.169	58	1056	
8	8.25	2	9	4	3	44	26438	44	25691	0.00761364	0.00335646	0.003	0.01	583.886	289.475	26	1056	
8	8.25	2	10	3	3	53	26456	28	10394	0.003	0	0.003	0.003	371.214	164.74	28	621	
8	8.25	3	11	5	3	38	26426	38	26426	0.00594737	0.00350249	0.003	0.01	695.421	379.155	59	1056	
8	8.25	3	12	1	3	38	26426	38	26426	0.003	0	0.003	0.003	695.421	356.928	219	1056	
8	8.25	3	13	3	3	42	26434	42	27044	0.00533333	0.00333983	0.003	0.01	643.905	375.95	27	1056	
8	8.25	3	14	2	3	42	26434	42	26434	0.0055	0.00339476	0.003	0.01	629.381	363.784	10	1056	
8	8.25	3	15	4	3	54	26458	50	23918	0.00468	0.00333467	0.003	0.017	478.36	277.721	12	1056	
8	8.25	1	16	4	3	44	26438	44	26130	0.0114318	0.00668006	0.003	0.017	593.864	266.32	149	1056	
8	8.25	1	17	3	3	50	26450	50	26900	0.01056	0.00690507	0.003	0.017	538	194.307	73	1056	
8	8.25	1	18	5	3	57	26464	39	17632	0.00605128	0.00677437	0.003	0.024	452.103	236.468	42	957	
8	8.25	1	19	1	3	42	26434	41	25685	0.00778049	0.00329782	0.003	0.01	626.463	302.945	145	1056	
8	8.25	1	20	2	3	50	26450	50	25983	0.01084	0.00687605	0.003	0.017	519.66	230.105	73	1056	
8.25	8.5	4	1	3	3	54	26458	54	25492	0.00948148	0.00704632	0.003	0.017	472.074	171.094	93	865	
8.25	8.5	4	2	1	3	52	26454	52	27405	0.00973077	0.00706306	0.003	0.017	527.019	176.744	93	1056	
8.25	8.5	4	3	2	3	44	26438	44	26438	0.003	0	0.003	0.003	600.864	285.076	219	1056	
8.25	8.5	4	4	5	3	56	26462	56	26629	0.00925	0.00702269	0.003	0.017	475.518	186.99	73	985	
8.25	8.5	4	5	4	3	57	26464	49	22278	0.00871428	0.00841378	0.003	0.024	454.653	189.382	49	910	
8.25	8.5	2	6	5	3	52	26454	53	27115	0.0101321	0.00706573	0.003	0.017	511.604	252.229	93	1056	
8.25	8.5	2	7	1	3	54	26458	30	12306	0.003	0	0.003	0.003	410.2	153.103	75	621	
8.25	8.5	2	8	2	3	42	26434	44	28063	0.0109545	0.0057666	0.003	0.017	637.795	325.354	28	1056	
8.25	8.5	2	9	4	3	43	26436	43	27055	0.00804651	0.00317695	0.003	0.01	629.186	290.325	26	1056	
8.25	8.5	2	10	3	3	52	26454	27	8827	0.00325926	0.00134715	0.003	0.01	326.926	178.291	28	621	
8.25	8.5	3	11	5	3	43	26436	43	26436	0.00576744	0.00346298	0.003	0.01	614.791	395.882	58	1056	
8.25	8.5	3	12	1	3	34	26418	34	26418	0.003	0	0.003	0.003	777	351.72	219	1056	
8.25	8.5	3	13	3	3	48	26446	48	26446	0.0060625	0.0035093	0.003	0.01	550.958	383.981	27	1056	
8.25	8.5	3	14	2	3	42	26434	42	27181	0.00616667	0.00352632	0.003	0.01	647.167	383.826	27	1056	
8.25	8.5	3	15	4	3	64	26478	60	25947	0.00475	0.00399841	0.003	0.024	432.45	211.65	49	839	
8.25	8.5	1	16	4	3	54	26458	54	27297	0.00974074	0.00706088	0.003	0.017	505.5	187.07	58	1056	
8.25	8.5	1	17	3	3	50	26450	50	25856	0.01	0.00707107	0.003	0.017	517.12	211.646	73	1056	
8.25	8.5	1	18	5	3	52	26454	32	15236	0.00496875	0.00540301	0.003	0.024	476.125	124.847	157	693	
8.25	8.5	1	19	1	3	37	26424	38	26426	0.00778947	0.00329748	0.003	0.01	695.421	294.596	155	1056	
8.25	8.5	1	20	2	3	49	26448	49	26835	0.0101429	0.00707107	0.003	0.017	547.653	220.783	73	1056	
8.5	8.75	4	1	3	3	54	26458	54	27126	0.00922222	0.00702198	0.003	0.017	502.333	164.362	90	865	
8.5	8.75	4	2	1	3	52	26454	52	26258	0.01	0.00693103	0.003	0.017	504.962	168.572	93	865	
8.5	8.75	4	3	2	3	42	26434	42	26434	0.003	0	0.003	0.003	629.381	306.532	219	1056	
8.5	8.75	4	4	5	3	54	26458	54	26547	0.00948148	0.00704632	0.003	0.017	491.611	167.7	73	985	
8.5	8.75	4	5	4	3	58	26466	52	23143	0.00919231	0.00872912	0.003	0.024	445.058	173.62	49	775	
8.5	8.75	2	6	5	3	47	26444	47	25873	0.0113404	0.00694474	0.003	0.017	550.489	254.175	28	1056	
8.5	8.75	2	7	1	3	52	26454	27	11000	0.003	0	0.003	0.003	407.407	148.141	32	621	
8.5	8.75	2	8	2	3	40	26430	39	24803	0.0107179	0.00574433	0.003	0.017	635.974	275.426	219	1056	
8.5	8.75	2	9	4	3	44	26438	43	26300	0.00788372	0.00325291	0.003	0.01	611.628	314.852	100	1056	
8.5	8.75	2	10	3	3	56	26462	31	11320	0.00322581	0.00125724	0.003	0.01	365.161	176.847	28	621	
8.5	8.75	3	11	5	3	43	26436	43	26635	0.00658139	0.00354046	0.003	0.01	619.419	361.562	59	1056	
8.5	8.75	3	12	1	3	41	26432	41	26432	0.003	0	0.003	0.003	644.683	347.659	219	1056	
8.5	8.75	3	13	3	3	45	26440	45	26286	0.00533333	0.00333712	0.003	0.01	584.133	329.164	27	1056	
8.5	8.75	3	14	2	3	45	26440	45	26288	0.00564444	0.00343217	0.003	0.01	584.178	411.767	12	1056	
8.5	8.75	3	15	4	3	61	26472	58	25672	0.00432759	0.00306301	0.003	0.017	442.621	235.278	18	839	
8.5	8.75	1	16	4	3	48	26446	48	25906	0.010875	0.00686844	0.003	0.017	539.708	263.09	72	1056	
8.5	8.75	1	17	3	3	51	26452	51	26515	0.0104118	0.00691716	0.003	0.017	519.902	238.044	58	1056	
8.5	8.75	1	18	5	3	56	26462	36	15002	0.00475	0.00454423	0.003	0.024	416.722	201.391	12	839	
8.5	8.75	1	19	1	3	39	26428	38	26426	0.00797368	0.00321724	0.003	0.01	695.421	299.695	219	1056	
8.5	8.75	1	20	2	3	54	26458	54	26673	0.0101296	0.00686541	0.003	0.017	493.944	202.375	73	1056	
8.75	9	4	1	3	3	53	26456	53	26648	0.00960377	0.00705566	0.003	0.017	502.792	160.401	93	865	
8.75	9	4	2	1	3	52	26454	52	26179	0.00959615	0.00698811	0.003	0.017	503.442	175.961	93	871	
8.75	9	4	3	2	3	46	26442	46	26442	0.003	0	0.003	0.003	574.826	271.774	219	1056	
8.75	9	4	4	5	3	51	26452	51	26292	0.00986274	0.00706829	0.003	0.017	515.529	169.057	73	839	
8.75	9	4	5	4	3	59	26468	53	23385	0.00933962	0.0091335	0.003	0.024	441.226	173.083	49	802	
8.75	9	2	6	5	3	45	26440	45	26352	0.0117111	0.00670014	0.003	0.017	585.6	253.485	93	1056	
8.75	9	2	7	1	3	57	26464	34	11519	0.003	0	0.003	0.003	338.794	187.241	28	621	
8.75	9	2	8	2	3	42	26434	42	26917	0.0116667	0.00633868	0.003	0.017	640.881	312.264	26	1056	
8.75	9	2	9	4	3	44	26438	45	26576	0.00766667	0.00333712	0.003	0.01	590.578	261.347	26	1056	
8.75	9	2	10	3	3	58	26466	36	12561	0.00358333	0.0035	0.003	0.024	348.917	216.078	28	983	
8.75	9	3	11	5	3	43	26436	43	26237	0.00593023	0.00349418	0.003	0.01	610.163	359.878	52	1056	
8.75	9	3	12	1	3	41	26432	41	26432	0.003	0	0.003	0.003	644.683	347.659	219	1056	
8.75	9	3	13	3	3	46	26442	46	26585	0.00558696	0.00341615	0.003	0.01	577.935	333.878	18	1056	
8.75	9	3	14	2	3	40	26430	41	26891	0.00504878	0.00322452	0.003	0.01	655.878	389.665	27	1056	
8.75	9	3	15	4	3	65	26480	64	26180	0.0043125	0.00302306	0.003	0.017	409.062	191.424	24	797	
8.75	9	1	16	4	3	52	26454	52	26978	0.0105385	0.00704735	0.003	0.017	518.808	192.349	58	1056	
8.75	9	1	17	3	3	52	26454	52	26914	0.01	0.00706829	0.003	0.017	517.577	190.172	58	985	
8.75	9	1	18	5	3	55	26460	34	13780	0.00464706	0.00518671	0.003	0.024	405.294	194.951	42	741	
8.75	9	1	19	1	3	43	26436	44	26581	0.00713636	0.00348145	0.003	0.01	604.114	292.973	145	1056	
8.75	9	1	20	2	3	48	26446	48	26231	0.0102917	0.00706793	0.003	0.017	546.479	180.917	219	1056	
9	9.25	4	1	3	3	53	26456	53	26176	0.00986792	0.00693108	0.003	0.017	493.887	173.363	93	1056	
9	9.25	4	2	1	3	54	26458	54	26642	0.00974074	0.00692871	0.003	0.017	493.37	199.202	93	1056	
9	9.25	4	3	2	3	43	26436	43	26436	0.003	0	0.003	0.003	614.791	283.037	219	1056	
9	9.25	4	4	5	3	54	26458	54	26458	0.00961111	0.00698899	0.003	0.017	489.963	215.798	73	1056	
9	9.25	4	5	4	3	56	26462	48	22568	0.0086875	0.0077299	0.003	0.024	470.167	156.675	101	839	
9	9.25	2	6	5	3	45	26440	45	25957	0.0115556	0.00682094	0.003	0.017	576.822	263.728	93	1056	
9	9.25	2	7	1	3	61	26472	39	12896	0.00335897	0.00156419	0.003	0.01	330.667	179.346	32	621	
9	9.25	2	8	2	3	44	26438	43	26620	0.0109767	0.00602964	0.003	0.017	619.07	301.503	26	1056	
9	9.25	2	9	4	3	47	26444	47	26444	0.00746808	0.00339981	0.003	0.01	562.638	237.905	26	1056	
9	9.25	2	10	3	3	51	26452	26	9825	0.003	0	0.003	0.003	377.885	150.605	28	573	
9	9.25	3	11	5	3	44	26438	44	27033	0.00570454	0.00344781	0.003	0.01	614.386	354.247	58	1056	
9	9.25	3	12	1	3	42	26434	42	26434	0.003	0	0.003	0.003	629.381	346.96	219	1056	
9	9.25	3	13	3	3	49	26448	49	26587	0.00585714	0.00347611	0.003	0.01	542.592	393.287	18	1056	
9	9.25	3	14	2	3	48	26446	47	26291	0.00553191	0.00339981	0.003	0.01	559.383	319.74	18	1056	
9	9.25	3	15	4	3	63	26476	60	24667	0.00463333	0.00434514	0.003	0.024	411.117	219.764	12	849	
9	9.25	1	16	4	3	48	26446	48	26845	0.0105833	0.00689999	0.003	0.017	559.271	179.044	219	1056	
9	9.25	1	17	3	3	51	26452	51	26153	0.0102745	0.00699451	0.003	0.017	512.804	212.717	149	1056	
9	9.25	1	18	5	3	56	26462	35	14516	0.0056	0.00565269	0.003	0.024	414.743	179.358	12	693	
9	9.25	1	19	1	3	40	26430	40	26287	0.0079	0.00324867	0.003	0.01	657.175	303.597	145	1056	
9	9.25	1	20	2	3	50	26450	49	25613	0.0102857	0.00684653	0.003	0.017	522.714	239.13	73	1056	
9.25	9.5	4	1	3	3	50	26450	50	26634	0.01	0.00707107	0.003	0.017	532.68	168.293	93	965	
9.25	9.5	4	2	1	3	53	26456	53	26666	0.0102641	0.00699492	0.003	0.017	503.132	233.56	26	1056	
9.25	9.5	4	3	2	3	44	26438	44	26438	0.003	0	0.003	0.003	600.864	287.723	219	1056	
9.25	9.5	4	4	5	3	51	26452	51	25984	0.00986274	0.00706829	0.003	0.017	509.49	141.382	154	1056	
9.25	9.5	4	5	4	3	61	26472	57	24625	0.00864912	0.00809429	0.003	0.024	432.018	181.659	49	839	
9.25	9.5	2	6	5	3	44	26438	44	26921	0.0120682	0.00668006	0.003	0.017	611.841	283.012	26	1056	
9.25	9.5	2	7	1	3	55	26460	30	10924	0.0037	0.00383406	0.003	0.024	364.133	153.834	75	669	
9.25	9.5	2	8	2	3	44	26438	45	26739	0.0106222	0.00630039	0.003	0.017	594.2	264.764	28	1056	
9.25	9.5	2	9	4	3	40	26430	40	25811	0.008075	0.00316542	0.003	0.01	645.275	287.594	26	1056	
9.25	9.5	2	10	3	3	56	26462	32	12098	0.00365625	0.00371231	0.003	0.024	378.062	176.82	32	693	
9.25	9.5	3	11	5	3	41	26432	42	26893	0.00633333	0.00353841	0.003	0.01	640.31	376.339	59	1056	
9.25	9.5	3	12	1	3	43	26436	43	26436	0.003	0	0.003	0.003	614.791	334.679	219	1056	
9.25	9.5	3	13	3	3	45	26440	46	26467	0.00543478	0.0033708	0.003	0.01	575.37	365.241	27	1056	
9.25	9.5	3	14	2	3	45	26440	45	26286	0.00548889	0.00338863	0.003	0.01	584.133	349.968	27	1056	
9.25	9.5	3	15	4	3	66	26482	65	26324	0.00483077	0.00376899	0.003	0.017	404.985	235.865	7	901	
9.25	9.5	1	16	4	3	50	26450	50	26291	0.01028	0.00692243	0.003	0.017	525.82	246.224	73	1056	
9.25	9.5	1	17	3	3	49	26448	49	26448	0.0105714	0.00697615	0.003	0.017	539.755	204.502	58	1056	
9.25	9.5	1	18	5	3	54	26458	36	16447	0.00572222	0.00609736	0.003	0.024	456.861	234.083	42	1009	
9.25	9.5	1	19	1	3	46	26442	46	26442	0.00710869	0.00348475	0.003	0.01	574.826	286.104	145	1056	
9.25	9.5	1	20	2	3	51	26452	52	27443	0.0101346	0.00699868	0.003	0.017	527.75	192.431	72	1056	
9.5	9.75	4	1	3	3	50	26450	50	26474	0.01028	0.00706541	0.003	0.017	529.48	220.941	28	1056	
9.5	9.75	4	2	1	3	55	26460	54	25581	0.0106481	0.00641683	0.003	0.017	473.722	218.731	34	1056	
9.5	9.75	4	3	2	3	45	26440	45	26440	0.003	0	0.003	0.003	587.556	300.538	219	1056	
9.5	9.75	4	4	5	3	54	26458	54	27209	0.00987037	0.00686541	0.003	0.017	503.87	198.485	73	1056	
9.5	9.75	4	5	4	3	59	26468	55	24526	0.00949091	0.00723641	0.003	0.024	445.927	221	49	1056	
9.5	9.75	2	6	5	3	41	26432	41	26432	0.012561	0.00659564	0.003	0.017	644.683	286.901	93	1056	
9.5	9.75	2	7	1	3	59	26468	38	13989	0.00428947	0.00484298	0.003	0.024	368.132	158.185	32	709	
9.5	9.75	2	8	2	3	39	26428	39	26990	0.0108974	0.00625676	0.003	0.017	692.051	267.537	93	1056	
9.5	9.75	2	9	4	3	45	26440	45	26923	0.00766667	0.00333712	0.003	0.01	598.289	280.035	26	1056	
9.5	9.75	2	10	3	3	53	26456	29	11502	0.00372414	0.0038996	0.003	0.024	396.621	167.031	28	621	
9.5	9.75	3	11	5	3	43	26436	43	26436	0.00593023	0.00349418	0.003	0.01	614.791	392.358	52	1056	
9.5	9.75	3	12	1	3	40	26430	40	26430	0.003	0	0.003	0.003	660.75	349.74	219	1056	
9.5	9.75	3	13	3	3	44	26438	43	26129	0.00560465	0.00342358	0.003	0.01	607.651	423.077	12	1056	
9.5	9.75	3	14	2	3	47	26444	47	26444	0.00568085	0.00343958	0.003	0.01	562.638	357.701	12	1056	
9.5	9.75	3	15	4	3	54	26458	53	26392	0.00564151	0.00517796	0.003	0.024	497.962	286.033	49	1056	
9.5	9.75	1	16	4	3	56	26462	55	25928	0.0103818	0.00651918	0.003	0.017	471.418	206.982	73	985	
9.5	9.75	1	17	3	3	52	26454	51	25841	0.0106863	0.00660451	0.003	0.017	506.686	176.839	73	1056	
9.5	9.75	1	18	5	3	53	26456	35	15117	0.0082	0.00765737	0.003	0.024	431.914	199.332	42	1056	
9.5	9.75	1	19	1	3	42	26434	42	27320	0.00733333	0.00344055	0.003	0.01	650.476	275.386	145	1056	
9.5	9.75	1	20	2	3	46	26442	46	26408	0.0115217	0.00641782	0.003	0.017	574.087	243.869	91	1056	
9.75	10	4	1	3	3	51	26452	51	26335	0.0102745	0.00699451	0.003	0.017	516.373	234.219	93	1056	
9.75	10	4	2	1	3	57	26464	58	27055	0.00951724	0.00666818	0.003	0.017	466.466	189.371	90	871	
9.75	10	4	3	2	3	47	26444	47	26444	0.003	0	0.003	0.003	562.638	270.575	219	1056	
9.75	10	4	4	5	3	51	26452	51	25018	0.0101373	0.00706829	0.003	0.017	490.549	208.165	73	1056	
9.75	10	4	5	4	3	59	26468	54	23944	0.00805555	0.00643814	0.003	0.024	443.407	195.872	12	839	
9.75	10	2	6	5	3	47	26444	46	26442	0.0110652	0.00675739	0.003	0.017	574.826	259.496	31	1056	
9.75	10	2	7	1	3	59	26468	39	13975	0.00389743	0.00399206	0.003	0.024	358.333	196.719	32	621	
9.75	10	2	8	2	3	43	26436	43	25479	0.00951163	0.00637096	0.003	0.017	592.535	262.886	93	1056	
9.75	10	2	9	4	3	46	26442	46	26796	0.00771739	0.00331772	0.003	0.01	582.522	292.561	26	1056	
9.75	10	2	10	3	3	58	26466	36	12400	0.00397222	0.00379839	0.003	0.024	344.444	177.906	64	839	
9.75	10	3	11	5	3	38	26426	37	25370	0.00583784	0.0034842	0.003	0.01	685.676	415.912	59	1056	
9.75	10	3	12	1	3	41	26432	41	26432	0.003	0	0.003	0.003	644.683	352.168	219	1056	
9.75	10	3	13	3	3	46	26442	47	26751	0.00508511	0.00323587	0.003	0.01	569.17	325.318	27	1056	
9.75	10	3	14	2	3	43	26436	43	26718	0.00593023	0.00349418	0.003	0.01	621.349	338.06	18	1056	
9.75	10	3	15	4	3	61	26472	57	25112	0.00521053	0.0042162	0.003	0.017	440.561	263.403	12	1009	
9.75	10	1	16	4	3	50	26450	51	26760	0.010549	0.00669123	0.003	0.017	524.706	206.529	73	1056	
9.75	10	1	17	3	3	53	26456	54	26601	0.0101296	0.0067294	0.003	0.017	492.611	147.917	73	775	
9.75	10	1	18	5	3	52	26454	37	18315	0.00754054	0.00643599	0.003	0.024	495	143.684	49	749	
9.75	10	1	19	1	3	42	26434	42	25548	0.00783333	0.00327531	0.003	0.01	608.286	281.598	145	1056	
9.75	10	1	20	2	3	52	26454	52	26951	0.0102692	0.00678555	0.003	0.017	518.288	166.586	73	909	
