% start	end	CellId	IMSI	RNTI	LCID	nTxPDUs	TxBytes	nRxPDUs	RxBytes	delay	stdDev	min	max	PduSize	stdDev	min	max
0.5	0.75	4	1	3	3	68	25432	56	20966	0.00575	0.00561249	0.003	0.024	374.393	194.286	49	775	
0.5	0.75	4	2	1	3	61	25418	60	25200	0.0065	0.00611334	0.003	0.017	420	183.869	90	839	
0.5	0.75	4	3	4	3	62	25420	62	25420	0.0063871	0.00604452	0.003	0.017	410	201.788	7	839	
0.5	0.75	4	4	2	3	63	25424	57	22276	0.00570175	0.00572889	0.003	0.024	390.807	189.272	18	839	
0.5	0.75	4	5	5	3	70	25436	52	18274	0.00367308	0.00317911	0.003	0.024	351.423	174.878	32	621	
0.5	0.75	2	6	3	3	65	25426	55	21605	0.00389091	0.0033148	0.003	0.017	392.818	218.613	49	775	
0.5	0.75	2	7	2	3	47	25392	45	23851	0.00533333	0.00516984	0.003	0.017	530.022	208.905	91	1056	
0.5	0.75	2	8	5	3	59	25414	57	23900	0.00496491	0.00490614	0.003	0.017	419.298	222.684	73	839	
0.5	0.75	2	9	1	3	56	25408	54	23963	0.00637037	0.00604167	0.003	0.017	443.759	237.188	91	967	
0.5	0.75	2	10	4	3	57	25410	55	24440	0.00503636	0.00498131	0.003	0.017	444.364	230.578	90	871	
0.5	0.75	3	11	1	3	62	25420	48	19887	0.00504167	0.00539487	0.003	0.024	414.312	180.955	11	839	
0.5	0.75	3	12	3	3	62	25420	52	20785	0.00609615	0.00610772	0.003	0.024	399.712	176.606	57	935	
0.5	0.75	3	13	2	3	81	25462	65	19237	0.00450769	0.00471077	0.003	0.024	295.954	145.441	23	590	
0.5	0.75	3	14	4	3	58	25414	56	24714	0.007125	0.00637056	0.003	0.017	441.321	187.51	28	839	
0.5	0.75	3	15	5	3	65	25428	63	24768	0.00744444	0.00619776	0.003	0.017	393.143	223.786	18	1056	
0.5	0.75	1	16	1	3	53	25402	52	24346	0.00623077	0.00352368	0.003	0.01	468.192	247.676	26	1056	
0.5	0.75	1	17	2	3	64	25424	61	23593	0.00747541	0.00586119	0.003	0.017	386.77	225.531	15	1056	
0.5	0.75	1	18	4	3	62	25420	48	19478	0.00489583	0.00426884	0.003	0.024	405.792	210.039	49	839	
0.5	0.75	1	19	5	3	66	25428	56	21587	0.005	0.00416042	0.003	0.017	385.482	207.046	15	839	
0.5	0.75	1	20	3	3	71	25438	62	20758	0.00548387	0.00508531	0.003	0.024	334.806	183.567	58	749	
0.75	1	4	1	3	3	69	26488	67	25868	0.00926866	0.0057329	0.003	0.017	386.09	180.469	42	693	
0.75	1	4	2	1	3	69	26488	68	26099	0.00670588	0.00610373	0.003	0.017	383.809	174.036	58	775	
0.75	1	4	3	4	3	70	26490	68	25710	0.00691176	0.00632865	0.003	0.017	378.088	150.026	34	669	
0.75	1	4	4	2	3	77	26504	76	25715	0.00686842	0.00640488	0.003	0.024	338.355	149.371	49	717	
0.75	1	4	5	5	3	82	26514	64	21668	0.00365625	0.00323286	0.003	0.024	338.562	149.489	23	621	
0.75	1	2	6	3	3	52	26454	36	17547	0.00630555	0.00591279	0.003	0.017	487.417	241.174	49	1056	
0.75	1	2	7	2	3	48	26446	50	29048	0.01084	0.00701997	0.003	0.017	580.96	262.688	28	1056	
0.75	1	2	8	5	3	50	26450	50	26594	0.01028	0.00706541	0.003	0.017	531.88	220.735	149	1056	
0.75	1	2	9	1	3	47	26444	47	26444	0.0104468	0.00706125	0.003	0.017	562.638	279.333	93	1056	
0.75	1	2	10	4	3	42	26434	43	26535	0.0114651	0.00692597	0.003	0.017	617.093	268.958	93	1056	
0.75	1	3	11	1	3	70	26490	52	18877	0.00488461	0.00502017	0.003	0.024	363.019	123.166	49	589	
0.75	1	3	12	3	3	76	26502	76	26713	0.00760526	0.00662134	0.003	0.017	351.487	161.346	57	701	
0.75	1	3	13	2	3	83	26516	59	17732	0.003	0	0.003	0.003	300.542	123.97	79	517	
0.75	1	3	14	4	3	71	26492	71	26612	0.00792958	0.0067344	0.003	0.017	374.817	154.594	42	669	
0.75	1	3	15	5	3	75	26500	75	26376	0.00766667	0.00664411	0.003	0.017	351.68	132.246	57	701	
0.75	1	1	16	1	3	65	26480	64	27380	0.00628125	0.00352077	0.003	0.01	427.812	210.486	10	1056	
0.75	1	1	17	2	3	71	26492	72	28471	0.00786111	0.00546514	0.003	0.017	395.431	205.115	18	865	
0.75	1	1	18	4	3	69	26488	62	23913	0.00909677	0.00639854	0.003	0.024	385.694	173.432	42	717	
0.75	1	1	19	5	3	72	26494	71	26343	0.00852113	0.00668444	0.003	0.024	371.028	169.948	35	693	
0.75	1	1	20	3	3	71	26492	71	26993	0.00842253	0.006283	0.003	0.024	380.183	198.711	3	1056	
1	1.25	4	1	3	3	77	26504	68	24439	0.00660294	0.00520086	0.003	0.017	359.397	160.206	49	693	
1	1.25	4	2	1	3	67	26484	68	26866	0.00763235	0.00658108	0.003	0.017	395.088	156.245	90	669	
1	1.25	4	3	4	3	64	26478	65	26984	0.00795385	0.00663191	0.003	0.017	415.138	168.11	114	1056	
1	1.25	4	4	2	3	78	26506	68	23551	0.00536765	0.0056222	0.003	0.024	346.338	151.177	49	589	
1	1.25	4	5	5	3	80	26510	61	20842	0.00334426	0.00152627	0.003	0.01	341.672	128.757	32	597	
1	1.25	2	6	3	3	62	26474	49	19561	0.00357143	0.00193649	0.003	0.01	399.204	208.569	55	935	
1	1.25	2	7	2	3	52	26454	52	26164	0.00676923	0.00627043	0.003	0.017	503.154	213.442	90	1056	
1	1.25	2	8	5	3	53	26456	53	26616	0.00788679	0.00666697	0.003	0.017	502.189	202.892	74	1056	
1	1.25	2	9	1	3	55	26460	55	27435	0.00669091	0.006152	0.003	0.017	498.818	180.138	90	1056	
1	1.25	2	10	4	3	57	26464	57	26277	0.00668421	0.00607735	0.003	0.017	461	211.757	90	965	
1	1.25	3	11	1	3	67	26484	48	18139	0.00475	0.00549855	0.003	0.024	377.896	152.66	49	839	
1	1.25	3	12	3	3	71	26492	62	24287	0.00683871	0.00666824	0.003	0.024	391.726	110.49	55	701	
1	1.25	3	13	2	3	81	26512	59	18675	0.00359322	0.00325957	0.003	0.024	316.525	120.644	26	470	
1	1.25	3	14	4	3	65	26480	65	26223	0.00838461	0.00686406	0.003	0.017	403.431	205.738	27	1056	
1	1.25	3	15	5	3	65	26480	65	26927	0.00892308	0.00691535	0.003	0.017	414.262	210.067	10	1056	
1	1.25	1	16	1	3	63	26478	65	26634	0.00612308	0.00350672	0.003	0.01	409.754	177.195	10	749	
1	1.25	1	17	2	3	72	26494	73	26328	0.00760274	0.00597388	0.003	0.017	360.658	171.544	34	839	
1	1.25	1	18	4	3	81	26512	72	24282	0.00552778	0.00444361	0.003	0.024	337.25	162.448	7	693	
1	1.25	1	19	5	3	76	26502	69	23506	0.00523188	0.00472523	0.003	0.024	340.667	167.059	19	693	
1	1.25	1	20	3	3	76	26502	73	25301	0.0059726	0.00546192	0.003	0.024	346.589	155.498	11	693	
1.25	1.5	4	1	3	3	75	26500	71	25044	0.00723944	0.00573327	0.003	0.024	352.732	171.777	31	621	
1.25	1.5	4	2	1	3	65	26480	64	25850	0.00617187	0.0057059	0.003	0.017	403.906	159.768	34	773	
1.25	1.5	4	3	4	3	68	26486	67	26169	0.0062388	0.0058855	0.003	0.017	390.582	168.436	15	693	
1.25	1.5	4	4	2	3	77	26504	72	25007	0.00504167	0.00490598	0.003	0.017	347.319	155.453	42	693	
1.25	1.5	4	5	5	3	79	26508	74	24951	0.00536486	0.00559005	0.003	0.024	337.176	153.832	26	685	
1.25	1.5	2	6	3	3	57	26464	38	15616	0.0048421	0.00531965	0.003	0.024	410.947	188.31	12	749	
1.25	1.5	2	7	2	3	51	26452	53	27510	0.00881132	0.00696435	0.003	0.017	519.057	186.285	93	1056	
1.25	1.5	2	8	5	3	56	26462	58	27672	0.00843103	0.00681874	0.003	0.017	477.103	209.965	66	1056	
1.25	1.5	2	9	1	3	56	26462	58	26932	0.00891379	0.00691372	0.003	0.017	464.345	240.49	26	1056	
1.25	1.5	2	10	4	3	52	26454	52	27801	0.00892308	0.00698414	0.003	0.017	534.635	232.137	93	1056	
1.25	1.5	3	11	1	3	90	26530	82	25846	0.00410976	0.00403689	0.003	0.024	315.195	138.972	3	533	
1.25	1.5	3	12	3	3	83	26516	80	26213	0.0064125	0.00609979	0.003	0.024	327.662	144.547	47	701	
1.25	1.5	3	13	2	3	99	26547	88	23410	0.00347727	0.00255504	0.003	0.017	266.023	126.231	26	549	
1.25	1.5	3	14	4	3	75	26500	74	26811	0.00593243	0.00567699	0.003	0.017	362.311	146.825	34	669	
1.25	1.5	3	15	5	3	83	26516	83	26299	0.00662651	0.00602376	0.003	0.017	316.855	146.638	47	685	
1.25	1.5	1	16	1	3	70	26490	69	26256	0.00665217	0.00352231	0.003	0.01	380.522	178.95	3	749	
1.25	1.5	1	17	2	3	77	26504	77	26691	0.00772727	0.00605596	0.003	0.024	346.636	170.661	34	669	
1.25	1.5	1	18	4	3	74	26498	68	25235	0.0070147	0.00558381	0.003	0.024	371.103	157.004	49	839	
1.25	1.5	1	19	5	3	75	26500	71	25790	0.00664789	0.0056571	0.003	0.024	363.239	172.196	18	693	
1.25	1.5	1	20	3	3	82	26514	78	26477	0.00614102	0.00624546	0.003	0.024	339.449	155.999	57	693	
1.5	1.75	4	1	3	3	74	26498	61	22552	0.00518033	0.00550305	0.003	0.024	369.705	165.611	18	839	
1.5	1.75	4	2	1	3	66	26482	66	26577	0.00734848	0.00635245	0.003	0.017	402.682	158.157	7	775	
1.5	1.75	4	3	4	3	68	26486	68	26238	0.00732353	0.00640299	0.003	0.017	385.853	155.826	10	693	
1.5	1.75	4	4	2	3	71	26492	56	20795	0.00525	0.00598559	0.003	0.024	371.339	147.595	23	637	
1.5	1.75	4	5	5	3	84	26518	67	20980	0.00352239	0.00253077	0.003	0.017	313.134	152.687	32	693	
1.5	1.75	2	6	3	3	64	26478	60	25714	0.00428333	0.00397062	0.003	0.017	428.567	186.838	49	839	
1.5	1.75	2	7	2	3	61	26472	61	26754	0.00495082	0.00480426	0.003	0.017	438.59	187.328	15	775	
1.5	1.75	2	8	5	3	66	26482	65	26472	0.0058	0.00564358	0.003	0.017	407.262	201.904	7	839	
1.5	1.75	2	9	1	3	58	26466	57	26360	0.00570175	0.00557406	0.003	0.017	462.456	200.557	90	1056	
1.5	1.75	2	10	4	3	62	26474	64	26668	0.00551562	0.00519766	0.003	0.017	416.688	201.537	11	775	
1.5	1.75	3	11	1	3	80	26510	61	20254	0.00391803	0.00325215	0.003	0.024	332.033	116.883	49	533	
1.5	1.75	3	12	3	3	72	26494	62	20383	0.00514516	0.00500441	0.003	0.024	328.758	117.167	20	637	
1.5	1.75	3	13	2	3	102	26510	88	21973	0.00419318	0.00414079	0.003	0.024	249.693	134.69	3	597	
1.5	1.75	3	14	4	3	65	26484	66	26643	0.00766667	0.0065359	0.003	0.017	403.682	172.465	73	839	
1.5	1.75	3	15	5	3	68	26490	67	26377	0.00801492	0.00642555	0.003	0.017	393.687	212.526	43	1056	
1.5	1.75	1	16	1	3	58	26466	58	26554	0.00698276	0.00349682	0.003	0.01	457.828	204.272	31	1056	
1.5	1.75	1	17	2	3	65	26480	67	26980	0.00853731	0.0065095	0.003	0.017	402.687	161.97	18	701	
1.5	1.75	1	18	4	3	77	26504	62	22508	0.00401613	0.00397736	0.003	0.024	363.032	180.09	49	839	
1.5	1.75	1	19	5	3	84	26518	71	23683	0.00487324	0.00457612	0.003	0.024	333.563	135.452	64	573	
1.5	1.75	1	20	3	3	72	26494	63	22970	0.006	0.00649814	0.003	0.024	364.603	165.957	7	749	
1.75	2	4	1	3	3	77	26504	64	22609	0.00507812	0.00509374	0.003	0.024	353.266	156.329	74	1056	
1.75	2	4	2	1	3	67	26484	66	26387	0.00809091	0.00678625	0.003	0.017	399.803	166.03	93	839	
1.75	2	4	3	4	3	69	26488	69	27114	0.00766667	0.00664801	0.003	0.017	392.957	185.168	71	839	
1.75	2	4	4	2	3	83	26516	67	22876	0.00414925	0.00377493	0.003	0.024	341.433	138.481	31	637	
1.75	2	4	5	5	3	84	26518	67	21186	0.00383582	0.00376023	0.003	0.024	316.209	148.864	32	641	
1.75	2	2	6	3	3	72	26494	65	24058	0.00407692	0.00395801	0.003	0.024	370.123	187.559	16	693	
1.75	2	2	7	2	3	59	26468	60	26759	0.00556667	0.00546287	0.003	0.017	445.983	224.424	26	1056	
1.75	2	2	8	5	3	64	26478	65	26488	0.00633846	0.00594842	0.003	0.017	407.508	204.885	10	839	
1.75	2	2	9	1	3	64	26478	65	26584	0.00515385	0.00493783	0.003	0.017	408.985	200.512	90	1056	
1.75	2	2	10	4	3	60	26472	60	26472	0.0051	0.00504119	0.003	0.017	441.2	209.516	7	856	
1.75	2	3	11	1	3	74	26498	51	20449	0.00313725	0.000980196	0.003	0.01	400.961	71.4898	233	533	
1.75	2	3	12	3	3	72	26494	60	23287	0.00626667	0.00687631	0.003	0.024	388.117	121.217	170	765	
1.75	2	3	13	2	3	78	26551	55	18358	0.00312727	0.00094388	0.003	0.01	333.782	102.267	26	437	
1.75	2	3	14	4	3	52	26454	52	25678	0.00946154	0.00704735	0.003	0.017	493.808	281.173	93	1056	
1.75	2	3	15	5	3	55	26460	56	26366	0.009	0.00686228	0.003	0.017	470.821	287.828	57	1056	
1.75	2	1	16	1	3	61	26472	62	26618	0.00616129	0.00351201	0.003	0.01	429.323	165.555	34	717	
1.75	2	1	17	2	3	73	26496	73	26496	0.00769863	0.00670755	0.003	0.024	362.959	173.188	42	1056	
1.75	2	1	18	4	3	77	26504	61	20995	0.0044918	0.00316029	0.003	0.017	344.18	170.345	3	685	
1.75	2	1	19	5	3	77	26504	64	22657	0.00529687	0.00450636	0.003	0.024	354.016	137.539	49	685	
1.75	2	1	20	3	3	81	26512	69	22777	0.00523188	0.00530024	0.003	0.024	330.101	143.742	49	839	
2	2.25	4	1	3	3	82	26514	60	20851	0.00346667	0.0021821	0.003	0.017	347.517	100.211	101	573	
2	2.25	4	2	1	3	61	26472	62	26661	0.00853226	0.00684181	0.003	0.017	430.016	180.259	93	965	
2	2.25	4	3	4	3	65	26480	65	25694	0.00816923	0.00680893	0.003	0.017	395.292	162.4	11	757	
2	2.25	4	4	2	3	81	26512	62	21505	0.00345161	0.00279741	0.003	0.024	346.855	119.03	49	533	
2	2.25	4	5	5	3	80	26510	55	20072	0.003	0	0.003	0.003	364.945	99.8514	32	549	
2	2.25	2	6	3	3	76	26502	70	25816	0.003	0	0.003	0.003	368.8	189.593	49	839	
2	2.25	2	7	2	3	59	26468	59	26468	0.0048983	0.00483413	0.003	0.017	448.61	185.526	90	871	
2	2.25	2	8	5	3	71	26492	69	26328	0.00442029	0.00425788	0.003	0.017	381.565	196.821	10	749	
2	2.25	2	9	1	3	67	26484	67	26484	0.00529851	0.00522527	0.003	0.017	395.284	200.729	15	871	
2	2.25	2	10	4	3	63	26476	63	26476	0.00411111	0.0038147	0.003	0.017	420.254	173.36	90	775	
2	2.25	3	11	1	3	73	26496	50	19124	0.00384	0.00415692	0.003	0.024	382.48	82.8695	209	573	
2	2.25	3	12	3	3	75	26500	65	22967	0.00752308	0.00843191	0.003	0.024	353.338	90.5703	117	533	
2	2.25	3	13	2	3	80	26510	55	19882	0.003	0	0.003	0.003	361.491	111.253	26	437	
2	2.25	3	14	4	3	48	26446	47	26225	0.0104468	0.00706125	0.003	0.017	557.979	270.289	73	1056	
2	2.25	3	15	5	3	46	26442	46	25613	0.0107609	0.00726387	0.003	0.024	556.804	308.927	57	1056	
2	2.25	1	16	1	3	63	26476	62	26098	0.00616129	0.00351201	0.003	0.01	420.935	194.532	113	945	
2	2.25	1	17	2	3	72	26494	70	25802	0.0078	0.00700435	0.003	0.024	368.6	112.758	57	701	
2	2.25	1	18	4	3	78	26506	59	21733	0.00347458	0.00177488	0.003	0.01	368.356	143.514	49	839	
2	2.25	1	19	5	3	78	26506	56	21627	0.00325	0.00131079	0.003	0.01	386.196	115.821	49	621	
2	2.25	1	20	3	3	81	26512	69	23400	0.00563768	0.00680175	0.003	0.024	339.13	118.444	15	637	
2.25	2.5	4	1	3	3	80	26510	65	22118	0.00396923	0.0024365	0.003	0.01	340.277	144.531	49	903	
2.25	2.5	4	2	1	3	66	26482	66	26474	0.00862121	0.00663734	0.003	0.017	401.121	195.557	28	839	
2.25	2.5	4	3	4	3	69	26488	69	26229	0.00766667	0.00653872	0.003	0.017	380.13	170.977	10	839	
2.25	2.5	4	4	2	3	77	26504	63	22316	0.00466667	0.00391853	0.003	0.017	354.222	161.275	49	1056	
2.25	2.5	4	5	5	3	81	26512	61	20883	0.00345902	0.00216467	0.003	0.017	342.344	128.466	31	597	
2.25	2.5	2	6	3	3	68	26488	65	24932	0.00375385	0.00330261	0.003	0.024	383.569	187.198	49	775	
2.25	2.5	2	7	2	3	63	26476	63	26177	0.00622222	0.00587352	0.003	0.017	415.508	205.966	90	871	
2.25	2.5	2	8	5	3	71	26492	72	26646	0.00572222	0.00545461	0.003	0.017	370.083	189.867	3	757	
2.25	2.5	2	9	1	3	60	26470	59	26284	0.00608474	0.00570628	0.003	0.017	445.492	193.148	90	839	
2.25	2.5	2	10	4	3	63	26476	62	26274	0.00582258	0.00559134	0.003	0.017	423.774	187.523	67	781	
2.25	2.5	3	11	1	3	73	26496	53	19134	0.00418868	0.0044981	0.003	0.024	361.019	104.497	39	533	
2.25	2.5	3	12	3	3	70	26490	63	23622	0.00744444	0.00746989	0.003	0.024	374.952	139.64	44	839	
2.25	2.5	3	13	2	3	85	26520	67	20308	0.00425373	0.0045472	0.003	0.024	303.104	124.482	26	557	
2.25	2.5	3	14	4	3	54	26458	55	26363	0.00949091	0.00698112	0.003	0.017	479.327	235.354	58	1056	
2.25	2.5	3	15	5	3	58	26466	58	26395	0.00927586	0.00689977	0.003	0.017	455.086	211.66	57	1056	
2.25	2.5	1	16	1	3	60	26470	60	26582	0.00626667	0.00352168	0.003	0.01	443.033	178.166	58	1056	
2.25	2.5	1	17	2	3	75	26500	74	26562	0.00735135	0.00631465	0.003	0.017	358.946	121.596	28	839	
2.25	2.5	1	18	4	3	76	26502	57	21373	0.00410526	0.0028951	0.003	0.017	374.965	132.623	49	645	
2.25	2.5	1	19	5	3	78	26506	61	21467	0.00518033	0.00470287	0.003	0.024	351.918	165.591	49	1056	
2.25	2.5	1	20	3	3	81	26512	73	24456	0.00616438	0.00639447	0.003	0.024	335.014	164.861	49	757	
2.5	2.75	4	1	3	3	74	26498	61	22457	0.00644262	0.00536509	0.003	0.024	368.148	160.576	49	775	
2.5	2.75	4	2	1	3	61	26472	62	27253	0.00864516	0.0069237	0.003	0.017	439.565	191.045	26	1056	
2.5	2.75	4	3	4	3	64	26478	64	26222	0.00825	0.0068313	0.003	0.017	409.719	171.252	93	1056	
2.5	2.75	4	4	2	3	84	26518	69	22298	0.00442029	0.00488818	0.003	0.024	323.159	153.517	49	749	
2.5	2.75	4	5	5	3	85	26520	62	19151	0.00345161	0.00279741	0.003	0.024	308.887	149.347	32	573	
2.5	2.75	2	6	3	3	65	26480	59	25447	0.00584746	0.00568365	0.003	0.017	431.305	211.816	49	839	
2.5	2.75	2	7	2	3	50	26450	52	27228	0.00838461	0.00687751	0.003	0.017	523.615	258.494	90	1056	
2.5	2.75	2	8	5	3	53	26456	54	26466	0.00844444	0.00688906	0.003	0.017	490.111	261.423	10	1056	
2.5	2.75	2	9	1	3	57	26464	58	27016	0.00782759	0.00671249	0.003	0.017	465.793	261.692	11	1056	
2.5	2.75	2	10	4	3	54	26458	55	26660	0.00783636	0.00671859	0.003	0.017	484.727	266.738	26	1056	
2.5	2.75	3	11	1	3	80	26510	57	20680	0.00349123	0.00291623	0.003	0.024	362.807	116.923	49	533	
2.5	2.75	3	12	3	3	68	26488	62	23274	0.00808064	0.00793271	0.003	0.024	375.387	150.696	57	941	
2.5	2.75	3	13	2	3	90	26530	69	19211	0.0032029	0.0016854	0.003	0.017	278.42	110.446	32	437	
2.5	2.75	3	14	4	3	60	26472	60	26417	0.0093	0.00690443	0.003	0.017	440.283	208.024	73	1056	
2.5	2.75	3	15	5	3	60	26470	60	26841	0.00906667	0.00687631	0.003	0.017	447.35	219.722	57	1056	
2.5	2.75	1	16	1	3	53	26456	53	26117	0.00815094	0.00311569	0.003	0.01	492.774	271.354	76	1056	
2.5	2.75	1	17	2	3	63	26476	64	26478	0.00978125	0.00635577	0.003	0.017	413.719	170.172	18	825	
2.5	2.75	1	18	4	3	69	26488	49	20355	0.00557143	0.00396337	0.003	0.017	415.408	133.323	101	749	
2.5	2.75	1	19	5	3	61	26472	51	22643	0.0084902	0.00582537	0.003	0.017	443.98	169.709	58	1056	
2.5	2.75	1	20	3	3	72	26494	66	24472	0.00904545	0.00682401	0.003	0.024	370.788	173.605	18	749	
2.75	3	4	1	3	3	75	26500	68	24539	0.00763235	0.00575081	0.003	0.024	360.868	153.259	49	693	
2.75	3	4	2	1	3	67	26484	67	26764	0.00759701	0.00639616	0.003	0.017	399.463	175.166	34	1056	
2.75	3	4	3	4	3	68	26486	68	27313	0.00773529	0.00644985	0.003	0.017	401.662	174.154	34	757	
2.75	3	4	4	2	3	77	26504	71	24559	0.00595775	0.00575559	0.003	0.024	345.901	144.442	49	646	
2.75	3	4	5	5	3	87	26524	66	22056	0.00321212	0.00120913	0.003	0.01	334.182	135.047	15	621	
2.75	3	2	6	3	3	59	26468	45	19715	0.00408889	0.00296818	0.003	0.017	438.111	181.373	3	775	
2.75	3	2	7	2	3	57	26464	56	26453	0.007375	0.00647951	0.003	0.017	472.375	226.034	28	1056	
2.75	3	2	8	5	3	54	26458	53	26384	0.00735849	0.00647211	0.003	0.017	497.811	224.405	73	1056	
2.75	3	2	9	1	3	58	26466	58	26583	0.00734483	0.00640053	0.003	0.017	458.328	174.617	90	773	
2.75	3	2	10	4	3	57	26464	55	26262	0.00745454	0.00651158	0.003	0.017	477.491	225.889	26	1056	
2.75	3	3	11	1	3	66	26482	45	16618	0.00408889	0.00364207	0.003	0.017	369.289	117.641	49	573	
2.75	3	3	12	3	3	76	26502	70	24455	0.0067	0.00638692	0.003	0.024	349.357	130.955	57	637	
2.75	3	3	13	2	3	83	26516	60	18031	0.00323333	0.00180739	0.003	0.017	300.517	98.1162	32	549	
2.75	3	3	14	4	3	68	26486	68	27151	0.00835294	0.00685405	0.003	0.017	399.279	181.318	73	839	
2.75	3	3	15	5	3	69	26488	69	27090	0.00807246	0.00677868	0.003	0.017	392.609	174.033	57	1056	
2.75	3	1	16	1	3	68	26488	67	26374	0.00634328	0.00352288	0.003	0.01	393.642	177.682	10	749	
2.75	3	1	17	2	3	74	26500	74	26425	0.00772973	0.00580575	0.003	0.017	357.095	167.822	14	749	
2.75	3	1	18	4	3	78	26506	68	24358	0.00722059	0.00438398	0.003	0.024	358.206	156.835	35	717	
2.75	3	1	19	5	3	81	26514	75	25016	0.00636	0.00579525	0.003	0.024	333.547	158.77	19	685	
2.75	3	1	20	3	3	79	26508	74	24347	0.00725676	0.00653559	0.003	0.024	329.014	165.348	49	597	
3	3.25	4	1	3	3	79	26508	67	22427	0.00477612	0.0037247	0.003	0.017	334.731	131.594	39	621	
3	3.25	4	2	1	3	69	26488	70	26869	0.0072	0.00623826	0.003	0.017	383.843	151.491	90	669	
3	3.25	4	3	4	3	70	26490	70	26586	0.0071	0.00624883	0.003	0.017	379.8	183.578	11	1056	
3	3.25	4	4	2	3	81	26512	67	21531	0.00435821	0.00443369	0.003	0.024	321.358	128.861	3	533	
3	3.25	4	5	5	3	90	26530	72	21634	0.00348611	0.00271144	0.003	0.024	300.472	130.186	34	533	
3	3.25	2	6	3	3	64	26478	60	24556	0.00463333	0.00453224	0.003	0.017	409.267	183.2	49	749	
3	3.25	2	7	2	3	63	26476	62	25429	0.00548387	0.00539199	0.003	0.017	410.145	190.106	11	965	
3	3.25	2	8	5	3	62	26474	60	24965	0.00638333	0.00597478	0.003	0.017	416.083	198.719	10	1056	
3	3.25	2	9	1	3	62	26474	61	26083	0.00621311	0.00593609	0.003	0.017	427.59	213.923	26	871	
3	3.25	2	10	4	3	55	26460	56	25790	0.00675	0.00625591	0.003	0.017	460.536	190.188	11	871	
3	3.25	3	11	1	3	72	26494	51	18121	0.00382353	0.0033269	0.003	0.024	355.314	119.857	18	638	
3	3.25	3	12	3	3	72	26494	66	23612	0.00734848	0.00744517	0.003	0.024	357.758	147.096	42	765	
3	3.25	3	13	2	3	86	26522	68	20051	0.00454412	0.00481426	0.003	0.024	294.868	117.286	26	437	
3	3.25	3	14	4	3	62	26474	62	26628	0.00830645	0.00666921	0.003	0.017	429.484	205.901	73	839	
3	3.25	3	15	5	3	66	26484	65	25864	0.00816923	0.0065802	0.003	0.017	397.908	176.725	46	839	
3	3.25	1	16	1	3	55	26460	56	26123	0.006625	0.00352942	0.003	0.01	466.482	170	34	839	
3	3.25	1	17	2	3	65	26480	64	26019	0.0086875	0.00658492	0.003	0.017	406.547	187.644	18	1056	
3	3.25	1	18	4	3	68	26486	51	19730	0.00464706	0.00359346	0.003	0.017	386.863	151.217	18	749	
3	3.25	1	19	5	3	73	26496	60	23707	0.00638333	0.00583412	0.003	0.024	395.117	135.623	58	693	
3	3.25	1	20	3	3	81	26512	75	25285	0.00738667	0.00743784	0.003	0.024	337.133	150.24	18	797	
3.25	3.5	4	1	3	3	79	26508	69	23831	0.00573913	0.00483447	0.003	0.017	345.377	171.97	32	839	
3.25	3.5	4	2	1	3	63	26476	64	25955	0.00759375	0.00650694	0.003	0.017	405.547	151.234	93	773	
3.25	3.5	4	3	4	3	73	26496	73	26395	0.0070274	0.00638134	0.003	0.017	361.575	166.643	23	685	
3.25	3.5	4	4	2	3	79	26508	69	24260	0.00523188	0.00516249	0.003	0.024	351.594	137.629	15	765	
3.25	3.5	4	5	5	3	84	26518	68	21044	0.00444118	0.00392992	0.003	0.024	309.471	139.797	32	573	
3.25	3.5	2	6	3	3	65	26480	63	26526	0.00544444	0.00550301	0.003	0.024	421.048	217.793	12	849	
3.25	3.5	2	7	2	3	57	26464	59	27522	0.00774576	0.00668398	0.003	0.017	466.475	250.749	91	1056	
3.25	3.5	2	8	5	3	57	26464	58	27731	0.00758621	0.00662805	0.003	0.017	478.121	274.05	3	1056	
3.25	3.5	2	9	1	3	51	26452	53	26933	0.00828302	0.0068511	0.003	0.017	508.17	284.422	90	1056	
3.25	3.5	2	10	4	3	53	26456	55	27901	0.00758182	0.00649128	0.003	0.017	507.291	281.941	90	1056	
3.25	3.5	3	11	1	3	73	26496	52	17342	0.00326923	0.00194145	0.003	0.017	333.5	121.501	49	533	
3.25	3.5	3	12	3	3	72	26496	62	22041	0.00604839	0.00641573	0.003	0.024	355.5	150.304	51	701	
3.25	3.5	3	13	2	3	84	26518	66	20417	0.00321212	0.00172328	0.003	0.017	309.348	133.357	26	469	
3.25	3.5	3	14	4	3	59	26468	58	25580	0.0087931	0.00695539	0.003	0.017	441.034	185.987	71	1056	
3.25	3.5	3	15	5	3	65	26482	65	26207	0.00806154	0.00672188	0.003	0.017	403.185	175.854	11	839	
3.25	3.5	1	16	1	3	57	26464	56	26462	0.006625	0.00352942	0.003	0.01	472.536	230.365	113	1056	
3.25	3.5	1	17	2	3	65	26480	66	26306	0.00925757	0.00651226	0.003	0.024	398.576	165.622	18	839	
3.25	3.5	1	18	4	3	76	26502	59	22191	0.00501695	0.0039106	0.003	0.024	376.119	139.638	49	645	
3.25	3.5	1	19	5	3	69	26488	60	23830	0.0065	0.00539146	0.003	0.024	397.167	165.526	49	693	
3.25	3.5	1	20	3	3	79	26508	74	25616	0.00754054	0.00689687	0.003	0.024	346.162	157.819	35	605	
3.5	3.75	4	1	3	3	79	26508	62	21109	0.00435484	0.00376827	0.003	0.024	340.468	114.18	49	573	
3.5	3.75	4	2	1	3	65	26480	66	27149	0.00819697	0.00664766	0.003	0.017	411.348	158.161	93	773	
3.5	3.75	4	3	4	3	69	26488	70	26719	0.0077	0.00660555	0.003	0.017	381.7	146.848	73	685	
3.5	3.75	4	4	2	3	82	26514	65	22151	0.00429231	0.00347636	0.003	0.017	340.785	127.496	49	693	
3.5	3.75	4	5	5	3	85	26520	64	21348	0.00321875	0.00122758	0.003	0.01	333.562	125.871	32	597	
3.5	3.75	2	6	3	3	73	26496	65	24293	0.00310769	0.000868243	0.003	0.01	373.738	182.101	23	839	
3.5	3.75	2	7	2	3	68	26486	67	26396	0.00540298	0.00524855	0.003	0.017	393.97	197.77	7	1056	
3.5	3.75	2	8	5	3	72	26494	73	26739	0.00549315	0.00539321	0.003	0.017	366.288	204.992	3	749	
3.5	3.75	2	9	1	3	65	26480	64	26390	0.00475	0.00466667	0.003	0.017	412.344	168.422	90	669	
3.5	3.75	2	10	4	3	64	26478	64	26478	0.00475	0.00466667	0.003	0.017	413.719	187.116	31	775	
3.5	3.75	3	11	1	3	76	26502	53	19803	0.0035283	0.00269332	0.003	0.017	373.642	103.342	49	586	
3.5	3.75	3	12	3	3	71	26492	62	21690	0.00740322	0.00773423	0.003	0.024	349.839	92.7785	117	589	
3.5	3.75	3	13	2	3	83	26516	61	18760	0.00345902	0.00251379	0.003	0.017	307.541	113.748	26	498	
3.5	3.75	3	14	4	3	59	26468	60	26907	0.0093	0.00702369	0.003	0.017	448.45	218.043	73	1056	
3.5	3.75	3	15	5	3	56	26462	57	27050	0.01	0.00759934	0.003	0.024	474.561	239.686	57	1056	
3.5	3.75	1	16	1	3	59	26468	60	27260	0.00615	0.00351184	0.003	0.01	454.333	234.657	11	1056	
3.5	3.75	1	17	2	3	71	26492	72	27660	0.00795833	0.00658731	0.003	0.024	384.167	158.303	31	701	
3.5	3.75	1	18	4	3	82	26514	65	22732	0.00418461	0.00292025	0.003	0.017	349.723	125.992	55	573	
3.5	3.75	1	19	5	3	82	26514	65	22916	0.00407692	0.00283013	0.003	0.017	352.554	138.376	73	573	
3.5	3.75	1	20	3	3	85	26520	75	24495	0.00524	0.00577235	0.003	0.024	326.6	164.863	3	839	
3.75	4	4	1	3	3	82	26514	58	21060	0.00324138	0.00183829	0.003	0.017	363.103	107.933	49	573	
3.75	4	4	2	1	3	65	26480	64	25656	0.00846875	0.00688446	0.003	0.017	400.875	129.782	98	669	
3.75	4	4	3	4	3	60	26470	59	25689	0.00869491	0.0069363	0.003	0.017	435.407	177.082	73	1056	
3.75	4	4	4	2	3	79	26508	56	21222	0.00325	0.00131079	0.003	0.01	378.964	100.288	49	533	
3.75	4	4	5	5	3	81	26512	58	19727	0.003	0	0.003	0.003	340.121	127.32	32	533	
3.75	4	2	6	3	3	69	26488	58	23690	0.00324138	0.00183829	0.003	0.017	408.448	183.275	49	839	
3.75	4	2	7	2	3	62	26474	62	26466	0.00458064	0.00446681	0.003	0.017	426.871	186.51	90	871	
3.75	4	2	8	5	3	67	26484	67	26101	0.00404478	0.0037068	0.003	0.017	389.567	203.278	11	1056	
3.75	4	2	9	1	3	61	26472	61	26084	0.00506557	0.00500623	0.003	0.017	427.607	181.974	90	773	
3.75	4	2	10	4	3	59	26468	59	25785	0.00537288	0.00529768	0.003	0.017	437.034	175.781	90	775	
3.75	4	3	11	1	3	74	26498	49	18197	0.003	0	0.003	0.003	371.367	121.693	49	573	
3.75	4	3	12	3	3	69	26488	53	19675	0.00603773	0.00693365	0.003	0.024	371.226	125.943	57	701	
3.75	4	3	13	2	3	85	26520	62	19005	0.003	0	0.003	0.003	306.532	116.053	26	469	
3.75	4	3	14	4	3	53	26456	52	25969	0.0102692	0.00706306	0.003	0.017	499.404	175.636	73	839	
3.75	4	3	15	5	3	57	26464	57	26097	0.00950877	0.00722872	0.003	0.024	457.842	220.336	57	1056	
3.75	4	1	16	1	3	63	26476	63	25977	0.00611111	0.00350627	0.003	0.01	412.333	197.05	39	839	
3.75	4	1	17	2	3	75	26500	74	25428	0.00763513	0.00658261	0.003	0.017	343.622	110.914	57	637	
3.75	4	1	18	4	3	76	26502	55	21703	0.00325454	0.00132243	0.003	0.01	394.6	108.093	66	573	
3.75	4	1	19	5	3	82	26514	62	21763	0.00367742	0.0027507	0.003	0.017	351.016	125.831	66	573	
3.75	4	1	20	3	3	76	26502	61	21907	0.00563934	0.00678241	0.003	0.024	359.131	123.701	49	637	
4	4.25	4	1	3	3	71	26492	69	25664	0.00756522	0.00534536	0.003	0.017	371.942	170.542	34	693	
4	4.25	4	2	1	3	74	26498	75	27618	0.00598667	0.00577388	0.003	0.017	368.24	171.03	31	871	
4	4.25	4	3	4	3	74	26498	75	27586	0.00598667	0.00577388	0.003	0.017	367.813	144.974	34	669	
4	4.25	4	4	2	3	77	26504	79	26889	0.00610126	0.00621536	0.003	0.024	340.367	164.339	11	701	
4	4.25	4	5	5	3	86	26522	72	21968	0.00348611	0.00244369	0.003	0.017	305.111	146.549	7	621	
4	4.25	2	6	3	3	55	26460	45	21123	0.0072	0.00674065	0.003	0.024	469.4	224.621	49	1056	
4	4.25	2	7	2	3	51	26452	52	26550	0.00946154	0.00704735	0.003	0.017	510.577	221.51	26	1056	
4	4.25	2	8	5	3	50	26450	51	26904	0.00903921	0.00700274	0.003	0.017	527.529	211.056	73	1056	
4	4.25	2	9	1	3	50	26450	51	27323	0.00958823	0.00705741	0.003	0.017	535.745	205.298	93	1056	
4	4.25	2	10	4	3	46	26442	49	28473	0.0101429	0.00707107	0.003	0.017	581.082	265.378	93	1056	
4	4.25	3	11	1	3	80	26512	65	20914	0.00526154	0.00554887	0.003	0.024	321.754	137.246	49	621	
4	4.25	3	12	3	3	73	26496	75	27028	0.00673333	0.00612556	0.003	0.024	360.373	150.533	57	717	
4	4.25	3	13	2	3	85	26520	70	20730	0.004	0.00382213	0.003	0.024	296.143	137.763	32	517	
4	4.25	3	14	4	3	74	26498	77	28129	0.007	0.00605458	0.003	0.017	365.312	172.624	73	865	
4	4.25	3	15	5	3	75	26500	75	27214	0.00701333	0.00610824	0.003	0.017	362.853	148.329	3	757	
4	4.25	1	16	1	3	62	26476	62	26975	0.00695161	0.00349907	0.003	0.01	435.081	197.264	10	1056	
4	4.25	1	17	2	3	71	26492	74	28219	0.00886486	0.00567939	0.003	0.017	381.338	164.931	7	669	
4	4.25	1	18	4	3	76	26502	69	24511	0.00726087	0.00539785	0.003	0.024	355.232	175.968	31	935	
4	4.25	1	19	5	3	71	26492	71	26660	0.00822535	0.00634079	0.003	0.024	375.493	189.59	10	693	
4	4.25	1	20	3	3	77	26504	78	26858	0.00784615	0.00600233	0.003	0.024	344.333	180.902	10	693	
4.25	4.5	4	1	3	3	81	26512	62	21323	0.00379032	0.00337851	0.003	0.024	343.919	101.663	101	469	
4.25	4.5	4	2	1	3	66	26482	65	25521	0.00816923	0.00680893	0.003	0.017	392.631	191.384	28	865	
4.25	4.5	4	3	4	3	63	26476	62	25272	0.00841935	0.00687487	0.003	0.017	407.613	193.682	10	1056	
4.25	4.5	4	4	2	3	78	26506	57	21214	0.00312281	0.000927173	0.003	0.01	372.175	144.92	49	839	
4.25	4.5	4	5	5	3	81	26512	60	19495	0.00358333	0.00323273	0.003	0.024	324.917	145.573	32	621	
4.25	4.5	2	6	3	3	70	26490	63	25759	0.00322222	0.00176383	0.003	0.017	408.873	220.36	49	839	
4.25	4.5	2	7	2	3	61	26472	60	26374	0.00416667	0.00390205	0.003	0.017	439.567	190.628	7	775	
4.25	4.5	2	8	5	3	63	26476	63	26476	0.00522222	0.00515703	0.003	0.017	420.254	206.714	10	839	
4.25	4.5	2	9	1	3	63	26476	63	26284	0.00455555	0.00443512	0.003	0.017	417.206	192.926	7	775	
4.25	4.5	2	10	4	3	57	26464	58	26570	0.00396552	0.00357852	0.003	0.017	458.103	172.791	90	775	
4.25	4.5	3	11	1	3	75	26500	55	21052	0.00401818	0.00413428	0.003	0.024	382.764	120.417	72	693	
4.25	4.5	3	12	3	3	73	26496	59	20638	0.00584746	0.0070143	0.003	0.024	349.797	132.938	57	637	
4.25	4.5	3	13	2	3	86	26522	64	18235	0.00332812	0.0019441	0.003	0.017	284.922	112.558	26	437	
4.25	4.5	3	14	4	3	49	26448	47	25233	0.01	0.007	0.003	0.017	536.872	239.154	121	1056	
4.25	4.5	3	15	5	3	54	26458	54	25832	0.00961111	0.00712004	0.003	0.024	478.37	254.12	57	1056	
4.25	4.5	1	16	1	3	59	26468	59	26017	0.00608474	0.00350511	0.003	0.01	440.966	216.336	113	1056	
4.25	4.5	1	17	2	3	71	26492	70	26369	0.0076	0.00662319	0.003	0.017	376.7	163.31	55	839	
4.25	4.5	1	18	4	3	79	26508	60	22490	0.00346667	0.00284317	0.003	0.024	374.833	143.475	101	839	
4.25	4.5	1	19	5	3	81	26512	61	21742	0.00380328	0.00385495	0.003	0.024	356.426	118.962	49	573	
4.25	4.5	1	20	3	3	78	26506	65	23873	0.0058	0.00697809	0.003	0.024	367.277	120.76	55	693	
4.5	4.75	4	1	3	3	85	26520	65	22272	0.00386154	0.00290408	0.003	0.017	342.646	116.493	101	533	
4.5	4.75	4	2	1	3	61	26472	61	26085	0.0087377	0.00694239	0.003	0.017	427.623	203.383	93	1056	
4.5	4.75	4	3	4	3	61	26472	61	26611	0.0087377	0.00694239	0.003	0.017	436.246	194.453	73	909	
4.5	4.75	4	4	2	3	80	26510	60	21791	0.00416667	0.00430674	0.003	0.024	363.183	108.327	49	533	
4.5	4.75	4	5	5	3	84	26518	59	21285	0.003	0	0.003	0.003	360.763	122.579	49	621	
4.5	4.75	2	6	3	3	79	26508	70	25110	0.0031	0.00083666	0.003	0.01	358.714	175.108	18	749	
4.5	4.75	2	7	2	3	64	26478	63	26192	0.00533333	0.00518372	0.003	0.017	415.746	182.926	90	775	
4.5	4.75	2	8	5	3	70	26490	70	26490	0.0059	0.00565211	0.003	0.017	378.429	214.874	10	833	
4.5	4.75	2	9	1	3	65	26480	66	26762	0.00554545	0.0054411	0.003	0.017	405.485	203.865	92	775	
4.5	4.75	2	10	4	3	60	26470	60	26470	0.00475	0.00457934	0.003	0.017	441.167	212.233	26	1056	
4.5	4.75	3	11	1	3	78	26506	54	19756	0.003	0	0.003	0.003	365.852	93.4727	49	533	
4.5	4.75	3	12	3	3	71	26494	57	21777	0.00631579	0.00725839	0.003	0.024	382.053	110.987	58	637	
4.5	4.75	3	13	2	3	92	26534	68	19068	0.003	0	0.003	0.003	280.412	120.063	26	437	
4.5	4.75	3	14	4	3	51	26452	51	26153	0.0101373	0.00692826	0.003	0.017	512.804	250.688	73	1056	
4.5	4.75	3	15	5	3	53	26458	53	26330	0.0102641	0.00712836	0.003	0.024	496.792	264.892	57	1056	
4.5	4.75	1	16	1	3	62	26474	62	26474	0.0063871	0.00352674	0.003	0.01	427	192.838	113	839	
4.5	4.75	1	17	2	3	72	26494	71	25570	0.0076338	0.00679125	0.003	0.024	360.141	129.671	57	701	
4.5	4.75	1	18	4	3	79	26508	60	21874	0.00346667	0.00176084	0.003	0.01	364.567	135.197	49	693	
4.5	4.75	1	19	5	3	81	26512	59	21313	0.00335593	0.001551	0.003	0.01	361.237	145.327	49	749	
4.5	4.75	1	20	3	3	80	26510	65	22459	0.00569231	0.00662836	0.003	0.024	345.523	135.419	49	573	
4.75	5	4	1	3	3	75	26500	68	23572	0.00752941	0.00601855	0.003	0.024	346.647	152.784	49	605	
4.75	5	4	2	1	3	72	26494	73	27810	0.00683562	0.00617795	0.003	0.017	380.959	180.569	11	865	
4.75	5	4	3	4	3	74	26500	76	27719	0.0065	0.00599444	0.003	0.017	364.724	159.427	42	685	
4.75	5	4	4	2	3	78	26506	73	24776	0.00587671	0.00593002	0.003	0.024	339.397	140.85	49	590	
4.75	5	4	5	5	3	92	26534	73	22477	0.003	0	0.003	0.003	307.904	113.818	32	533	
4.75	5	2	6	3	3	63	26476	57	23906	0.00619298	0.00577692	0.003	0.017	419.404	214.983	12	1009	
4.75	5	2	7	2	3	51	26452	51	25594	0.00862745	0.00686137	0.003	0.017	501.843	268.353	26	1056	
4.75	5	2	8	5	3	61	26472	59	25561	0.00715254	0.00638374	0.003	0.017	433.237	260.001	10	1056	
4.75	5	2	9	1	3	51	26452	49	25102	0.00728571	0.0065192	0.003	0.017	512.286	243.789	90	1056	
4.75	5	2	10	4	3	48	26446	46	25300	0.00802174	0.00670817	0.003	0.017	550	211.076	98	1056	
4.75	5	3	11	1	3	83	26516	71	21779	0.00457746	0.0039593	0.003	0.024	306.746	146.421	39	749	
4.75	5	3	12	3	3	75	26500	72	25327	0.00630555	0.00587101	0.003	0.024	351.764	153.568	7	765	
4.75	5	3	13	2	3	90	26532	73	20536	0.00338356	0.00258	0.003	0.024	281.315	123.395	15	469	
4.75	5	3	14	4	3	70	26490	70	27317	0.0072	0.00623826	0.003	0.017	390.243	174.412	28	839	
4.75	5	3	15	5	3	74	26500	74	27295	0.00754054	0.00617815	0.003	0.017	368.851	180.121	39	1056	
4.75	5	1	16	1	3	56	26462	55	26121	0.00745454	0.00339836	0.003	0.01	474.927	229.994	43	1056	
4.75	5	1	17	2	3	64	26478	63	25982	0.00988889	0.00609365	0.003	0.017	412.413	184.886	18	1056	
4.75	5	1	18	4	3	67	26484	47	19358	0.00642553	0.00434764	0.003	0.017	411.872	166.782	49	775	
4.75	5	1	19	5	3	67	26484	59	23797	0.00845763	0.00582303	0.003	0.024	403.339	149.753	49	685	
4.75	5	1	20	3	3	69	26488	65	24813	0.00870769	0.00629663	0.003	0.024	381.738	162.269	55	797	
5	5.25	4	1	3	3	75	26500	69	26105	0.00594203	0.00422835	0.003	0.017	378.333	173.78	49	839	
5	5.25	4	2	1	3	69	26488	71	27463	0.0064507	0.00601852	0.003	0.017	386.803	205.485	7	965	
5	5.25	4	3	4	3	73	26496	71	26104	0.0053662	0.00528404	0.003	0.017	367.662	158.786	27	693	
5	5.25	4	4	2	3	83	26516	81	26299	0.00403704	0.00368932	0.003	0.017	324.679	162.197	18	901	
5	5.25	4	5	5	3	93	26536	85	25223	0.00431765	0.00451772	0.003	0.024	296.741	167.38	18	910	
5	5.25	2	6	3	3	53	26456	34	15009	0.00444118	0.00335018	0.003	0.017	441.441	232.234	49	1009	
5	5.25	2	7	2	3	53	26456	53	26440	0.00986792	0.00706573	0.003	0.017	498.868	226.326	26	1056	
5	5.25	2	8	5	3	51	26452	51	26473	0.00986274	0.00706829	0.003	0.017	519.078	179.222	149	1056	
5	5.25	2	9	1	3	49	26448	49	27020	0.0104286	0.00705927	0.003	0.017	551.429	246.352	26	1056	
5	5.25	2	10	4	3	46	26442	46	25759	0.0115217	0.00690809	0.003	0.017	559.978	260.548	26	1056	
5	5.25	3	11	1	3	92	26534	80	25270	0.00335	0.00246546	0.003	0.024	315.875	115.896	7	533	
5	5.25	3	12	3	3	89	26528	85	25724	0.00563529	0.00647862	0.003	0.024	302.635	127.87	3	701	
5	5.25	3	13	2	3	107	26564	98	25063	0.00342857	0.00242411	0.003	0.017	255.745	109.245	26	533	
5	5.25	3	14	4	3	75	26500	75	26439	0.00664	0.00601943	0.003	0.017	352.52	157.503	12	757	
5	5.25	3	15	5	3	78	26506	77	25709	0.00681818	0.00627595	0.003	0.024	333.883	161.379	23	765	
5	5.25	1	16	1	3	72	26496	73	27069	0.00578082	0.00344902	0.003	0.01	370.808	193.401	34	1056	
5	5.25	1	17	2	3	71	26492	72	27036	0.00863889	0.00594886	0.003	0.017	375.5	165.254	15	693	
5	5.25	1	18	4	3	79	26510	67	23933	0.0062388	0.00461253	0.003	0.024	357.209	164.945	15	775	
5	5.25	1	19	5	3	84	26518	76	25879	0.00705263	0.00501702	0.003	0.024	340.513	183.041	23	839	
5	5.25	1	20	3	3	80	26510	76	25621	0.00705263	0.00563062	0.003	0.024	337.118	153.586	3	637	
5.25	5.5	4	1	3	3	71	26492	65	25647	0.00655385	0.00512052	0.003	0.024	394.569	164.246	71	839	
5.25	5.5	4	2	1	3	73	26496	73	26512	0.0050137	0.00487765	0.003	0.017	363.178	152.681	11	774	
5.25	5.5	4	3	4	3	72	26494	73	26313	0.00606849	0.00583173	0.003	0.017	360.452	175.282	10	685	
5.25	5.5	4	4	2	3	82	26514	79	25810	0.00486076	0.00497618	0.003	0.024	326.709	157.854	15	573	
5.25	5.5	4	5	5	3	91	26532	85	24951	0.00365882	0.00277983	0.003	0.017	293.541	140.988	26	621	
5.25	5.5	2	6	3	3	58	26466	39	15969	0.00479487	0.00572703	0.003	0.024	409.462	217.665	12	839	
5.25	5.5	2	7	2	3	51	26452	51	26939	0.0087647	0.0069587	0.003	0.017	528.216	208	90	1056	
5.25	5.5	2	8	5	3	55	26460	55	25609	0.00872727	0.00688115	0.003	0.017	465.618	187.785	58	909	
5.25	5.5	2	9	1	3	49	26448	49	25331	0.009	0.007	0.003	0.017	516.959	253.308	26	1056	
5.25	5.5	2	10	4	3	54	26458	53	26840	0.00881132	0.00682771	0.003	0.017	506.415	290.778	28	1056	
5.25	5.5	3	11	1	3	93	26536	81	24570	0.00351852	0.00288145	0.003	0.024	303.333	104.222	7	533	
5.25	5.5	3	12	3	3	84	26518	85	26666	0.00637647	0.00721436	0.003	0.024	313.718	131.95	51	533	
5.25	5.5	3	13	2	3	110	26570	97	22885	0.00343299	0.00299968	0.003	0.024	235.928	125.095	26	469	
5.25	5.5	3	14	4	3	78	26506	79	26343	0.00698734	0.00630932	0.003	0.017	333.456	148.483	23	762	
5.25	5.5	3	15	5	3	80	26510	80	26992	0.0067625	0.0060947	0.003	0.017	337.4	132.724	57	757	
5.25	5.5	1	16	1	3	72	26494	71	25921	0.00595775	0.00348235	0.003	0.01	365.085	162.481	34	717	
5.25	5.5	1	17	2	3	72	26494	71	26636	0.00832394	0.00585241	0.003	0.017	375.155	156.93	67	765	
5.25	5.5	1	18	4	3	85	26520	73	24036	0.00616438	0.00509088	0.003	0.024	329.26	142.999	23	693	
5.25	5.5	1	19	5	3	81	26512	73	23859	0.00568493	0.00489863	0.003	0.024	326.836	152.998	11	693	
5.25	5.5	1	20	3	3	80	26510	71	24999	0.00576056	0.0050863	0.003	0.024	352.099	161.607	15	749	
5.5	5.75	4	1	3	3	80	26510	71	23006	0.00467606	0.00400633	0.003	0.024	324.028	150.701	11	573	
5.5	5.75	4	2	1	3	70	26490	70	25780	0.0065	0.00592893	0.003	0.017	368.286	162.788	90	773	
5.5	5.75	4	3	4	3	69	26488	68	26150	0.00588235	0.0055732	0.003	0.017	384.559	171.533	34	1056	
5.5	5.75	4	4	2	3	80	26510	68	23954	0.00464706	0.00454419	0.003	0.024	352.265	160.908	7	645	
5.5	5.75	4	5	5	3	81	26514	67	21191	0.003	0	0.003	0.003	316.284	141.692	32	621	
5.5	5.75	2	6	3	3	75	26500	72	26618	0.00426389	0.00377536	0.003	0.017	369.694	191.144	20	839	
5.5	5.75	2	7	2	3	62	26474	64	27245	0.00595312	0.00555043	0.003	0.017	425.703	223.55	90	1056	
5.5	5.75	2	8	5	3	64	26478	64	27935	0.00617187	0.0057059	0.003	0.017	436.484	246.742	10	1056	
5.5	5.75	2	9	1	3	62	26474	63	28279	0.00533333	0.00518372	0.003	0.017	448.873	227.441	93	1056	
5.5	5.75	2	10	4	3	53	26458	57	28358	0.00631579	0.00562887	0.003	0.017	497.509	198.302	93	871	
5.5	5.75	3	11	1	3	77	26504	65	21644	0.00450769	0.00419495	0.003	0.024	332.985	129.947	15	573	
5.5	5.75	3	12	3	3	78	26506	70	23079	0.0057	0.00523464	0.003	0.024	329.7	127.377	23	701	
5.5	5.75	3	13	2	3	90	26532	80	23621	0.0055375	0.00570575	0.003	0.024	295.262	139.463	26	597	
5.5	5.75	3	14	4	3	71	26496	71	25813	0.00674648	0.00540031	0.003	0.017	363.563	189.574	15	1056	
5.5	5.75	3	15	5	3	67	26484	68	26068	0.00711765	0.00582975	0.003	0.017	383.353	216.361	31	1056	
5.5	5.75	1	16	1	3	55	26460	56	26462	0.006375	0.00352942	0.003	0.01	472.536	227.518	58	1056	
5.5	5.75	1	17	2	3	72	26494	73	26544	0.00760274	0.0064134	0.003	0.017	363.616	143.413	66	701	
5.5	5.75	1	18	4	3	76	26502	61	21628	0.00472131	0.00472275	0.003	0.024	354.557	114.328	101	589	
5.5	5.75	1	19	5	3	79	26508	68	25045	0.00567647	0.00580386	0.003	0.024	368.309	168.115	49	849	
5.5	5.75	1	20	3	3	72	26496	65	24603	0.00666154	0.00678988	0.003	0.024	378.508	134.503	59	685	
5.75	6	4	1	3	3	75	26500	70	24836	0.0069	0.00500478	0.003	0.017	354.8	174.704	34	839	
5.75	6	4	2	1	3	70	26490	71	27589	0.00625352	0.00589605	0.003	0.017	388.577	175.4	27	773	
5.75	6	4	3	4	3	67	26486	67	26693	0.00676119	0.0061326	0.003	0.017	398.403	158.245	23	685	
5.75	6	4	4	2	3	76	26502	73	25571	0.00578082	0.00614466	0.003	0.024	350.288	153.894	49	839	
5.75	6	4	5	5	3	90	26530	74	22528	0.00337838	0.00197035	0.003	0.017	304.432	140.328	15	597	
5.75	6	2	6	3	3	58	26466	47	22103	0.00627659	0.00599167	0.003	0.017	470.277	249.665	49	1056	
5.75	6	2	7	2	3	52	26454	50	25782	0.00888	0.00697997	0.003	0.017	515.64	203.167	90	1056	
5.75	6	2	8	5	3	49	26448	49	25286	0.00957143	0.00705927	0.003	0.017	516.041	220.799	73	1056	
5.75	6	2	9	1	3	47	26444	46	24905	0.0103043	0.00707066	0.003	0.017	541.413	279.097	28	1056	
5.75	6	2	10	4	3	48	26446	48	26648	0.01	0.00707408	0.003	0.017	555.167	246.546	93	1056	
5.75	6	3	11	1	3	83	26516	73	23039	0.00472603	0.00433096	0.003	0.024	315.603	144.559	15	573	
5.75	6	3	12	3	3	83	26516	82	26552	0.00530488	0.00492584	0.003	0.024	323.805	129.105	57	765	
5.75	6	3	13	2	3	93	26128	84	23685	0.0045	0.00461924	0.003	0.024	281.964	135.516	23	566	
5.75	6	3	14	4	3	80	26510	80	27391	0.0062375	0.00533497	0.003	0.017	342.387	191.897	10	1056	
5.75	6	3	15	5	3	81	26512	81	27597	0.00576543	0.00515333	0.003	0.017	340.704	158.887	39	839	
5.75	6	1	16	1	3	59	26470	59	26929	0.00727119	0.00344329	0.003	0.01	456.424	228.558	10	1056	
5.75	6	1	17	2	3	64	26478	64	26725	0.00989062	0.00578207	0.003	0.017	417.578	142.164	106	669	
5.75	6	1	18	4	3	65	26480	51	20216	0.00766667	0.00457238	0.003	0.017	396.392	164.138	18	717	
5.75	6	1	19	5	3	66	26484	64	26224	0.00934375	0.00581246	0.003	0.017	409.75	170.429	73	734	
5.75	6	1	20	3	3	70	26492	68	26005	0.00866176	0.00583251	0.003	0.017	382.426	160.523	34	754	
6	6.25	4	1	3	3	77	26504	64	23557	0.00475	0.00432049	0.003	0.024	368.078	142.946	49	621	
6	6.25	4	2	1	3	65	26480	64	25285	0.007375	0.00654047	0.003	0.017	395.078	154.186	27	773	
6	6.25	4	3	4	3	67	26484	67	25893	0.00686567	0.00624717	0.003	0.017	386.463	167.767	10	685	
6	6.25	4	4	2	3	78	26506	65	21776	0.00396923	0.00368684	0.003	0.024	335.015	141.909	49	685	
6	6.25	4	5	5	3	93	26536	79	22947	0.00317721	0.00157512	0.003	0.017	290.468	149.797	32	621	
6	6.25	2	6	3	3	70	26490	60	23477	0.003	0	0.003	0.003	391.283	196.262	12	839	
6	6.25	2	7	2	3	60	26470	62	27142	0.00503226	0.00497195	0.003	0.017	437.774	210.888	90	871	
6	6.25	2	8	5	3	64	26478	66	27924	0.00554545	0.0054411	0.003	0.017	423.091	205.181	10	985	
6	6.25	2	9	1	3	60	26470	60	27718	0.0051	0.00504119	0.003	0.017	461.967	209.999	90	1056	
6	6.25	2	10	4	3	59	26468	60	27041	0.00533333	0.00526152	0.003	0.017	450.683	243.199	90	1056	
6	6.25	3	11	1	3	79	26508	61	20512	0.00414754	0.00463981	0.003	0.024	336.262	129.284	49	693	
6	6.25	3	12	3	3	73	26498	64	20976	0.0065	0.00748331	0.003	0.024	327.75	121.503	57	586	
6	6.25	3	13	2	3	100	26958	85	22191	0.00365882	0.00352053	0.003	0.024	261.071	135.439	26	533	
6	6.25	3	14	4	3	60	26472	60	25890	0.00871667	0.00675752	0.003	0.017	431.5	214.446	73	1056	
6	6.25	3	15	5	3	64	26480	64	25331	0.0086875	0.00681705	0.003	0.017	395.797	205.823	57	1001	
6	6.25	1	16	1	3	62	26474	62	26354	0.0065	0.00352857	0.003	0.01	425.065	234.944	10	1056	
6	6.25	1	17	2	3	71	26492	71	26552	0.00812676	0.00636717	0.003	0.017	373.972	136.547	75	701	
6	6.25	1	18	4	3	81	26512	65	22425	0.0044	0.00414126	0.003	0.024	345	124.317	49	621	
6	6.25	1	19	5	3	81	26512	67	23887	0.00425373	0.0045472	0.003	0.024	356.522	163.249	8	589	
6	6.25	1	20	3	3	81	26512	73	24545	0.00654794	0.00710837	0.003	0.024	336.233	143.122	34	573	
6.25	6.5	4	1	3	3	71	26492	62	23129	0.00796774	0.00572303	0.003	0.024	373.048	151.866	83	749	
6.25	6.5	4	2	1	3	62	26474	62	26746	0.00774193	0.00667988	0.003	0.017	431.387	165.199	34	773	
6.25	6.5	4	3	4	3	71	26492	71	26916	0.00773239	0.00666967	0.003	0.017	379.099	164.007	55	839	
6.25	6.5	4	4	2	3	76	26502	69	24783	0.00634783	0.00607508	0.003	0.024	359.174	140.964	18	645	
6.25	6.5	4	5	5	3	84	26518	64	21037	0.00332812	0.0019441	0.003	0.017	328.703	134.974	32	573	
6.25	6.5	2	6	3	3	58	26466	42	18641	0.00433333	0.00415942	0.003	0.017	443.833	180.08	101	749	
6.25	6.5	2	7	2	3	55	26460	53	25884	0.00749057	0.00659727	0.003	0.017	488.377	249.172	28	1056	
6.25	6.5	2	8	5	3	55	26460	53	25330	0.00828302	0.0068511	0.003	0.017	477.925	208.73	7	1056	
6.25	6.5	2	9	1	3	50	26450	50	24719	0.00832	0.0068644	0.003	0.017	494.38	202.576	93	1056	
6.25	6.5	2	10	4	3	52	26454	51	26065	0.00821569	0.00683612	0.003	0.017	511.078	238.931	26	1056	
6.25	6.5	3	11	1	3	75	26500	55	19363	0.00452727	0.00498462	0.003	0.024	352.055	89.0978	101	533	
6.25	6.5	3	12	3	3	75	26500	70	25218	0.0073	0.00697895	0.003	0.024	360.257	130.233	7	765	
6.25	6.5	3	13	2	3	82	26514	59	17632	0.00323729	0.00182264	0.003	0.017	298.847	131.337	26	523	
6.25	6.5	3	14	4	3	64	26478	64	27268	0.00879687	0.00689417	0.003	0.017	426.063	198.884	74	1056	
6.25	6.5	3	15	5	3	67	26484	67	27207	0.00832836	0.00679436	0.003	0.017	406.075	182.064	71	1056	
6.25	6.5	1	16	1	3	64	26478	64	26886	0.00617187	0.00351213	0.003	0.01	420.094	204.486	10	1056	
6.25	6.5	1	17	2	3	74	26498	74	26175	0.00725676	0.00577207	0.003	0.017	353.716	165.408	57	839	
6.25	6.5	1	18	4	3	78	26506	69	23562	0.00675362	0.00503343	0.003	0.024	341.478	153.343	19	650	
6.25	6.5	1	19	5	3	82	26514	77	25499	0.00672727	0.00574373	0.003	0.024	331.156	166.412	42	839	
6.25	6.5	1	20	3	3	78	26506	71	24688	0.00684507	0.00577098	0.003	0.024	347.718	167.332	7	1056	
6.5	6.75	4	1	3	3	78	26506	69	24967	0.00675362	0.00582945	0.003	0.024	361.841	154.811	11	693	
6.5	6.75	4	2	1	3	66	26482	66	26397	0.00787879	0.00660889	0.003	0.017	399.955	151.058	11	773	
6.5	6.75	4	3	4	3	70	26490	70	26442	0.0077	0.00660555	0.003	0.017	377.743	160.928	18	757	
6.5	6.75	4	4	2	3	79	26508	69	23288	0.00573913	0.00590775	0.003	0.024	337.507	136.088	3	637	
6.5	6.75	4	5	5	3	86	26522	67	21758	0.00362686	0.00316149	0.003	0.024	324.746	135.124	32	637	
6.5	6.75	2	6	3	3	66	26482	59	23590	0.00525424	0.00510778	0.003	0.017	399.831	206.085	12	839	
6.5	6.75	2	7	2	3	50	26450	52	27026	0.00865385	0.00693636	0.003	0.017	519.731	273.012	91	1056	
6.5	6.75	2	8	5	3	55	26460	57	27590	0.00791228	0.00674082	0.003	0.017	484.035	234.331	91	1056	
6.5	6.75	2	9	1	3	51	26452	53	28564	0.00854717	0.0069131	0.003	0.017	538.943	265.386	15	1056	
6.5	6.75	2	10	4	3	52	26454	54	27126	0.00792592	0.00674845	0.003	0.017	502.333	301.97	11	1056	
6.5	6.75	3	11	1	3	74	26498	55	18815	0.0044	0.00434443	0.003	0.024	342.091	151.624	49	749	
6.5	6.75	3	12	3	3	70	26490	64	23781	0.00759375	0.00729583	0.003	0.024	371.578	144.425	57	637	
6.5	6.75	3	13	2	3	86	26522	65	18937	0.00364615	0.00296031	0.003	0.017	291.338	137.002	26	502	
6.5	6.75	3	14	4	3	63	26476	63	25998	0.00833333	0.0068533	0.003	0.017	412.667	161.763	73	838	
6.5	6.75	3	15	5	3	63	26476	63	25817	0.00877778	0.00694783	0.003	0.017	409.794	188.776	57	1056	
6.5	6.75	1	16	1	3	57	26464	57	26507	0.00668421	0.00352622	0.003	0.01	465.035	238.937	10	1056	
6.5	6.75	1	17	2	3	69	26488	69	26491	0.00847826	0.00622284	0.003	0.017	383.928	185.845	26	839	
6.5	6.75	1	18	4	3	67	26484	52	20979	0.00555769	0.00416528	0.003	0.024	403.442	167.237	55	839	
6.5	6.75	1	19	5	3	72	26494	63	24067	0.00611111	0.00514973	0.003	0.024	382.016	199.024	13	749	
6.5	6.75	1	20	3	3	73	26496	67	24954	0.00707463	0.00634921	0.003	0.024	372.448	157.826	83	839	
6.75	7	4	1	3	3	80	26510	57	19982	0.00385965	0.00325926	0.003	0.024	350.561	130.939	49	693	
6.75	7	4	2	1	3	63	26476	63	26604	0.00877778	0.00694783	0.003	0.017	422.286	176.876	28	865	
6.75	7	4	3	4	3	65	26480	65	27222	0.00838461	0.00686406	0.003	0.017	418.8	189.741	73	1056	
6.75	7	4	4	2	3	82	26514	64	21170	0.003875	0.00363624	0.003	0.024	330.781	127.927	49	533	
6.75	7	4	5	5	3	81	26512	58	20748	0.003	0	0.003	0.003	357.724	124.598	75	621	
6.75	7	2	6	3	3	69	26488	59	24809	0.00347458	0.00255529	0.003	0.017	420.492	193.702	49	839	
6.75	7	2	7	2	3	61	26472	59	25325	0.00513559	0.00507685	0.003	0.017	429.237	192.037	90	871	
6.75	7	2	8	5	3	62	26474	60	25584	0.00556667	0.00546287	0.003	0.017	426.4	208.945	10	839	
6.75	7	2	9	1	3	61	26472	58	25032	0.00517241	0.00511324	0.003	0.017	431.586	224.745	90	1056	
6.75	7	2	10	4	3	62	26474	60	25416	0.00463333	0.00453224	0.003	0.017	423.6	180.505	90	775	
6.75	7	3	11	1	3	74	26498	51	19795	0.00327451	0.00196039	0.003	0.017	388.137	104.127	49	685	
6.75	7	3	12	3	3	70	26490	57	20734	0.00619298	0.00675447	0.003	0.024	363.754	129.027	59	701	
6.75	7	3	13	2	3	90	26530	67	18863	0.003	0	0.003	0.003	281.537	112.836	26	517	
6.75	7	3	14	4	3	55	26460	56	26471	0.01	0.00706335	0.003	0.017	472.696	235.14	26	1056	
6.75	7	3	15	5	3	59	26468	59	26667	0.00952542	0.00722151	0.003	0.024	451.983	192.353	57	839	
6.75	7	1	16	1	3	56	26462	55	25670	0.00681818	0.00351763	0.003	0.01	466.727	212.776	58	1056	
6.75	7	1	17	2	3	74	26498	73	26277	0.00817808	0.00680552	0.003	0.024	359.959	102.542	117	637	
6.75	7	1	18	4	3	77	26504	54	20624	0.00312963	0.000952579	0.003	0.01	381.926	122.793	101	621	
6.75	7	1	19	5	3	79	26508	57	21931	0.00459649	0.00418697	0.003	0.024	384.754	126.582	49	741	
6.75	7	1	20	3	3	76	26502	61	22788	0.00655738	0.00718685	0.003	0.024	373.574	123.241	101	573	
7	7.25	4	1	3	3	76	26502	58	21861	0.00481034	0.00405427	0.003	0.017	376.914	155.668	91	967	
7	7.25	4	2	1	3	61	26472	61	26253	0.0087377	0.00694239	0.003	0.017	430.377	189.042	93	874	
7	7.25	4	3	4	3	58	26466	58	25062	0.00903448	0.00699365	0.003	0.017	432.103	166.379	55	909	
7	7.25	4	4	2	3	77	26504	59	21379	0.00454237	0.00504573	0.003	0.024	362.356	132.037	49	839	
7	7.25	4	5	5	3	86	26522	62	20193	0.00322581	0.001778	0.003	0.017	325.694	107.953	75	549	
7	7.25	2	6	3	3	81	26512	70	24171	0.0037	0.00270453	0.003	0.017	345.3	169.407	12	693	
7	7.25	2	7	2	3	60	26470	61	27431	0.00598361	0.00578069	0.003	0.017	449.689	164.229	90	839	
7	7.25	2	8	5	3	68	26486	70	27376	0.0066	0.00592807	0.003	0.017	391.086	229.84	10	1056	
7	7.25	2	9	1	3	61	26472	64	27912	0.00573437	0.00538146	0.003	0.017	436.125	220.945	7	1056	
7	7.25	2	10	4	3	62	26474	62	26966	0.00570968	0.00543029	0.003	0.017	434.935	197.307	90	871	
7	7.25	3	11	1	3	78	26506	57	19926	0.00324561	0.00129946	0.003	0.01	349.579	106.484	49	533	
7	7.25	3	12	3	3	70	26490	57	21212	0.00582456	0.0063249	0.003	0.024	372.14	99.2474	170	637	
7	7.25	3	13	2	3	87	26524	66	20340	0.00331818	0.00191479	0.003	0.017	308.182	122.899	26	437	
7	7.25	3	14	4	3	60	26472	60	26068	0.00848333	0.00683087	0.003	0.017	434.467	248.674	73	1056	
7	7.25	3	15	5	3	59	26470	59	25843	0.00833898	0.00679658	0.003	0.017	438.017	213.804	57	1056	
7	7.25	1	16	1	3	60	26472	61	27152	0.00586885	0.00347119	0.003	0.01	445.115	238.105	10	1056	
7	7.25	1	17	2	3	76	26502	77	26915	0.00727273	0.00633835	0.003	0.024	349.545	134.487	42	669	
7	7.25	1	18	4	3	71	26492	56	22388	0.004625	0.00377341	0.003	0.024	399.786	119.051	49	621	
7	7.25	1	19	5	3	82	26514	70	24139	0.0045	0.0042792	0.003	0.024	344.843	121.524	101	685	
7	7.25	1	20	3	3	79	26508	70	25697	0.0057	0.00575175	0.003	0.024	367.1	134.369	49	685	
7.25	7.5	4	1	3	3	82	26514	68	22912	0.0052647	0.00519362	0.003	0.024	336.941	147.062	15	621	
7.25	7.5	4	2	1	3	67	26484	67	26579	0.00780597	0.00658566	0.003	0.017	396.701	139.448	90	865	
7.25	7.5	4	3	4	3	72	26496	72	27158	0.00708333	0.00629945	0.003	0.017	377.194	162.611	73	1056	
7.25	7.5	4	4	2	3	81	26512	66	21515	0.00501515	0.00531903	0.003	0.024	325.985	112.797	49	589	
7.25	7.5	4	5	5	3	89	26528	70	21529	0.0035	0.00299637	0.003	0.024	307.557	140.612	75	597	
7.25	7.5	2	6	3	3	70	26490	62	24015	0.00401613	0.00376999	0.003	0.024	387.339	177.149	11	1009	
7.25	7.5	2	7	2	3	59	26468	61	27330	0.00609836	0.00578995	0.003	0.017	448.033	187.806	90	1056	
7.25	7.5	2	8	5	3	67	26484	66	26165	0.0059697	0.00563497	0.003	0.017	396.439	196.186	10	693	
7.25	7.5	2	9	1	3	63	26476	63	26476	0.00588889	0.00557098	0.003	0.017	420.254	199.493	18	839	
7.25	7.5	2	10	4	3	62	26474	64	27040	0.00551562	0.0053452	0.003	0.017	422.5	173.002	7	775	
7.25	7.5	3	11	1	3	74	26498	54	18349	0.00403704	0.00417071	0.003	0.024	339.796	109.306	19	573	
7.25	7.5	3	12	3	3	74	26498	65	23166	0.00666154	0.00690171	0.003	0.024	356.4	125.644	57	701	
7.25	7.5	3	13	2	3	88	26526	67	19334	0.00362686	0.00291722	0.003	0.017	288.567	129.291	26	469	
7.25	7.5	3	14	4	3	62	26476	62	26477	0.00864516	0.00668764	0.003	0.017	427.048	202.983	73	1056	
7.25	7.5	3	15	5	3	63	26478	63	27245	0.00866667	0.00709611	0.003	0.024	432.46	236.547	57	1056	
7.25	7.5	1	16	1	3	63	26476	63	26588	0.00622222	0.00351698	0.003	0.01	422.032	198.145	10	1056	
7.25	7.5	1	17	2	3	73	26496	73	26479	0.00779452	0.00637695	0.003	0.017	362.726	151.768	57	1056	
7.25	7.5	1	18	4	3	76	26502	58	21795	0.00396552	0.00276549	0.003	0.017	375.776	158.288	49	637	
7.25	7.5	1	19	5	3	82	26514	66	21548	0.00459091	0.00364154	0.003	0.017	326.485	164.541	49	1056	
7.25	7.5	1	20	3	3	78	26506	66	23763	0.00607576	0.00603148	0.003	0.024	360.045	137.35	18	685	
7.5	7.75	4	1	3	3	79	26508	62	22638	0.00503226	0.00408503	0.003	0.017	365.129	135.829	7	621	
7.5	7.75	4	2	1	3	66	26482	66	26091	0.00819697	0.00664766	0.003	0.017	395.318	189.367	11	1056	
7.5	7.75	4	3	4	3	69	26490	69	26199	0.00766667	0.00653872	0.003	0.017	379.696	179.345	58	1056	
7.5	7.75	4	4	2	3	84	26518	69	23038	0.00391304	0.00377974	0.003	0.024	333.884	121.48	49	533	
7.5	7.75	4	5	5	3	82	26514	62	20249	0.00333871	0.00151434	0.003	0.01	326.597	125.972	32	621	
7.5	7.75	2	6	3	3	72	26494	65	25005	0.00375385	0.00352682	0.003	0.024	384.692	206.341	49	839	
7.5	7.75	2	7	2	3	65	26480	64	26561	0.00584375	0.00567707	0.003	0.017	415.016	205.82	7	1056	
7.5	7.75	2	8	5	3	62	26474	63	26793	0.00522222	0.00515703	0.003	0.017	425.286	204.683	10	1056	
7.5	7.75	2	9	1	3	59	26468	59	26551	0.00561017	0.00549927	0.003	0.017	450.017	195.157	90	1056	
7.5	7.75	2	10	4	3	57	26464	57	26560	0.00521053	0.00515037	0.003	0.017	465.965	174.336	90	775	
7.5	7.75	3	11	1	3	74	26498	51	17529	0.00327451	0.00196039	0.003	0.017	343.706	117.409	101	573	
7.5	7.75	3	12	3	3	70	26490	57	19928	0.00631579	0.00675901	0.003	0.024	349.614	102.914	57	534	
7.5	7.75	3	13	2	3	84	26518	62	19384	0.00322581	0.001778	0.003	0.017	312.645	119.823	26	442	
7.5	7.75	3	14	4	3	58	26466	58	26917	0.00927586	0.00702325	0.003	0.017	464.086	197.917	73	1056	
7.5	7.75	3	15	5	3	62	26474	62	26190	0.00932258	0.00735911	0.003	0.024	422.419	203.273	57	1056	
7.5	7.75	1	16	1	3	55	26460	54	25668	0.0065	0.00353286	0.003	0.01	475.333	224.093	113	1056	
7.5	7.75	1	17	2	3	74	26498	74	26579	0.00772973	0.00646232	0.003	0.024	359.176	146.067	23	701	
7.5	7.75	1	18	4	3	82	26514	63	21442	0.00388889	0.00234941	0.003	0.01	340.349	148.668	49	693	
7.5	7.75	1	19	5	3	78	26506	64	23731	0.00529687	0.00414683	0.003	0.017	370.797	159.2	11	757	
7.5	7.75	1	20	3	3	83	26516	75	24804	0.00617333	0.0067391	0.003	0.024	330.72	151.688	31	686	
7.75	8	4	1	3	3	78	26506	62	23587	0.00537097	0.0045601	0.003	0.017	380.435	96.6207	106	597	
7.75	8	4	2	1	3	66	26482	66	27069	0.00819697	0.00676011	0.003	0.017	410.136	170.158	34	1056	
7.75	8	4	3	4	3	65	26480	65	26691	0.00816923	0.00680893	0.003	0.017	410.631	176.327	3	909	
7.75	8	4	4	2	3	79	26508	61	21805	0.00414754	0.0036553	0.003	0.017	357.459	135.773	49	637	
7.75	8	4	5	5	3	80	26510	55	19032	0.003	0	0.003	0.003	346.036	111.88	32	597	
7.75	8	2	6	3	3	71	26492	60	23035	0.00416667	0.00390205	0.003	0.024	383.917	188.01	18	839	
7.75	8	2	7	2	3	60	26470	63	27253	0.00655555	0.00614286	0.003	0.017	432.587	210.523	28	967	
7.75	8	2	8	5	3	69	26488	69	26488	0.00584058	0.00554294	0.003	0.017	383.884	223.299	10	1056	
7.75	8	2	9	1	3	58	26466	58	26183	0.0065	0.00604443	0.003	0.017	451.431	225.822	7	1056	
7.75	8	2	10	4	3	59	26468	59	26671	0.00584746	0.00553302	0.003	0.017	452.051	175.656	90	775	
7.75	8	3	11	1	3	74	26498	51	18744	0.00382353	0.00411682	0.003	0.024	367.529	115.663	101	589	
7.75	8	3	12	3	3	69	26488	58	22305	0.00674138	0.00696498	0.003	0.024	384.569	115.035	57	646	
7.75	8	3	13	2	3	82	26514	57	18214	0.003	0	0.003	0.003	319.544	117.896	26	469	
7.75	8	3	14	4	3	59	26468	59	26017	0.0089322	0.00697746	0.003	0.017	440.966	193.141	73	1056	
7.75	8	3	15	5	3	64	26478	64	26055	0.00879687	0.00689417	0.003	0.017	407.109	221.564	57	881	
7.75	8	1	16	1	3	66	26484	67	26825	0.00602985	0.00349446	0.003	0.01	400.373	181.094	10	717	
7.75	8	1	17	2	3	71	26492	71	26121	0.00753521	0.006272	0.003	0.017	367.901	145.494	55	637	
7.75	8	1	18	4	3	72	26494	57	21454	0.00459649	0.00296322	0.003	0.01	376.386	159.617	49	839	
7.75	8	1	19	5	3	83	26516	69	23585	0.00513043	0.0043788	0.003	0.024	341.812	124.173	39	621	
7.75	8	1	20	3	3	83	26516	70	23292	0.0049	0.00428394	0.003	0.024	332.743	149.628	10	621	
8	8.25	4	1	3	3	72	26494	66	25101	0.00777273	0.00523243	0.003	0.017	380.318	175.125	34	839	
8	8.25	4	2	1	3	70	26490	70	26849	0.0072	0.00635108	0.003	0.017	383.557	155.973	28	839	
8	8.25	4	3	4	3	71	26492	71	26788	0.00654929	0.00613372	0.003	0.017	377.296	174.691	7	757	
8	8.25	4	4	2	3	77	26504	75	26124	0.00636	0.00623556	0.003	0.024	348.32	147.541	3	710	
8	8.25	4	5	5	3	89	26528	73	22855	0.00386301	0.00307461	0.003	0.017	313.082	138.165	49	597	
8	8.25	2	6	3	3	57	26464	36	13694	0.00377778	0.00325235	0.003	0.017	380.389	194.968	49	839	
8	8.25	2	7	2	3	49	26448	47	25390	0.00985106	0.00707408	0.003	0.017	540.213	205.897	91	1056	
8	8.25	2	8	5	3	53	26456	51	25630	0.0087647	0.0069587	0.003	0.017	502.549	231.036	10	1056	
8	8.25	2	9	1	3	52	26454	51	25972	0.0104118	0.00705741	0.003	0.017	509.255	268.303	26	1056	
8	8.25	2	10	4	3	53	26456	52	25584	0.00973077	0.00706306	0.003	0.017	492	253.848	7	1056	
8	8.25	3	11	1	3	76	26502	63	22819	0.00488889	0.00473869	0.003	0.017	362.206	127.286	101	637	
8	8.25	3	12	3	3	72	26496	73	26730	0.00750685	0.00693847	0.003	0.024	366.164	140.92	42	669	
8	8.25	3	13	2	3	84	26518	68	20724	0.00444118	0.00428598	0.003	0.017	304.765	135.065	32	626	
8	8.25	3	14	4	3	69	26492	69	28095	0.00776811	0.00651953	0.003	0.017	407.174	197.372	17	1056	
8	8.25	3	15	5	3	66	26484	67	27940	0.00770149	0.00660582	0.003	0.017	417.015	197.601	73	1056	
8	8.25	1	16	1	3	70	26490	70	26848	0.0064	0.00352383	0.003	0.01	383.543	230.65	10	1056	
8	8.25	1	17	2	3	71	26492	70	26706	0.0086	0.00602988	0.003	0.017	381.514	171.598	18	669	
8	8.25	1	18	4	3	77	26504	68	23530	0.00783823	0.00544336	0.003	0.024	346.029	165.742	10	645	
8	8.25	1	19	5	3	80	26510	72	24904	0.00679167	0.00537584	0.003	0.024	345.889	171.08	7	693	
8	8.25	1	20	3	3	75	26500	69	25387	0.00797101	0.00690688	0.003	0.024	367.928	179.322	19	833	
8.25	8.5	4	1	3	3	72	26494	69	26248	0.00746377	0.00599897	0.003	0.024	380.406	187.422	18	871	
8.25	8.5	4	2	1	3	66	26482	66	26475	0.00586364	0.00562381	0.003	0.017	401.136	161.04	34	669	
8.25	8.5	4	3	4	3	68	26486	67	26340	0.00613433	0.00587985	0.003	0.017	393.134	201.077	3	775	
8.25	8.5	4	4	2	3	78	26506	75	26196	0.00514667	0.00514307	0.003	0.024	349.28	186.805	49	1056	
8.25	8.5	4	5	5	3	86	26306	77	24318	0.00418182	0.00383449	0.003	0.017	315.818	161.367	8	839	
8.25	8.5	2	6	3	3	59	26468	41	17511	0.00385366	0.00320594	0.003	0.017	427.098	164.399	42	621	
8.25	8.5	2	7	2	3	46	26442	46	26354	0.00969565	0.00707066	0.003	0.017	572.913	272.034	93	1056	
8.25	8.5	2	8	5	3	54	26458	54	26234	0.00818518	0.00682414	0.003	0.017	485.815	228.798	73	1056	
8.25	8.5	2	9	1	3	53	26456	55	26763	0.00885454	0.00696929	0.003	0.017	486.6	242.548	26	1056	
8.25	8.5	2	10	4	3	51	26452	52	26550	0.00851923	0.00683844	0.003	0.017	510.577	222.07	90	1056	
8.25	8.5	3	11	1	3	79	26508	69	22000	0.00401449	0.00345344	0.003	0.024	318.841	148.518	7	741	
8.25	8.5	3	12	3	3	84	26518	79	25643	0.00521519	0.00566517	0.003	0.024	324.595	143.716	57	775	
8.25	8.5	3	13	2	3	101	26554	92	23839	0.00391304	0.0040482	0.003	0.024	259.12	139.266	7	517	
8.25	8.5	3	14	4	3	73	26496	74	26264	0.00621622	0.00581512	0.003	0.017	354.919	145.611	11	685	
8.25	8.5	3	15	5	3	75	26500	74	26330	0.00678378	0.00615167	0.003	0.017	355.811	161.486	73	1056	
8.25	8.5	1	16	1	3	66	26482	66	26388	0.00639394	0.0035252	0.003	0.01	399.818	170.691	34	913	
8.25	8.5	1	17	2	3	72	26494	73	26608	0.00827397	0.00592373	0.003	0.017	364.493	173.789	18	669	
8.25	8.5	1	18	4	3	82	26514	71	24147	0.00625352	0.0047078	0.003	0.024	340.099	154.313	49	645	
8.25	8.5	1	19	5	3	76	26504	73	25824	0.00673973	0.00535679	0.003	0.024	353.753	163.482	18	693	
8.25	8.5	1	20	3	3	79	26508	79	26396	0.00743038	0.00635828	0.003	0.024	334.127	165.735	12	693	
8.5	8.75	4	1	3	3	67	26484	64	25901	0.00748437	0.00548878	0.003	0.024	404.703	182.835	49	1056	
8.5	8.75	4	2	1	3	63	26476	63	26232	0.00511111	0.00497124	0.003	0.017	416.381	223.695	31	967	
8.5	8.75	4	3	4	3	67	26484	68	26993	0.00567647	0.00541265	0.003	0.017	396.956	207.776	31	1056	
8.5	8.75	4	4	2	3	79	26508	77	26206	0.00527273	0.00525817	0.003	0.024	340.338	180.848	7	839	
8.5	8.75	4	5	5	3	78	26724	76	26998	0.00539474	0.0053068	0.003	0.024	355.237	191.547	32	957	
8.5	8.75	2	6	3	3	53	26456	31	14319	0.00367742	0.00210376	0.003	0.01	461.903	196.54	101	749	
8.5	8.75	2	7	2	3	49	26448	49	26536	0.0101429	0.00707107	0.003	0.017	541.551	209.787	93	1056	
8.5	8.75	2	8	5	3	53	26456	53	26288	0.0101321	0.00706573	0.003	0.017	496	214.812	58	1056	
8.5	8.75	2	9	1	3	46	26442	46	26715	0.0106087	0.00705054	0.003	0.017	580.761	288.584	92	1056	
8.5	8.75	2	10	4	3	47	26444	47	27111	0.0107447	0.00703553	0.003	0.017	576.83	276.266	28	1056	
8.5	8.75	3	11	1	3	84	26518	72	24378	0.00465278	0.00518709	0.003	0.024	338.583	162.895	15	839	
8.5	8.75	3	12	3	3	79	26508	77	25519	0.006	0.00636603	0.003	0.024	331.416	151.91	56	825	
8.5	8.75	3	13	2	3	102	26554	92	24238	0.00421739	0.00435468	0.003	0.024	263.457	161.219	23	781	
8.5	8.75	3	14	4	3	66	26482	65	26093	0.00816923	0.00680893	0.003	0.017	401.431	146.745	10	669	
8.5	8.75	3	15	5	3	74	26498	74	26298	0.00744594	0.0067136	0.003	0.024	355.378	129.051	42	605	
8.5	8.75	1	16	1	3	73	26496	72	26374	0.00620833	0.0035123	0.003	0.01	366.306	176.182	10	749	
8.5	8.75	1	17	2	3	75	26500	75	26388	0.00813333	0.00601649	0.003	0.017	351.84	194.18	34	838	
8.5	8.75	1	18	4	3	82	26514	71	24483	0.00625352	0.00499634	0.003	0.024	344.831	160.173	35	597	
8.5	8.75	1	19	5	3	80	26510	75	26361	0.00757333	0.00645813	0.003	0.024	351.48	145.245	27	621	
8.5	8.75	1	20	3	3	78	26506	73	25790	0.00760274	0.00651865	0.003	0.024	353.288	176.113	33	621	
8.75	9	4	1	3	3	74	26498	63	23913	0.00522222	0.00450249	0.003	0.017	379.571	193.243	18	749	
8.75	9	4	2	1	3	57	26464	58	26929	0.00855172	0.00690835	0.003	0.017	464.293	144.663	90	839	
8.75	9	4	3	4	3	61	26472	61	26044	0.00827869	0.00684137	0.003	0.017	426.951	182.338	34	839	
8.75	9	4	4	2	3	77	26504	66	22907	0.00480303	0.004645	0.003	0.017	347.076	172.424	11	749	
8.75	9	4	5	5	3	79	26508	65	21667	0.00450769	0.00437365	0.003	0.017	333.338	160.436	32	621	
8.75	9	2	6	3	3	67	26484	55	21604	0.00350909	0.00183457	0.003	0.01	392.8	196.565	7	1009	
8.75	9	2	7	2	3	59	26468	59	27031	0.00608474	0.00585246	0.003	0.017	458.153	186.386	90	967	
8.75	9	2	8	5	3	61	26472	62	27536	0.00559677	0.00541237	0.003	0.017	444.129	223.022	42	1056	
8.75	9	2	9	1	3	59	26468	60	27231	0.00603333	0.00567172	0.003	0.017	453.85	187.177	92	775	
8.75	9	2	10	4	3	60	26470	62	27046	0.00616129	0.00590136	0.003	0.017	436.226	232.319	90	1056	
8.75	9	3	11	1	3	77	26504	60	19934	0.0037	0.00380143	0.003	0.024	332.233	108.764	111	533	
8.75	9	3	12	3	3	71	26492	59	20144	0.0059661	0.00626145	0.003	0.024	341.424	120.158	35	589	
8.75	9	3	13	2	3	97	26544	77	22394	0.00354545	0.00336212	0.003	0.024	290.831	142.908	26	469	
8.75	9	3	14	4	3	62	26474	62	25715	0.00841935	0.00687487	0.003	0.017	414.758	183.246	15	1056	
8.75	9	3	15	5	3	64	26478	64	25687	0.00835937	0.00680188	0.003	0.017	401.359	239.307	57	1056	
8.75	9	1	16	1	3	61	26472	62	26330	0.00627419	0.00352122	0.003	0.01	424.677	227.934	10	1056	
8.75	9	1	17	2	3	72	26494	73	26915	0.0079863	0.00664892	0.003	0.024	368.699	188.198	27	1056	
8.75	9	1	18	4	3	80	26510	64	23469	0.00409375	0.00335099	0.003	0.024	366.703	127.416	57	693	
8.75	9	1	19	5	3	78	26506	64	23709	0.00475	0.00394405	0.003	0.024	370.453	152.192	101	621	
8.75	9	1	20	3	3	82	26514	72	24874	0.005625	0.00637433	0.003	0.024	345.472	139.134	49	589	
9	9.25	4	1	3	3	69	26488	61	24512	0.00781967	0.00535259	0.003	0.017	401.836	162.508	63	839	
9	9.25	4	2	1	3	65	26480	66	27149	0.00724242	0.00648326	0.003	0.017	411.348	186.922	34	1056	
9	9.25	4	3	4	3	75	26500	77	27268	0.00681818	0.00627595	0.003	0.017	354.13	165.736	42	839	
9	9.25	4	4	2	3	84	26518	79	25687	0.00565823	0.00606775	0.003	0.024	325.152	164.276	42	693	
9	9.25	4	5	5	3	84	26518	73	22988	0.00405479	0.00398571	0.003	0.024	314.904	164.961	7	621	
9	9.25	2	6	3	3	54	26458	33	14345	0.00384848	0.00290604	0.003	0.017	434.697	186.821	49	839	
9	9.25	2	7	2	3	53	26456	54	25519	0.00974074	0.00706088	0.003	0.017	472.574	222.913	26	1056	
9	9.25	2	8	5	3	54	26458	53	25330	0.00907547	0.00700508	0.003	0.017	477.925	192.076	73	909	
9	9.25	2	9	1	3	51	26452	51	25992	0.0101373	0.00706829	0.003	0.017	509.647	227.723	26	1056	
9	9.25	2	10	4	3	49	26448	48	26168	0.00970833	0.00706793	0.003	0.017	545.167	201.18	93	1056	
9	9.25	3	11	1	3	91	26532	75	23389	0.00346667	0.00210105	0.003	0.017	311.853	123.291	49	543	
9	9.25	3	12	3	3	81	26512	79	25678	0.00610126	0.00641432	0.003	0.024	325.038	121.734	39	646	
9	9.25	3	13	2	3	101	26552	86	23351	0.00365116	0.00315396	0.003	0.024	271.523	126.247	7	469	
9	9.25	3	14	4	3	73	26496	73	27402	0.0070274	0.00627378	0.003	0.017	375.37	167.408	71	833	
9	9.25	3	15	5	3	73	26496	73	27343	0.0070274	0.00627378	0.003	0.017	374.562	177.548	23	1056	
9	9.25	1	16	1	3	71	26492	71	27055	0.00615493	0.00350774	0.003	0.01	381.056	169.22	10	749	
9	9.25	1	17	2	3	74	26498	74	26287	0.00810811	0.00571124	0.003	0.017	355.23	167.213	43	701	
9	9.25	1	18	4	3	81	26512	68	23781	0.00680882	0.00504977	0.003	0.024	349.721	156.489	42	839	
9	9.25	1	19	5	3	72	26494	63	24672	0.00622222	0.00450249	0.003	0.024	391.619	171.791	49	741	
9	9.25	1	20	3	3	89	26528	79	25579	0.00601266	0.00471357	0.003	0.024	323.785	143.88	23	597	
9.25	9.5	4	1	3	3	77	26504	72	26315	0.00640278	0.00550968	0.003	0.024	365.486	160.02	49	1056	
9.25	9.5	4	2	1	3	75	26500	75	25929	0.00542667	0.00533518	0.003	0.017	345.72	181.855	4	1056	
9.25	9.5	4	3	4	3	79	26508	78	26434	0.00551282	0.00540741	0.003	0.017	338.897	162.866	10	773	
9.25	9.5	4	4	2	3	81	26512	74	25012	0.00404054	0.00396021	0.003	0.024	338	159.735	19	797	
9.25	9.5	4	5	5	3	89	26528	82	25732	0.00376829	0.0031123	0.003	0.017	313.805	159.45	7	750	
9.25	9.5	2	6	3	3	59	26468	40	17125	0.0044	0.00506268	0.003	0.024	428.125	194.729	49	775	
9.25	9.5	2	7	2	3	54	26458	56	27996	0.008	0.00676891	0.003	0.017	499.929	237.211	93	1056	
9.25	9.5	2	8	5	3	54	26458	55	27586	0.00809091	0.00679671	0.003	0.017	501.564	177.576	73	1056	
9.25	9.5	2	9	1	3	54	26458	55	26847	0.00834545	0.00686434	0.003	0.017	488.127	198.051	92	965	
9.25	9.5	2	10	4	3	55	26460	56	26836	0.0085	0.00689928	0.003	0.017	479.214	285.686	26	1056	
9.25	9.5	3	11	1	3	89	26528	75	22933	0.003	0	0.003	0.003	305.773	132.699	7	573	
9.25	9.5	3	12	3	3	87	26524	79	24281	0.00432911	0.00476559	0.003	0.024	307.354	120.868	55	590	
9.25	9.5	3	13	2	3	112	26574	98	24055	0.003	0	0.003	0.003	245.459	134.748	24	469	
9.25	9.5	3	14	4	3	76	26502	76	26390	0.00723684	0.00647429	0.003	0.017	347.237	130.488	15	757	
9.25	9.5	3	15	5	3	83	26516	82	26075	0.00709756	0.00640912	0.003	0.017	317.988	126.222	15	757	
9.25	9.5	1	16	1	3	72	26494	70	25588	0.0059	0.00347308	0.003	0.01	365.543	167.498	10	717	
9.25	9.5	1	17	2	3	73	26496	74	26893	0.00886486	0.00624242	0.003	0.017	363.419	157.853	34	685	
9.25	9.5	1	18	4	3	84	26518	72	25167	0.00533333	0.00332299	0.003	0.01	349.542	167.628	49	839	
9.25	9.5	1	19	5	3	87	26524	78	24345	0.00605128	0.00473148	0.003	0.024	312.115	164.427	3	693	
9.25	9.5	1	20	3	3	83	26516	73	23674	0.00568493	0.00461241	0.003	0.024	324.301	153.284	49	597	
9.5	9.75	4	1	3	3	76	26502	65	23042	0.00666154	0.00554887	0.003	0.024	354.492	188.453	49	967	
9.5	9.75	4	2	1	3	65	26480	65	27051	0.00795385	0.00674637	0.003	0.017	416.169	181.757	34	774	
9.5	9.75	4	3	4	3	69	26488	69	25893	0.00786956	0.00671678	0.003	0.017	375.261	159.191	39	685	
9.5	9.75	4	4	2	3	79	26508	66	22765	0.0059697	0.00626828	0.003	0.024	344.924	139.921	49	685	
9.5	9.75	4	5	5	3	81	26512	58	20665	0.00360345	0.00328708	0.003	0.024	356.293	137.787	49	549	
9.5	9.75	2	6	3	3	60	26470	57	24969	0.00594737	0.00575829	0.003	0.017	438.053	229.26	49	1056	
9.5	9.75	2	7	2	3	56	26462	53	25110	0.00669811	0.00623139	0.003	0.017	473.774	216.053	90	1056	
9.5	9.75	2	8	5	3	55	26460	54	25193	0.00727778	0.00643814	0.003	0.017	466.537	246.445	73	1056	
9.5	9.75	2	9	1	3	53	26456	53	26658	0.00788679	0.00666697	0.003	0.017	502.981	207.705	90	1056	
9.5	9.75	2	10	4	3	60	26470	60	26374	0.00673333	0.00624328	0.003	0.017	439.567	266.6	7	1056	
9.5	9.75	3	11	1	3	84	26518	63	20084	0.00366667	0.00325775	0.003	0.024	318.794	143.438	7	573	
9.5	9.75	3	12	3	3	71	26492	68	24462	0.00742647	0.00714522	0.003	0.024	359.735	136.692	39	701	
9.5	9.75	3	13	2	3	85	26520	65	17542	0.00321538	0.00121825	0.003	0.01	269.877	117.178	51	469	
9.5	9.75	3	14	4	3	62	26474	62	25860	0.00898387	0.00692463	0.003	0.017	417.097	188.772	73	839	
9.5	9.75	3	15	5	3	69	26488	70	26366	0.0082	0.00670842	0.003	0.017	376.657	163.205	73	839	
9.5	9.75	1	16	1	3	58	26466	59	26468	0.00715254	0.00346815	0.003	0.01	448.61	245.607	34	1056	
9.5	9.75	1	17	2	3	63	26476	62	25796	0.00932258	0.0063006	0.003	0.017	416.065	167.74	58	825	
9.5	9.75	1	18	4	3	66	26482	48	19549	0.00577083	0.00426884	0.003	0.024	407.271	146.004	49	839	
9.5	9.75	1	19	5	3	70	26490	65	24560	0.00676923	0.00540477	0.003	0.017	377.846	138.725	42	693	
9.5	9.75	1	20	3	3	73	26496	69	24405	0.00726087	0.00614686	0.003	0.024	353.696	164.776	34	685	
9.75	10	4	1	3	3	74	26498	65	23934	0.00698461	0.00509746	0.003	0.017	368.215	166.767	42	1056	
9.75	10	4	2	1	3	68	26486	68	26398	0.00752941	0.00648643	0.003	0.017	388.206	153.081	34	773	
9.75	10	4	3	4	3	73	26496	73	27078	0.00712329	0.00637257	0.003	0.017	370.932	154.244	51	685	
9.75	10	4	4	2	3	78	26506	69	23747	0.00523188	0.00472523	0.003	0.017	344.159	148.951	49	637	
9.75	10	4	5	5	3	82	26514	64	21718	0.00376562	0.00282136	0.003	0.017	339.344	144.081	32	597	
9.75	10	2	6	3	3	61	26472	50	22381	0.00398	0.00346699	0.003	0.017	447.62	230.469	8	1009	
9.75	10	2	7	2	3	46	26442	49	28187	0.00871428	0.00695222	0.003	0.017	575.245	269.937	90	1056	
9.75	10	2	8	5	3	53	26456	54	27575	0.00792592	0.00674845	0.003	0.017	510.648	227.803	66	1056	
9.75	10	2	9	1	3	53	26456	54	26739	0.00766667	0.00666163	0.003	0.017	495.167	213.655	98	1056	
9.75	10	2	10	4	3	52	26454	54	27995	0.00740741	0.00656324	0.003	0.017	518.426	281.151	15	1056	
9.75	10	3	11	1	3	71	26492	49	17855	0.00385714	0.00339116	0.003	0.017	364.388	131.703	157	839	
9.75	10	3	12	3	3	74	26498	72	25978	0.00805555	0.00763404	0.003	0.024	360.806	107.093	106	637	
9.75	10	3	13	2	3	80	26510	58	18792	0.00348276	0.00257683	0.003	0.017	324	128.804	26	581	
9.75	10	3	14	4	3	62	26474	62	27504	0.00887097	0.00696474	0.003	0.017	443.613	184.443	93	1056	
9.75	10	3	15	5	3	69	26488	69	26501	0.00827536	0.00693856	0.003	0.024	384.072	152.154	73	701	
9.75	10	1	16	1	3	64	26478	65	27270	0.00623077	0.00351679	0.003	0.01	419.538	211.987	10	1056	
9.75	10	1	17	2	3	67	26484	69	27585	0.00857971	0.00630454	0.003	0.024	399.783	150.561	93	669	
9.75	10	1	18	4	3	79	26508	68	23603	0.0070147	0.00503271	0.003	0.024	347.103	155.978	10	693	
9.75	10	1	19	5	3	75	26500	67	23258	0.00697015	0.00611994	0.003	0.024	347.134	144.565	18	597	
9.75	10	1	20	3	3	73	26496	68	25307	0.00711765	0.00619468	0.003	0.024	372.162	159.301	49	693	
