% start	end	CellId	IMSI	RNTI	LCID	nTxPDUs	TxBytes	nRxPDUs	RxBytes	delay	stdDev	min	max	PduSize	stdDev	min	max
0.5	0.75	4	1	5	3	63	25422	52	20545	0.00407692	0.00446707	0.003	0.024	395.096	225.01	49	839	
0.5	0.75	4	2	3	3	48	25392	47	24931	0.00597872	0.00349838	0.003	0.01	530.447	289.904	27	1056	
0.5	0.75	4	3	1	3	58	25412	56	24050	0.0065	0.00611704	0.003	0.017	429.464	239.133	10	1056	
0.5	0.75	4	4	4	3	46	25388	46	25388	0.003	0	0.003	0.003	551.913	275.677	219	1056	
0.5	0.75	4	5	2	3	54	25404	45	19201	0.00533333	0.00516984	0.003	0.024	426.689	222.363	7	839	
0.5	0.75	2	6	1	3	55	25406	52	23775	0.00892308	0.00610319	0.003	0.017	457.212	199.95	42	839	
0.5	0.75	2	7	4	3	52	25400	50	24342	0.00692	0.00350999	0.003	0.01	486.84	244.699	10	1056	
0.5	0.75	2	8	5	3	65	25426	54	21194	0.00559259	0.00514146	0.003	0.024	392.481	181.152	49	749	
0.5	0.75	2	9	2	3	61	25418	54	21783	0.00831481	0.00622176	0.003	0.024	403.389	199.853	23	1056	
0.5	0.75	2	10	3	3	56	25408	53	23825	0.00762264	0.00643077	0.003	0.017	449.528	224.208	34	1056	
0.5	0.75	3	11	1	3	49	25394	47	24336	0.00746808	0.00609294	0.003	0.017	517.787	277.672	44	1056	
0.5	0.75	3	12	3	3	44	25384	42	24326	0.0055	0.00339476	0.003	0.01	579.19	300.806	52	1056	
0.5	0.75	3	13	5	3	59	25414	48	18658	0.0051875	0.00503459	0.003	0.024	388.708	200.938	32	839	
0.5	0.75	3	14	4	3	47	25390	46	25081	0.00573913	0.00345405	0.003	0.01	545.239	292.844	36	1056	
0.5	0.75	3	15	2	3	42	25380	41	24324	0.00590244	0.00349145	0.003	0.01	593.268	246.759	145	1056	
0.5	0.75	1	16	5	3	56	25410	40	16898	0.004575	0.0043376	0.003	0.017	422.45	234.545	74	1056	
0.5	0.75	1	17	4	3	55	25406	47	21490	0.00806383	0.0072544	0.003	0.024	457.234	192.009	18	1056	
0.5	0.75	1	18	3	3	56	25410	42	17205	0.006	0.00538743	0.003	0.017	409.643	242.349	11	1056	
0.5	0.75	1	19	2	3	54	25406	51	23058	0.00794118	0.00690047	0.003	0.024	452.118	268.276	18	1056	
0.5	0.75	1	20	1	3	60	25418	58	24811	0.00734483	0.00640053	0.003	0.017	427.776	222.564	10	1056	
0.75	1	4	1	5	3	55	26460	34	15126	0.00382353	0.00334366	0.003	0.017	444.882	179.111	49	693	
0.75	1	4	2	3	3	46	26442	46	26594	0.00680435	0.00352527	0.003	0.01	578.13	232.98	58	1056	
0.75	1	4	3	1	3	60	26470	62	27832	0.00864516	0.0069237	0.003	0.017	448.903	194.696	73	1056	
0.75	1	4	4	4	3	47	26444	47	26444	0.003	0	0.003	0.003	562.638	277.341	219	1056	
0.75	1	4	5	2	3	57	26464	38	17095	0.00428947	0.00358607	0.003	0.017	449.868	184.877	49	839	
0.75	1	2	6	1	3	64	26478	66	27744	0.00883333	0.00596292	0.003	0.017	420.364	181.701	34	807	
0.75	1	2	7	4	3	66	26482	68	27540	0.00598529	0.00348769	0.003	0.01	405	199.116	10	1056	
0.75	1	2	8	5	3	91	26532	85	25546	0.00390588	0.00354771	0.003	0.024	300.541	156.79	23	621	
0.75	1	2	9	2	3	70	26490	70	27216	0.0078	0.00590406	0.003	0.024	388.8	187.341	31	749	
0.75	1	2	10	3	3	64	26478	67	28061	0.00885075	0.00591929	0.003	0.017	418.821	198.214	10	807	
0.75	1	3	11	1	3	49	26448	49	25965	0.00942857	0.0065224	0.003	0.017	529.898	264.745	91	1056	
0.75	1	3	12	3	3	46	26442	47	27039	0.00702128	0.00349838	0.003	0.01	575.298	261.619	186	1056	
0.75	1	3	13	5	3	64	26478	45	17573	0.00486667	0.00377552	0.003	0.017	390.511	209.345	28	839	
0.75	1	3	14	4	3	48	26446	48	25699	0.0069375	0.0035093	0.003	0.01	535.396	299.698	27	1056	
0.75	1	3	15	2	3	44	26438	44	27394	0.00713636	0.00348145	0.003	0.01	622.591	273.629	121	1056	
0.75	1	1	16	5	3	101	26552	97	26636	0.00451546	0.004655	0.003	0.024	274.598	149.283	16	589	
0.75	1	1	17	4	3	83	26516	82	26157	0.00684146	0.00661362	0.003	0.024	318.988	155.393	42	839	
0.75	1	1	18	3	3	89	26528	84	25645	0.00725	0.00704354	0.003	0.024	305.298	146.752	16	669	
0.75	1	1	19	2	3	78	26506	76	26374	0.00723684	0.00657443	0.003	0.024	347.026	152.084	10	693	
0.75	1	1	20	1	3	73	26496	73	26399	0.00712329	0.00545167	0.003	0.017	361.63	165.196	34	839	
1	1.25	4	1	5	3	72	26494	66	24454	0.00490909	0.0052878	0.003	0.024	370.515	213.797	49	839	
1	1.25	4	2	3	3	55	26460	55	26308	0.00592727	0.00348465	0.003	0.01	478.327	216.323	10	903	
1	1.25	4	3	1	3	66	26482	65	26104	0.00601538	0.00552973	0.003	0.017	401.6	216.308	73	1056	
1	1.25	4	4	4	3	50	26452	50	26452	0.003	0	0.003	0.003	529.04	240.624	219	1056	
1	1.25	4	5	2	3	71	26492	66	24952	0.00490909	0.00398739	0.003	0.017	378.061	213.496	17	839	
1	1.25	2	6	1	3	69	26488	69	26763	0.00685507	0.00618412	0.003	0.017	387.87	176.382	11	807	
1	1.25	2	7	4	3	60	26470	58	25412	0.00565517	0.00342617	0.003	0.01	438.138	189.848	11	945	
1	1.25	2	8	5	3	83	26516	71	23661	0.00438028	0.00452411	0.003	0.024	333.254	171.209	10	621	
1	1.25	2	9	2	3	75	26500	73	25509	0.00721918	0.00667551	0.003	0.024	349.438	137.221	15	645	
1	1.25	2	10	3	3	71	26492	70	26458	0.0071	0.00624883	0.003	0.017	377.971	172.84	15	749	
1	1.25	3	11	1	3	55	26460	55	27425	0.00758182	0.00662959	0.003	0.017	498.636	294.886	8	1056	
1	1.25	3	12	3	3	44	26438	44	25843	0.00618182	0.0035258	0.003	0.01	587.341	285.544	59	1056	
1	1.25	3	13	5	3	68	26486	58	22509	0.00481034	0.00464704	0.003	0.017	388.086	191.724	26	749	
1	1.25	3	14	4	3	43	26436	43	26436	0.00658139	0.00354046	0.003	0.01	614.791	306.015	121	1056	
1	1.25	3	15	2	3	48	26446	48	25490	0.0060625	0.0035093	0.003	0.01	531.042	264.759	66	1056	
1	1.25	1	16	5	3	88	26526	75	21824	0.00477333	0.00540913	0.003	0.024	290.987	151.301	24	686	
1	1.25	1	17	4	3	75	26502	71	24931	0.00773239	0.00623574	0.003	0.024	351.141	168.9	7	693	
1	1.25	1	18	3	3	75	26500	68	23231	0.00897059	0.00676243	0.003	0.024	341.632	156.634	32	839	
1	1.25	1	19	2	3	67	26486	66	25398	0.00915151	0.00655683	0.003	0.024	384.818	166.724	31	765	
1	1.25	1	20	1	3	66	26482	65	25926	0.00763077	0.00634323	0.003	0.017	398.862	164.144	15	865	
1.25	1.5	4	1	5	3	52	26454	31	15316	0.00480645	0.00477088	0.003	0.017	494.065	148.568	157	749	
1.25	1.5	4	2	3	3	44	26438	44	26294	0.00697727	0.00350739	0.003	0.01	597.591	200.621	309	1056	
1.25	1.5	4	3	1	3	53	26456	52	25784	0.00946154	0.00704735	0.003	0.017	495.846	151.408	73	909	
1.25	1.5	4	4	4	3	42	26434	42	26434	0.003	0	0.003	0.003	629.381	279.941	219	1056	
1.25	1.5	4	5	2	3	58	26466	38	16687	0.00410526	0.00346246	0.003	0.017	439.132	181.812	101	839	
1.25	1.5	2	6	1	3	61	26472	60	25504	0.00918333	0.00532818	0.003	0.017	425.067	193.643	7	903	
1.25	1.5	2	7	4	3	58	26466	58	26466	0.00674138	0.00352216	0.003	0.01	456.31	218.584	10	1056	
1.25	1.5	2	8	5	3	87	26524	81	24988	0.00369136	0.0032467	0.003	0.024	308.494	165.641	3	693	
1.25	1.5	2	9	2	3	65	26480	64	26107	0.00901562	0.00583229	0.003	0.024	407.922	181.426	42	775	
1.25	1.5	2	10	3	3	64	26478	62	25268	0.00729032	0.00557626	0.003	0.017	407.548	181.503	34	693	
1.25	1.5	3	11	1	3	50	26450	50	26354	0.00972	0.00647457	0.003	0.017	527.08	269.116	27	1056	
1.25	1.5	3	12	3	3	46	26444	46	27249	0.00665217	0.00353533	0.003	0.01	592.37	323.55	20	1095	
1.25	1.5	3	13	5	3	65	26480	51	19608	0.00478431	0.00366231	0.003	0.017	384.471	205.47	32	839	
1.25	1.5	3	14	4	3	39	26430	39	26430	0.00748718	0.00340179	0.003	0.01	677.692	340.09	27	1056	
1.25	1.5	3	15	2	3	48	26446	48	26446	0.00766667	0.00333475	0.003	0.01	550.958	282.7	66	1056	
1.25	1.5	1	16	5	3	95	26540	89	25209	0.00441573	0.00462161	0.003	0.024	283.247	138.984	5	621	
1.25	1.5	1	17	4	3	85	26520	85	26748	0.00687059	0.00625222	0.003	0.024	314.682	139.328	7	669	
1.25	1.5	1	18	3	3	86	26522	87	27683	0.00702299	0.00600383	0.003	0.024	318.195	147.843	32	669	
1.25	1.5	1	19	2	3	81	26512	82	26784	0.00735366	0.00674834	0.003	0.024	326.634	161.343	10	839	
1.25	1.5	1	20	1	3	72	26494	73	26792	0.00731507	0.00554997	0.003	0.017	367.014	170.622	7	717	
1.5	1.75	4	1	5	3	52	26454	45	23068	0.00751111	0.00618143	0.003	0.017	512.622	184.503	49	1056	
1.5	1.75	4	2	3	3	47	26444	47	25993	0.00687234	0.00351776	0.003	0.01	553.043	195.873	58	1056	
1.5	1.75	4	3	1	3	54	26458	54	26150	0.00948148	0.00704632	0.003	0.017	484.259	211.604	73	1056	
1.5	1.75	4	4	4	3	44	26438	44	26438	0.003	0	0.003	0.003	600.864	285.076	219	1056	
1.5	1.75	4	5	2	3	55	26460	42	20059	0.00683333	0.00622315	0.003	0.017	477.595	173.1	49	839	
1.5	1.75	2	6	1	3	63	26476	62	26362	0.00875806	0.0056006	0.003	0.017	425.194	173.692	11	722	
1.5	1.75	2	7	4	3	57	26464	60	27193	0.00603333	0.00349802	0.003	0.01	453.217	191.813	114	1056	
1.5	1.75	2	8	5	3	84	26518	78	24534	0.00470513	0.00467685	0.003	0.024	314.538	171.969	10	693	
1.5	1.75	2	9	2	3	70	26490	69	25972	0.00878261	0.00536292	0.003	0.017	376.406	173.07	34	693	
1.5	1.75	2	10	3	3	66	26482	67	27593	0.00759701	0.00615964	0.003	0.017	411.836	182.97	34	807	
1.5	1.75	3	11	1	3	51	26454	51	26519	0.00958823	0.00584184	0.003	0.017	519.98	275.017	27	1056	
1.5	1.75	3	12	3	3	44	26440	45	26691	0.00548889	0.00338863	0.003	0.01	593.133	280.501	201	1056	
1.5	1.75	3	13	5	3	73	26496	64	23317	0.00682812	0.00448473	0.003	0.024	364.328	233.403	32	839	
1.5	1.75	3	14	4	3	48	26446	49	27502	0.00785714	0.0032596	0.003	0.01	561.265	318.703	27	1056	
1.5	1.75	3	15	2	3	52	26454	52	27483	0.00703846	0.00349207	0.003	0.01	528.519	289.021	7	1056	
1.5	1.75	1	16	5	3	83	26516	75	23485	0.00570667	0.00629194	0.003	0.024	313.133	145.503	18	669	
1.5	1.75	1	17	4	3	79	26512	76	25071	0.0065	0.00681078	0.003	0.024	329.882	128.069	7	533	
1.5	1.75	1	18	3	3	87	26524	81	24356	0.00593827	0.00634497	0.003	0.024	300.691	151.531	32	669	
1.5	1.75	1	19	2	3	72	26500	72	26393	0.00776389	0.00712957	0.003	0.024	366.569	135.742	27	765	
1.5	1.75	1	20	1	3	68	26488	68	26008	0.00722059	0.00606395	0.003	0.017	382.471	133.242	103	669	
1.75	2	4	1	5	3	58	26466	53	25399	0.00696226	0.00621711	0.003	0.017	479.226	218.917	8	839	
1.75	2	4	2	3	3	41	26432	42	27488	0.00666667	0.00353841	0.003	0.01	654.476	340.923	155	1056	
1.75	2	4	3	1	3	48	26446	49	27343	0.00842857	0.00689202	0.003	0.017	558.02	261.374	73	1056	
1.75	2	4	4	4	3	45	26440	45	26440	0.003	0	0.003	0.003	587.556	303.621	219	1056	
1.75	2	4	5	2	3	63	26476	58	23987	0.00710345	0.00642825	0.003	0.024	413.569	266.793	18	1056	
1.75	2	2	6	1	3	68	26486	69	27430	0.00797101	0.00589359	0.003	0.017	397.536	172.61	18	775	
1.75	2	2	7	4	3	62	26474	63	27530	0.00544444	0.00336384	0.003	0.01	436.984	185.597	10	1056	
1.75	2	2	8	5	3	84	26518	67	22577	0.00352239	0.00306178	0.003	0.024	336.97	160.065	18	621	
1.75	2	2	9	2	3	72	26494	72	27317	0.00805555	0.00601615	0.003	0.024	379.403	162.523	34	685	
1.75	2	2	10	3	3	71	26492	72	26052	0.00659722	0.00610393	0.003	0.017	361.833	171.667	11	693	
1.75	2	3	11	1	3	57	26464	57	26778	0.00754386	0.0055326	0.003	0.017	469.789	244.643	64	903	
1.75	2	3	12	3	3	50	26450	49	25989	0.00514286	0.0032596	0.003	0.01	530.388	270.303	52	1056	
1.75	2	3	13	5	3	63	26476	55	23750	0.00669091	0.00536405	0.003	0.024	431.818	165.848	117	839	
1.75	2	3	14	4	3	56	26462	55	25525	0.00707273	0.00348465	0.003	0.01	464.091	233.707	16	871	
1.75	2	3	15	2	3	56	26462	56	26052	0.0065	0.00353167	0.003	0.01	465.214	226.011	27	1056	
1.75	2	1	16	5	3	78	26508	60	20298	0.00416667	0.00449545	0.003	0.024	338.3	105.682	32	685	
1.75	2	1	17	4	3	77	26504	65	22469	0.00633846	0.00581828	0.003	0.024	345.677	116.104	11	589	
1.75	2	1	18	3	3	81	26512	66	20842	0.00628788	0.00707708	0.003	0.024	315.788	132.566	32	639	
1.75	2	1	19	2	3	74	26402	70	24713	0.0075	0.00674537	0.003	0.024	353.043	161.345	57	941	
1.75	2	1	20	1	3	63	26438	64	27211	0.00846875	0.00688446	0.003	0.017	425.172	222.902	28	1056	
2	2.25	4	1	5	3	73	26496	67	25512	0.00341791	0.00269202	0.003	0.024	380.776	187.741	49	775	
2	2.25	4	2	3	3	57	26464	56	26003	0.0055	0.00338446	0.003	0.01	464.339	227.228	10	903	
2	2.25	4	3	1	3	67	26484	68	26945	0.00505882	0.00499517	0.003	0.017	396.25	195.263	7	749	
2	2.25	4	4	4	3	50	26450	50	26450	0.003	0	0.003	0.003	529	195.292	219	839	
2	2.25	4	5	2	3	76	26502	75	26652	0.00542667	0.00422724	0.003	0.017	355.36	214.928	15	1056	
2	2.25	2	6	1	3	75	26500	75	26500	0.00626667	0.00590541	0.003	0.017	353.333	186.479	3	1056	
2	2.25	2	7	4	3	68	26486	68	26350	0.00495588	0.00316432	0.003	0.01	387.5	148.844	113	621	
2	2.25	2	8	5	3	83	26516	70	23976	0.004	0.00400362	0.003	0.024	342.514	152.644	15	621	
2	2.25	2	9	2	3	80	26510	79	25881	0.00565823	0.00617041	0.003	0.024	327.608	179.56	16	839	
2	2.25	2	10	3	3	78	26506	77	26646	0.00618182	0.00585061	0.003	0.017	346.052	171.653	10	614	
2	2.25	3	11	1	3	51	26452	52	26462	0.00703846	0.00640454	0.003	0.017	508.885	261.664	91	967	
2	2.25	3	12	3	3	49	26448	49	26647	0.00557143	0.00340955	0.003	0.01	543.816	300.361	52	1056	
2	2.25	3	13	5	3	65	26480	53	20759	0.00471698	0.00473683	0.003	0.024	391.679	198.45	32	781	
2	2.25	3	14	4	3	53	26456	54	27393	0.00494444	0.00316476	0.003	0.01	507.278	251.405	66	1056	
2	2.25	3	15	2	3	47	26444	47	26662	0.00538298	0.00335283	0.003	0.01	567.277	249.16	121	1056	
2	2.25	1	16	5	3	92	26534	81	23438	0.00498765	0.00485411	0.003	0.024	289.358	149.107	18	573	
2	2.25	1	17	4	3	81	26514	80	25408	0.0072	0.00635929	0.003	0.024	317.6	162.688	15	685	
2	2.25	1	18	3	3	84	26518	78	25197	0.00667949	0.0066479	0.003	0.024	323.038	155.836	23	693	
2	2.25	1	19	2	3	73	26594	72	26642	0.00679167	0.00524589	0.003	0.017	370.028	160.503	15	701	
2	2.25	1	20	1	3	73	26538	72	26787	0.00630555	0.005631	0.003	0.017	372.042	175.715	27	1056	
2.25	2.5	4	1	5	3	62	26474	48	19354	0.00489583	0.00473214	0.003	0.017	403.208	182.605	23	839	
2.25	2.5	4	2	3	3	51	26452	51	26308	0.00615686	0.0035178	0.003	0.01	515.843	189.451	44	1056	
2.25	2.5	4	3	1	3	52	26454	50	25555	0.00902	0.00692965	0.003	0.017	511.1	228.426	10	1056	
2.25	2.5	4	4	4	3	40	26430	40	26430	0.003	0	0.003	0.003	660.75	302.171	219	1056	
2.25	2.5	4	5	2	3	58	26466	46	20475	0.00573913	0.0056152	0.003	0.024	445.109	211.648	49	901	
2.25	2.5	2	6	1	3	70	26490	70	26031	0.0086	0.00578955	0.003	0.017	371.871	176.863	7	669	
2.25	2.5	2	7	4	3	69	26488	70	27061	0.006	0.00348911	0.003	0.01	386.586	181.542	10	749	
2.25	2.5	2	8	5	3	85	26520	77	24570	0.00409091	0.0041045	0.003	0.024	319.091	174.594	9	685	
2.25	2.5	2	9	2	3	68	26486	66	25623	0.00819697	0.00566832	0.003	0.024	388.227	165.007	18	693	
2.25	2.5	2	10	3	3	70	26490	71	26801	0.00714084	0.00586587	0.003	0.017	377.479	165.215	11	839	
2.25	2.5	3	11	1	3	47	26446	45	25627	0.00922222	0.00619343	0.003	0.017	569.489	319.057	91	1056	
2.25	2.5	3	12	3	3	44	26438	44	26151	0.0065	0.00354046	0.003	0.01	594.341	290.88	59	1056	
2.25	2.5	3	13	5	3	68	26486	55	21389	0.00541818	0.00430629	0.003	0.017	388.891	227.187	26	839	
2.25	2.5	3	14	4	3	46	26442	44	25384	0.00697727	0.00350739	0.003	0.01	576.909	284.067	27	1056	
2.25	2.5	3	15	2	3	49	26448	48	25609	0.0069375	0.0035093	0.003	0.01	533.521	251.049	27	1056	
2.25	2.5	1	16	5	3	85	26520	77	23137	0.00527273	0.00572767	0.003	0.024	300.481	148.601	32	621	
2.25	2.5	1	17	4	3	77	26504	77	26612	0.007	0.00626393	0.003	0.024	345.61	158.8	15	701	
2.25	2.5	1	18	3	3	90	26530	83	25146	0.00612048	0.00581083	0.003	0.024	302.964	151.128	10	621	
2.25	2.5	1	19	2	3	73	26496	73	26367	0.00789041	0.00635645	0.003	0.024	361.192	177.443	51	1056	
2.25	2.5	1	20	1	3	71	26492	72	26619	0.00776389	0.00585384	0.003	0.017	369.708	165.542	10	669	
2.5	2.75	4	1	5	3	61	26472	56	23564	0.00675	0.00625591	0.003	0.017	420.786	213.592	49	849	
2.5	2.75	4	2	3	3	45	26440	45	26890	0.00657778	0.00353868	0.003	0.01	597.556	245.992	155	1056	
2.5	2.75	4	3	1	3	57	26464	59	27363	0.00822034	0.00682811	0.003	0.017	463.78	243.54	66	1056	
2.5	2.75	4	4	4	3	44	26438	44	26438	0.003	0	0.003	0.003	600.864	301.994	219	1056	
2.5	2.75	4	5	2	3	56	26462	49	23413	0.007	0.0062283	0.003	0.017	477.816	190.111	101	901	
2.5	2.75	2	6	1	3	65	26480	64	25536	0.00825	0.00571548	0.003	0.017	399	185.144	11	693	
2.5	2.75	2	7	4	3	61	26472	60	26270	0.00568333	0.00343211	0.003	0.01	437.833	181.969	10	839	
2.5	2.75	2	8	5	3	86	26522	72	22256	0.00348611	0.00244369	0.003	0.017	309.111	151.295	32	621	
2.5	2.75	2	9	2	3	73	26496	71	25267	0.00832394	0.00631274	0.003	0.024	355.873	169.687	49	749	
2.5	2.75	2	10	3	3	71	26492	70	26226	0.0071	0.00624883	0.003	0.017	374.657	178.181	34	903	
2.5	2.75	3	11	1	3	53	26458	53	26347	0.0089434	0.00604603	0.003	0.017	497.113	285.507	44	967	
2.5	2.75	3	12	3	3	48	26446	49	26995	0.00557143	0.00340955	0.003	0.01	550.918	290.909	52	1056	
2.5	2.75	3	13	5	3	68	26486	65	26304	0.00590769	0.00408397	0.003	0.017	404.677	198.588	32	775	
2.5	2.75	3	14	4	3	54	26458	54	26748	0.00701852	0.00349388	0.003	0.01	495.333	257.877	16	1056	
2.5	2.75	3	15	2	3	56	26462	56	26462	0.006625	0.00352942	0.003	0.01	472.536	268.292	18	1056	
2.5	2.75	1	16	5	3	83	26516	68	22019	0.0052647	0.00597911	0.003	0.024	323.809	127.02	32	573	
2.5	2.75	1	17	4	3	72	26494	65	23196	0.00784615	0.00762035	0.003	0.024	356.862	147.776	15	741	
2.5	2.75	1	18	3	3	75	26500	64	21689	0.0065	0.0068313	0.003	0.024	338.891	144.675	11	714	
2.5	2.75	1	19	2	3	71	26492	69	25912	0.00837681	0.00760631	0.003	0.024	375.536	165.113	18	825	
2.5	2.75	1	20	1	3	64	26478	63	25593	0.00866667	0.00663568	0.003	0.017	406.238	192.477	23	839	
2.75	3	4	1	5	3	59	26468	52	25373	0.00582692	0.00558963	0.003	0.017	487.942	250.944	50	1056	
2.75	3	4	2	3	3	46	26442	46	26136	0.00604348	0.00350844	0.003	0.01	568.174	304.748	12	1056	
2.75	3	4	3	1	3	58	26466	58	26466	0.00710345	0.00642825	0.003	0.017	456.31	228.058	7	914	
2.75	3	4	4	4	3	42	26434	42	26434	0.003	0	0.003	0.003	629.381	285.564	219	1056	
2.75	3	4	5	2	3	61	26472	51	22541	0.00505882	0.00470494	0.003	0.017	441.98	208.264	49	839	
2.75	3	2	6	1	3	69	26490	70	27509	0.0081	0.00606761	0.003	0.017	392.986	165.751	15	693	
2.75	3	2	7	4	3	59	26468	60	26670	0.00568333	0.00343211	0.003	0.01	444.5	155.595	98	807	
2.75	3	2	8	5	3	93	26536	79	22689	0.00353164	0.00244863	0.003	0.017	287.203	149.311	32	597	
2.75	3	2	9	2	3	70	26490	68	25655	0.00752941	0.00637268	0.003	0.024	377.279	166.018	49	693	
2.75	3	2	10	3	3	76	26502	76	26702	0.0065921	0.00588371	0.003	0.017	351.342	162.104	3	693	
2.75	3	3	11	1	3	54	26458	56	27098	0.006875	0.00549069	0.003	0.017	483.893	239.12	90	967	
2.75	3	3	12	3	3	50	26450	49	26188	0.00571428	0.00344601	0.003	0.01	534.449	220.363	201	1056	
2.75	3	3	13	5	3	73	26496	69	24942	0.00472464	0.00368177	0.003	0.017	361.478	180.27	7	621	
2.75	3	3	14	4	3	53	26456	54	26658	0.0052037	0.00328162	0.003	0.01	493.667	227.226	75	967	
2.75	3	3	15	2	3	51	26452	52	27073	0.00596154	0.00349207	0.003	0.01	520.635	236.393	90	1056	
2.75	3	1	16	5	3	81	26514	65	20434	0.00483077	0.00529023	0.003	0.024	314.369	133.073	11	637	
2.75	3	1	17	4	3	76	26502	71	25220	0.0064507	0.00657438	0.003	0.024	355.211	150.896	7	797	
2.75	3	1	18	3	3	78	26506	65	20597	0.00655385	0.00701345	0.003	0.024	316.877	154.152	11	621	
2.75	3	1	19	2	3	77	26504	75	25372	0.00682667	0.00643759	0.003	0.024	338.293	136.576	55	650	
2.75	3	1	20	1	3	68	26488	68	26579	0.00722059	0.00641557	0.003	0.017	390.868	207.739	71	985	
3	3.25	4	1	5	3	73	26496	68	25349	0.00475	0.00518429	0.003	0.024	372.779	200.502	7	839	
3	3.25	4	2	3	3	57	26466	57	26773	0.00582456	0.00346473	0.003	0.01	469.702	232.101	10	903	
3	3.25	4	3	1	3	61	26472	61	26472	0.0057541	0.00546399	0.003	0.017	433.967	205.614	73	967	
3	3.25	4	4	4	3	49	26448	49	26448	0.003	0	0.003	0.003	539.755	194.854	219	1056	
3	3.25	4	5	2	3	67	26484	65	26051	0.00547692	0.00436287	0.003	0.017	400.785	213.777	10	839	
3	3.25	2	6	1	3	73	26496	73	26201	0.00693151	0.00628121	0.003	0.017	358.918	169.696	7	693	
3	3.25	2	7	4	3	65	26480	65	26480	0.00569231	0.00343203	0.003	0.01	407.385	157.889	34	685	
3	3.25	2	8	5	3	79	26508	64	22005	0.003875	0.00404145	0.003	0.024	343.828	146.273	32	621	
3	3.25	2	9	2	3	73	26496	69	25366	0.00675362	0.00641782	0.003	0.024	367.623	172.251	18	749	
3	3.25	2	10	3	3	72	26494	72	25875	0.00727778	0.0063871	0.003	0.017	359.375	184.753	34	693	
3	3.25	3	11	1	3	52	26454	51	25688	0.00821569	0.00669123	0.003	0.017	503.686	230.343	92	1056	
3	3.25	3	12	3	3	46	26442	47	26704	0.00597872	0.00349838	0.003	0.01	568.17	285.465	59	1056	
3	3.25	3	13	5	3	77	26504	68	22777	0.00444118	0.00392992	0.003	0.017	334.956	183.902	32	639	
3	3.25	3	14	4	3	45	26440	45	25950	0.00673333	0.00353167	0.003	0.01	576.667	293.592	70	1056	
3	3.25	3	15	2	3	49	26448	49	25829	0.006	0.0035	0.003	0.01	527.122	255.621	91	1056	
3	3.25	1	16	5	3	82	26514	68	22506	0.00413235	0.00393948	0.003	0.024	330.971	151.759	32	621	
3	3.25	1	17	4	3	67	26484	63	24096	0.00811111	0.00631208	0.003	0.024	382.476	166.989	49	685	
3	3.25	1	18	3	3	69	26488	61	21473	0.00827869	0.00672094	0.003	0.024	352.016	177.158	3	871	
3	3.25	1	19	2	3	69	26490	66	25210	0.00819697	0.00641685	0.003	0.024	381.97	146.189	87	669	
3	3.25	1	20	1	3	65	26480	65	26509	0.00773846	0.00644272	0.003	0.017	407.831	171.801	60	773	
3.25	3.5	4	1	5	3	61	26472	48	20161	0.00372917	0.00297321	0.003	0.017	420.021	185.413	42	693	
3.25	3.5	4	2	3	3	51	26452	51	26145	0.00615686	0.0035178	0.003	0.01	512.647	191.144	114	1056	
3.25	3.5	4	3	1	3	64	26478	62	25196	0.0065	0.00604559	0.003	0.017	406.387	186.324	3	749	
3.25	3.5	4	4	4	3	43	26436	43	26436	0.003	0	0.003	0.003	614.791	283.037	219	1056	
3.25	3.5	4	5	2	3	61	26472	49	20655	0.00485714	0.0034339	0.003	0.017	421.531	182.919	58	749	
3.25	3.5	2	6	1	3	67	26484	66	26179	0.00787879	0.00575531	0.003	0.017	396.652	197.876	3	903	
3.25	3.5	2	7	4	3	60	26470	58	25863	0.00613793	0.00351163	0.003	0.01	445.914	171.92	34	1056	
3.25	3.5	2	8	5	3	79	26508	74	25674	0.0047973	0.00478577	0.003	0.024	346.946	171.23	7	621	
3.25	3.5	2	9	2	3	76	26502	74	25440	0.00716216	0.00554688	0.003	0.017	343.784	183.479	3	775	
3.25	3.5	2	10	3	3	66	26482	65	25746	0.00666154	0.00540913	0.003	0.017	396.092	169.557	34	807	
3.25	3.5	3	11	1	3	49	26448	49	26913	0.00985714	0.00707107	0.003	0.017	549.245	268.39	93	1056	
3.25	3.5	3	12	3	3	40	26430	39	25374	0.00730769	0.00345005	0.003	0.01	650.615	321.726	52	1056	
3.25	3.5	3	13	5	3	62	26474	39	14070	0.00335897	0.00224179	0.003	0.017	360.769	203.522	32	621	
3.25	3.5	3	14	4	3	46	26442	46	27279	0.00710869	0.00348475	0.003	0.01	593.022	319.083	34	1056	
3.25	3.5	3	15	2	3	40	26430	40	26430	0.007375	0.00343203	0.003	0.01	660.75	313.838	91	1056	
3.25	3.5	1	16	5	3	89	26530	83	23746	0.00561446	0.00575481	0.003	0.024	286.096	168.387	7	693	
3.25	3.5	1	17	4	3	75	26500	74	26162	0.00839189	0.00671089	0.003	0.024	353.541	160.928	71	967	
3.25	3.5	1	18	3	3	86	26526	85	26666	0.00761176	0.00661905	0.003	0.024	313.718	153.487	25	775	
3.25	3.5	1	19	2	3	75	26500	74	26253	0.00867567	0.00652101	0.003	0.024	354.77	168.776	27	717	
3.25	3.5	1	20	1	3	70	26492	70	26879	0.0073	0.00587392	0.003	0.017	383.986	181.892	28	965	
3.5	3.75	4	1	5	3	54	26458	40	19154	0.006325	0.00571273	0.003	0.017	478.85	147.231	49	693	
3.5	3.75	4	2	3	3	43	26436	43	26588	0.00739535	0.00342358	0.003	0.01	618.326	282.404	145	1056	
3.5	3.75	4	3	1	3	55	26460	56	26833	0.009375	0.00697153	0.003	0.017	479.161	199.395	73	1056	
3.5	3.75	4	4	4	3	43	26436	43	26436	0.003	0	0.003	0.003	614.791	303.693	219	1056	
3.5	3.75	4	5	2	3	57	26464	44	20810	0.00681818	0.00612381	0.003	0.017	472.955	173.199	42	957	
3.5	3.75	2	6	1	3	67	26484	69	27171	0.00807246	0.00535317	0.003	0.017	393.783	212.67	34	1056	
3.5	3.75	2	7	4	3	65	26480	65	26140	0.00504615	0.00320854	0.003	0.01	402.154	200.602	7	937	
3.5	3.75	2	8	5	3	86	26522	80	25226	0.0041375	0.00408376	0.003	0.024	315.325	151.775	50	621	
3.5	3.75	2	9	2	3	67	26484	68	26431	0.0087647	0.00591764	0.003	0.024	388.691	178.669	42	775	
3.5	3.75	2	10	3	3	64	26482	66	27716	0.0070303	0.00602296	0.003	0.017	419.939	205.354	3	775	
3.5	3.75	3	11	1	3	54	26458	54	26564	0.00805555	0.00533913	0.003	0.017	491.926	235.987	92	1056	
3.5	3.75	3	12	3	3	41	26432	41	27027	0.0062439	0.00353398	0.003	0.01	659.195	305.095	219	1056	
3.5	3.75	3	13	5	3	69	26488	59	22203	0.00667797	0.00456916	0.003	0.017	376.322	207.868	32	839	
3.5	3.75	3	14	4	3	51	26452	51	26234	0.00752941	0.00337848	0.003	0.01	514.392	262.198	18	1056	
3.5	3.75	3	15	2	3	45	26440	45	27059	0.00782222	0.00327726	0.003	0.01	601.311	273.078	26	1056	
3.5	3.75	1	16	5	3	95	26540	90	25153	0.0051	0.00606899	0.003	0.024	279.478	131.002	32	621	
3.5	3.75	1	17	4	3	79	26508	76	25013	0.00705263	0.00697786	0.003	0.024	329.118	138.217	27	797	
3.5	3.75	1	18	3	3	86	26522	82	24586	0.00658536	0.00662198	0.003	0.024	299.829	140.826	32	621	
3.5	3.75	1	19	2	3	77	26504	77	26330	0.00790909	0.00691334	0.003	0.024	341.948	174.317	15	839	
3.5	3.75	1	20	1	3	72	26494	73	26859	0.00741096	0.00600656	0.003	0.017	367.932	151.808	73	669	
3.75	4	4	1	5	3	65	26480	50	20443	0.00412	0.00408901	0.003	0.024	408.86	187.949	15	775	
3.75	4	4	2	3	3	47	26444	48	26753	0.0069375	0.0035093	0.003	0.01	557.354	223.799	155	1056	
3.75	4	4	3	1	3	61	26472	61	27072	0.00713115	0.0064381	0.003	0.017	443.803	225.24	10	1056	
3.75	4	4	4	4	3	46	26442	46	26442	0.003	0	0.003	0.003	574.826	271.088	219	1056	
3.75	4	4	5	2	3	60	26470	47	20030	0.00582979	0.00476545	0.003	0.017	426.17	177.434	49	749	
3.75	4	2	6	1	3	66	26482	65	26538	0.00806154	0.00587068	0.003	0.017	408.277	197.002	10	1056	
3.75	4	2	7	4	3	60	26470	62	27241	0.00695161	0.00349907	0.003	0.01	439.371	197.24	34	903	
3.75	4	2	8	5	3	88	26526	79	24161	0.00432911	0.00405324	0.003	0.017	305.835	170.374	28	719	
3.75	4	2	9	2	3	71	26492	72	27911	0.00766667	0.00610472	0.003	0.024	387.653	194.071	50	871	
3.75	4	2	10	3	3	64	26478	64	26405	0.00759375	0.00574517	0.003	0.017	412.578	202.267	34	903	
3.75	4	3	11	1	3	50	26450	52	27218	0.00946154	0.00704735	0.003	0.017	523.423	277.433	91	1056	
3.75	4	3	12	3	3	43	26436	44	26897	0.00681818	0.0035258	0.003	0.01	611.295	303.57	59	1056	
3.75	4	3	13	5	3	60	26470	37	14543	0.00318919	0.00115079	0.003	0.01	393.054	180.113	32	621	
3.75	4	3	14	4	3	51	26452	52	26889	0.00623077	0.00352368	0.003	0.01	517.096	256.189	66	1056	
3.75	4	3	15	2	3	48	26446	49	26883	0.00628571	0.00352964	0.003	0.01	548.633	263.929	66	1056	
3.75	4	1	16	5	3	93	26536	87	24548	0.00501149	0.00521958	0.003	0.024	282.161	154.139	11	621	
3.75	4	1	17	4	3	80	26510	78	26823	0.00883333	0.00726031	0.003	0.024	343.885	140.349	49	605	
3.75	4	1	18	3	3	90	26530	84	25632	0.00733333	0.00660108	0.003	0.024	305.143	146.501	50	669	
3.75	4	1	19	2	3	82	26514	83	27282	0.00789157	0.00653511	0.003	0.024	328.699	154.919	3	637	
3.75	4	1	20	1	3	73	26496	72	26066	0.00902778	0.0060257	0.003	0.017	362.028	145.45	73	685	
4	4.25	4	1	5	3	60	26470	43	19436	0.00446512	0.00446867	0.003	0.024	452	197.52	12	839	
4	4.25	4	2	3	3	51	26452	50	26143	0.00678	0.0035242	0.003	0.01	522.86	230.887	58	1056	
4	4.25	4	3	1	3	59	26468	58	25727	0.00734483	0.00653345	0.003	0.017	443.569	215.846	7	1056	
4	4.25	4	4	4	3	41	26432	41	26432	0.003	0	0.003	0.003	644.683	303.574	219	1056	
4	4.25	4	5	2	3	55	26460	43	18845	0.00544186	0.0052658	0.003	0.024	438.256	172.371	101	839	
4	4.25	2	6	1	3	65	26480	65	26170	0.00806154	0.00573879	0.003	0.017	402.615	192.54	10	757	
4	4.25	2	7	4	3	62	26474	62	26274	0.00582258	0.00346185	0.003	0.01	423.774	167.335	26	749	
4	4.25	2	8	5	3	78	26506	68	24115	0.00423529	0.00400044	0.003	0.017	354.632	158.842	11	693	
4	4.25	2	9	2	3	68	26486	67	25374	0.00822388	0.00637186	0.003	0.024	378.716	176.893	7	693	
4	4.25	2	10	3	3	65	26480	63	26025	0.00744444	0.00619776	0.003	0.017	413.095	168.72	34	669	
4	4.25	3	11	1	3	48	26446	47	25639	0.00910638	0.00629781	0.003	0.017	545.511	239.836	93	1056	
4	4.25	3	12	3	3	42	26434	41	25595	0.0062439	0.00353398	0.003	0.01	624.268	322.385	59	1056	
4	4.25	3	13	5	3	69	26488	61	23395	0.00678688	0.00579688	0.003	0.024	383.525	224.667	28	839	
4	4.25	3	14	4	3	47	26444	47	26444	0.00717021	0.00347237	0.003	0.01	562.638	277.502	27	1056	
4	4.25	3	15	2	3	49	26448	48	25577	0.00708333	0.00348757	0.003	0.01	532.854	312.128	18	1056	
4	4.25	1	16	5	3	93	26536	85	24693	0.00522353	0.00542344	0.003	0.024	290.506	138.91	7	573	
4	4.25	1	17	4	3	77	26504	80	26752	0.0072	0.00664545	0.003	0.024	334.4	170.167	23	839	
4	4.25	1	18	3	3	94	26538	93	25847	0.00691398	0.00680418	0.003	0.024	277.925	147.743	32	669	
4	4.25	1	19	2	3	70	26490	70	26413	0.0083	0.00646585	0.003	0.024	377.329	199.449	39	1056	
4	4.25	1	20	1	3	73	26496	75	27483	0.00701333	0.00553977	0.003	0.017	366.44	170.045	10	839	
4.25	4.5	4	1	5	3	67	26484	63	24660	0.00588889	0.00542726	0.003	0.024	391.429	210.233	15	871	
4.25	4.5	4	2	3	3	50	26450	49	25701	0.00628571	0.00352964	0.003	0.01	524.51	226.979	154	1056	
4.25	4.5	4	3	1	3	58	26466	60	27516	0.00743333	0.0057589	0.003	0.017	458.6	245.554	34	1056	
4.25	4.5	4	4	4	3	47	26444	47	26444	0.003	0	0.003	0.003	562.638	256.44	219	1056	
4.25	4.5	4	5	2	3	70	26490	61	24228	0.0057541	0.00482927	0.003	0.024	397.18	214.894	15	967	
4.25	4.5	2	6	1	3	56	26462	56	27165	0.008625	0.00673002	0.003	0.017	485.089	218.089	10	1056	
4.25	4.5	2	7	4	3	49	26448	49	27099	0.00628571	0.00352964	0.003	0.01	553.041	241.505	58	1056	
4.25	4.5	2	8	5	3	62	26474	43	15774	0.00462791	0.00479098	0.003	0.024	366.837	167.021	32	666	
4.25	4.5	2	9	2	3	61	26472	54	22326	0.00572222	0.00550957	0.003	0.024	413.444	215.478	12	839	
4.25	4.5	2	10	3	3	54	26458	56	27261	0.00875	0.00694982	0.003	0.017	486.804	233.208	26	1056	
4.25	4.5	3	11	1	3	58	26466	57	26692	0.00742105	0.00643081	0.003	0.017	468.281	245.745	15	871	
4.25	4.5	3	12	3	3	48	26446	48	27034	0.0060625	0.0035093	0.003	0.01	563.208	264.418	52	1056	
4.25	4.5	3	13	5	3	63	26476	49	19330	0.00428571	0.00340343	0.003	0.017	394.49	176.131	32	775	
4.25	4.5	3	14	4	3	48	26446	47	25390	0.00627659	0.00353062	0.003	0.01	540.213	278.203	91	1056	
4.25	4.5	3	15	2	3	48	26446	48	26880	0.00591667	0.00348757	0.003	0.01	560	246.661	91	1056	
4.25	4.5	1	16	5	3	77	26506	67	20301	0.00728358	0.00666926	0.003	0.024	303	155.074	28	839	
4.25	4.5	1	17	4	3	75	26500	68	22676	0.00825	0.00719323	0.003	0.024	333.471	182.027	12	839	
4.25	4.5	1	18	3	3	78	26506	65	19268	0.00601538	0.00618338	0.003	0.024	296.431	150.454	32	597	
4.25	4.5	1	19	2	3	72	26494	66	23750	0.00809091	0.0071117	0.003	0.024	359.848	180.673	18	935	
4.25	4.5	1	20	1	3	68	26488	66	25608	0.00840909	0.00598968	0.003	0.017	388	216.931	10	1056	
4.5	4.75	4	1	5	3	63	26476	50	21280	0.0051	0.00514782	0.003	0.024	425.6	189.878	49	839	
4.5	4.75	4	2	3	3	50	26450	52	27508	0.00596154	0.00349207	0.003	0.01	529	229.407	10	1056	
4.5	4.75	4	3	1	3	57	26464	55	25406	0.00745454	0.00651158	0.003	0.017	461.927	195.6	10	1056	
4.5	4.75	4	4	4	3	49	26448	49	26448	0.003	0	0.003	0.003	539.755	204.83	219	1056	
4.5	4.75	4	5	2	3	59	26468	49	21071	0.00485714	0.00423281	0.003	0.017	430.02	195.336	3	839	
4.5	4.75	2	6	1	3	66	26482	66	26170	0.00798485	0.00598586	0.003	0.017	396.515	216.478	10	871	
4.5	4.75	2	7	4	3	58	26466	59	26500	0.00561017	0.00341405	0.003	0.01	449.153	169.695	10	749	
4.5	4.75	2	8	5	3	83	26516	76	24833	0.0048421	0.00489912	0.003	0.024	326.75	173.265	10	839	
4.5	4.75	2	9	2	3	69	26488	65	25812	0.00730769	0.00520493	0.003	0.017	397.108	183.866	18	757	
4.5	4.75	2	10	3	3	66	26482	65	25780	0.00590769	0.00565609	0.003	0.017	396.615	204.741	10	1056	
4.5	4.75	3	11	1	3	54	26458	55	26370	0.00796364	0.0058213	0.003	0.017	479.455	216.757	60	871	
4.5	4.75	3	12	3	3	48	26446	48	26044	0.00533333	0.00333475	0.003	0.01	542.583	286.413	58	1056	
4.5	4.75	3	13	5	3	70	26490	63	24560	0.00666667	0.00560242	0.003	0.024	389.841	224.73	32	839	
4.5	4.75	3	14	4	3	52	26454	52	27201	0.00596154	0.00349207	0.003	0.01	523.096	276.508	90	1056	
4.5	4.75	3	15	2	3	55	26460	55	26588	0.00630909	0.003527	0.003	0.01	483.418	253.063	27	1056	
4.5	4.75	1	16	5	3	85	26520	81	24503	0.00611111	0.00664078	0.003	0.024	302.506	152.261	32	668	
4.5	4.75	1	17	4	3	85	26520	84	25876	0.00616667	0.00637358	0.003	0.024	308.048	143.146	27	685	
4.5	4.75	1	18	3	3	87	26524	80	24062	0.00615	0.00619126	0.003	0.024	300.775	134.595	32	621	
4.5	4.75	1	19	2	3	76	26502	76	26447	0.00806579	0.00771896	0.003	0.024	347.987	128.765	58	765	
4.5	4.75	1	20	1	3	73	26496	74	26851	0.00735135	0.00609835	0.003	0.017	362.851	145.019	26	669	
4.75	5	4	1	5	3	61	26472	43	18366	0.00348837	0.00236414	0.003	0.017	427.116	212.058	49	839	
4.75	5	4	2	3	3	48	26446	47	25985	0.0067234	0.00353062	0.003	0.01	552.872	224.394	58	1056	
4.75	5	4	3	1	3	55	26460	55	26228	0.0086	0.00678943	0.003	0.017	476.873	182.025	142	909	
4.75	5	4	4	4	3	42	26434	42	26434	0.003	0	0.003	0.003	629.381	314.054	219	1056	
4.75	5	4	5	2	3	58	26466	43	19136	0.0047907	0.00434554	0.003	0.024	445.023	176.696	49	749	
4.75	5	2	6	1	3	69	26488	68	25357	0.0087647	0.00615985	0.003	0.017	372.897	200.01	10	693	
4.75	5	2	7	4	3	51	26452	51	25518	0.0072549	0.00345163	0.003	0.01	500.353	226.677	34	1056	
4.75	5	2	8	5	3	78	26506	68	22617	0.00402941	0.00368122	0.003	0.017	332.603	186.901	32	676	
4.75	5	2	9	2	3	67	26484	62	22773	0.00762903	0.00593747	0.003	0.024	367.306	182.298	18	669	
4.75	5	2	10	3	3	60	26470	60	25465	0.00813333	0.00588726	0.003	0.017	424.417	190.835	34	865	
4.75	5	3	11	1	3	54	26458	53	26652	0.00933962	0.00703547	0.003	0.017	502.868	253.794	8	967	
4.75	5	3	12	3	3	44	26438	44	26840	0.00713636	0.00348145	0.003	0.01	610	308.533	58	1056	
4.75	5	3	13	5	3	59	26468	37	16051	0.00375676	0.00320941	0.003	0.017	433.811	187.594	32	621	
4.75	5	3	14	4	3	47	26444	47	26068	0.0067234	0.00353062	0.003	0.01	554.638	293.841	91	1056	
4.75	5	3	15	2	3	40	26430	40	26302	0.0072	0.00347297	0.003	0.01	657.55	299.46	91	1056	
4.75	5	1	16	5	3	80	26510	69	22299	0.00523188	0.00569351	0.003	0.024	323.174	140.526	15	693	
4.75	5	1	17	4	3	78	26506	73	24023	0.00654794	0.006076	0.003	0.024	329.082	160.117	27	701	
4.75	5	1	18	3	3	76	26489	66	20851	0.00766667	0.00750248	0.003	0.024	315.924	154.449	7	669	
4.75	5	1	19	2	3	69	26359	64	23598	0.00792187	0.00690825	0.003	0.024	368.719	191.645	10	903	
4.75	5	1	20	1	3	70	26490	69	25973	0.00766667	0.00608196	0.003	0.017	376.42	167.928	27	685	
5	5.25	4	1	5	3	53	26456	33	15788	0.00512121	0.00509753	0.003	0.017	478.424	176.218	49	1056	
5	5.25	4	2	3	3	47	26444	47	26300	0.00687234	0.00351776	0.003	0.01	559.574	206.041	58	1056	
5	5.25	4	3	1	3	52	26454	52	26386	0.00973077	0.00706306	0.003	0.017	507.423	171.044	155	1056	
5	5.25	4	4	4	3	44	26438	44	26438	0.003	0	0.003	0.003	600.864	256.923	219	1056	
5	5.25	4	5	2	3	59	26468	41	18386	0.00487805	0.00443393	0.003	0.017	448.439	161.274	101	693	
5	5.25	2	6	1	3	61	26472	63	27466	0.00822222	0.0053293	0.003	0.017	435.968	228.141	7	1056	
5	5.25	2	7	4	3	55	26460	55	27031	0.0072	0.00346089	0.003	0.01	491.473	243.161	10	1056	
5	5.25	2	8	5	3	77	26504	74	24254	0.00432432	0.00428476	0.003	0.024	327.757	179.819	11	693	
5	5.25	2	9	2	3	64	26478	65	26916	0.00849231	0.00502532	0.003	0.017	414.092	203.471	83	967	
5	5.25	2	10	3	3	67	26484	67	27167	0.00822388	0.0057599	0.003	0.017	405.478	218.006	10	1056	
5	5.25	3	11	1	3	51	26452	51	26255	0.00931372	0.00645443	0.003	0.017	514.804	252.54	91	1056	
5	5.25	3	12	3	3	43	26436	42	25629	0.00716667	0.00347757	0.003	0.01	610.214	297.925	59	1056	
5	5.25	3	13	5	3	66	26482	47	16745	0.00419149	0.00366913	0.003	0.024	356.277	184.619	32	621	
5	5.25	3	14	4	3	43	26438	43	26067	0.00723256	0.00346298	0.003	0.01	606.209	307.945	66	1095	
5	5.25	3	15	2	3	47	26444	47	26662	0.00687234	0.00351776	0.003	0.01	567.277	290.392	70	1056	
5	5.25	1	16	5	3	94	26538	94	26267	0.00538298	0.00567414	0.003	0.024	279.436	145.489	27	749	
5	5.25	1	17	4	3	83	26516	82	26022	0.00726829	0.00657727	0.003	0.024	317.341	154.154	31	839	
5	5.25	1	18	3	3	94	26551	93	26388	0.00721505	0.00693424	0.003	0.024	283.742	182.683	12	1056	
5	5.25	1	19	2	3	85	26649	85	27231	0.00794118	0.00698528	0.003	0.024	320.365	137.62	23	645	
5	5.25	1	20	1	3	75	26504	77	27175	0.00745454	0.00566742	0.003	0.017	352.922	165.772	16	1056	
5.25	5.5	4	1	5	3	73	26496	66	24133	0.00363636	0.00237057	0.003	0.017	365.652	203.588	15	957	
5.25	5.5	4	2	3	3	56	26462	56	26758	0.005625	0.00341953	0.003	0.01	477.821	206.62	10	1056	
5.25	5.5	4	3	1	3	62	26474	62	26171	0.00616129	0.00590136	0.003	0.017	422.113	227.402	3	1056	
5.25	5.5	4	4	4	3	48	26446	48	26446	0.003	0	0.003	0.003	550.958	237.725	219	1056	
5.25	5.5	4	5	2	3	64	26478	55	22730	0.0044	0.00366465	0.003	0.017	413.273	210.48	11	839	
5.25	5.5	2	6	1	3	68	26486	68	26526	0.00660294	0.00560687	0.003	0.017	390.088	175.427	42	749	
5.25	5.5	2	7	4	3	58	26466	59	26951	0.0048983	0.00313872	0.003	0.01	456.797	149.663	34	693	
5.25	5.5	2	8	5	3	94	26538	88	25484	0.00395454	0.00338662	0.003	0.017	289.591	157.169	8	621	
5.25	5.5	2	9	2	3	79	26508	78	26752	0.00605128	0.00592573	0.003	0.024	342.974	187.891	15	839	
5.25	5.5	2	10	3	3	67	26484	69	27542	0.00655072	0.00558237	0.003	0.017	399.159	190.48	7	749	
5.25	5.5	3	11	1	3	53	26456	53	26070	0.00762264	0.00628254	0.003	0.017	491.887	204.253	93	871	
5.25	5.5	3	12	3	3	47	26444	48	27041	0.0060625	0.0035093	0.003	0.01	563.354	267.073	20	1056	
5.25	5.5	3	13	5	3	71	26492	59	21888	0.00477966	0.00442589	0.003	0.024	370.983	196.703	26	871	
5.25	5.5	3	14	4	3	53	26456	53	27075	0.00537736	0.00334679	0.003	0.01	510.849	240.125	66	1056	
5.25	5.5	3	15	2	3	46	26442	45	25603	0.00564444	0.00343217	0.003	0.01	568.956	236.209	91	1056	
5.25	5.5	1	16	5	3	96	26542	90	25251	0.00455555	0.00511686	0.003	0.024	280.567	157.023	30	621	
5.25	5.5	1	17	4	3	73	26496	72	25232	0.00805555	0.00735783	0.003	0.024	350.444	134.084	18	685	
5.25	5.5	1	18	3	3	80	26510	78	25942	0.00775641	0.00744013	0.003	0.024	332.59	176.972	31	709	
5.25	5.5	1	19	2	3	73	26496	74	26554	0.00877027	0.00679151	0.003	0.024	358.838	181.413	51	825	
5.25	5.5	1	20	1	3	67	26484	69	27275	0.00756522	0.00621781	0.003	0.017	395.29	181.089	73	1056	
5.5	5.75	4	1	5	3	67	26484	58	23460	0.0042069	0.00374053	0.003	0.017	404.483	203.077	49	749	
5.5	5.75	4	2	3	3	53	26456	53	26456	0.00550943	0.00338902	0.003	0.01	499.17	277.069	10	1056	
5.5	5.75	4	3	1	3	64	26478	64	27089	0.005625	0.00550757	0.003	0.017	423.266	220.097	7	1056	
5.5	5.75	4	4	4	3	46	26442	46	26442	0.003	0	0.003	0.003	574.826	274.426	219	1056	
5.5	5.75	4	5	2	3	66	26482	60	24129	0.00475	0.00439424	0.003	0.024	402.15	197.691	49	839	
5.5	5.75	2	6	1	3	71	26492	69	25744	0.00665217	0.00570816	0.003	0.017	373.101	172.864	11	693	
5.5	5.75	2	7	4	3	59	26468	59	26065	0.00537288	0.00334199	0.003	0.01	441.78	202.021	10	1056	
5.5	5.75	2	8	5	3	87	26524	73	23852	0.00386301	0.00307461	0.003	0.017	326.74	159.097	23	693	
5.5	5.75	2	9	2	3	76	26502	71	25083	0.00605634	0.00512107	0.003	0.017	353.282	153.156	42	646	
5.5	5.75	2	10	3	3	69	26488	67	25945	0.00676119	0.00601032	0.003	0.017	387.239	173.238	10	693	
5.5	5.75	3	11	1	3	52	26454	52	26677	0.00703846	0.00593746	0.003	0.017	513.019	276.108	11	1056	
5.5	5.75	3	12	3	3	51	26452	51	26074	0.00492157	0.00315495	0.003	0.01	511.255	273.873	52	1056	
5.5	5.75	3	13	5	3	71	26492	64	23586	0.00453125	0.00422378	0.003	0.024	368.531	214.535	15	1026	
5.5	5.75	3	14	4	3	53	26456	53	26200	0.00550943	0.00338902	0.003	0.01	494.34	204.54	90	1056	
5.5	5.75	3	15	2	3	52	26454	53	27075	0.00550943	0.00338902	0.003	0.01	510.849	214.72	90	1056	
5.5	5.75	1	16	5	3	84	26518	69	21698	0.00482609	0.00545559	0.003	0.024	314.464	127.816	32	621	
5.5	5.75	1	17	4	3	76	26502	70	23252	0.0059	0.00601725	0.003	0.024	332.171	150.158	43	642	
5.5	5.75	1	18	3	3	82	26514	74	23552	0.00602703	0.00602955	0.003	0.024	318.27	135.8	7	669	
5.5	5.75	1	19	2	3	77	26504	77	26109	0.007	0.00636603	0.003	0.024	339.078	159.112	18	637	
5.5	5.75	1	20	1	3	69	26488	69	26488	0.00695652	0.00605959	0.003	0.017	383.884	148.951	15	685	
5.75	6	4	1	5	3	69	26488	64	23926	0.0051875	0.00496935	0.003	0.017	373.844	212.737	12	839	
5.75	6	4	2	3	3	45	26440	45	26288	0.00626667	0.00353167	0.003	0.01	584.178	268.932	10	1056	
5.75	6	4	3	1	3	55	26460	55	26903	0.00821818	0.00676508	0.003	0.017	489.145	213.392	74	903	
5.75	6	4	4	4	3	46	26442	46	26442	0.003	0	0.003	0.003	574.826	289.668	219	1056	
5.75	6	4	5	2	3	62	26474	56	24538	0.005875	0.00530202	0.003	0.017	438.179	248.784	55	1056	
5.75	6	2	6	1	3	65	26480	64	26722	0.00857812	0.00613293	0.003	0.017	417.531	164.728	10	775	
5.75	6	2	7	4	3	60	26470	59	26188	0.00584746	0.00346815	0.003	0.01	443.864	189.437	26	1056	
5.75	6	2	8	5	3	86	26522	74	22787	0.00347297	0.00241129	0.003	0.017	307.932	161.743	23	621	
5.75	6	2	9	2	3	67	26484	65	25988	0.00870769	0.00698821	0.003	0.024	399.815	191.126	18	1056	
5.75	6	2	10	3	3	68	26486	69	26567	0.00695652	0.00629293	0.003	0.017	385.029	185.907	18	773	
5.75	6	3	11	1	3	55	26460	55	26495	0.00745454	0.00561354	0.003	0.017	481.727	286.546	26	1056	
5.75	6	3	12	3	3	49	26448	49	27036	0.00585714	0.00347611	0.003	0.01	551.755	278.853	59	1056	
5.75	6	3	13	5	3	66	26482	60	23326	0.00661667	0.00554211	0.003	0.024	388.767	208.981	32	839	
5.75	6	3	14	4	3	53	26456	53	26840	0.00616981	0.00351773	0.003	0.01	506.415	276.417	16	1056	
5.75	6	3	15	2	3	53	26458	53	26586	0.00656604	0.00353286	0.003	0.01	501.623	285.002	26	1056	
5.75	6	1	16	5	3	78	26506	66	21166	0.00575757	0.00648326	0.003	0.024	320.697	141.079	23	621	
5.75	6	1	17	4	3	76	26502	68	23544	0.00773529	0.00749849	0.003	0.024	346.235	128.238	49	573	
5.75	6	1	18	3	3	82	26514	73	22935	0.00712329	0.00772432	0.003	0.024	314.178	147.985	20	685	
5.75	6	1	19	2	3	71	26492	67	25609	0.00770149	0.00704104	0.003	0.024	382.224	153.801	106	881	
5.75	6	1	20	1	3	64	26478	60	25507	0.00778333	0.00663348	0.003	0.017	425.117	163.568	73	757	
6	6.25	4	1	5	3	58	26466	38	16588	0.00410526	0.00346246	0.003	0.017	436.526	178.568	49	839	
6	6.25	4	2	3	3	47	26444	47	26300	0.00702128	0.00349838	0.003	0.01	559.574	242.848	76	1056	
6	6.25	4	3	1	3	51	26452	51	26009	0.00986274	0.00706829	0.003	0.017	509.98	198.725	58	1056	
6	6.25	4	4	4	3	46	26442	46	26442	0.003	0	0.003	0.003	574.826	316.95	219	1056	
6	6.25	4	5	2	3	56	26462	32	12680	0.0034375	0.00247487	0.003	0.017	396.25	148.529	49	621	
6	6.25	2	6	1	3	48	26446	49	26225	0.0107143	0.00673919	0.003	0.017	535.204	250.999	7	1056	
6	6.25	2	7	4	3	49	26448	50	26111	0.00748	0.00339411	0.003	0.01	522.22	262.293	58	1056	
6	6.25	2	8	5	3	56	26462	35	13344	0.0042	0.0039764	0.003	0.017	381.257	199.842	28	1056	
6	6.25	2	9	2	3	51	26452	33	13960	0.0059697	0.00495911	0.003	0.017	423.03	188.561	49	1056	
6	6.25	2	10	3	3	55	26460	54	25551	0.0101296	0.00686541	0.003	0.017	473.167	233.319	58	1056	
6	6.25	3	11	1	3	51	26452	51	27033	0.0104118	0.00705741	0.003	0.017	530.059	291.561	91	1056	
6	6.25	3	12	3	3	42	26434	42	25629	0.00733333	0.00344055	0.003	0.01	610.214	309.724	58	1056	
6	6.25	3	13	5	3	62	26474	39	15132	0.003	0	0.003	0.003	388	176.997	32	621	
6	6.25	3	14	4	3	44	26438	43	25689	0.00723256	0.00346298	0.003	0.01	597.419	271.177	91	1056	
6	6.25	3	15	2	3	46	26442	45	25693	0.00735555	0.00343217	0.003	0.01	570.956	286.094	91	1056	
6	6.25	1	16	5	3	60	26470	38	11138	0.00336842	0.00158406	0.003	0.01	293.105	168.659	28	621	
6	6.25	1	17	4	3	55	26460	39	15660	0.00479487	0.00348817	0.003	0.017	401.538	228.53	15	1056	
6	6.25	1	18	3	3	58	26466	38	10217	0.00447368	0.00369614	0.003	0.017	268.868	176.491	28	685	
6	6.25	1	19	2	3	46	26442	31	12309	0.0066129	0.00595918	0.003	0.024	397.065	236.804	10	1056	
6	6.25	1	20	1	3	51	26452	53	26133	0.00960377	0.00664292	0.003	0.017	493.075	217.574	7	1056	
6.25	6.5	4	1	5	3	63	26476	48	19608	0.00416667	0.00333475	0.003	0.017	408.5	180.257	18	621	
6.25	6.5	4	2	3	3	52	26454	52	26598	0.00582692	0.00346818	0.003	0.01	511.5	163.748	10	903	
6.25	6.5	4	3	1	3	58	26466	58	26370	0.00782759	0.00671249	0.003	0.017	454.655	176.19	74	833	
6.25	6.5	4	4	4	3	48	26448	48	26448	0.003	0	0.003	0.003	551	243.533	163	1056	
6.25	6.5	4	5	2	3	63	26476	48	19014	0.00489583	0.00450645	0.003	0.017	396.125	193.899	49	693	
6.25	6.5	2	6	1	3	64	26478	64	26929	0.00879687	0.00642707	0.003	0.017	420.766	235.109	7	1056	
6.25	6.5	2	7	4	3	57	26464	55	26460	0.00554545	0.00339836	0.003	0.01	481.091	224.842	122	1056	
6.25	6.5	2	8	5	3	72	26494	55	19720	0.00427273	0.00487417	0.003	0.024	358.545	161.825	49	621	
6.25	6.5	2	9	2	3	70	26490	60	21712	0.00545	0.00479203	0.003	0.024	361.867	181.719	42	839	
6.25	6.5	2	10	3	3	58	26466	59	27152	0.00738983	0.0064861	0.003	0.017	460.203	237.139	34	1056	
6.25	6.5	3	11	1	3	53	26456	54	26754	0.00792592	0.00554519	0.003	0.017	495.444	264.892	90	1056	
6.25	6.5	3	12	3	3	48	26446	48	27251	0.0065	0.00353704	0.003	0.01	567.729	265.503	20	1056	
6.25	6.5	3	13	5	3	71	26492	59	20618	0.00572881	0.00520222	0.003	0.024	349.458	190.548	49	717	
6.25	6.5	3	14	4	3	52	26454	53	26456	0.00722641	0.00345655	0.003	0.01	499.17	236.799	12	967	
6.25	6.5	3	15	2	3	53	26456	54	27077	0.00675926	0.00352316	0.003	0.01	501.426	255.514	27	1056	
6.25	6.5	1	16	5	3	78	26506	66	22091	0.00554545	0.00621705	0.003	0.024	334.712	165.269	23	775	
6.25	6.5	1	17	4	3	70	26490	66	24654	0.00851515	0.00752073	0.003	0.024	373.545	184.339	12	849	
6.25	6.5	1	18	3	3	84	26518	73	22537	0.0059726	0.00616435	0.003	0.024	308.726	157.86	3	621	
6.25	6.5	1	19	2	3	72	26494	68	24105	0.00773529	0.00688849	0.003	0.024	354.485	149.841	18	669	
6.25	6.5	1	20	1	3	60	26470	60	27153	0.00883333	0.00646547	0.003	0.017	452.55	197.48	73	1056	
6.5	6.75	4	1	5	3	55	26460	32	14780	0.0034375	0.00247487	0.003	0.017	461.875	133.239	101	621	
6.5	6.75	4	2	3	3	47	26444	47	25849	0.00702128	0.00349838	0.003	0.01	549.979	273.059	58	1056	
6.5	6.75	4	3	1	3	53	26456	53	26392	0.00960377	0.00705566	0.003	0.017	497.962	175.742	73	985	
6.5	6.75	4	4	4	3	43	26436	43	26436	0.003	0	0.003	0.003	614.791	311.105	219	1056	
6.5	6.75	4	5	2	3	57	26464	35	15406	0.0036	0.00261444	0.003	0.017	440.171	190.984	49	839	
6.5	6.75	2	6	1	3	67	26484	68	27225	0.00855882	0.00548371	0.003	0.017	400.368	177.628	23	693	
6.5	6.75	2	7	4	3	60	26470	63	27530	0.00566667	0.00342665	0.003	0.01	436.984	179.465	7	1031	
6.5	6.75	2	8	5	3	89	26528	89	26616	0.00465168	0.00472205	0.003	0.024	299.056	177.526	9	741	
6.5	6.75	2	9	2	3	67	26484	67	26650	0.0090597	0.00620088	0.003	0.024	397.761	174.887	49	693	
6.5	6.75	2	10	3	3	65	26480	66	27165	0.00692424	0.00577611	0.003	0.017	411.591	180.469	34	693	
6.5	6.75	3	11	1	3	55	26460	54	25869	0.00922222	0.00571548	0.003	0.017	479.056	268.333	27	1031	
6.5	6.75	3	12	3	3	49	26448	50	26699	0.00678	0.0035242	0.003	0.01	533.98	289.711	59	1056	
6.5	6.75	3	13	5	3	66	26482	53	21193	0.00722641	0.00501399	0.003	0.017	399.868	198.06	66	839	
6.5	6.75	3	14	4	3	51	26452	50	26450	0.00692	0.00350999	0.003	0.01	529	295.617	27	1056	
6.5	6.75	3	15	2	3	47	26444	46	25823	0.00802174	0.0031867	0.003	0.01	561.37	280.924	27	1056	
6.5	6.75	1	16	5	3	94	26538	91	25278	0.00546154	0.00555839	0.003	0.024	277.78	143.378	11	621	
6.5	6.75	1	17	4	3	84	26518	82	26263	0.00658536	0.00671271	0.003	0.024	320.28	149.53	3	701	
6.5	6.75	1	18	3	3	92	26534	86	24105	0.00519767	0.00590677	0.003	0.024	280.291	143.558	3	597	
6.5	6.75	1	19	2	3	86	26522	85	26867	0.00777647	0.00726272	0.003	0.024	316.082	162.126	23	717	
6.5	6.75	1	20	1	3	76	26502	78	27109	0.00730769	0.00599417	0.003	0.017	347.551	160.276	31	685	
6.75	7	4	1	5	3	55	26460	35	17228	0.0048	0.00460051	0.003	0.017	492.229	177.041	101	839	
6.75	7	4	2	3	3	45	26440	45	27035	0.00688889	0.00351763	0.003	0.01	600.778	226.386	145	1056	
6.75	7	4	3	1	3	54	26458	54	26450	0.00948148	0.00704632	0.003	0.017	489.815	180.966	73	1056	
6.75	7	4	4	4	3	44	26438	44	26438	0.003	0	0.003	0.003	600.864	305.133	219	1056	
6.75	7	4	5	2	3	56	26462	41	19414	0.00607317	0.00565416	0.003	0.017	473.512	180.705	101	1056	
6.75	7	2	6	1	3	67	26484	68	25811	0.00742647	0.00525844	0.003	0.017	379.574	185.56	10	693	
6.75	7	2	7	4	3	66	26482	64	25875	0.00551562	0.00338527	0.003	0.01	404.297	199.734	4	749	
6.75	7	2	8	5	3	92	26534	84	25189	0.00333333	0.00240648	0.003	0.024	299.869	165.47	32	682	
6.75	7	2	9	2	3	74	26498	72	25909	0.00766667	0.00575559	0.003	0.024	359.847	176.764	18	693	
6.75	7	2	10	3	3	74	26498	73	25925	0.00673973	0.00509637	0.003	0.017	355.137	215.554	27	1056	
6.75	7	3	11	1	3	56	26462	57	27333	0.0101228	0.00627373	0.003	0.017	479.526	266.042	26	1056	
6.75	7	3	12	3	3	49	26448	48	26197	0.0065	0.00353704	0.003	0.01	545.771	279.65	20	1056	
6.75	7	3	13	5	3	63	26476	47	18473	0.00553191	0.00397739	0.003	0.017	393.043	220.938	32	839	
6.75	7	3	14	4	3	45	26440	46	26442	0.00786956	0.00325651	0.003	0.01	574.826	302.772	26	1056	
6.75	7	3	15	2	3	45	26440	46	26813	0.00786956	0.00325651	0.003	0.01	582.891	313.521	26	1056	
6.75	7	1	16	5	3	99	26548	89	24493	0.00425843	0.00442238	0.003	0.024	275.202	143.88	15	638	
6.75	7	1	17	4	3	80	26510	80	26268	0.0079	0.00716638	0.003	0.024	328.35	145.673	7	669	
6.75	7	1	18	3	3	83	26516	77	25645	0.00736364	0.00691092	0.003	0.024	333.052	138.822	32	669	
6.75	7	1	19	2	3	72	26494	72	26660	0.00815278	0.00684982	0.003	0.024	370.278	150.763	10	701	
6.75	7	1	20	1	3	75	26500	73	25893	0.00760274	0.00597388	0.003	0.017	354.699	179.078	18	839	
7	7.25	4	1	5	3	52	26454	30	15454	0.0037	0.0021359	0.003	0.01	515.133	102.744	261	749	
7	7.25	4	2	3	3	42	26434	42	26290	0.00716667	0.00347757	0.003	0.01	625.952	230.044	309	1056	
7	7.25	4	3	1	3	54	26458	54	26314	0.00948148	0.00704632	0.003	0.017	487.296	185.957	10	1056	
7	7.25	4	4	4	3	43	26436	43	26436	0.003	0	0.003	0.003	614.791	272.031	219	1056	
7	7.25	4	5	2	3	60	26470	38	16348	0.00392105	0.00370085	0.003	0.024	430.211	194.509	49	839	
7	7.25	2	6	1	3	70	26490	70	26794	0.0078	0.00513188	0.003	0.017	382.771	179.402	31	693	
7	7.25	2	7	4	3	69	26488	71	27095	0.00605634	0.00349648	0.003	0.01	381.62	197.723	10	749	
7	7.25	2	8	5	3	88	26526	84	26095	0.00341667	0.00226662	0.003	0.017	310.655	160.953	32	621	
7	7.25	2	9	2	3	73	26496	74	26604	0.00772973	0.00614281	0.003	0.024	359.514	188.31	18	693	
7	7.25	2	10	3	3	66	26484	67	27057	0.00801492	0.0051419	0.003	0.017	403.836	175.903	34	722	
7	7.25	3	11	1	3	52	26454	51	26066	0.00958823	0.00691716	0.003	0.017	511.098	216.739	92	1056	
7	7.25	3	12	3	3	42	26434	42	26224	0.0075	0.00339476	0.003	0.01	624.381	298.016	59	1056	
7	7.25	3	13	5	3	65	26480	41	17055	0.00317073	0.00109322	0.003	0.01	415.976	161.75	50	621	
7	7.25	3	14	4	3	37	26424	37	27043	0.00772973	0.00332205	0.003	0.01	730.892	292.057	187	1056	
7	7.25	3	15	2	3	47	26444	47	26820	0.00687234	0.00351776	0.003	0.01	570.638	307.621	66	1056	
7	7.25	1	16	5	3	100	26550	91	24094	0.00469231	0.00535556	0.003	0.024	264.769	146.281	32	573	
7	7.25	1	17	4	3	81	26512	78	25732	0.00802564	0.00694501	0.003	0.024	329.897	144.649	18	650	
7	7.25	1	18	3	3	90	26530	82	24584	0.0067561	0.0069736	0.003	0.024	299.805	150.271	16	709	
7	7.25	1	19	2	3	74	26498	72	26049	0.00863889	0.00730291	0.003	0.024	361.792	146.29	10	645	
7	7.25	1	20	1	3	72	26494	72	25859	0.00825	0.00629945	0.003	0.017	359.153	173.593	27	757	
7.25	7.5	4	1	5	3	62	26474	54	23539	0.00585185	0.00569146	0.003	0.017	435.907	210.832	42	1056	
7.25	7.5	4	2	3	3	50	26450	50	26594	0.00608	0.00350999	0.003	0.01	531.88	223.024	10	1056	
7.25	7.5	4	3	1	3	53	26456	55	27818	0.00783636	0.00671859	0.003	0.017	505.782	227.451	73	1056	
7.25	7.5	4	4	4	3	46	26442	46	26442	0.003	0	0.003	0.003	574.826	237.645	219	1056	
7.25	7.5	4	5	2	3	64	26478	56	22152	0.005	0.00475968	0.003	0.017	395.571	201.878	49	957	
7.25	7.5	2	6	1	3	65	26480	64	26401	0.009125	0.00564702	0.003	0.017	412.516	205.302	18	1056	
7.25	7.5	2	7	4	3	65	26480	63	25793	0.00555555	0.00339724	0.003	0.01	409.413	191.345	26	1056	
7.25	7.5	2	8	5	3	90	26530	79	24257	0.0041519	0.00410781	0.003	0.024	307.051	151.041	15	621	
7.25	7.5	2	9	2	3	66	26482	66	26640	0.00830303	0.00614684	0.003	0.024	403.636	192.997	18	1056	
7.25	7.5	2	10	3	3	72	26494	71	26491	0.00664789	0.00613211	0.003	0.017	373.113	176.867	51	1056	
7.25	7.5	3	11	1	3	59	26468	61	27046	0.00736065	0.00544681	0.003	0.017	443.377	262.746	26	1031	
7.25	7.5	3	12	3	3	49	26448	49	26448	0.00571428	0.00344601	0.003	0.01	539.755	288.131	20	1056	
7.25	7.5	3	13	5	3	69	26488	64	25813	0.00682812	0.00528116	0.003	0.024	403.328	207.656	32	941	
7.25	7.5	3	14	4	3	52	26454	52	26672	0.00623077	0.00352368	0.003	0.01	512.923	270.271	70	1056	
7.25	7.5	3	15	2	3	50	26450	50	26693	0.00636	0.0035327	0.003	0.01	533.86	278.688	27	1056	
7.25	7.5	1	16	5	3	86	26526	76	22149	0.00410526	0.0034393	0.003	0.024	291.434	153.142	6	693	
7.25	7.5	1	17	4	3	75	26502	72	24863	0.00698611	0.00630782	0.003	0.024	345.319	141.892	39	839	
7.25	7.5	1	18	3	3	81	26514	75	23530	0.00598667	0.0062157	0.003	0.024	313.733	162.071	32	758	
7.25	7.5	1	19	2	3	73	26500	72	25139	0.00805555	0.00645873	0.003	0.024	349.153	158.767	42	839	
7.25	7.5	1	20	1	3	71	26496	71	26544	0.00714084	0.00536735	0.003	0.017	373.859	160.153	73	752	
7.5	7.75	4	1	5	3	72	26494	67	25089	0.00414925	0.00432489	0.003	0.024	374.463	196.788	18	839	
7.5	7.75	4	2	3	3	56	26462	56	25867	0.00525	0.00329876	0.003	0.01	461.911	233.69	10	903	
7.5	7.75	4	3	1	3	72	26494	69	25071	0.00614493	0.00582408	0.003	0.017	363.348	210.467	3	839	
7.5	7.75	4	4	4	3	54	26458	54	26458	0.003	0	0.003	0.003	489.963	217.761	219	839	
7.5	7.75	4	5	2	3	64	26478	60	24187	0.00521667	0.00436896	0.003	0.017	403.117	211.518	10	839	
7.5	7.75	2	6	1	3	74	26498	75	26741	0.00701333	0.0062157	0.003	0.017	356.547	166.792	7	839	
7.5	7.75	2	7	4	3	60	26470	61	26792	0.0057541	0.00344797	0.003	0.01	439.213	172.124	10	817	
7.5	7.75	2	8	5	3	86	26522	74	23680	0.00375676	0.00339141	0.003	0.024	320	152.151	32	621	
7.5	7.75	2	9	2	3	74	26498	71	25748	0.00684507	0.00667115	0.003	0.024	362.648	160.042	23	669	
7.5	7.75	2	10	3	3	69	26488	67	24787	0.00728358	0.00632649	0.003	0.017	369.955	175.793	3	693	
7.5	7.75	3	11	1	3	48	26446	48	26741	0.00795833	0.0067665	0.003	0.017	557.104	276.345	91	1056	
7.5	7.75	3	12	3	3	47	26444	47	25849	0.00582979	0.00347237	0.003	0.01	549.979	258.849	59	1056	
7.5	7.75	3	13	5	3	75	26500	65	22249	0.00472308	0.00479749	0.003	0.024	342.292	188.835	10	865	
7.5	7.75	3	14	4	3	43	26436	43	25599	0.0064186	0.00354046	0.003	0.01	595.326	319.377	66	1056	
7.5	7.75	3	15	2	3	42	26434	42	25444	0.0065	0.00354243	0.003	0.01	605.81	303.525	66	1056	
7.5	7.75	1	16	5	3	80	26512	67	22506	0.00446269	0.00395554	0.003	0.024	335.91	152.797	32	854	
7.5	7.75	1	17	4	3	72	26494	73	26328	0.00769863	0.00617946	0.003	0.024	360.658	139.259	39	685	
7.5	7.75	1	18	3	3	78	26508	65	21250	0.00709231	0.00641707	0.003	0.024	326.923	172.115	32	669	
7.5	7.75	1	19	2	3	69	26488	68	26240	0.00825	0.0063278	0.003	0.024	385.882	187.614	7	1056	
7.5	7.75	1	20	1	3	67	26484	67	26919	0.00738806	0.00607268	0.003	0.017	401.776	206.803	26	1056	
7.75	8	4	1	5	3	73	26496	64	24056	0.00321875	0.00122758	0.003	0.01	375.875	208.823	11	839	
7.75	8	4	2	3	3	55	26460	56	27516	0.005875	0.00347491	0.003	0.01	491.357	238.337	10	1056	
7.75	8	4	3	1	3	64	26478	65	27369	0.00515385	0.00509053	0.003	0.017	421.062	211.548	10	1056	
7.75	8	4	4	4	3	50	26450	50	26450	0.003	0	0.003	0.003	529	252.605	219	1056	
7.75	8	4	5	2	3	68	26486	62	23877	0.00627419	0.00562829	0.003	0.024	385.113	183.18	49	967	
7.75	8	2	6	1	3	69	26488	68	25445	0.00629412	0.00560399	0.003	0.017	374.191	171.938	34	775	
7.75	8	2	7	4	3	61	26472	62	26597	0.00525806	0.00329896	0.003	0.01	428.984	213.871	10	1056	
7.75	8	2	8	5	3	80	26510	70	23964	0.004	0.00363158	0.003	0.017	342.343	140.429	49	693	
7.75	8	2	9	2	3	75	26500	74	25695	0.0064054	0.00593554	0.003	0.024	347.23	174.639	20	775	
7.75	8	2	10	3	3	65	26480	66	27489	0.00607576	0.0055089	0.003	0.017	416.5	167.228	34	749	
7.75	8	3	11	1	3	54	26458	54	26160	0.00740741	0.00642083	0.003	0.017	484.444	254.797	91	967	
7.75	8	3	12	3	3	41	26432	41	26631	0.00692683	0.00351703	0.003	0.01	649.537	354.102	59	1056	
7.75	8	3	13	5	3	65	26480	47	18578	0.00404255	0.00325682	0.003	0.017	395.277	186.704	32	621	
7.75	8	3	14	4	3	49	26448	49	27438	0.00628571	0.00352964	0.003	0.01	559.959	263.586	100	1056	
7.75	8	3	15	2	3	50	26450	50	27069	0.00608	0.00350999	0.003	0.01	541.38	274.116	66	1056	
7.75	8	1	16	5	3	95	26540	89	24438	0.00480899	0.00543531	0.003	0.024	274.584	149.683	12	621	
7.75	8	1	17	4	3	89	26528	84	25145	0.00683333	0.00628027	0.003	0.024	299.345	154.143	3	621	
7.75	8	1	18	3	3	93	26538	93	26961	0.00653763	0.00598469	0.003	0.024	289.903	146.335	4	597	
7.75	8	1	19	2	3	85	26522	86	26991	0.00715116	0.00673798	0.003	0.024	313.849	149.906	4	717	
7.75	8	1	20	1	3	75	26502	75	26654	0.00701333	0.00565803	0.003	0.017	355.387	156.067	26	807	
8	8.25	4	1	5	3	64	26478	51	20549	0.00354902	0.00274455	0.003	0.017	402.922	228.032	11	839	
8	8.25	4	2	3	3	54	26458	53	26303	0.00616981	0.00351773	0.003	0.01	496.283	232.158	10	1031	
8	8.25	4	3	1	3	62	26474	62	25956	0.00582258	0.00559134	0.003	0.017	418.645	201.105	7	839	
8	8.25	4	4	4	3	48	26446	48	26446	0.003	0	0.003	0.003	550.958	269.819	219	1056	
8	8.25	4	5	2	3	68	26486	60	22336	0.0058	0.00564726	0.003	0.024	372.267	212.223	10	839	
8	8.25	2	6	1	3	71	26494	73	27762	0.00693151	0.00571384	0.003	0.017	380.301	178.375	34	985	
8	8.25	2	7	4	3	62	26476	62	26587	0.00604839	0.00349907	0.003	0.01	428.823	185.851	18	818	
8	8.25	2	8	5	3	84	26518	76	24918	0.00410526	0.0042851	0.003	0.024	327.868	152.226	32	621	
8	8.25	2	9	2	3	71	26492	69	26443	0.00675362	0.0057045	0.003	0.024	383.232	190.942	23	1056	
8	8.25	2	10	3	3	73	26496	73	26584	0.0070274	0.00582374	0.003	0.017	364.164	166.531	31	807	
8	8.25	3	11	1	3	54	26458	54	26549	0.00740741	0.00642083	0.003	0.017	491.648	247.013	93	1056	
8	8.25	3	12	3	3	46	26442	46	26646	0.00604348	0.00350844	0.003	0.01	579.261	280.461	59	1056	
8	8.25	3	13	5	3	70	26490	57	20486	0.00410526	0.0036921	0.003	0.017	359.404	193.881	32	621	
8	8.25	3	14	4	3	50	26450	50	26079	0.0058	0.0034641	0.003	0.01	521.58	251.528	66	1056	
8	8.25	3	15	2	3	47	26444	47	25825	0.00568085	0.00343958	0.003	0.01	549.468	247.603	66	1056	
8	8.25	1	16	5	3	80	26510	69	21990	0.00421739	0.00432118	0.003	0.024	318.696	153.19	32	621	
8	8.25	1	17	4	3	75	26500	73	24867	0.00721918	0.00556339	0.003	0.017	340.644	164.852	11	685	
8	8.25	1	18	3	3	79	26508	71	24045	0.00684507	0.00589103	0.003	0.024	338.662	171.788	32	775	
8	8.25	1	19	2	3	77	26504	75	25637	0.00738667	0.00572782	0.003	0.024	341.827	156.248	42	717	
8	8.25	1	20	1	3	64	26478	64	26469	0.00825	0.00598145	0.003	0.017	413.578	203.57	3	1056	
8.25	8.5	4	1	5	3	53	26456	34	17419	0.00547059	0.00541734	0.003	0.017	512.324	152.402	49	775	
8.25	8.5	4	2	3	3	48	26446	48	25996	0.00664583	0.00353397	0.003	0.01	541.583	157.543	155	1056	
8.25	8.5	4	3	1	3	57	26464	57	26847	0.00914035	0.00700877	0.003	0.017	471	194.913	73	985	
8.25	8.5	4	4	4	3	39	26428	39	26428	0.003	0	0.003	0.003	677.641	297.045	219	1056	
8.25	8.5	4	5	2	3	59	26468	42	17307	0.005	0.00471117	0.003	0.017	412.071	157.147	49	621	
8.25	8.5	2	6	1	3	68	26486	68	26486	0.00732353	0.00513531	0.003	0.017	389.5	182.366	18	749	
8.25	8.5	2	7	4	3	63	26476	64	26970	0.00496875	0.00317214	0.003	0.01	421.406	181.331	3	749	
8.25	8.5	2	8	5	3	88	26526	84	25417	0.00433333	0.00413429	0.003	0.017	302.583	153.041	7	621	
8.25	8.5	2	9	2	3	62	26476	61	26322	0.00816393	0.00687066	0.003	0.024	431.508	153.996	66	839	
8.25	8.5	2	10	3	3	73	26496	75	27103	0.0058	0.0048824	0.003	0.017	361.373	175.81	7	693	
8.25	8.5	3	11	1	3	52	26454	53	26670	0.00920755	0.00576914	0.003	0.017	503.208	287.953	8	1056	
8.25	8.5	3	12	3	3	45	26440	46	27093	0.00634783	0.00353533	0.003	0.01	588.978	294.312	59	1056	
8.25	8.5	3	13	5	3	65	26480	55	22275	0.00681818	0.00552466	0.003	0.024	405	213.751	75	839	
8.25	8.5	3	14	4	3	48	26446	47	26340	0.00731915	0.00343958	0.003	0.01	560.426	259.865	91	1056	
8.25	8.5	3	15	2	3	51	26452	51	27143	0.00711765	0.00347935	0.003	0.01	532.216	267.494	66	1056	
8.25	8.5	1	16	5	3	85	26520	78	25174	0.00533333	0.00582575	0.003	0.024	322.744	139.005	23	621	
8.25	8.5	1	17	4	3	81	26514	79	26105	0.00681013	0.0060151	0.003	0.024	330.443	151.088	4	621	
8.25	8.5	1	18	3	3	98	26546	90	25108	0.00541111	0.00556856	0.003	0.024	278.978	149.393	32	669	
8.25	8.5	1	19	2	3	80	26512	79	26481	0.00734177	0.00684608	0.003	0.024	335.203	151.602	43	701	
8.25	8.5	1	20	1	3	77	26508	77	26066	0.00681818	0.00573935	0.003	0.017	338.519	174.34	16	839	
8.5	8.75	4	1	5	3	63	26476	52	22196	0.00407692	0.00350264	0.003	0.017	426.846	231.093	42	849	
8.5	8.75	4	2	3	3	49	26448	49	26448	0.00628571	0.00352964	0.003	0.01	539.755	240.02	10	1056	
8.5	8.75	4	3	1	3	57	26464	58	26670	0.00734483	0.00653345	0.003	0.017	459.828	226.432	15	1056	
8.5	8.75	4	4	4	3	47	26444	47	26444	0.003	0	0.003	0.003	562.638	294.618	219	1056	
8.5	8.75	4	5	2	3	59	26468	53	23198	0.00577358	0.00537674	0.003	0.017	437.698	198.813	3	839	
8.5	8.75	2	6	1	3	75	26500	75	26500	0.0058	0.0051465	0.003	0.017	353.333	183.143	12	839	
8.5	8.75	2	7	4	3	68	26486	67	26240	0.00425373	0.00270434	0.003	0.01	391.642	185.919	3	839	
8.5	8.75	2	8	5	3	82	26514	72	24665	0.00484722	0.00525319	0.003	0.024	342.569	188.587	28	839	
8.5	8.75	2	9	2	3	75	26500	75	27026	0.00710667	0.0057647	0.003	0.017	360.347	181.606	47	839	
8.5	8.75	2	10	3	3	71	26492	71	26492	0.00566197	0.00546925	0.003	0.017	373.127	165.509	34	839	
8.5	8.75	3	11	1	3	55	26460	54	25969	0.00714815	0.00585165	0.003	0.017	480.907	218.039	91	967	
8.5	8.75	3	12	3	3	50	26450	49	25989	0.006	0.0035	0.003	0.01	530.388	263.438	52	1056	
8.5	8.75	3	13	5	3	67	26484	54	22413	0.00546296	0.00511643	0.003	0.024	415.056	195.55	75	839	
8.5	8.75	3	14	4	3	44	26438	45	25925	0.00657778	0.00353868	0.003	0.01	576.111	309.304	26	1056	
8.5	8.75	3	15	2	3	49	26448	49	26722	0.00685714	0.00351781	0.003	0.01	545.347	286.277	18	1056	
8.5	8.75	1	16	5	3	83	26516	79	24829	0.00512658	0.00541689	0.003	0.024	314.291	125.773	15	669	
8.5	8.75	1	17	4	3	79	26508	77	25464	0.00636364	0.0055177	0.003	0.024	330.701	137.567	15	698	
8.5	8.75	1	18	3	3	82	26514	73	23821	0.00673973	0.00639884	0.003	0.024	326.315	166.022	28	865	
8.5	8.75	1	19	2	3	74	26500	73	25696	0.00712329	0.00593002	0.003	0.024	352	166.606	19	701	
8.5	8.75	1	20	1	3	80	26510	80	26730	0.0064125	0.0055682	0.003	0.017	334.125	160.036	15	693	
8.75	9	4	1	5	3	75	26500	72	26158	0.00397222	0.00317549	0.003	0.017	363.306	202.104	18	839	
8.75	9	4	2	3	3	56	26462	56	26462	0.00725	0.00344964	0.003	0.01	472.536	245.071	18	1056	
8.75	9	4	3	1	3	67	26484	68	26945	0.00547059	0.00523898	0.003	0.017	396.25	213.74	10	839	
8.75	9	4	4	4	3	50	26450	50	26450	0.003	0	0.003	0.003	529	260.222	219	1056	
8.75	9	4	5	2	3	66	26482	64	25770	0.00748437	0.00519766	0.003	0.024	402.656	209.965	31	967	
8.75	9	2	6	1	3	72	26494	70	25975	0.0054	0.00531446	0.003	0.017	371.071	170.562	10	693	
8.75	9	2	7	4	3	61	26472	61	26684	0.00483606	0.00310473	0.003	0.01	437.443	168.385	90	717	
8.75	9	2	8	5	3	83	26516	76	25006	0.00438158	0.00412462	0.003	0.024	329.026	160.601	19	621	
8.75	9	2	9	2	3	78	26506	78	26110	0.00479487	0.00471075	0.003	0.024	334.744	191.177	7	693	
8.75	9	2	10	3	3	74	26498	72	26342	0.00552778	0.00529409	0.003	0.017	365.861	193.575	24	775	
8.75	9	3	11	1	3	55	26460	55	26538	0.00872727	0.00688115	0.003	0.017	482.509	265.648	92	965	
8.75	9	3	12	3	3	44	26438	44	25843	0.00665909	0.0035368	0.003	0.01	587.341	316.685	52	1056	
8.75	9	3	13	5	3	60	26470	39	16967	0.00335897	0.00224179	0.003	0.017	435.051	172.239	74	634	
8.75	9	3	14	4	3	42	26434	42	26434	0.00683333	0.00352632	0.003	0.01	629.381	288.272	121	1056	
8.75	9	3	15	2	3	46	26442	46	26096	0.00634783	0.00353533	0.003	0.01	567.304	289.495	91	1056	
8.75	9	1	16	5	3	99	26548	95	24775	0.00447368	0.00466732	0.003	0.024	260.789	126.067	23	589	
8.75	9	1	17	4	3	88	26526	87	26217	0.00694253	0.00610443	0.003	0.024	301.345	139.439	23	597	
8.75	9	1	18	3	3	85	26520	86	26446	0.00763953	0.00675785	0.003	0.024	307.512	148.152	19	621	
8.75	9	1	19	2	3	74	26500	76	27075	0.00723684	0.00605721	0.003	0.024	356.25	167.191	57	924	
8.75	9	1	20	1	3	76	26502	78	27340	0.00578205	0.00508792	0.003	0.017	350.513	149.824	42	669	
9	9.25	4	1	5	3	79	26508	75	25675	0.00393333	0.00332205	0.003	0.017	342.333	216.132	18	839	
9	9.25	4	2	3	3	55	26460	55	26910	0.00630909	0.003527	0.003	0.01	489.273	240.382	10	903	
9	9.25	4	3	1	3	66	26482	64	25424	0.00507812	0.00493869	0.003	0.017	397.25	195.877	3	749	
9	9.25	4	4	4	3	52	26454	52	26454	0.003	0	0.003	0.003	508.731	229.416	219	1056	
9	9.25	4	5	2	3	67	26484	68	27105	0.00629412	0.00475696	0.003	0.017	398.603	211.092	58	1056	
9	9.25	2	6	1	3	76	26502	76	26253	0.00557895	0.00534232	0.003	0.017	345.434	162.626	7	693	
9	9.25	2	7	4	3	62	26474	62	26242	0.00503226	0.00320332	0.003	0.01	423.258	203.96	26	1056	
9	9.25	2	8	5	3	79	26508	67	23927	0.00425373	0.00470764	0.003	0.024	357.119	157.665	3	621	
9	9.25	2	9	2	3	82	26514	80	25811	0.0053625	0.00533497	0.003	0.024	322.638	154.266	16	573	
9	9.25	2	10	3	3	75	26500	76	26345	0.00548684	0.00532539	0.003	0.017	346.645	169.85	34	669	
9	9.25	3	11	1	3	56	26462	57	26957	0.00705263	0.00633703	0.003	0.017	472.93	224.261	11	871	
9	9.25	3	12	3	3	44	26438	45	27494	0.00564444	0.00343217	0.003	0.01	610.978	322.097	59	1056	
9	9.25	3	13	5	3	67	26484	55	19714	0.0044	0.00474381	0.003	0.024	358.436	192.501	32	709	
9	9.25	3	14	4	3	51	26452	51	27309	0.00505882	0.00322125	0.003	0.01	535.471	302.499	66	1056	
9	9.25	3	15	2	3	51	26452	51	26580	0.00519608	0.00328036	0.003	0.01	521.176	255.525	66	1056	
9	9.25	1	16	5	3	88	26526	80	23390	0.0055375	0.00612516	0.003	0.024	292.375	140.227	59	621	
9	9.25	1	17	4	3	86	26522	83	25629	0.00721687	0.00699486	0.003	0.024	308.783	144.872	20	693	
9	9.25	1	18	3	3	86	26522	82	24808	0.00735366	0.0065666	0.003	0.024	302.537	169.555	27	1056	
9	9.25	1	19	2	3	81	26512	79	25787	0.00689873	0.00621536	0.003	0.024	326.418	147.539	7	765	
9	9.25	1	20	1	3	77	26504	75	25812	0.00636	0.00567984	0.003	0.017	344.16	147.305	32	597	
9.25	9.5	4	1	5	3	78	26506	73	25454	0.00328767	0.00182178	0.003	0.017	348.685	176.349	7	775	
9.25	9.5	4	2	3	3	55	26460	55	26306	0.00516364	0.00326465	0.003	0.01	478.291	176.843	10	749	
9.25	9.5	4	3	1	3	72	26494	73	27318	0.00558904	0.00541047	0.003	0.017	374.219	217.779	3	839	
9.25	9.5	4	4	4	3	51	26452	51	26452	0.003	0	0.003	0.003	518.667	194.282	219	839	
9.25	9.5	4	5	2	3	74	26498	65	23995	0.00547692	0.0048609	0.003	0.024	369.154	198.372	3	903	
9.25	9.5	2	6	1	3	77	26504	78	27118	0.00730769	0.00640476	0.003	0.017	347.667	164.582	10	605	
9.25	9.5	2	7	4	3	57	26464	57	26293	0.00607017	0.00350438	0.003	0.01	461.281	160.017	113	1056	
9.25	9.5	2	8	5	3	89	26528	71	22442	0.00309859	0.000830747	0.003	0.01	316.085	149.485	36	693	
9.25	9.5	2	9	2	3	77	26504	69	23889	0.00614493	0.00684766	0.003	0.024	346.217	157.877	49	693	
9.25	9.5	2	10	3	3	70	26490	70	26679	0.0074	0.00643676	0.003	0.017	381.129	148.296	34	685	
9.25	9.5	3	11	1	3	51	26452	50	26452	0.00636	0.00603987	0.003	0.017	529.04	273.675	92	1056	
9.25	9.5	3	12	3	3	49	26448	48	25987	0.00533333	0.00333475	0.003	0.01	541.396	346.098	52	1056	
9.25	9.5	3	13	5	3	62	26474	52	20925	0.00475	0.00457133	0.003	0.017	402.404	190.706	32	781	
9.25	9.5	3	14	4	3	52	26454	51	25595	0.00505882	0.00322125	0.003	0.01	501.863	225.68	66	1056	
9.25	9.5	3	15	2	3	50	26450	50	25703	0.00594	0.00348999	0.003	0.01	514.06	268.705	66	1056	
9.25	9.5	1	16	5	3	78	26506	58	19497	0.00444827	0.00536778	0.003	0.024	336.155	124.648	32	597	
9.25	9.5	1	17	4	3	74	26498	67	23370	0.00832836	0.00771537	0.003	0.024	348.806	133.26	42	693	
9.25	9.5	1	18	3	3	80	26510	61	19799	0.00655738	0.00695587	0.003	0.024	324.574	136.156	32	676	
9.25	9.5	1	19	2	3	69	26488	67	25679	0.00864179	0.00681065	0.003	0.024	383.269	154.194	44	701	
9.25	9.5	1	20	1	3	62	26474	64	27166	0.0086875	0.00693021	0.003	0.017	424.469	200.494	55	985	
9.5	9.75	4	1	5	3	68	26486	60	22196	0.00626667	0.00610881	0.003	0.024	369.933	190.974	12	839	
9.5	9.75	4	2	3	3	49	26448	49	26296	0.00671428	0.00352964	0.003	0.01	536.653	258.536	145	1056	
9.5	9.75	4	3	1	3	56	26462	55	25726	0.00809091	0.00679671	0.003	0.017	467.745	194.184	73	1056	
9.5	9.75	4	4	4	3	48	26446	48	26446	0.003	0	0.003	0.003	550.958	243.307	219	1056	
9.5	9.75	4	5	2	3	56	26462	47	21634	0.00642553	0.00599545	0.003	0.024	460.298	170.354	42	749	
9.5	9.75	2	6	1	3	68	26486	67	26364	0.00759701	0.00578677	0.003	0.017	393.493	180.059	11	749	
9.5	9.75	2	7	4	3	63	26476	64	26913	0.00628125	0.00352077	0.003	0.01	420.516	196.481	43	839	
9.5	9.75	2	8	5	3	83	26516	75	23983	0.00468	0.00472246	0.003	0.024	319.773	170.063	8	621	
9.5	9.75	2	9	2	3	70	26490	70	26757	0.0082	0.00592122	0.003	0.017	382.243	190.186	18	871	
9.5	9.75	2	10	3	3	59	26468	59	26240	0.00845763	0.00610631	0.003	0.017	444.746	182.245	74	945	
9.5	9.75	3	11	1	3	55	26460	56	26369	0.0095	0.0065199	0.003	0.017	470.875	243.89	8	1056	
9.5	9.75	3	12	3	3	45	26440	45	26352	0.00657778	0.00353868	0.003	0.01	585.6	299.092	58	1056	
9.5	9.75	3	13	5	3	62	26474	48	18527	0.0043125	0.00343422	0.003	0.017	385.979	195.748	32	709	
9.5	9.75	3	14	4	3	52	26454	52	26454	0.00676923	0.00352368	0.003	0.01	508.731	280.16	26	1056	
9.5	9.75	3	15	2	3	44	26438	44	26809	0.00745454	0.00340625	0.003	0.01	609.295	253.779	219	1056	
9.5	9.75	1	16	5	3	85	26520	78	24095	0.00425641	0.0035215	0.003	0.024	308.91	150.704	4	669	
9.5	9.75	1	17	4	3	81	26512	79	25399	0.00601266	0.00471357	0.003	0.017	321.506	153.788	15	698	
9.5	9.75	1	18	3	3	84	26518	81	24630	0.00723457	0.00622951	0.003	0.024	304.074	149.419	27	669	
9.5	9.75	1	19	2	3	74	26498	73	26016	0.00712329	0.00569587	0.003	0.024	356.384	169.351	43	1056	
9.5	9.75	1	20	1	3	73	26498	71	25982	0.00674648	0.00540031	0.003	0.017	365.944	176.287	34	839	
9.75	10	4	1	5	3	54	26458	38	19207	0.00668421	0.00624762	0.003	0.017	505.447	209.669	8	839	
9.75	10	4	2	3	3	52	26454	52	25859	0.00663461	0.00353153	0.003	0.01	497.288	256.815	10	1056	
9.75	10	4	3	1	3	48	26446	48	26430	0.0102917	0.00706793	0.003	0.017	550.625	230.47	73	1056	
9.75	10	4	4	4	3	44	26438	44	26438	0.003	0	0.003	0.003	600.864	327.26	219	1056	
9.75	10	4	5	2	3	52	26454	34	16134	0.00547059	0.00541734	0.003	0.017	474.529	161.856	157	749	
9.75	10	2	6	1	3	64	26482	64	26019	0.0086875	0.00556028	0.003	0.017	406.547	195.193	28	839	
9.75	10	2	7	4	3	63	26476	63	26476	0.00688889	0.00350627	0.003	0.01	420.254	190.934	10	1056	
9.75	10	2	8	5	3	85	26520	77	23311	0.00418182	0.0041572	0.003	0.024	302.74	199.771	3	693	
9.75	10	2	9	2	3	68	26486	67	25886	0.00895522	0.00636142	0.003	0.024	386.358	179.103	42	694	
9.75	10	2	10	3	3	65	26480	65	26612	0.00730769	0.00549125	0.003	0.017	409.415	197.44	23	1056	
9.75	10	3	11	1	3	46	26442	44	25603	0.0101591	0.00631331	0.003	0.017	581.886	268.693	106	1056	
9.75	10	3	12	3	3	43	26436	42	26522	0.00716667	0.00347757	0.003	0.01	631.476	308.276	59	1056	
9.75	10	3	13	5	3	67	26484	49	18485	0.00471428	0.00304138	0.003	0.01	377.245	202.33	32	839	
9.75	10	3	14	4	3	45	26440	45	26440	0.00766667	0.00333712	0.003	0.01	587.556	243.315	187	1056	
9.75	10	3	15	2	3	48	26446	47	26073	0.00791489	0.00323587	0.003	0.01	554.745	275.88	16	1056	
9.75	10	1	16	5	3	91	26532	83	23852	0.00451807	0.0048949	0.003	0.024	287.373	165.775	32	693	
9.75	10	1	17	4	3	74	26500	71	25072	0.00792958	0.00683755	0.003	0.024	353.127	150.77	49	701	
9.75	10	1	18	3	3	80	26510	75	25070	0.00729333	0.00660011	0.003	0.024	334.267	160.409	15	669	
9.75	10	1	19	2	3	76	26502	77	27123	0.009	0.00733413	0.003	0.024	352.247	179.272	4	693	
9.75	10	1	20	1	3	67	26486	67	26208	0.00885075	0.00604341	0.003	0.017	391.164	167.388	34	749	
