% start	end	CellId	IMSI	RNTI	LCID	nTxPDUs	TxBytes	nRxPDUs	RxBytes	delay	stdDev	min	max	PduSize	stdDev	min	max
0.5	0.75	4	1	3	3	51	25398	51	25398	0.00519608	0.00328036	0.003	0.01	498	245.076	52	1056	
0.5	0.75	4	2	5	3	70	25436	59	20886	0.0040678	0.00427448	0.003	0.024	354	207.891	12	839	
0.5	0.75	4	3	1	3	64	25424	56	22527	0.005	0.00577455	0.003	0.024	402.268	235.221	8	935	
0.5	0.75	4	4	4	3	68	25432	56	21482	0.0035	0.00294186	0.003	0.024	383.607	205.682	49	839	
0.5	0.75	4	5	2	3	56	25408	56	25408	0.0055	0.00338446	0.003	0.01	453.714	247.742	34	1056	
0.5	0.75	2	6	5	3	75	25446	58	20219	0.00336207	0.0020408	0.003	0.017	348.603	186.015	32	621	
0.5	0.75	2	7	1	3	54	25404	53	24491	0.00643396	0.00353286	0.003	0.01	462.094	231.238	10	913	
0.5	0.75	2	8	3	3	62	25420	60	25032	0.0072	0.00634008	0.003	0.017	417.2	241.206	10	1056	
0.5	0.75	2	9	2	3	57	25410	56	25224	0.006875	0.00624955	0.003	0.017	450.429	207.085	92	1056	
0.5	0.75	2	10	4	3	66	25428	50	20476	0.00426	0.00462385	0.003	0.024	409.52	168.219	12	749	
0.5	0.75	3	11	5	3	70	25436	58	22017	0.00408621	0.00389009	0.003	0.024	379.603	208.752	49	839	
0.5	0.75	3	12	4	3	58	25412	57	25258	0.0048421	0.00310983	0.003	0.01	443.123	224.568	27	1031	
0.5	0.75	3	13	1	3	67	25430	63	24860	0.00555555	0.00552349	0.003	0.024	394.603	200.04	51	935	
0.5	0.75	3	14	3	3	70	25436	66	24578	0.00512121	0.00520507	0.003	0.024	372.394	231.856	3	1056	
0.5	0.75	3	15	2	3	53	25402	52	25312	0.00528846	0.00331566	0.003	0.01	486.769	222.237	66	1056	
0.5	0.75	1	16	2	3	52	25400	44	21023	0.00506818	0.00556316	0.003	0.024	477.795	250.875	57	1056	
0.5	0.75	1	17	1	3	53	25402	52	25336	0.00596154	0.00349207	0.003	0.01	487.231	251.96	90	1056	
0.5	0.75	1	18	5	3	47	25390	47	25390	0.00538298	0.00335283	0.003	0.01	540.213	184.688	219	1056	
0.5	0.75	1	19	4	3	52	25400	47	21953	0.0067234	0.00712833	0.003	0.024	467.085	218.224	42	935	
0.5	0.75	1	20	3	3	88	25472	74	19410	0.00375676	0.00376651	0.003	0.024	262.297	151.724	7	621	
0.75	1	4	1	3	3	59	26468	58	26007	0.00505172	0.00321413	0.003	0.01	448.397	210.294	58	1056	
0.75	1	4	2	5	3	82	26514	70	24531	0.0035	0.00299637	0.003	0.024	350.443	166.844	19	749	
0.75	1	4	3	1	3	80	26510	73	25693	0.00443836	0.00480447	0.003	0.024	351.959	180.812	57	775	
0.75	1	4	4	4	3	81	26512	71	25245	0.00388732	0.00372846	0.003	0.024	355.563	167.459	49	693	
0.75	1	4	5	2	3	64	26478	63	25993	0.005	0.00318768	0.003	0.01	412.587	200.652	26	833	
0.75	1	2	6	5	3	85	26520	71	23240	0.00309859	0.000830747	0.003	0.01	327.324	150.028	32	621	
0.75	1	2	7	1	3	62	26474	62	26782	0.00559677	0.00340905	0.003	0.01	431.968	222.025	10	1056	
0.75	1	2	8	3	3	74	26498	74	26270	0.00678378	0.00615167	0.003	0.017	355	178.419	10	1056	
0.75	1	2	9	2	3	67	26484	68	26478	0.0065	0.0059863	0.003	0.017	389.382	162.059	11	669	
0.75	1	2	10	4	3	76	26502	60	22732	0.00346667	0.0021821	0.003	0.017	378.867	172.52	101	839	
0.75	1	3	11	5	3	79	26508	68	24482	0.00341176	0.002383	0.003	0.017	360.029	206.464	7	839	
0.75	1	3	12	4	3	67	26484	67	26595	0.00529851	0.00352916	0.003	0.017	396.94	185.065	34	807	
0.75	1	3	13	1	3	72	26494	68	25645	0.00464706	0.00470238	0.003	0.024	377.132	161.282	57	717	
0.75	1	3	14	3	3	72	26494	70	25812	0.0054	0.00531446	0.003	0.017	368.743	167.33	42	717	
0.75	1	3	15	2	3	60	26470	60	26494	0.00475	0.00305667	0.003	0.01	441.567	175.162	66	749	
0.75	1	1	16	2	3	80	26510	65	22779	0.0044	0.00482442	0.003	0.024	350.446	177.498	3	839	
0.75	1	1	17	1	3	67	26484	67	26348	0.00676119	0.00351658	0.003	0.01	393.254	214.464	26	839	
0.75	1	1	18	5	3	67	26486	67	26486	0.00498507	0.00317897	0.003	0.01	395.313	158.222	26	839	
0.75	1	1	19	4	3	71	26492	67	25307	0.00582089	0.00656881	0.003	0.024	377.716	162.63	34	701	
0.75	1	1	20	3	3	105	26560	94	23108	0.00314894	0.00144399	0.003	0.017	245.83	121.427	15	437	
1	1.25	4	1	3	3	52	26454	51	25857	0.00615686	0.0035178	0.003	0.01	507	281.149	20	1056	
1	1.25	4	2	5	3	63	26478	58	24720	0.00698276	0.00657078	0.003	0.024	426.207	210.687	49	1056	
1	1.25	4	3	1	3	60	26470	50	21308	0.00566	0.00563738	0.003	0.024	426.16	219.917	51	1056	
1	1.25	4	4	4	3	63	26476	49	20358	0.00471428	0.00463681	0.003	0.017	415.469	188.575	19	839	
1	1.25	4	5	2	3	54	26458	54	26458	0.00611111	0.00351099	0.003	0.01	489.963	246.058	34	1056	
1	1.25	2	6	5	3	85	26520	76	23739	0.00456579	0.00479537	0.003	0.024	312.355	154.57	75	636	
1	1.25	2	7	1	3	50	26450	50	25999	0.00762	0.00334963	0.003	0.01	519.98	219.565	58	1056	
1	1.25	2	8	3	3	68	26486	69	27028	0.00868116	0.00638356	0.003	0.017	391.71	217.344	10	1056	
1	1.25	2	9	2	3	63	26476	64	27305	0.00879687	0.00605315	0.003	0.017	426.641	193.935	90	1056	
1	1.25	2	10	4	3	71	26492	61	24409	0.00598361	0.00485967	0.003	0.017	400.148	194.724	58	935	
1	1.25	3	11	5	3	70	26490	58	21822	0.00444827	0.00365231	0.003	0.017	376.241	209.338	24	935	
1	1.25	3	12	4	3	60	26470	59	25455	0.00537288	0.00334199	0.003	0.01	431.441	190.064	34	839	
1	1.25	3	13	1	3	64	26478	63	26381	0.00722222	0.00671648	0.003	0.024	418.746	171.531	42	765	
1	1.25	3	14	3	3	67	26484	63	25054	0.00655555	0.00614286	0.003	0.024	397.683	204.013	57	1056	
1	1.25	3	15	2	3	58	26466	59	26532	0.00525424	0.00329887	0.003	0.01	449.695	214.967	66	1056	
1	1.25	1	16	2	3	79	26508	73	24898	0.00568493	0.00489863	0.003	0.024	341.068	185.671	3	1056	
1	1.25	1	17	1	3	66	26482	66	26111	0.00628788	0.00352034	0.003	0.01	395.621	187.229	19	839	
1	1.25	1	18	5	3	71	26492	69	25917	0.00502898	0.00319913	0.003	0.01	375.609	162.498	10	685	
1	1.25	1	19	4	3	78	26506	76	25743	0.0065921	0.00681014	0.003	0.024	338.724	176.349	57	935	
1	1.25	1	20	3	3	100	26550	94	24955	0.00538298	0.00508658	0.003	0.024	265.479	162.377	15	935	
1.25	1.5	4	1	3	3	37	26424	38	27231	0.00852631	0.00289208	0.003	0.01	716.605	346.819	59	1056	
1.25	1.5	4	2	5	3	48	26446	44	23632	0.00920454	0.0069536	0.003	0.017	537.091	252.308	101	1056	
1.25	1.5	4	3	1	3	46	26442	46	26626	0.0107609	0.0069576	0.003	0.017	578.826	263.716	123	1056	
1.25	1.5	4	4	4	3	49	26448	43	20830	0.00886046	0.00681938	0.003	0.017	484.419	255.991	12	1009	
1.25	1.5	4	5	2	3	41	26432	41	25861	0.00795122	0.00322452	0.003	0.01	630.756	310.433	58	1056	
1.25	1.5	2	6	5	3	88	26526	79	24224	0.00362025	0.00339798	0.003	0.024	306.633	141.789	7	621	
1.25	1.5	2	7	1	3	56	26464	57	27520	0.00521053	0.00328273	0.003	0.01	482.807	239.546	26	1095	
1.25	1.5	2	8	3	3	74	26498	74	26565	0.00659459	0.00593554	0.003	0.017	358.986	184.738	3	839	
1.25	1.5	2	9	2	3	66	26482	67	26700	0.00676119	0.0058855	0.003	0.017	398.507	190.766	39	1056	
1.25	1.5	2	10	4	3	88	26526	79	24778	0.00397468	0.0036724	0.003	0.024	313.646	165.837	12	621	
1.25	1.5	3	11	5	3	77	26504	70	25392	0.0059	0.0042123	0.003	0.024	362.743	160.621	7	693	
1.25	1.5	3	12	4	3	58	26466	60	27524	0.0051	0.00323487	0.003	0.01	458.733	171.05	91	749	
1.25	1.5	3	13	1	3	72	26494	72	26355	0.00572222	0.00545461	0.003	0.017	366.042	204.263	10	749	
1.25	1.5	3	14	3	3	63	26476	63	26766	0.00755555	0.00520787	0.003	0.017	424.857	206.822	18	941	
1.25	1.5	3	15	2	3	60	26470	59	26161	0.00537288	0.00334199	0.003	0.01	443.407	197.045	90	903	
1.25	1.5	1	16	2	3	77	26504	73	25276	0.00606849	0.00606064	0.003	0.024	346.247	145.206	57	597	
1.25	1.5	1	17	1	3	68	26486	69	27059	0.00553623	0.00338934	0.003	0.01	392.159	162.866	26	839	
1.25	1.5	1	18	5	3	63	26476	65	27051	0.00623077	0.00351679	0.003	0.01	416.169	206.986	18	1056	
1.25	1.5	1	19	4	3	70	26492	69	25787	0.00736232	0.00647613	0.003	0.024	373.725	208.756	35	935	
1.25	1.5	1	20	3	3	99	26548	87	22247	0.00332184	0.0021103	0.003	0.017	255.713	128.194	26	572	
1.5	1.75	4	1	3	3	52	26454	53	26705	0.00616981	0.00351773	0.003	0.01	503.868	282.229	58	1056	
1.5	1.75	4	2	5	3	64	26478	57	24412	0.00496491	0.00472442	0.003	0.017	428.281	223.583	49	1056	
1.5	1.75	4	3	1	3	59	26468	53	25127	0.00537736	0.0051262	0.003	0.017	474.094	261.933	8	1056	
1.5	1.75	4	4	4	3	64	26478	56	24104	0.00425	0.00402831	0.003	0.017	430.429	223.183	49	1056	
1.5	1.75	4	5	2	3	47	26444	48	27500	0.0060625	0.00379477	0.003	0.017	572.917	299.844	27	1056	
1.5	1.75	2	6	5	3	94	26538	82	24430	0.00317073	0.00108645	0.003	0.01	297.927	159.33	32	621	
1.5	1.75	2	7	1	3	62	26474	62	26474	0.00537097	0.00333994	0.003	0.01	427	193.045	10	1056	
1.5	1.75	2	8	3	3	75	26500	75	26353	0.00692	0.0062228	0.003	0.017	351.373	169.141	7	610	
1.5	1.75	2	9	2	3	72	26494	74	26818	0.00668919	0.00615535	0.003	0.017	362.405	159.244	3	693	
1.5	1.75	2	10	4	3	81	26512	69	24819	0.00442029	0.00442389	0.003	0.024	359.696	156.952	49	693	
1.5	1.75	3	11	5	3	78	26506	68	24576	0.00413235	0.00354883	0.003	0.024	361.412	182.947	12	839	
1.5	1.75	3	12	4	3	61	26472	61	26931	0.00483606	0.00310473	0.003	0.01	441.492	175.594	26	749	
1.5	1.75	3	13	1	3	71	26492	68	25993	0.00464706	0.0043803	0.003	0.017	382.25	210.034	3	935	
1.5	1.75	3	14	3	3	80	26510	79	26739	0.00672152	0.00612254	0.003	0.024	338.468	168.477	55	871	
1.5	1.75	3	15	2	3	60	26470	60	26689	0.0051	0.00323487	0.003	0.01	444.817	194.391	66	1056	
1.5	1.75	1	16	2	3	80	26512	68	23753	0.00444118	0.00461465	0.003	0.024	349.309	188.509	3	935	
1.5	1.75	1	17	1	3	66	26482	64	25907	0.00584375	0.0034651	0.003	0.01	404.797	183.284	26	839	
1.5	1.75	1	18	5	3	66	26488	65	26194	0.00558461	0.00340447	0.003	0.01	402.985	189.973	10	1095	
1.5	1.75	1	19	4	3	74	26498	71	25443	0.00585915	0.00562214	0.003	0.024	358.352	153.856	26	765	
1.5	1.75	1	20	3	3	103	26556	88	23024	0.00331818	0.00209841	0.003	0.017	261.636	123.503	26	549	
1.75	2	4	1	3	3	55	26462	54	26001	0.00546296	0.00337423	0.003	0.01	481.5	195.165	58	839	
1.75	2	4	2	5	3	75	26500	66	25247	0.00374242	0.00303979	0.003	0.017	382.53	176.269	49	839	
1.75	2	4	3	1	3	76	26502	68	24508	0.00495588	0.00602838	0.003	0.024	360.412	163.884	42	717	
1.75	2	4	4	4	3	78	26506	66	24297	0.00331818	0.00191479	0.003	0.017	368.136	162.345	49	693	
1.75	2	4	5	2	3	62	26474	61	25989	0.00563934	0.00342069	0.003	0.01	426.049	214.595	34	1056	
1.75	2	2	6	5	3	89	26528	70	22902	0.0033	0.00185995	0.003	0.017	327.171	141.392	50	621	
1.75	2	2	7	1	3	61	26472	60	25875	0.0058	0.00345823	0.003	0.01	431.25	185.376	10	839	
1.75	2	2	8	3	3	77	26504	78	26658	0.00658974	0.00604837	0.003	0.017	341.769	170.545	7	693	
1.75	2	2	9	2	3	69	26488	69	26392	0.00655072	0.0060768	0.003	0.017	382.493	147.162	93	669	
1.75	2	2	10	4	3	84	26518	73	24377	0.00424657	0.00471635	0.003	0.024	333.932	161.933	7	749	
1.75	2	3	11	5	3	80	26510	69	24865	0.00350725	0.00276864	0.003	0.024	360.362	171.452	15	839	
1.75	2	3	12	4	3	64	26478	64	26358	0.00453125	0.00291667	0.003	0.01	411.844	169.858	26	693	
1.75	2	3	13	1	3	81	26512	79	26441	0.00574683	0.00607953	0.003	0.024	334.696	153.887	55	645	
1.75	2	3	14	3	3	81	26512	79	26090	0.00494937	0.00500487	0.003	0.024	330.253	168.056	4	717	
1.75	2	3	15	2	3	66	26482	67	26572	0.00477612	0.00306901	0.003	0.01	396.597	172.108	66	749	
1.75	2	1	16	2	3	78	26506	68	23556	0.00454412	0.00465988	0.003	0.024	346.412	164.983	42	935	
1.75	2	1	17	1	3	63	26478	64	26739	0.00628125	0.00352077	0.003	0.01	417.797	181.359	26	839	
1.75	2	1	18	5	3	71	26494	71	26351	0.00566197	0.00342238	0.003	0.01	371.141	163.515	66	839	
1.75	2	1	19	4	3	80	26510	77	26352	0.00745454	0.00802225	0.003	0.024	342.234	148.176	7	765	
1.75	2	1	20	3	3	109	26570	101	24296	0.0039703	0.00383785	0.003	0.024	240.554	138.598	8	693	
2	2.25	4	1	3	3	58	26466	58	26466	0.00444827	0.00286033	0.003	0.01	456.31	200.886	52	807	
2	2.25	4	2	5	3	75	26500	68	24843	0.00402941	0.00368122	0.003	0.024	365.338	162.277	23	693	
2	2.25	4	3	1	3	75	26500	69	25036	0.00401449	0.00365615	0.003	0.024	362.841	145.987	51	701	
2	2.25	4	4	4	3	78	26506	68	23877	0.00361765	0.00313873	0.003	0.024	351.132	171.985	20	693	
2	2.25	4	5	2	3	65	26480	65	26360	0.00504615	0.00320854	0.003	0.01	405.538	198.585	34	693	
2	2.25	2	6	5	3	89	26528	72	23033	0.00348611	0.00244369	0.003	0.017	319.903	167.924	15	621	
2	2.25	2	7	1	3	63	26476	63	26532	0.00577778	0.00345218	0.003	0.01	421.143	220.855	10	1056	
2	2.25	2	8	3	3	74	26498	72	26110	0.00688889	0.00609215	0.003	0.017	362.639	151.561	73	614	
2	2.25	2	9	2	3	73	26496	73	26544	0.00721918	0.00625444	0.003	0.017	363.616	160.701	34	775	
2	2.25	2	10	4	3	75	26500	63	22389	0.005	0.00509586	0.003	0.024	355.381	145.335	49	839	
2	2.25	3	11	5	3	80	26510	69	24902	0.00371014	0.002723	0.003	0.017	360.899	171.817	12	839	
2	2.25	3	12	4	3	66	26482	67	26748	0.00498507	0.00317897	0.003	0.01	399.224	176.61	34	693	
2	2.25	3	13	1	3	77	26504	74	25322	0.00489189	0.00522	0.003	0.024	342.189	162.457	4	693	
2	2.25	3	14	3	3	75	26500	72	25694	0.00552778	0.00554869	0.003	0.024	356.861	187.516	55	935	
2	2.25	3	15	2	3	66	26482	66	26482	0.00490909	0.00314142	0.003	0.01	401.242	180.03	58	685	
2	2.25	1	16	2	3	82	26514	69	21885	0.00381159	0.00225751	0.003	0.01	317.174	155.199	42	717	
2	2.25	1	17	1	3	67	26484	67	26596	0.00602985	0.00349446	0.003	0.01	396.955	174.437	26	1056	
2	2.25	1	18	5	3	71	26492	71	26468	0.0053662	0.00333484	0.003	0.01	372.789	148.047	26	685	
2	2.25	1	19	4	3	77	26504	77	26644	0.00772727	0.00739779	0.003	0.024	346.026	164.585	31	773	
2	2.25	1	20	3	3	114	26580	108	24370	0.00410185	0.00407853	0.003	0.024	225.648	117.28	26	517	
2.25	2.5	4	1	3	3	50	26450	50	26450	0.00636	0.0035327	0.003	0.01	529	203.298	219	1056	
2.25	2.5	4	2	5	3	60	26470	53	23378	0.00616981	0.00607243	0.003	0.024	441.094	189.713	101	1056	
2.25	2.5	4	3	1	3	63	26476	61	26084	0.00632787	0.00633961	0.003	0.024	427.607	206.676	8	935	
2.25	2.5	4	4	4	3	69	26488	60	24240	0.00568333	0.0056313	0.003	0.024	404	201.311	49	839	
2.25	2.5	4	5	2	3	49	26448	49	26336	0.00614286	0.00351781	0.003	0.01	537.469	214.872	28	1056	
2.25	2.5	2	6	5	3	90	26530	75	24044	0.00356	0.00340604	0.003	0.024	320.587	144.41	22	621	
2.25	2.5	2	7	1	3	65	26484	65	26898	0.00515385	0.00325591	0.003	0.01	413.815	199.892	10	1056	
2.25	2.5	2	8	3	3	76	26502	77	26651	0.00627273	0.0058549	0.003	0.017	346.117	149.112	10	597	
2.25	2.5	2	9	2	3	73	26496	72	26162	0.0065	0.00587427	0.003	0.017	363.361	161.908	11	669	
2.25	2.5	2	10	4	3	87	26524	73	24333	0.00347945	0.00293499	0.003	0.024	333.329	137.933	49	621	
2.25	2.5	3	11	5	3	75	26500	65	24611	0.00418461	0.00362238	0.003	0.024	378.631	174.095	55	775	
2.25	2.5	3	12	4	3	68	26486	67	26136	0.00435821	0.00278906	0.003	0.01	390.09	167.046	34	833	
2.25	2.5	3	13	1	3	77	26504	76	26194	0.00502631	0.00495842	0.003	0.017	344.658	184.091	51	717	
2.25	2.5	3	14	3	3	68	26486	69	26900	0.00807246	0.00667153	0.003	0.024	389.855	193.097	18	775	
2.25	2.5	3	15	2	3	63	26476	62	25903	0.00469355	0.00302226	0.003	0.01	417.79	163.92	90	749	
2.25	2.5	1	16	2	3	82	26514	73	23951	0.00482192	0.00508905	0.003	0.024	328.096	153.235	12	645	
2.25	2.5	1	17	1	3	70	26490	70	26490	0.0054	0.00334664	0.003	0.01	378.429	171.738	26	839	
2.25	2.5	1	18	5	3	70	26494	69	26268	0.00594203	0.00348055	0.003	0.01	380.696	207.106	26	1095	
2.25	2.5	1	19	4	3	77	26504	74	25803	0.00687838	0.00734092	0.003	0.024	348.689	173.975	3	1056	
2.25	2.5	1	20	3	3	108	26566	96	23999	0.00358333	0.00262244	0.003	0.017	249.99	136.128	20	517	
2.5	2.75	4	1	3	3	48	26446	49	26907	0.00671428	0.00352964	0.003	0.01	549.122	254.975	186	1056	
2.5	2.75	4	2	5	3	65	26480	51	20565	0.00382353	0.00267362	0.003	0.017	403.235	182.85	49	886	
2.5	2.75	4	3	1	3	62	26474	54	23514	0.00572222	0.00567489	0.003	0.024	435.444	208.83	42	1001	
2.5	2.75	4	4	4	3	67	26484	55	21660	0.00452727	0.00440477	0.003	0.024	393.818	226	42	1009	
2.5	2.75	4	5	2	3	49	26448	50	27165	0.0058	0.0034641	0.003	0.01	543.3	219.27	34	1056	
2.5	2.75	2	6	5	3	78	26506	62	19436	0.00345161	0.00214764	0.003	0.017	313.484	163.164	28	621	
2.5	2.75	2	7	1	3	54	26458	54	26431	0.00598148	0.00349388	0.003	0.01	489.463	239.088	10	1056	
2.5	2.75	2	8	3	3	65	26480	64	25803	0.007375	0.00642045	0.003	0.017	403.172	203.986	10	1056	
2.5	2.75	2	9	2	3	60	26470	60	26463	0.00755	0.00642143	0.003	0.017	441.05	199.364	11	1056	
2.5	2.75	2	10	4	3	68	26486	55	20738	0.00414545	0.00398803	0.003	0.024	377.055	176.388	43	693	
2.5	2.75	3	11	5	3	67	26484	57	22865	0.00447368	0.00412789	0.003	0.024	401.14	176.58	90	775	
2.5	2.75	3	12	4	3	64	26478	65	26828	0.00536923	0.00333808	0.003	0.01	412.738	220.355	34	1056	
2.5	2.75	3	13	1	3	68	26486	66	26046	0.0065	0.00629102	0.003	0.024	394.636	188.518	42	839	
2.5	2.75	3	14	3	3	61	26472	61	26335	0.0072459	0.00603229	0.003	0.017	431.721	221.822	42	1056	
2.5	2.75	3	15	2	3	54	26458	55	27031	0.00554545	0.00339836	0.003	0.01	491.473	201.071	90	1056	
2.5	2.75	1	16	2	3	74	26498	66	22651	0.00533333	0.00553682	0.003	0.024	343.197	184.653	8	1056	
2.5	2.75	1	17	1	3	63	26476	63	26364	0.00611111	0.00350627	0.003	0.01	418.476	226.354	19	1056	
2.5	2.75	1	18	5	3	60	26470	61	27067	0.00552459	0.00338923	0.003	0.01	443.721	170.565	90	1056	
2.5	2.75	1	19	4	3	70	26490	69	26496	0.00675362	0.00630454	0.003	0.024	384	190.112	44	839	
2.5	2.75	1	20	3	3	87	26526	76	21353	0.00493421	0.00543405	0.003	0.024	280.961	136.232	26	550	
2.75	3	4	1	3	3	52	26456	52	26456	0.00528846	0.00331566	0.003	0.01	508.769	184.712	58	1056	
2.75	3	4	2	5	3	81	26512	74	25303	0.00498649	0.00484978	0.003	0.024	341.932	169.935	11	693	
2.75	3	4	3	1	3	76	26502	72	26004	0.00445833	0.00438608	0.003	0.024	361.167	144.369	57	637	
2.75	3	4	4	4	3	74	26498	68	24786	0.00475	0.0042545	0.003	0.024	364.5	209.427	12	1056	
2.75	3	4	5	2	3	61	26472	60	26438	0.00568333	0.00343211	0.003	0.01	440.633	228.617	34	1056	
2.75	3	2	6	5	3	77	26504	66	23916	0.00448485	0.00483654	0.003	0.024	362.364	148.789	32	669	
2.75	3	2	7	1	3	57	26466	57	26466	0.00594737	0.00348682	0.003	0.01	464.316	208.374	10	1056	
2.75	3	2	8	3	3	63	26478	63	27001	0.00744444	0.00656918	0.003	0.017	428.587	209.895	10	1056	
2.75	3	2	9	2	3	63	26478	63	26385	0.00777778	0.0066319	0.003	0.017	418.81	192.954	90	967	
2.75	3	2	10	4	3	72	26494	60	21517	0.00568333	0.00591892	0.003	0.024	358.617	205.457	49	1009	
2.75	3	3	11	5	3	75	26500	65	24907	0.00386154	0.0033906	0.003	0.024	383.185	171.488	49	839	
2.75	3	3	12	4	3	62	26474	62	26474	0.00458064	0.00295068	0.003	0.01	427	178.011	34	693	
2.75	3	3	13	1	3	75	26500	71	25353	0.00378873	0.003251	0.003	0.017	357.085	162.987	55	717	
2.75	3	3	14	3	3	78	26506	77	26379	0.00445454	0.00414712	0.003	0.017	342.584	168.758	42	645	
2.75	3	3	15	2	3	61	26472	60	26270	0.00451667	0.00290815	0.003	0.01	437.833	166.382	66	749	
2.75	3	1	16	2	3	77	26504	65	22125	0.00461538	0.00406084	0.003	0.017	340.385	144.285	42	645	
2.75	3	1	17	1	3	67	26484	68	26798	0.00608823	0.00350154	0.003	0.01	394.088	187.373	18	1056	
2.75	3	1	18	5	3	69	26488	68	25891	0.00567647	0.00342703	0.003	0.01	380.75	180.763	58	1056	
2.75	3	1	19	4	3	71	26492	70	25336	0.0073	0.00707998	0.003	0.024	361.943	170.205	42	935	
2.75	3	1	20	3	3	111	26572	98	23480	0.00371428	0.00292871	0.003	0.024	239.592	122.477	26	555	
3	3.25	4	1	3	3	61	26472	60	26011	0.0058	0.00345823	0.003	0.01	433.517	206.245	58	839	
3	3.25	4	2	5	3	80	26510	71	24393	0.00388732	0.00372846	0.003	0.024	343.563	184.119	3	839	
3	3.25	4	3	1	3	82	26514	70	24211	0.0034	0.00263422	0.003	0.024	345.871	156.96	57	597	
3	3.25	4	4	4	3	79	26508	69	24829	0.0032029	0.00118296	0.003	0.01	359.841	168.383	8	839	
3	3.25	4	5	2	3	67	26484	68	26518	0.00547059	0.00337006	0.003	0.01	389.971	209.281	34	839	
3	3.25	2	6	5	3	93	26536	80	23625	0.00335	0.00246546	0.003	0.024	295.312	149.742	32	621	
3	3.25	2	7	1	3	60	26470	60	26019	0.00603333	0.00349802	0.003	0.01	433.65	224.245	10	1056	
3	3.25	2	8	3	3	72	26494	73	26505	0.00712329	0.00626486	0.003	0.017	363.082	147.368	73	749	
3	3.25	2	9	2	3	71	26492	72	26974	0.00718055	0.00617885	0.003	0.017	374.639	158.799	50	669	
3	3.25	2	10	4	3	86	26522	71	23379	0.00408451	0.00347952	0.003	0.024	329.282	152.014	12	573	
3	3.25	3	11	5	3	80	26510	69	24980	0.00381159	0.00370721	0.003	0.024	362.029	166.829	12	693	
3	3.25	3	12	4	3	64	26478	64	26478	0.00540625	0.00335099	0.003	0.01	413.719	177.091	34	693	
3	3.25	3	13	1	3	79	26508	73	25143	0.00510959	0.00555668	0.003	0.024	344.425	163.867	7	645	
3	3.25	3	14	3	3	70	26490	68	25823	0.00547059	0.00613887	0.003	0.024	379.75	160.038	57	775	
3	3.25	3	15	2	3	66	26482	66	26594	0.00565151	0.00342162	0.003	0.01	402.939	191.177	26	749	
3	3.25	1	16	2	3	83	26516	69	22336	0.00492754	0.00478453	0.003	0.024	323.71	140.146	42	717	
3	3.25	1	17	1	3	68	26488	67	26286	0.00655224	0.00352602	0.003	0.01	392.328	169.191	26	871	
3	3.25	1	18	5	3	70	26492	72	27179	0.00513889	0.00324712	0.003	0.01	377.486	159.572	50	839	
3	3.25	1	19	4	3	75	26502	74	25574	0.00735135	0.00774673	0.003	0.024	345.595	145.52	55	839	
3	3.25	1	20	3	3	107	26566	93	22930	0.00405376	0.00412143	0.003	0.024	246.559	105.815	26	437	
3.25	3.5	4	1	3	3	64	26478	64	26881	0.00551562	0.00338527	0.003	0.01	420.016	204.779	58	807	
3.25	3.5	4	2	5	3	75	26500	60	23916	0.00346667	0.0021821	0.003	0.017	398.6	144.08	7	693	
3.25	3.5	4	3	1	3	81	26512	73	24994	0.00405479	0.00415295	0.003	0.024	342.384	149.175	56	717	
3.25	3.5	4	4	4	3	79	26508	65	24205	0.00343077	0.00273273	0.003	0.024	372.385	164.25	18	693	
3.25	3.5	4	5	2	3	66	26482	66	26482	0.00533333	0.00332512	0.003	0.01	401.242	202.227	26	807	
3.25	3.5	2	6	5	3	91	26532	75	23130	0.003	0	0.003	0.003	308.4	143.444	32	621	
3.25	3.5	2	7	1	3	56	26213	56	26011	0.00625	0.00352265	0.003	0.01	464.482	180.651	10	839	
3.25	3.5	2	8	3	3	77	26504	75	26116	0.00710667	0.00641698	0.003	0.017	348.213	174.764	10	693	
3.25	3.5	2	9	2	3	67	26484	66	26074	0.00713636	0.00637757	0.003	0.017	395.061	164.371	90	773	
3.25	3.5	2	10	4	3	82	26514	66	23305	0.00310606	0.00086164	0.003	0.01	353.106	145.846	49	573	
3.25	3.5	3	11	5	3	82	26514	72	24633	0.00348611	0.00244369	0.003	0.017	342.125	142.99	12	621	
3.25	3.5	3	12	4	3	67	26484	66	25428	0.00554545	0.00339312	0.003	0.01	385.273	204.243	26	693	
3.25	3.5	3	13	1	3	77	26504	75	26120	0.00598667	0.00642523	0.003	0.024	348.267	181.032	3	717	
3.25	3.5	3	14	3	3	79	26508	77	26440	0.005	0.0056615	0.003	0.024	343.377	158.405	43	717	
3.25	3.5	3	15	2	3	64	26478	63	25510	0.00533333	0.00332634	0.003	0.01	404.921	186.75	66	749	
3.25	3.5	1	16	2	3	86	26522	72	22035	0.00484722	0.00498352	0.003	0.024	306.042	150.858	12	717	
3.25	3.5	1	17	1	3	63	26476	63	25993	0.00744444	0.00339724	0.003	0.01	412.587	179.013	26	839	
3.25	3.5	1	18	5	3	68	26486	67	25801	0.00519403	0.00327173	0.003	0.01	385.09	146.99	26	685	
3.25	3.5	1	19	4	3	76	26502	74	25631	0.00791892	0.00817071	0.003	0.024	346.365	141.49	34	701	
3.25	3.5	1	20	3	3	108	26566	95	23163	0.0034421	0.00266465	0.003	0.024	243.821	116.907	12	437	
3.5	3.75	4	1	3	3	64	26478	65	26536	0.00526154	0.00329904	0.003	0.01	408.246	230.738	58	1056	
3.5	3.75	4	2	5	3	80	26510	76	26520	0.00382895	0.00322651	0.003	0.017	348.947	166.29	18	693	
3.5	3.75	4	3	1	3	69	26488	67	26038	0.00467164	0.00518269	0.003	0.024	388.627	194.192	42	935	
3.5	3.75	4	4	4	3	77	26504	69	25106	0.00442029	0.00442389	0.003	0.024	363.855	177.911	12	749	
3.5	3.75	4	5	2	3	62	26476	61	25991	0.00563934	0.00342069	0.003	0.01	426.082	226.45	28	1056	
3.5	3.75	2	6	5	3	92	26534	82	24465	0.00445122	0.00488675	0.003	0.024	298.354	152.638	15	621	
3.5	3.75	2	7	1	3	66	26733	66	26935	0.00522727	0.00328538	0.003	0.01	408.106	187.353	10	807	
3.5	3.75	2	8	3	3	76	26502	78	26747	0.00623077	0.00560594	0.003	0.017	342.91	167.524	10	685	
3.5	3.75	2	9	2	3	73	26496	75	26705	0.00608	0.00530364	0.003	0.017	356.067	158.546	7	669	
3.5	3.75	2	10	4	3	82	26514	73	23803	0.00510959	0.00543283	0.003	0.024	326.068	142.831	49	637	
3.5	3.75	3	11	5	3	83	26516	74	25253	0.00375676	0.00339141	0.003	0.024	341.257	156.647	8	621	
3.5	3.75	3	12	4	3	66	26482	66	27504	0.00469697	0.00302283	0.003	0.01	416.727	176.44	34	1056	
3.5	3.75	3	13	1	3	82	26514	80	26566	0.004925	0.00522112	0.003	0.024	332.075	165.789	4	717	
3.5	3.75	3	14	3	3	74	26498	71	25959	0.00595775	0.00587595	0.003	0.024	365.62	176.85	7	839	
3.5	3.75	3	15	2	3	62	26474	63	27095	0.00511111	0.00323843	0.003	0.01	430.079	200.778	83	1056	
3.5	3.75	1	16	2	3	84	26518	77	23603	0.00509091	0.00482641	0.003	0.024	306.532	135.445	28	597	
3.5	3.75	1	17	1	3	66	26492	66	26740	0.00586364	0.00346804	0.003	0.01	405.152	201.481	26	967	
3.5	3.75	1	18	5	3	72	26498	73	27183	0.00539726	0.00334473	0.003	0.01	372.37	152.665	58	839	
3.5	3.75	1	19	4	3	81	26512	77	26411	0.00609091	0.00606149	0.003	0.024	343	170.588	7	935	
3.5	3.75	1	20	3	3	109	26568	104	24290	0.00407692	0.00387347	0.003	0.024	233.558	130.294	26	635	
3.75	4	4	1	3	3	62	26474	61	26423	0.00529508	0.00331333	0.003	0.01	433.164	212.396	52	1056	
3.75	4	4	2	5	3	76	26502	67	24450	0.003	0	0.003	0.003	364.925	170.584	49	839	
3.75	4	4	3	1	3	79	26508	68	24073	0.00320588	0.0011915	0.003	0.01	354.015	169.25	57	717	
3.75	4	4	4	4	3	72	26494	64	25196	0.00398437	0.00371395	0.003	0.024	393.687	187.028	12	693	
3.75	4	4	5	2	3	63	26476	64	26961	0.00573437	0.00344223	0.003	0.01	421.266	186.635	34	839	
3.75	4	2	6	5	3	90	26530	74	23947	0.00356757	0.00342865	0.003	0.024	323.608	133.359	75	621	
3.75	4	2	7	1	3	64	26478	64	26622	0.00540625	0.00335099	0.003	0.01	415.969	187.175	10	765	
3.75	4	2	8	3	3	73	26496	72	26262	0.00659722	0.00610393	0.003	0.017	364.75	156.649	11	605	
3.75	4	2	9	2	3	72	26494	71	26403	0.00664789	0.00613211	0.003	0.017	371.873	159.907	90	865	
3.75	4	2	10	4	3	87	26524	72	24228	0.00368055	0.003356	0.003	0.024	336.5	148.984	12	685	
3.75	4	3	11	5	3	75	26500	65	24039	0.00375385	0.00373761	0.003	0.024	369.831	194.886	12	839	
3.75	4	3	12	4	3	67	26484	68	26518	0.00505882	0.00321323	0.003	0.01	389.971	194.761	34	717	
3.75	4	3	13	1	3	74	26500	73	26052	0.00491781	0.00525133	0.003	0.024	356.877	185.483	3	759	
3.75	4	3	14	3	3	77	26504	76	26117	0.00447368	0.00417125	0.003	0.017	343.645	161.992	7	645	
3.75	4	3	15	2	3	67	26484	67	26831	0.00446269	0.00286742	0.003	0.01	400.463	161.44	66	621	
3.75	4	1	16	2	3	80	26510	65	20754	0.00396923	0.00347297	0.003	0.024	319.292	133.605	7	645	
3.75	4	1	17	1	3	62	26474	62	26226	0.00683871	0.00351201	0.003	0.01	423	223.215	26	1056	
3.75	4	1	18	5	3	69	26488	68	26286	0.00485294	0.0031112	0.003	0.01	386.559	173.123	75	1056	
3.75	4	1	19	4	3	76	26504	75	25434	0.00645333	0.00703523	0.003	0.024	339.12	123.321	7	645	
3.75	4	1	20	3	3	113	26576	101	24764	0.00362376	0.00314595	0.003	0.024	245.188	132.498	14	709	
4	4.25	4	1	3	3	60	26470	60	26463	0.00498333	0.00318094	0.003	0.01	441.05	177.648	51	807	
4	4.25	4	2	5	3	79	26508	73	26023	0.00415068	0.00420869	0.003	0.024	356.479	167.044	49	749	
4	4.25	4	3	1	3	77	26504	67	24661	0.00425373	0.00383897	0.003	0.024	368.075	174.514	42	717	
4	4.25	4	4	4	3	84	26518	74	24905	0.00413513	0.00433945	0.003	0.024	336.554	178.996	7	839	
4	4.25	4	5	2	3	60	26470	59	26105	0.00561017	0.00341405	0.003	0.01	442.458	193.625	34	749	
4	4.25	2	6	5	3	80	26510	66	22898	0.00310606	0.00086164	0.003	0.01	346.939	155.212	32	621	
4	4.25	2	7	1	3	60	26470	60	26326	0.00533333	0.00332768	0.003	0.01	438.767	216.234	10	1056	
4	4.25	2	8	3	3	70	26490	70	26554	0.0071	0.00624883	0.003	0.017	379.343	152.413	42	757	
4	4.25	2	9	2	3	74	26498	75	26863	0.00673333	0.00612556	0.003	0.017	358.173	156.66	12	669	
4	4.25	2	10	4	3	89	26528	76	24342	0.00336842	0.00157346	0.003	0.01	320.289	164.456	49	839	
4	4.25	3	11	5	3	78	26506	68	25092	0.00320588	0.00169775	0.003	0.017	369	188.097	12	839	
4	4.25	3	12	4	3	64	26478	63	25873	0.00488889	0.0031321	0.003	0.01	410.683	180.042	34	839	
4	4.25	3	13	1	3	72	26494	70	25994	0.0052	0.00565839	0.003	0.024	371.343	194.293	42	839	
4	4.25	3	14	3	3	82	26514	76	24977	0.00428947	0.00391175	0.003	0.017	328.645	181.418	3	717	
4	4.25	3	15	2	3	64	26478	64	25995	0.00464062	0.00298869	0.003	0.01	406.172	165.331	66	749	
4	4.25	1	16	2	3	77	26504	64	22962	0.00409375	0.00357557	0.003	0.024	358.781	158.591	57	839	
4	4.25	1	17	1	3	65	26482	64	26480	0.00639062	0.00352595	0.003	0.01	413.75	177.165	26	871	
4	4.25	1	18	5	3	68	26486	68	26003	0.00547059	0.00337006	0.003	0.01	382.397	184.204	10	1056	
4	4.25	1	19	4	3	73	26498	68	25349	0.00639706	0.0059854	0.003	0.024	372.779	161.797	43	839	
4	4.25	1	20	3	3	103	26558	91	23132	0.00353846	0.00299373	0.003	0.024	254.198	127.804	15	549	
4.25	4.5	4	1	3	3	62	26474	62	26071	0.00503226	0.00320332	0.003	0.01	420.5	206.864	51	839	
4.25	4.5	4	2	5	3	79	26508	71	25497	0.00319718	0.00166149	0.003	0.017	359.113	157.182	49	839	
4.25	4.5	4	3	1	3	76	26502	68	23909	0.00413235	0.00393948	0.003	0.024	351.603	156.807	42	645	
4.25	4.5	4	4	4	3	78	26506	67	24756	0.00373134	0.0027611	0.003	0.017	369.493	167.447	11	839	
4.25	4.5	4	5	2	3	66	26482	66	26813	0.00533333	0.00354459	0.003	0.017	406.258	186.965	34	807	
4.25	4.5	2	6	5	3	91	26532	80	24735	0.00335	0.00219954	0.003	0.017	309.187	157.068	7	621	
4.25	4.5	2	7	1	3	61	26476	61	27071	0.00563934	0.00342069	0.003	0.01	443.787	182.231	10	839	
4.25	4.5	2	8	3	3	77	26506	77	26878	0.00690909	0.00616694	0.003	0.017	349.065	167.758	11	605	
4.25	4.5	2	9	2	3	67	26484	69	27356	0.00746377	0.00634911	0.003	0.017	396.464	159.694	90	669	
4.25	4.5	2	10	4	3	83	26516	68	23255	0.00310294	0.000848875	0.003	0.01	341.985	158.745	8	621	
4.25	4.5	3	11	5	3	77	26504	69	25476	0.00350725	0.00249484	0.003	0.017	369.217	169.373	11	749	
4.25	4.5	3	12	4	3	67	26484	67	27055	0.00477612	0.00306901	0.003	0.01	403.806	183.628	26	807	
4.25	4.5	3	13	1	3	78	26506	74	25985	0.00489189	0.00495616	0.003	0.024	351.149	168.76	42	645	
4.25	4.5	3	14	3	3	76	26502	73	26155	0.00520548	0.00570078	0.003	0.024	358.288	175.851	55	717	
4.25	4.5	3	15	2	3	62	26474	63	27047	0.00477778	0.00307143	0.003	0.01	429.317	186.283	66	749	
4.25	4.5	1	16	2	3	76	26502	66	23124	0.00469697	0.00476516	0.003	0.024	350.364	161.861	39	717	
4.25	4.5	1	17	1	3	72	26494	73	26867	0.00635616	0.00352124	0.003	0.01	368.041	176.166	19	967	
4.25	4.5	1	18	5	3	69	26488	70	27173	0.0051	0.00323096	0.003	0.01	388.186	169.929	34	1056	
4.25	4.5	1	19	4	3	74	26498	71	24507	0.00635211	0.0069859	0.003	0.024	345.169	145.421	42	825	
4.25	4.5	1	20	3	3	112	26574	98	23704	0.00335714	0.00253735	0.003	0.024	241.878	117.369	26	609	
4.5	4.75	4	1	3	3	66	26482	67	26943	0.00529851	0.00331212	0.003	0.01	402.134	197.895	52	839	
4.5	4.75	4	2	5	3	84	26518	73	25369	0.00319178	0.00163858	0.003	0.017	347.521	166.525	49	839	
4.5	4.75	4	3	1	3	74	26498	65	24796	0.00472308	0.00539823	0.003	0.024	381.477	171.713	57	871	
4.5	4.75	4	4	4	3	81	26512	70	24357	0.0039	0.00428394	0.003	0.024	347.957	159.444	18	693	
4.5	4.75	4	5	2	3	63	26476	63	26471	0.00555555	0.00339724	0.003	0.01	420.175	213.183	34	1056	
4.5	4.75	2	6	5	3	89	26528	74	23206	0.00309459	0.000813733	0.003	0.01	313.595	143.112	32	621	
4.5	4.75	2	7	1	3	63	26476	63	26476	0.00566667	0.00342665	0.003	0.01	420.254	209.722	10	1056	
4.5	4.75	2	8	3	3	73	26496	75	26819	0.00682667	0.00622847	0.003	0.017	357.587	164.021	3	693	
4.5	4.75	2	9	2	3	66	26482	66	26394	0.00713636	0.00625825	0.003	0.017	399.909	172.856	90	1056	
4.5	4.75	2	10	4	3	83	26516	69	23962	0.00381159	0.00329561	0.003	0.024	347.275	158.718	12	839	
4.5	4.75	3	11	5	3	76	26502	64	23743	0.00332812	0.002625	0.003	0.024	370.984	152.717	49	693	
4.5	4.75	3	12	4	3	68	26486	69	26520	0.00482609	0.00309628	0.003	0.01	384.348	189.052	26	693	
4.5	4.75	3	13	1	3	80	26510	77	25843	0.00472727	0.00456427	0.003	0.017	335.623	169.928	42	717	
4.5	4.75	3	14	3	3	74	26498	73	26088	0.00434246	0.0044666	0.003	0.024	357.37	175.643	42	935	
4.5	4.75	3	15	2	3	64	26478	64	26478	0.00464062	0.00298869	0.003	0.01	413.719	189.425	66	1056	
4.5	4.75	1	16	2	3	81	26512	69	22866	0.00462319	0.0049708	0.003	0.024	331.391	150.355	8	717	
4.5	4.75	1	17	1	3	61	26472	61	26472	0.00644262	0.00352857	0.003	0.01	433.967	212.682	90	1056	
4.5	4.75	1	18	5	3	67	26484	67	26484	0.00498507	0.00317897	0.003	0.01	395.284	158.493	26	839	
4.5	4.75	1	19	4	3	80	26512	75	25164	0.00598667	0.00682502	0.003	0.024	335.52	143.918	42	775	
4.5	4.75	1	20	3	3	112	26574	98	23915	0.00328571	0.00198966	0.003	0.017	244.031	100.951	26	437	
4.75	5	4	1	3	3	58	26468	57	25815	0.00521053	0.00328273	0.003	0.01	452.895	220.426	58	1056	
4.75	5	4	2	5	3	81	26512	72	23893	0.00368055	0.00291584	0.003	0.017	331.847	193.948	12	839	
4.75	5	4	3	1	3	76	26502	71	25575	0.0041831	0.00426383	0.003	0.024	360.211	172.241	51	717	
4.75	5	4	4	4	3	82	26514	74	24860	0.00394594	0.00372291	0.003	0.024	335.946	181.15	8	839	
4.75	5	4	5	2	3	67	26484	67	26369	0.00529851	0.00331212	0.003	0.01	393.567	225.064	34	1056	
4.75	5	2	6	5	3	88	26526	73	24266	0.00328767	0.00245786	0.003	0.024	332.411	148.791	75	621	
4.75	5	2	7	1	3	60	26470	60	26326	0.00591667	0.00348017	0.003	0.01	438.767	216.427	10	1056	
4.75	5	2	8	3	3	74	26498	72	25890	0.00630555	0.00575225	0.003	0.017	359.583	177.79	15	1056	
4.75	5	2	9	2	3	71	26492	70	26202	0.0068	0.00615642	0.003	0.017	374.314	154.037	90	669	
4.75	5	2	10	4	3	82	26514	68	22656	0.00341176	0.00205328	0.003	0.017	333.176	152.681	49	839	
4.75	5	3	11	5	3	81	26512	70	24503	0.0034	0.00202449	0.003	0.017	350.043	184.053	18	749	
4.75	5	3	12	4	3	65	26480	64	26446	0.0051875	0.00327024	0.003	0.01	413.219	198.181	31	717	
4.75	5	3	13	1	3	76	26502	70	24646	0.0047	0.00525398	0.003	0.024	352.086	161.645	57	717	
4.75	5	3	14	3	3	78	26506	76	26202	0.00465789	0.00496535	0.003	0.024	344.763	169.564	3	775	
4.75	5	3	15	2	3	67	26486	66	26396	0.00469697	0.00302283	0.003	0.01	399.939	166.957	66	749	
4.75	5	1	16	2	3	78	26506	67	22499	0.00456716	0.00469114	0.003	0.024	335.806	155.561	42	839	
4.75	5	1	17	1	3	67	26484	66	26111	0.00628788	0.00352034	0.003	0.01	395.621	137.942	26	693	
4.75	5	1	18	5	3	68	26486	67	26340	0.00446269	0.00286742	0.003	0.01	393.134	148.865	66	693	
4.75	5	1	19	4	3	76	26502	73	25389	0.00606849	0.00659825	0.003	0.024	347.795	135.817	31	645	
4.75	5	1	20	3	3	99	26548	85	21684	0.00341176	0.00272246	0.003	0.024	255.106	117.786	31	437	
5	5.25	4	1	3	3	57	26464	57	26656	0.00496491	0.00317335	0.003	0.01	467.649	189.268	58	807	
5	5.25	4	2	5	3	80	26510	73	25852	0.0039589	0.00356074	0.003	0.024	354.137	178.606	11	775	
5	5.25	4	3	1	3	72	26494	67	25240	0.00446269	0.00480318	0.003	0.024	376.716	169.093	7	935	
5	5.25	4	4	4	3	79	26508	74	25520	0.00394594	0.00389904	0.003	0.024	344.865	173.044	18	839	
5	5.25	4	5	2	3	64	26478	64	26138	0.00475	0.00305505	0.003	0.01	408.406	201.001	26	693	
5	5.25	2	6	5	3	85	26520	72	23434	0.00338889	0.0025977	0.003	0.024	325.472	157.77	32	621	
5	5.25	2	7	1	3	65	26480	65	26173	0.00515385	0.00325591	0.003	0.01	402.662	186.123	10	765	
5	5.25	2	8	3	3	73	26496	73	26863	0.00626027	0.00584291	0.003	0.017	367.986	145.591	15	693	
5	5.25	2	9	2	3	68	26486	71	26964	0.00684507	0.00612407	0.003	0.017	379.775	184.334	50	1056	
5	5.25	2	10	4	3	73	26496	64	23673	0.00376562	0.00332734	0.003	0.024	369.891	134.635	49	839	
5	5.25	3	11	5	3	76	26502	66	24509	0.00321212	0.00120913	0.003	0.01	371.348	198.147	12	839	
5	5.25	3	12	4	3	65	26480	65	26360	0.00429231	0.00273703	0.003	0.01	405.538	187.951	34	693	
5	5.25	3	13	1	3	75	26500	73	26379	0.00453425	0.00424618	0.003	0.017	361.356	184.188	3	645	
5	5.25	3	14	3	3	74	26498	74	26334	0.00517567	0.00530019	0.003	0.024	355.865	164.515	3	645	
5	5.25	3	15	2	3	67	26484	67	26484	0.00404478	0.00251319	0.003	0.01	395.284	183.767	66	749	
5	5.25	1	16	2	3	83	26516	76	23853	0.00576316	0.00605721	0.003	0.024	313.855	154.11	7	717	
5	5.25	1	17	1	3	70	26494	70	26733	0.0058	0.00345405	0.003	0.01	381.9	185.566	26	903	
5	5.25	1	18	5	3	69	26490	70	26636	0.0055	0.00337832	0.003	0.01	380.514	164.069	10	839	
5	5.25	1	19	4	3	70	26492	67	24880	0.00749254	0.00748205	0.003	0.024	371.343	164.336	42	839	
5	5.25	1	20	3	3	111	26572	99	23984	0.00314141	0.00140705	0.003	0.017	242.263	121.028	6	437	
5.25	5.5	4	1	3	3	46	26442	46	26250	0.00558696	0.00341615	0.003	0.01	570.652	251.264	58	1056	
5.25	5.5	4	2	5	3	68	26486	60	23400	0.00498333	0.00483803	0.003	0.017	390	221.019	49	957	
5.25	5.5	4	3	1	3	62	26476	54	23219	0.00546296	0.00529404	0.003	0.017	429.981	209	42	1056	
5.25	5.5	4	4	4	3	65	26480	56	22476	0.004375	0.00409684	0.003	0.017	401.357	205.332	39	839	
5.25	5.5	4	5	2	3	57	26464	57	25902	0.00557895	0.00340665	0.003	0.01	454.421	223.505	34	1056	
5.25	5.5	2	6	5	3	84	26518	72	23623	0.003875	0.00309446	0.003	0.024	328.097	145.343	12	597	
5.25	5.5	2	7	1	3	63	26478	63	26849	0.00533333	0.00332634	0.003	0.01	426.175	201.62	10	1056	
5.25	5.5	2	8	3	3	74	26498	74	26639	0.00659459	0.00604757	0.003	0.017	359.986	205.18	3	985	
5.25	5.5	2	9	2	3	65	26480	66	27293	0.00692424	0.0061552	0.003	0.017	413.53	173.705	34	1056	
5.25	5.5	2	10	4	3	75	26500	65	23359	0.00364615	0.00204199	0.003	0.01	359.369	157.319	49	839	
5.25	5.5	3	11	5	3	74	26498	65	25031	0.00407692	0.00308883	0.003	0.017	385.092	165.365	49	693	
5.25	5.5	3	12	4	3	65	26480	65	26512	0.00515385	0.00325591	0.003	0.01	407.877	198.186	10	807	
5.25	5.5	3	13	1	3	80	26510	79	25601	0.00486076	0.00471695	0.003	0.017	324.063	175.043	19	646	
5.25	5.5	3	14	3	3	76	26502	72	25787	0.0065	0.0056344	0.003	0.024	358.153	178.347	42	669	
5.25	5.5	3	15	2	3	65	26480	65	26028	0.0044	0.00282179	0.003	0.01	400.431	190.147	66	749	
5.25	5.5	1	16	2	3	84	26518	76	24352	0.00465789	0.00483198	0.003	0.024	320.421	156.082	51	839	
5.25	5.5	1	17	1	3	66	26486	67	26480	0.00571642	0.0034369	0.003	0.01	395.224	184.703	23	871	
5.25	5.5	1	18	5	3	66	26484	66	26484	0.00480303	0.00308455	0.003	0.01	401.273	172.061	10	1056	
5.25	5.5	1	19	4	3	69	26492	68	26499	0.00598529	0.006321	0.003	0.024	389.691	165.298	57	935	
5.25	5.5	1	20	3	3	105	26560	96	23957	0.00358333	0.00299004	0.003	0.024	249.552	124.227	7	517	
5.5	5.75	4	1	3	3	52	26454	52	26856	0.00582692	0.00346818	0.003	0.01	516.462	197.272	58	1056	
5.5	5.75	4	2	5	3	77	26504	68	25124	0.00505882	0.00513949	0.003	0.024	369.471	173.54	18	849	
5.5	5.75	4	3	1	3	71	26492	69	26259	0.00543478	0.00573554	0.003	0.024	380.565	200.864	42	935	
5.5	5.75	4	4	4	3	76	26504	64	23619	0.0034375	0.00211476	0.003	0.017	369.047	182.04	49	839	
5.5	5.75	4	5	2	3	56	26462	57	27518	0.00557895	0.00340665	0.003	0.01	482.772	232.647	10	1056	
5.5	5.75	2	6	5	3	90	26530	80	24359	0.00335	0.00246546	0.003	0.024	304.487	144.477	32	621	
5.5	5.75	2	7	1	3	59	26452	58	25502	0.00577586	0.00345418	0.003	0.01	439.69	206.043	10	1056	
5.5	5.75	2	8	3	3	79	26508	78	25699	0.00623077	0.00582855	0.003	0.017	329.474	167.455	10	693	
5.5	5.75	2	9	2	3	69	26488	69	25829	0.00675362	0.00607165	0.003	0.017	374.333	164.396	15	669	
5.5	5.75	2	10	4	3	76	26502	61	24086	0.00368852	0.00330928	0.003	0.024	394.852	153.393	7	685	
5.5	5.75	3	11	5	3	76	26502	68	24745	0.0035147	0.00220239	0.003	0.017	363.897	182.31	18	839	
5.5	5.75	3	12	4	3	62	26474	62	26442	0.00480645	0.00308799	0.003	0.01	426.484	181.19	34	807	
5.5	5.75	3	13	1	3	73	26496	71	25934	0.00507042	0.00493479	0.003	0.017	365.268	182.89	42	935	
5.5	5.75	3	14	3	3	72	26494	72	26625	0.00601389	0.00597057	0.003	0.024	369.792	177.379	18	717	
5.5	5.75	3	15	2	3	63	26476	64	27018	0.00464062	0.00298869	0.003	0.01	422.156	175.188	90	749	
5.5	5.75	1	16	2	3	81	26512	72	23630	0.00475	0.00508727	0.003	0.024	328.194	165.912	3	935	
5.5	5.75	1	17	1	3	67	26484	66	26363	0.0059697	0.0034861	0.003	0.01	399.439	149.513	26	839	
5.5	5.75	1	18	5	3	70	26490	69	26288	0.00523188	0.00328609	0.003	0.01	380.986	169.937	26	1056	
5.5	5.75	1	19	4	3	73	26496	66	24639	0.0059697	0.00684323	0.003	0.024	373.318	132.637	3	839	
5.5	5.75	1	20	3	3	104	26558	95	24453	0.00366316	0.00324073	0.003	0.024	257.4	118.877	6	437	
5.75	6	4	1	3	3	58	26468	58	26066	0.00553448	0.00339357	0.003	0.01	449.414	199.65	58	872	
5.75	6	4	2	5	3	82	26514	71	24316	0.00349296	0.00297549	0.003	0.024	342.479	156.848	7	693	
5.75	6	4	3	1	3	72	26494	66	25173	0.00427273	0.00457937	0.003	0.024	381.409	177.906	57	935	
5.75	6	4	4	4	3	80	26510	70	24913	0.0033	0.00250998	0.003	0.024	355.9	165.117	15	693	
5.75	6	4	5	2	3	66	26482	65	25877	0.00569231	0.00343203	0.003	0.01	398.108	196.167	34	839	
5.75	6	2	6	5	3	88	26526	71	23132	0.00329577	0.00249224	0.003	0.024	325.803	138.994	32	621	
5.75	6	2	7	1	3	63	26498	64	27077	0.00573437	0.00344223	0.003	0.01	423.078	184.036	10	839	
5.75	6	2	8	3	3	73	26496	75	27023	0.00729333	0.00629194	0.003	0.017	360.307	152.445	73	693	
5.75	6	2	9	2	3	70	26490	73	27450	0.00673973	0.0060714	0.003	0.017	376.027	160.738	18	693	
5.75	6	2	10	4	3	88	26526	72	24153	0.00329167	0.00183424	0.003	0.017	335.458	161.552	49	839	
5.75	6	3	11	5	3	84	26518	71	24977	0.00369014	0.00293546	0.003	0.024	351.789	155.744	15	693	
5.75	6	3	12	4	3	70	26490	70	26610	0.0049	0.00313535	0.003	0.01	380.143	182.665	34	693	
5.75	6	3	13	1	3	80	26510	76	25885	0.00493421	0.00543405	0.003	0.024	340.592	164.808	4	717	
5.75	6	3	14	3	3	80	26510	76	25773	0.00603947	0.00619126	0.003	0.024	339.118	172.001	7	717	
5.75	6	3	15	2	3	68	26486	67	26284	0.00519403	0.00327173	0.003	0.01	392.299	181.967	26	749	
5.75	6	1	16	2	3	79	26508	65	23272	0.00461538	0.00459175	0.003	0.024	358.031	152.112	28	775	
5.75	6	1	17	1	3	63	26476	63	26364	0.00677778	0.00351698	0.003	0.01	418.476	207.636	26	1056	
5.75	6	1	18	5	3	66	26482	66	26482	0.00522727	0.00328538	0.003	0.01	401.242	191.644	26	1056	
5.75	6	1	19	4	3	72	26494	71	25386	0.00674648	0.00708261	0.003	0.024	357.549	157.408	55	935	
5.75	6	1	20	3	3	111	26572	97	23422	0.00350515	0.00252539	0.003	0.017	241.464	119.513	11	437	
6	6.25	4	1	3	3	51	26452	51	26854	0.00560784	0.00341806	0.003	0.01	526.549	196.393	154	1056	
6	6.25	4	2	5	3	77	26504	72	24877	0.00533333	0.00498448	0.003	0.024	345.514	198.189	12	839	
6	6.25	4	3	1	3	66	26482	63	26212	0.00666667	0.00560242	0.003	0.017	416.063	199.196	58	871	
6	6.25	4	4	4	3	70	26490	63	24191	0.00633333	0.00560242	0.003	0.024	383.984	195.533	23	1009	
6	6.25	4	5	2	3	61	26472	61	26923	0.00598361	0.00349042	0.003	0.01	441.361	193.152	34	1056	
6	6.25	2	6	5	3	93	26536	86	24859	0.00373256	0.00240795	0.003	0.017	289.058	157.765	3	621	
6	6.25	2	7	1	3	62	26476	62	26628	0.00491935	0.00314824	0.003	0.01	429.484	172.717	10	749	
6	6.25	2	8	3	3	77	26504	76	26578	0.00567105	0.00523422	0.003	0.017	349.711	158.153	7	693	
6	6.25	2	9	2	3	69	26488	70	26667	0.0058	0.00511208	0.003	0.017	380.957	155.108	11	669	
6	6.25	2	10	4	3	82	26514	78	25230	0.00479487	0.00413524	0.003	0.017	323.462	153.178	8	597	
6	6.25	3	11	5	3	70	26490	58	20762	0.00432759	0.00381313	0.003	0.017	357.966	151.442	49	621	
6	6.25	3	12	4	3	55	26460	55	26243	0.00529091	0.0033148	0.003	0.01	477.145	251.88	34	1056	
6	6.25	3	13	1	3	68	26486	65	25992	0.00612308	0.00606606	0.003	0.024	399.877	182.758	55	775	
6	6.25	3	14	3	3	65	26480	65	26244	0.00730769	0.00651182	0.003	0.024	403.754	196.158	18	1056	
6	6.25	3	15	2	3	50	26450	51	26652	0.0057451	0.00345163	0.003	0.01	522.588	279.042	66	1056	
6	6.25	1	16	2	3	81	26512	77	25060	0.00563636	0.00425475	0.003	0.017	325.455	173.01	18	825	
6	6.25	1	17	1	3	74	26498	76	27185	0.00511842	0.00323715	0.003	0.01	357.697	141.487	10	685	
6	6.25	1	18	5	3	71	26492	70	26007	0.0054	0.00334664	0.003	0.01	371.529	189.686	10	839	
6	6.25	1	19	4	3	71	26492	71	27402	0.00822535	0.0078234	0.003	0.024	385.944	174.045	10	871	
6	6.25	1	20	3	3	95	26540	82	22850	0.00453658	0.00381419	0.003	0.024	278.659	157.598	4	839	
6.25	6.5	4	1	3	3	58	26466	58	26264	0.00541379	0.00335624	0.003	0.01	452.828	199.466	58	807	
6.25	6.5	4	2	5	3	76	26502	68	24028	0.00413235	0.00393948	0.003	0.024	353.353	176.618	8	749	
6.25	6.5	4	3	1	3	80	26510	74	25384	0.00498649	0.00470934	0.003	0.024	343.027	176.22	8	775	
6.25	6.5	4	4	4	3	81	26512	67	22225	0.00352239	0.0022181	0.003	0.017	331.716	167.902	49	775	
6.25	6.5	4	5	2	3	64	26480	65	26634	0.00558461	0.00362238	0.003	0.017	409.754	199.422	34	839	
6.25	6.5	2	6	5	3	96	26542	84	24109	0.00375	0.00343923	0.003	0.024	287.012	164.299	32	621	
6.25	6.5	2	7	1	3	63	26476	63	26420	0.00577778	0.00345218	0.003	0.01	419.365	177.19	10	765	
6.25	6.5	2	8	3	3	72	26494	72	26494	0.00698611	0.00619744	0.003	0.017	367.972	176.268	11	757	
6.25	6.5	2	9	2	3	69	26488	69	26691	0.00695652	0.00617737	0.003	0.017	386.826	173.538	7	669	
6.25	6.5	2	10	4	3	83	26516	69	23471	0.00401449	0.00345344	0.003	0.024	340.159	158.72	11	693	
6.25	6.5	3	11	5	3	70	26490	60	23328	0.00393333	0.0037501	0.003	0.024	388.8	195.464	49	839	
6.25	6.5	3	12	4	3	59	26468	59	25663	0.00537288	0.00334199	0.003	0.01	434.966	177.445	34	1056	
6.25	6.5	3	13	1	3	68	26486	64	25059	0.00573437	0.00579886	0.003	0.024	391.547	184.071	42	717	
6.25	6.5	3	14	3	3	73	26496	69	24443	0.00563768	0.00564377	0.003	0.024	354.246	199.466	42	839	
6.25	6.5	3	15	2	3	53	26456	52	25883	0.00488461	0.00313521	0.003	0.01	497.75	149.679	66	839	
6.25	6.5	1	16	2	3	78	26506	70	24683	0.0059	0.00613413	0.003	0.024	352.614	184.072	7	935	
6.25	6.5	1	17	1	3	63	26478	63	26478	0.00644444	0.00352767	0.003	0.01	420.286	173.886	66	839	
6.25	6.5	1	18	5	3	73	26498	74	26871	0.00508108	0.00322132	0.003	0.01	363.122	168.362	75	781	
6.25	6.5	1	19	4	3	78	26506	78	26492	0.00703846	0.00752734	0.003	0.024	339.641	142.53	42	597	
6.25	6.5	1	20	3	3	103	26556	90	22341	0.00377778	0.00304932	0.003	0.017	248.233	121.283	26	469	
6.5	6.75	4	1	3	3	53	26456	53	26256	0.00630189	0.00352783	0.003	0.01	495.396	223.126	10	1056	
6.5	6.75	4	2	5	3	77	26504	75	25731	0.00524	0.00462613	0.003	0.024	343.08	174.805	15	775	
6.5	6.75	4	3	1	3	75	26500	77	26988	0.00663636	0.00563333	0.003	0.024	350.494	198.012	3	685	
6.5	6.75	4	4	4	3	71	26492	64	25657	0.00726562	0.00508419	0.003	0.024	400.891	194.894	3	935	
6.5	6.75	4	5	2	3	57	26464	56	25859	0.0065	0.00353167	0.003	0.01	461.768	203.041	10	1056	
6.5	6.75	2	6	5	3	80	26510	71	24141	0.00447887	0.00425226	0.003	0.024	340.014	158.941	12	597	
6.5	6.75	2	7	1	3	63	26476	63	26236	0.00566667	0.00342665	0.003	0.01	416.444	195.691	10	1056	
6.5	6.75	2	8	3	3	74	26498	74	26418	0.00687838	0.00603631	0.003	0.017	357	157.56	73	749	
6.5	6.75	2	9	2	3	67	26484	68	26670	0.00639706	0.00586194	0.003	0.017	392.206	181.703	90	871	
6.5	6.75	2	10	4	3	76	26502	72	25748	0.00572222	0.00570204	0.003	0.024	357.611	141.551	49	621	
6.5	6.75	3	11	5	3	59	26468	45	20103	0.0044	0.00383406	0.003	0.017	446.733	231.559	49	1056	
6.5	6.75	3	12	4	3	52	26454	53	27510	0.00656604	0.00353286	0.003	0.01	519.057	272.037	34	1056	
6.5	6.75	3	13	1	3	56	26462	58	27568	0.00891379	0.00715808	0.003	0.024	475.31	246.409	43	1056	
6.5	6.75	3	14	3	3	56	26462	55	25859	0.00783636	0.00671859	0.003	0.017	470.164	227.246	42	1056	
6.5	6.75	3	15	2	3	43	26436	43	26572	0.00739535	0.00342358	0.003	0.01	617.953	308.65	26	1056	
6.5	6.75	1	16	2	3	78	26508	76	25056	0.00603947	0.00462007	0.003	0.024	329.684	163.165	15	717	
6.5	6.75	1	17	1	3	71	26492	69	25434	0.00533333	0.00332401	0.003	0.01	368.609	173.183	34	839	
6.5	6.75	1	18	5	3	63	26476	63	25734	0.00622222	0.00351698	0.003	0.01	408.476	189.974	26	839	
6.5	6.75	1	19	4	3	72	26496	71	26025	0.00822535	0.00726675	0.003	0.024	366.549	187.7	3	839	
6.5	6.75	1	20	3	3	99	26548	88	22956	0.00538636	0.00473294	0.003	0.024	260.864	150.753	26	685	
6.75	7	4	1	3	3	58	26466	58	26857	0.00505172	0.00321413	0.003	0.01	463.052	178.134	58	839	
6.75	7	4	2	5	3	78	26506	66	24359	0.00374242	0.00370991	0.003	0.024	369.076	172.22	49	839	
6.75	7	4	3	1	3	80	26510	73	25307	0.00376712	0.00379151	0.003	0.024	346.671	151.432	42	717	
6.75	7	4	4	4	3	77	26504	63	24399	0.00311111	0.000881917	0.003	0.01	387.286	171.391	49	749	
6.75	7	4	5	2	3	63	26476	64	27081	0.00496875	0.00317214	0.003	0.01	423.141	183.864	26	717	
6.75	7	2	6	5	3	87	26524	70	23353	0.0034	0.00263422	0.003	0.024	333.614	157.2	32	621	
6.75	7	2	7	1	3	64	26478	64	26478	0.00584375	0.0034651	0.003	0.01	413.719	173.524	10	749	
6.75	7	2	8	3	3	68	26486	68	26138	0.00691176	0.00621201	0.003	0.017	384.382	171.163	10	693	
6.75	7	2	9	2	3	65	26480	64	26534	0.0069375	0.00622049	0.003	0.017	414.594	167.22	90	669	
6.75	7	2	10	4	3	83	26516	71	22684	0.00349296	0.0021572	0.003	0.017	319.493	154.19	7	693	
6.75	7	3	11	5	3	76	26502	67	24300	0.00341791	0.00206815	0.003	0.017	362.687	179.265	49	749	
6.75	7	3	12	4	3	61	26472	60	25987	0.00475	0.00305667	0.003	0.01	433.117	205.19	10	945	
6.75	7	3	13	1	3	73	26496	71	26207	0.00477465	0.00483794	0.003	0.024	369.113	178.819	50	717	
6.75	7	3	14	3	3	77	26504	72	25676	0.00504167	0.00568774	0.003	0.024	356.611	167.361	44	839	
6.75	7	3	15	2	3	61	26472	61	26843	0.00460656	0.00296804	0.003	0.01	440.049	162.117	83	749	
6.75	7	1	16	2	3	75	26500	63	22091	0.00533333	0.0060295	0.003	0.024	350.651	145.024	71	717	
6.75	7	1	17	1	3	66	26482	67	27474	0.00676119	0.00351658	0.003	0.01	410.06	196.446	26	839	
6.75	7	1	18	5	3	69	26488	70	27544	0.0053	0.0033116	0.003	0.01	393.486	194.342	66	1056	
6.75	7	1	19	4	3	77	26506	76	25707	0.00677631	0.00735862	0.003	0.024	338.25	166.504	42	935	
6.75	7	1	20	3	3	108	26566	94	21999	0.00352128	0.00294658	0.003	0.024	234.032	122.665	8	557	
7	7.25	4	1	3	3	60	26472	60	26484	0.00475	0.00305667	0.003	0.01	441.4	200.299	58	999	
7	7.25	4	2	5	3	75	26500	65	25191	0.00396923	0.00408109	0.003	0.024	387.554	156.065	49	749	
7	7.25	4	3	1	3	78	26506	68	24292	0.00341176	0.00205328	0.003	0.017	357.235	156.809	57	645	
7	7.25	4	4	4	3	77	26504	71	25598	0.00339437	0.00261577	0.003	0.024	360.535	177.399	49	839	
7	7.25	4	5	2	3	65	26480	64	25995	0.00507812	0.00322345	0.003	0.01	406.172	196.886	34	717	
7	7.25	2	6	5	3	87	26524	74	25201	0.00356757	0.00224573	0.003	0.017	340.554	146.904	15	621	
7	7.25	2	7	1	3	61	26472	61	26763	0.00552459	0.00338923	0.003	0.01	438.738	171.194	10	605	
7	7.25	2	8	3	3	71	26494	71	26615	0.00684507	0.00612407	0.003	0.017	374.859	177.402	73	833	
7	7.25	2	9	2	3	67	26484	69	26895	0.00715942	0.00627465	0.003	0.017	389.783	146.526	34	669	
7	7.25	2	10	4	3	80	26510	69	23745	0.00401449	0.0038482	0.003	0.024	344.13	127.722	12	839	
7	7.25	3	11	5	3	79	26508	72	26005	0.00416667	0.00406981	0.003	0.024	361.181	167.546	3	637	
7	7.25	3	12	4	3	69	26488	68	26366	0.00505882	0.00321323	0.003	0.01	387.735	177.315	34	693	
7	7.25	3	13	1	3	82	26516	78	24843	0.00488461	0.00512944	0.003	0.024	318.5	176.504	3	935	
7	7.25	3	14	3	3	75	26500	73	26168	0.00568493	0.00602051	0.003	0.024	358.466	186.899	51	935	
7	7.25	3	15	2	3	64	26478	64	26107	0.00540625	0.00335099	0.003	0.01	407.922	173.096	66	749	
7	7.25	1	16	2	3	83	26518	73	23117	0.00482192	0.00452261	0.003	0.024	316.671	163.145	13	645	
7	7.25	1	17	1	3	68	26486	68	26098	0.00577941	0.00345048	0.003	0.01	383.794	198.785	19	1031	
7	7.25	1	18	5	3	68	26486	66	25799	0.00533333	0.00332512	0.003	0.01	390.894	164.273	26	781	
7	7.25	1	19	4	3	77	26504	75	26461	0.00701333	0.00711012	0.003	0.024	352.813	143.506	57	839	
7	7.25	1	20	3	3	105	26562	95	24180	0.00358947	0.00282653	0.003	0.024	254.526	121.527	25	441	
7.25	7.5	4	1	3	3	58	26466	58	26255	0.00601724	0.00349682	0.003	0.01	452.672	203.572	10	1056	
7.25	7.5	4	2	5	3	73	26496	68	24568	0.00588235	0.00456309	0.003	0.024	361.294	179.85	12	839	
7.25	7.5	4	3	1	3	69	26488	69	26478	0.00726087	0.00526267	0.003	0.024	383.739	201.045	19	935	
7.25	7.5	4	4	4	3	71	26492	70	26364	0.0079	0.00588082	0.003	0.024	376.629	201.79	7	775	
7.25	7.5	4	5	2	3	63	26476	63	26927	0.00633333	0.00352411	0.003	0.01	427.413	205.886	10	1056	
7.25	7.5	2	6	5	3	84	26518	78	25350	0.00398718	0.00351802	0.003	0.017	325	158.692	21	621	
7.25	7.5	2	7	1	3	63	26476	63	26780	0.00488889	0.0031321	0.003	0.01	425.079	195.966	10	1056	
7.25	7.5	2	8	3	3	77	26504	78	27109	0.0065	0.00594291	0.003	0.017	347.551	175.131	10	693	
7.25	7.5	2	9	2	3	69	26490	71	26846	0.00625352	0.00589605	0.003	0.017	378.113	166.728	62	669	
7.25	7.5	2	10	4	3	81	26512	76	25497	0.00419737	0.00368427	0.003	0.017	335.487	178.649	49	839	
7.25	7.5	3	11	5	3	59	26468	44	17470	0.00459091	0.00395509	0.003	0.017	397.045	172.259	66	749	
7.25	7.5	3	12	4	3	52	26454	54	27061	0.00624074	0.00377647	0.003	0.017	501.13	259.748	10	1056	
7.25	7.5	3	13	1	3	55	26460	55	26176	0.00796364	0.00682578	0.003	0.024	475.927	185.6	106	1056	
7.25	7.5	3	14	3	3	59	26468	58	26426	0.00782759	0.00658317	0.003	0.017	455.621	163.469	55	825	
7.25	7.5	3	15	2	3	49	26448	50	26885	0.0065	0.00353553	0.003	0.01	537.7	269.041	26	1056	
7.25	7.5	1	16	2	3	79	26508	78	26162	0.0065	0.00447722	0.003	0.024	335.41	156.536	3	765	
7.25	7.5	1	17	1	3	68	26486	68	26738	0.00505882	0.00321323	0.003	0.01	393.206	162.595	75	839	
7.25	7.5	1	18	5	3	67	26488	67	26488	0.00582089	0.0034594	0.003	0.01	395.343	192.147	19	839	
7.25	7.5	1	19	4	3	79	26508	79	26668	0.00627848	0.00601907	0.003	0.024	337.57	172.796	3	935	
7.25	7.5	1	20	3	3	105	26560	105	26542	0.0056	0.00468139	0.003	0.024	252.781	156.645	26	733	
7.5	7.75	4	1	3	3	60	26470	60	26669	0.0051	0.00323487	0.003	0.01	444.483	189.968	51	839	
7.5	7.75	4	2	5	3	80	26510	71	24682	0.00369014	0.00293546	0.003	0.017	347.634	163.453	3	693	
7.5	7.75	4	3	1	3	79	26508	72	24958	0.00368055	0.003356	0.003	0.024	346.639	166.742	42	717	
7.5	7.75	4	4	4	3	76	26502	67	24478	0.00341791	0.00206815	0.003	0.017	365.343	151.994	15	775	
7.5	7.75	4	5	2	3	63	26476	63	26476	0.00511111	0.00323843	0.003	0.01	420.254	217.816	34	839	
7.5	7.75	2	6	5	3	87	26524	71	23688	0.00319718	0.00166149	0.003	0.017	333.634	134.332	75	621	
7.5	7.75	2	7	1	3	62	26474	62	26330	0.00559677	0.00340905	0.003	0.01	424.677	168.088	10	749	
7.5	7.75	2	8	3	3	75	26500	74	26202	0.00687838	0.00614651	0.003	0.017	354.081	162.322	10	693	
7.5	7.75	2	9	2	3	72	26494	70	26213	0.0059	0.00552504	0.003	0.017	374.471	151.754	90	773	
7.5	7.75	2	10	4	3	82	26514	65	22917	0.00386154	0.00381558	0.003	0.024	352.569	145.261	49	621	
7.5	7.75	3	11	5	3	75	26500	67	24088	0.00352239	0.00306178	0.003	0.024	359.522	171.58	19	839	
7.5	7.75	3	12	4	3	62	26474	62	26474	0.00503226	0.00320332	0.003	0.01	427	192.824	34	807	
7.5	7.75	3	13	1	3	73	26496	68	25559	0.00444118	0.00428598	0.003	0.017	375.868	197.454	42	935	
7.5	7.75	3	14	3	3	72	26494	67	25638	0.0048806	0.00539226	0.003	0.024	382.657	187.207	50	775	
7.5	7.75	3	15	2	3	59	26468	59	26468	0.0048983	0.00313872	0.003	0.01	448.61	168.123	66	749	
7.5	7.75	1	16	2	3	74	26498	60	22709	0.00428333	0.00417455	0.003	0.024	378.483	179.817	42	935	
7.5	7.75	1	17	1	3	60	26474	60	26239	0.00673333	0.00352168	0.003	0.01	437.317	211.3	66	1056	
7.5	7.75	1	18	5	3	63	26478	64	26587	0.0051875	0.00327024	0.003	0.01	415.422	220.065	26	1056	
7.5	7.75	1	19	4	3	78	26506	76	25905	0.00640789	0.00699939	0.003	0.024	340.855	143.937	3	839	
7.5	7.75	1	20	3	3	109	26568	100	24310	0.00356	0.00257148	0.003	0.017	243.1	138.582	26	661	
7.75	8	4	1	3	3	59	26468	59	26672	0.0059661	0.00348873	0.003	0.01	452.068	245.373	10	1056	
7.75	8	4	2	5	3	77	26504	71	25691	0.00546479	0.00489265	0.003	0.017	361.845	182.403	7	693	
7.75	8	4	3	1	3	79	26508	73	25531	0.00434246	0.0041507	0.003	0.024	349.74	174.705	3	839	
7.75	8	4	4	4	3	81	26512	72	24375	0.00465278	0.00431558	0.003	0.024	338.542	195.03	7	749	
7.75	8	4	5	2	3	59	26468	60	26502	0.00521667	0.00328371	0.003	0.01	441.7	184.747	26	839	
7.75	8	2	6	5	3	78	26506	69	24411	0.00421739	0.00432118	0.003	0.024	353.783	153.324	32	621	
7.75	8	2	7	1	3	60	26470	60	26454	0.00615	0.00351184	0.003	0.01	440.9	215.507	10	1056	
7.75	8	2	8	3	3	69	26488	70	26709	0.0064	0.00580704	0.003	0.017	381.557	202.99	73	1056	
7.75	8	2	9	2	3	63	26476	66	27040	0.00681818	0.00603811	0.003	0.017	409.697	184.074	90	1056	
7.75	8	2	10	4	3	73	26496	66	23003	0.00469697	0.00426423	0.003	0.024	348.53	194.816	15	802	
7.75	8	3	11	5	3	75	26500	65	24037	0.0044	0.00375333	0.003	0.017	369.8	207.025	7	1009	
7.75	8	3	12	4	3	64	26478	64	26478	0.00507812	0.00322345	0.003	0.01	413.719	192.219	34	1056	
7.75	8	3	13	1	3	75	26500	75	26502	0.00673333	0.00684053	0.003	0.024	353.36	196.063	3	839	
7.75	8	3	14	3	3	75	26500	74	26330	0.00593243	0.00602127	0.003	0.024	355.811	176.88	57	1056	
7.75	8	3	15	2	3	71	26492	71	26492	0.00497183	0.00317117	0.003	0.01	373.127	181.089	66	839	
7.75	8	1	16	2	3	79	26508	76	25219	0.0065	0.00641561	0.003	0.024	331.829	170.043	26	839	
7.75	8	1	17	1	3	69	26488	70	26925	0.0057	0.00343195	0.003	0.01	384.643	184.422	26	1056	
7.75	8	1	18	5	3	71	26492	72	27070	0.00552778	0.00338585	0.003	0.01	375.972	164.901	51	685	
7.75	8	1	19	4	3	79	26508	76	25463	0.00585526	0.00573575	0.003	0.024	335.039	156.273	57	839	
7.75	8	1	20	3	3	103	26556	95	24012	0.00366316	0.00271564	0.003	0.017	252.758	128.823	26	583	
8	8.25	4	1	3	3	59	26468	59	26065	0.00525424	0.00329887	0.003	0.01	441.78	236.595	51	1056	
8	8.25	4	2	5	3	73	26496	70	25627	0.0058	0.00538274	0.003	0.024	366.1	171.287	49	749	
8	8.25	4	3	1	3	70	26492	65	24893	0.00612308	0.00525449	0.003	0.017	382.969	191.139	57	775	
8	8.25	4	4	4	3	76	26502	69	25403	0.00513043	0.00421103	0.003	0.017	368.159	205.471	18	935	
8	8.25	4	5	2	3	63	26476	62	26442	0.00570968	0.00343744	0.003	0.01	426.484	202.868	26	1056	
8	8.25	2	6	5	3	95	26540	90	25473	0.00432222	0.00418351	0.003	0.024	283.033	154.171	18	621	
8	8.25	2	7	1	3	65	26482	65	26642	0.00515385	0.00325591	0.003	0.01	409.877	180.735	10	749	
8	8.25	2	8	3	3	76	26502	76	26515	0.00576316	0.00524816	0.003	0.017	348.882	160.39	3	597	
8	8.25	2	9	2	3	65	26484	64	26298	0.00573437	0.00538146	0.003	0.017	410.906	161.494	34	775	
8	8.25	2	10	4	3	73	26496	66	24745	0.00501515	0.00455561	0.003	0.024	374.924	187.384	18	775	
8	8.25	3	11	5	3	76	26502	70	23534	0.0049	0.00460356	0.003	0.024	336.2	194.554	3	839	
8	8.25	3	12	4	3	61	26472	61	26472	0.00552459	0.00338923	0.003	0.01	433.967	245.581	34	1056	
8	8.25	3	13	1	3	61	26472	59	25960	0.00620339	0.00556398	0.003	0.017	440	214.281	36	1056	
8	8.25	3	14	3	3	65	26480	64	26365	0.00595312	0.00568884	0.003	0.017	411.953	201.934	57	839	
8	8.25	3	15	2	3	57	26464	56	26027	0.0055	0.00338446	0.003	0.01	464.768	248.604	75	1056	
8	8.25	1	16	2	3	74	26498	70	25017	0.005	0.00448185	0.003	0.024	357.386	152.289	57	645	
8	8.25	1	17	1	3	68	26490	67	26400	0.00456716	0.00293992	0.003	0.01	394.03	173.021	66	1095	
8	8.25	1	18	5	3	73	26496	72	26294	0.00504167	0.00320404	0.003	0.01	365.194	176.708	18	839	
8	8.25	1	19	4	3	74	26498	73	26563	0.00645205	0.00640321	0.003	0.024	363.877	140.924	57	717	
8	8.25	1	20	3	3	103	26556	91	22298	0.00438461	0.00420256	0.003	0.024	245.033	138.719	7	621	
8.25	8.5	4	1	3	3	57	26464	58	26925	0.00541379	0.00335624	0.003	0.01	464.224	189.727	58	807	
8.25	8.5	4	2	5	3	83	26516	72	24721	0.00358333	0.00256053	0.003	0.017	343.347	163.444	7	693	
8.25	8.5	4	3	1	3	71	26492	66	25453	0.00416667	0.00417901	0.003	0.024	385.652	168.291	57	935	
8.25	8.5	4	4	4	3	82	26514	71	25348	0.00349296	0.00273011	0.003	0.024	357.014	166.131	7	693	
8.25	8.5	4	5	2	3	65	26480	65	26360	0.00472308	0.00303885	0.003	0.01	405.538	207.486	26	807	
8.25	8.5	2	6	5	3	86	26522	69	22698	0.00350725	0.00301771	0.003	0.024	328.957	148.499	10	621	
8.25	8.5	2	7	1	3	56	26462	56	25867	0.006125	0.00351135	0.003	0.01	461.911	180.181	10	1056	
8.25	8.5	2	8	3	3	70	26490	69	26320	0.00746377	0.00646161	0.003	0.017	381.449	161.006	7	605	
8.25	8.5	2	9	2	3	70	26490	70	26111	0.0074	0.00643676	0.003	0.017	373.014	168.65	90	669	
8.25	8.5	2	10	4	3	81	26512	67	24020	0.00383582	0.00376023	0.003	0.024	358.507	167.533	49	839	
8.25	8.5	3	11	5	3	76	26502	69	24803	0.00391304	0.00337699	0.003	0.017	359.464	185.381	49	749	
8.25	8.5	3	12	4	3	64	26478	63	26444	0.005	0.00318768	0.003	0.01	419.746	190.967	34	693	
8.25	8.5	3	13	1	3	72	26494	67	25503	0.00467164	0.0050374	0.003	0.024	380.642	198.94	57	935	
8.25	8.5	3	14	3	3	72	26494	69	25684	0.00533333	0.00571548	0.003	0.024	372.232	199.137	42	775	
8.25	8.5	3	15	2	3	59	26468	60	26905	0.00545	0.00336696	0.003	0.01	448.417	184.872	66	749	
8.25	8.5	1	16	2	3	76	26502	65	23441	0.00461538	0.00459175	0.003	0.024	360.631	165.316	7	839	
8.25	8.5	1	17	1	3	63	26478	62	25881	0.00616129	0.00351201	0.003	0.01	417.435	230.771	19	1056	
8.25	8.5	1	18	5	3	62	26476	62	26476	0.00548387	0.00337659	0.003	0.01	427.032	184.254	26	1056	
8.25	8.5	1	19	4	3	73	26496	71	26084	0.00704225	0.00726132	0.003	0.024	367.38	201.563	7	1056	
8.25	8.5	1	20	3	3	103	26556	92	24378	0.00345652	0.00307922	0.003	0.024	264.978	145.355	26	979	
8.5	8.75	4	1	3	3	60	26470	59	26412	0.00454237	0.00292623	0.003	0.01	447.661	179.456	10	807	
8.5	8.75	4	2	5	3	78	26506	73	25655	0.00367123	0.00333356	0.003	0.024	351.438	192.706	8	693	
8.5	8.75	4	3	1	3	72	26494	65	24257	0.00364615	0.00320854	0.003	0.024	373.185	178.234	57	839	
8.5	8.75	4	4	4	3	72	26494	62	23815	0.00379032	0.00337851	0.003	0.024	384.113	194.85	18	839	
8.5	8.75	4	5	2	3	62	26474	62	26482	0.00469355	0.00302226	0.003	0.01	427.129	178.112	34	693	
8.5	8.75	2	6	5	3	89	26528	76	24108	0.00318421	0.00160591	0.003	0.017	317.211	160.264	3	621	
8.5	8.75	2	7	1	3	63	26478	63	26478	0.00566667	0.00342665	0.003	0.01	420.286	217.883	10	1056	
8.5	8.75	2	8	3	3	79	26508	79	26444	0.00627848	0.00580658	0.003	0.017	334.734	192.559	3	903	
8.5	8.75	2	9	2	3	73	26498	74	27170	0.00697297	0.00602955	0.003	0.017	367.162	151.823	90	573	
8.5	8.75	2	10	4	3	79	26508	66	24388	0.00448485	0.00416669	0.003	0.024	369.515	147.263	49	638	
8.5	8.75	3	11	5	3	86	26522	75	25463	0.00346667	0.00239557	0.003	0.017	339.507	181.309	49	749	
8.5	8.75	3	12	4	3	68	26486	68	26486	0.00485294	0.0031112	0.003	0.01	389.5	192.385	10	839	
8.5	8.75	3	13	1	3	80	26510	79	26251	0.0053924	0.0054782	0.003	0.024	332.291	180.87	10	775	
8.5	8.75	3	14	3	3	79	26508	76	25531	0.00622368	0.00609612	0.003	0.024	335.934	202.08	3	871	
8.5	8.75	3	15	2	3	66	26482	65	26280	0.00483077	0.00310025	0.003	0.01	404.308	177.531	58	749	
8.5	8.75	1	16	2	3	83	26516	69	22756	0.00401449	0.0038482	0.003	0.024	329.797	155.041	32	839	
8.5	8.75	1	17	1	3	69	26488	69	26117	0.00543478	0.00335839	0.003	0.01	378.507	175.857	58	839	
8.5	8.75	1	18	5	3	68	26486	68	26003	0.00516176	0.0032581	0.003	0.01	382.397	149.297	26	685	
8.5	8.75	1	19	4	3	71	26492	70	25631	0.006	0.00614322	0.003	0.024	366.157	152.422	23	701	
8.5	8.75	1	20	3	3	109	26568	105	25077	0.00393333	0.00364076	0.003	0.024	238.829	119.856	19	470	
8.75	9	4	1	3	3	54	26460	54	26009	0.00468518	0.00302083	0.003	0.01	481.648	224.75	28	1056	
8.75	9	4	2	5	3	70	26490	65	24640	0.00461538	0.00491392	0.003	0.024	379.077	161.37	49	775	
8.75	9	4	3	1	3	74	26498	68	24887	0.00516176	0.00440356	0.003	0.017	365.985	174.591	42	839	
8.75	9	4	4	4	3	72	26494	63	23121	0.00477778	0.00469881	0.003	0.024	367	182.65	49	839	
8.75	9	4	5	2	3	56	26464	56	26149	0.00625	0.00352265	0.003	0.01	466.946	252.506	10	1056	
8.75	9	2	6	5	3	86	26522	69	23349	0.00371014	0.00342612	0.003	0.024	338.391	150.145	32	621	
8.75	9	2	7	1	3	65	26480	65	26544	0.00558461	0.00340447	0.003	0.01	408.369	182.176	10	765	
8.75	9	2	8	3	3	76	26504	77	26793	0.007	0.00626393	0.003	0.017	347.961	189.913	10	1095	
8.75	9	2	9	2	3	70	26492	70	26009	0.0063	0.0059255	0.003	0.017	371.557	165.118	90	669	
8.75	9	2	10	4	3	79	26508	66	24125	0.00437879	0.00392532	0.003	0.017	365.53	158.057	49	698	
8.75	9	3	11	5	3	70	26490	56	21183	0.0035	0.0022563	0.003	0.017	378.268	175.808	49	839	
8.75	9	3	12	4	3	57	26464	57	25442	0.00582456	0.00346473	0.003	0.01	446.351	246.885	34	1056	
8.75	9	3	13	1	3	69	26488	65	25337	0.00515385	0.00523877	0.003	0.024	389.8	174.903	42	839	
8.75	9	3	14	3	3	69	26488	66	25742	0.00639394	0.0061691	0.003	0.024	390.03	186.919	18	1056	
8.75	9	3	15	2	3	60	26470	59	26097	0.00561017	0.00341405	0.003	0.01	442.322	198.585	26	1056	
8.75	9	1	16	2	3	81	26512	71	23276	0.00447887	0.00390918	0.003	0.024	327.831	173.738	3	839	
8.75	9	1	17	1	3	68	26488	68	26488	0.00619118	0.00351227	0.003	0.01	389.529	217.581	27	1031	
8.75	9	1	18	5	3	68	26488	68	26600	0.00495588	0.00316432	0.003	0.01	391.176	189.479	26	1056	
8.75	9	1	19	4	3	76	26504	71	25070	0.00664789	0.00737583	0.003	0.024	353.099	145.091	57	749	
8.75	9	1	20	3	3	101	26552	92	24091	0.00482609	0.0046258	0.003	0.024	261.859	139.125	3	693	
9	9.25	4	1	3	3	56	26462	56	26318	0.005375	0.00334426	0.003	0.01	469.964	223.091	52	1056	
9	9.25	4	2	5	3	76	26502	72	25246	0.005625	0.00476323	0.003	0.024	350.639	190.276	12	749	
9	9.25	4	3	1	3	67	26486	66	26756	0.0070303	0.00626828	0.003	0.024	405.394	188.118	57	935	
9	9.25	4	4	4	3	81	26512	79	26057	0.00556962	0.00503496	0.003	0.024	329.835	176.649	49	839	
9	9.25	4	5	2	3	64	26478	64	26797	0.0051875	0.00327024	0.003	0.01	418.703	217.391	10	1056	
9	9.25	2	6	5	3	86	26522	73	23100	0.00386301	0.00307461	0.003	0.017	316.438	162.34	32	621	
9	9.25	2	7	1	3	58	26466	58	26996	0.0052931	0.00331402	0.003	0.01	465.448	204.242	10	1056	
9	9.25	2	8	3	3	76	26502	75	26293	0.00608	0.00578152	0.003	0.017	350.573	160.275	12	693	
9	9.25	2	9	2	3	72	26494	72	26766	0.00581944	0.00559257	0.003	0.017	371.75	164.15	90	775	
9	9.25	2	10	4	3	75	26500	64	23610	0.00453125	0.00440407	0.003	0.024	368.906	146.908	18	693	
9	9.25	3	11	5	3	68	26486	60	24259	0.00463333	0.00434514	0.003	0.017	404.317	209.89	15	839	
9	9.25	3	12	4	3	57	26464	58	27520	0.00481034	0.00309191	0.003	0.01	474.483	212.831	113	1056	
9	9.25	3	13	1	3	61	26472	60	26959	0.00661667	0.00637817	0.003	0.024	449.317	242.87	53	1056	
9	9.25	3	14	3	3	66	26482	65	26788	0.00666154	0.00632277	0.003	0.024	412.123	235.961	42	1001	
9	9.25	3	15	2	3	59	26468	60	26845	0.00568333	0.00343211	0.003	0.01	447.417	231.005	26	1056	
9	9.25	1	16	2	3	71	26492	65	24704	0.00644615	0.00555099	0.003	0.024	380.062	165.861	57	775	
9	9.25	1	17	1	3	62	26476	63	27129	0.00588889	0.00347392	0.003	0.01	430.619	180.718	10	1056	
9	9.25	1	18	5	3	63	26478	64	27051	0.00639062	0.00352595	0.003	0.01	422.672	172.433	26	839	
9	9.25	1	19	4	3	75	26500	76	26518	0.0065	0.00610246	0.003	0.024	348.921	158.35	9	717	
9	9.25	1	20	3	3	96	26542	90	24336	0.00502222	0.00460332	0.003	0.024	270.4	163.371	12	979	
9.25	9.5	4	1	3	3	58	26466	58	26658	0.00493103	0.00315596	0.003	0.01	459.621	219.94	58	1056	
9.25	9.5	4	2	5	3	74	26498	67	24330	0.00320895	0.00171037	0.003	0.017	363.134	186.276	12	839	
9.25	9.5	4	3	1	3	74	26500	67	23685	0.0039403	0.00383319	0.003	0.024	353.507	183.336	44	775	
9.25	9.5	4	4	4	3	82	26514	73	25636	0.00328767	0.0013992	0.003	0.01	351.178	184.791	12	839	
9.25	9.5	4	5	2	3	62	26476	62	26133	0.00503226	0.00320332	0.003	0.01	421.5	188.883	34	807	
9.25	9.5	2	6	5	3	90	26530	75	23297	0.003	0	0.003	0.003	310.627	146.278	32	621	
9.25	9.5	2	7	1	3	59	26468	59	25874	0.00608474	0.00350511	0.003	0.01	438.542	214.518	10	1056	
9.25	9.5	2	8	3	3	76	26502	76	25957	0.00714474	0.0062795	0.003	0.017	341.539	177.956	3	693	
9.25	9.5	2	9	2	3	71	26492	72	26889	0.00727778	0.0063871	0.003	0.017	373.458	165.976	7	669	
9.25	9.5	2	10	4	3	81	26512	63	23224	0.00344444	0.00213101	0.003	0.017	368.635	147.84	49	693	
9.25	9.5	3	11	5	3	78	26506	65	23731	0.00353846	0.0025683	0.003	0.017	365.092	171.257	49	749	
9.25	9.5	3	12	4	3	64	26478	63	26443	0.00477778	0.00307143	0.003	0.01	419.73	165.774	34	693	
9.25	9.5	3	13	1	3	73	26496	71	26268	0.0052676	0.00588936	0.003	0.024	369.972	169.305	3	717	
9.25	9.5	3	14	3	3	80	26510	76	25619	0.00456579	0.00465714	0.003	0.024	337.092	187.166	7	717	
9.25	9.5	3	15	2	3	61	26472	61	26356	0.00437705	0.00280573	0.003	0.01	432.066	146.438	66	621	
9.25	9.5	1	16	2	3	78	26506	64	22473	0.00442187	0.00397933	0.003	0.024	351.141	175.499	3	839	
9.25	9.5	1	17	1	3	68	26490	68	26329	0.00629412	0.00351992	0.003	0.01	387.191	157.48	26	839	
9.25	9.5	1	18	5	3	78	26506	77	26192	0.00509091	0.00322483	0.003	0.01	340.156	149.524	39	749	
9.25	9.5	1	19	4	3	78	26506	76	25929	0.00714474	0.00785146	0.003	0.024	341.171	148.665	51	717	
9.25	9.5	1	20	3	3	108	26566	96	23524	0.00314583	0.00142887	0.003	0.017	245.042	104.522	26	470	
9.5	9.75	4	1	3	3	58	26466	58	26869	0.00553448	0.00339357	0.003	0.01	463.259	184.958	51	839	
9.5	9.75	4	2	5	3	77	26504	65	23744	0.00332308	0.00192928	0.003	0.017	365.292	168.81	18	839	
9.5	9.75	4	3	1	3	82	26514	75	25423	0.00505333	0.00561103	0.003	0.024	338.973	161.724	42	645	
9.5	9.75	4	4	4	3	79	26508	67	24396	0.00331343	0.00256556	0.003	0.024	364.119	173.625	12	839	
9.5	9.75	4	5	2	3	64	26478	64	26478	0.00573437	0.00344223	0.003	0.01	413.719	193.859	26	839	
9.5	9.75	2	6	5	3	95	26540	83	23959	0.00342169	0.00252847	0.003	0.024	288.663	146.066	8	621	
9.5	9.75	2	7	1	3	58	26466	58	26762	0.00601724	0.00349682	0.003	0.01	461.414	211.893	10	1056	
9.5	9.75	2	8	3	3	72	26496	72	26670	0.00708333	0.00629945	0.003	0.017	370.417	166.848	10	693	
9.5	9.75	2	9	2	3	68	26486	68	26091	0.00763235	0.00646899	0.003	0.017	383.691	146.951	90	669	
9.5	9.75	2	10	4	3	77	26504	61	22894	0.00357377	0.00294086	0.003	0.024	375.311	132.14	49	839	
9.5	9.75	3	11	5	3	78	26506	70	25107	0.0033	0.00185995	0.003	0.017	358.671	187.843	7	839	
9.5	9.75	3	12	4	3	70	26490	70	26491	0.0047	0.00302334	0.003	0.01	378.443	183.993	34	693	
9.5	9.75	3	13	1	3	72	26494	68	25555	0.00547059	0.0055111	0.003	0.024	375.809	181.354	50	839	
9.5	9.75	3	14	3	3	72	26494	70	25967	0.0046	0.00448637	0.003	0.017	370.957	185.415	42	1056	
9.5	9.75	3	15	2	3	65	26480	65	26596	0.00483077	0.00310025	0.003	0.01	409.169	175.844	66	839	
9.5	9.75	1	16	2	3	76	26502	67	23907	0.00540298	0.00591367	0.003	0.024	356.821	163.933	52	839	
9.5	9.75	1	17	1	3	63	26476	62	25984	0.00616129	0.00351201	0.003	0.01	419.097	170.378	26	749	
9.5	9.75	1	18	5	3	74	26498	74	26351	0.00498649	0.00317737	0.003	0.01	356.095	171.262	39	685	
9.5	9.75	1	19	4	3	74	26498	70	25242	0.0058	0.00667811	0.003	0.024	360.6	144.245	3	701	
9.5	9.75	1	20	3	3	109	26568	98	22823	0.0035	0.00270643	0.003	0.024	232.888	119.286	30	469	
9.75	10	4	1	3	3	52	26454	52	26051	0.00528846	0.00331566	0.003	0.01	500.981	267.77	58	1056	
9.75	10	4	2	5	3	64	26478	59	24526	0.00620339	0.0064106	0.003	0.024	415.695	208.363	49	1009	
9.75	10	4	3	1	3	66	26484	64	26263	0.00628125	0.00610612	0.003	0.024	410.359	215.691	10	1056	
9.75	10	4	4	4	3	72	26494	66	24079	0.00437879	0.00446444	0.003	0.024	364.833	201.01	12	1056	
9.75	10	4	5	2	3	56	26462	57	26947	0.00533333	0.00332916	0.003	0.01	472.754	196.18	34	1056	
9.75	10	2	6	5	3	88	26526	76	24347	0.00336842	0.00194485	0.003	0.017	320.355	139.508	15	621	
9.75	10	2	7	1	3	66	26482	66	26637	0.00533333	0.00332512	0.003	0.01	403.591	180.357	10	770	
9.75	10	2	8	3	3	75	26500	75	26711	0.00664	0.00601943	0.003	0.017	356.147	175.66	7	839	
9.75	10	2	9	2	3	68	26486	70	27971	0.0067	0.00580442	0.003	0.017	399.586	163.588	31	669	
9.75	10	2	10	4	3	78	26506	66	23279	0.00310606	0.00086164	0.003	0.01	352.712	164.646	12	839	
9.75	10	3	11	5	3	79	26508	69	24098	0.00401449	0.0027573	0.003	0.017	349.246	189.461	18	839	
9.75	10	3	12	4	3	62	26474	63	26508	0.005	0.00318768	0.003	0.01	420.762	204.018	34	945	
9.75	10	3	13	1	3	72	26494	72	26702	0.00552778	0.00554869	0.003	0.024	370.861	167.42	58	717	
9.75	10	3	14	3	3	74	26498	75	26732	0.00645333	0.00590989	0.003	0.024	356.427	162.703	3	645	
9.75	10	3	15	2	3	61	26472	62	26670	0.00491935	0.00314824	0.003	0.01	430.161	183.091	66	1056	
9.75	10	1	16	2	3	77	26504	69	23842	0.00624638	0.00641782	0.003	0.024	345.536	154.568	42	597	
9.75	10	1	17	1	3	65	26482	66	26855	0.00575757	0.00344656	0.003	0.01	406.894	142.322	75	685	
9.75	10	1	18	5	3	71	26492	70	26014	0.0062	0.0035123	0.003	0.01	371.629	166.416	26	749	
9.75	10	1	19	4	3	71	26492	72	26659	0.00795833	0.00669125	0.003	0.024	370.264	171.128	34	775	
9.75	10	1	20	3	3	102	26554	93	24322	0.00397849	0.00394246	0.003	0.024	261.527	125.014	26	495	
