% start	end	CellId	IMSI	RNTI	LCID	nTxPDUs	TxBytes	nRxPDUs	RxBytes	delay	stdDev	min	max	PduSize	stdDev	min	max
0.5	0.75	4	1	5	3	47	25390	47	25390	0.00314894	0.00102105	0.003	0.01	540.213	319.389	219	1056	
0.5	0.75	4	2	3	3	25	25358	24	23681	0.00795833	0.00325014	0.003	0.01	986.708	424.472	437	1677	
0.5	0.75	4	3	2	3	35	25380	34	25161	0.00608823	0.00352796	0.003	0.01	740.029	259.855	219	1056	
0.5	0.75	4	4	1	3	34	24322	34	24322	0.00608823	0.00352796	0.003	0.01	715.353	283.353	219	1056	
0.5	0.75	4	5	4	3	47	25390	47	25390	0.00314894	0.00102105	0.003	0.01	540.213	413.213	123	1056	
0.5	0.75	2	6	4	3	24	25344	24	25344	0.00329167	0.00142887	0.003	0.01	1056	0	1056	1056	
0.5	0.75	2	7	5	3	38	25372	37	24316	0.00716216	0.0034842	0.003	0.01	657.189	243.159	437	1056	
0.5	0.75	2	8	2	3	46	25388	46	25388	0.00330435	0.00144329	0.003	0.01	551.913	415.908	123	1056	
0.5	0.75	2	9	3	3	33	25362	32	24925	0.00803125	0.00319762	0.003	0.01	778.906	273.055	437	1056	
0.5	0.75	2	10	1	3	24	25344	24	25344	0.00329167	0.00142887	0.003	0.01	1056	0	1056	1056	
0.5	0.75	3	11	5	3	47	25390	46	24769	0.00634783	0.00353533	0.003	0.01	538.457	151.507	186	1056	
0.5	0.75	3	12	3	3	46	25388	46	25388	0.00330435	0.00144329	0.003	0.01	551.913	325.225	219	1056	
0.5	0.75	3	13	1	3	24	25344	24	25344	0.00358333	0.00197631	0.003	0.01	1056	0	1056	1056	
0.5	0.75	3	14	4	3	24	25344	24	25344	0.00329167	0.00142887	0.003	0.01	1056	0	1056	1056	
0.5	0.75	3	15	2	3	24	25344	24	25344	0.00329167	0.00142887	0.003	0.01	1056	0	1056	1056	
0.5	0.75	1	16	3	3	47	25390	47	25390	0.00314894	0.00102105	0.003	0.01	540.213	413.213	123	1056	
0.5	0.75	1	17	2	3	24	25344	23	24288	0.01	0	0.01	0.01	1056	0	1056	1056	
0.5	0.75	1	18	4	3	47	25390	47	25390	0.00314894	0.00102105	0.003	0.01	540.213	413.213	123	1056	
0.5	0.75	1	19	5	3	24	25344	24	25344	0.00329167	0.00142887	0.003	0.01	1056	0	1056	1056	
0.5	0.75	1	20	1	3	24	25344	23	24288	0.01	0	0.01	0.01	1056	0	1056	1056	
0.75	1	4	1	5	3	50	26450	50	26450	0.003	0	0.003	0.003	529	313.147	219	839	
0.75	1	4	2	3	3	25	26408	25	27029	0.00888	0.00261916	0.003	0.01	1081.16	378.87	437	1677	
0.75	1	4	3	2	3	33	26424	33	25587	0.0070303	0.00351323	0.003	0.01	775.364	306.014	219	1056	
0.75	1	4	4	1	3	43	27500	43	27500	0.00462791	0.00299224	0.003	0.01	639.535	304.504	219	1056	
0.75	1	4	5	4	3	41	26432	41	26432	0.003	0	0.003	0.003	644.683	425.018	123	1056	
0.75	1	2	6	4	3	25	26400	25	26400	0.003	0	0.003	0.003	1056	0	1056	1056	
0.75	1	2	7	5	3	38	26426	38	27045	0.00760526	0.00336548	0.003	0.01	711.711	262.705	437	1056	
0.75	1	2	8	2	3	50	26450	50	26450	0.003	0	0.003	0.003	529	410.122	123	935	
0.75	1	2	9	3	3	37	26424	37	25805	0.00772973	0.00332205	0.003	0.01	697.432	263.242	437	1056	
0.75	1	2	10	1	3	25	26400	25	26400	0.003	0	0.003	0.003	1056	0	1056	1056	
0.75	1	3	11	5	3	50	26450	50	26450	0.0065	0.00353553	0.003	0.01	529	92.934	437	621	
0.75	1	3	12	3	3	50	26450	50	26450	0.003	0	0.003	0.003	529	313.147	219	839	
0.75	1	3	13	1	3	25	26400	25	26400	0.003	0	0.003	0.003	1056	0	1056	1056	
0.75	1	3	14	4	3	25	26400	25	26400	0.003	0	0.003	0.003	1056	0	1056	1056	
0.75	1	3	15	2	3	25	26400	25	26400	0.003	0	0.003	0.003	1056	0	1056	1056	
0.75	1	1	16	3	3	50	26450	50	26450	0.003	0	0.003	0.003	529	410.122	123	935	
0.75	1	1	17	2	3	25	26400	25	26400	0.01	0	0.01	0.01	1056	0	1056	1056	
0.75	1	1	18	4	3	50	26450	50	26450	0.003	0	0.003	0.003	529	410.122	123	935	
0.75	1	1	19	5	3	25	26400	25	26400	0.003	0	0.003	0.003	1056	0	1056	1056	
0.75	1	1	20	1	3	25	26400	25	26400	0.01	0	0.01	0.01	1056	0	1056	1056	
1	1.25	4	1	5	3	50	26450	50	26450	0.003	0	0.003	0.003	529	313.147	219	839	
1	1.25	4	2	3	3	24	25352	25	26408	0.00888	0.00261916	0.003	0.01	1056.32	357.957	437	1677	
1	1.25	4	3	2	3	26	26412	26	26412	0.00838461	0.00300768	0.003	0.01	1015.85	180.486	438	1275	
1	1.25	4	4	1	3	49	26450	48	26012	0.0043125	0.0027611	0.003	0.01	541.917	313.008	219	839	
1	1.25	4	5	4	3	37	26424	37	26424	0.003	0	0.003	0.003	714.162	418.263	123	1056	
1	1.25	2	6	4	3	25	26400	25	26400	0.003	0	0.003	0.003	1056	0	1056	1056	
1	1.25	2	7	5	3	37	26424	37	25805	0.00772973	0.00332205	0.003	0.01	697.432	263.242	437	1056	
1	1.25	2	8	2	3	50	26450	50	26450	0.003	0	0.003	0.003	529	410.122	123	935	
1	1.25	2	9	3	3	38	26426	38	27045	0.00760526	0.00336548	0.003	0.01	711.711	262.705	437	1056	
1	1.25	2	10	1	3	25	26400	25	26400	0.003	0	0.003	0.003	1056	0	1056	1056	
1	1.25	3	11	5	3	50	26450	50	26450	0.0065	0.00353553	0.003	0.01	529	92.934	437	621	
1	1.25	3	12	3	3	50	26450	50	26450	0.003	0	0.003	0.003	529	313.147	219	839	
1	1.25	3	13	1	3	25	26400	25	26400	0.003	0	0.003	0.003	1056	0	1056	1056	
1	1.25	3	14	4	3	25	26400	25	26400	0.003	0	0.003	0.003	1056	0	1056	1056	
1	1.25	3	15	2	3	25	26400	25	26400	0.003	0	0.003	0.003	1056	0	1056	1056	
1	1.25	1	16	3	3	50	26450	50	26450	0.003	0	0.003	0.003	529	410.122	123	935	
1	1.25	1	17	2	3	25	26400	25	26400	0.01	0	0.01	0.01	1056	0	1056	1056	
1	1.25	1	18	4	3	50	26450	50	26450	0.003	0	0.003	0.003	529	410.122	123	935	
1	1.25	1	19	5	3	25	26400	25	26400	0.003	0	0.003	0.003	1056	0	1056	1056	
1	1.25	1	20	1	3	25	26400	25	26400	0.01	0	0.01	0.01	1056	0	1056	1056	
1.25	1.5	4	1	5	3	50	26450	50	26450	0.003	0	0.003	0.003	529	313.147	219	839	
1.25	1.5	4	2	3	3	25	26412	25	26412	0.00832	0.00305123	0.003	0.01	1056.48	438.407	437	1677	
1.25	1.5	4	3	2	3	38	26444	38	27062	0.00576316	0.00346749	0.003	0.01	712.158	254.738	219	1056	
1.25	1.5	4	4	1	3	37	26440	37	25822	0.00602703	0.00351573	0.003	0.01	697.892	260.152	219	1056	
1.25	1.5	4	5	4	3	50	26450	50	26450	0.003	0	0.003	0.003	529	410.122	123	935	
1.25	1.5	2	6	4	3	25	26400	25	26400	0.003	0	0.003	0.003	1056	0	1056	1056	
1.25	1.5	2	7	5	3	38	26426	38	27045	0.00760526	0.00336548	0.003	0.01	711.711	262.705	437	1056	
1.25	1.5	2	8	2	3	50	26450	50	26450	0.003	0	0.003	0.003	529	410.122	123	935	
1.25	1.5	2	9	3	3	37	26424	37	25805	0.00772973	0.00332205	0.003	0.01	697.432	263.242	437	1056	
1.25	1.5	2	10	1	3	25	26400	25	26400	0.003	0	0.003	0.003	1056	0	1056	1056	
1.25	1.5	3	11	5	3	50	26450	50	26450	0.0065	0.00353553	0.003	0.01	529	92.934	437	621	
1.25	1.5	3	12	3	3	50	26450	50	26450	0.003	0	0.003	0.003	529	313.147	219	839	
1.25	1.5	3	13	1	3	25	26400	25	26400	0.003	0	0.003	0.003	1056	0	1056	1056	
1.25	1.5	3	14	4	3	25	26400	25	26400	0.003	0	0.003	0.003	1056	0	1056	1056	
1.25	1.5	3	15	2	3	25	26400	25	26400	0.003	0	0.003	0.003	1056	0	1056	1056	
1.25	1.5	1	16	3	3	50	26450	50	26450	0.003	0	0.003	0.003	529	410.122	123	935	
1.25	1.5	1	17	2	3	25	26400	25	26400	0.01	0	0.01	0.01	1056	0	1056	1056	
1.25	1.5	1	18	4	3	50	26450	50	26450	0.003	0	0.003	0.003	529	410.122	123	935	
1.25	1.5	1	19	5	3	25	26400	25	26400	0.003	0	0.003	0.003	1056	0	1056	1056	
1.25	1.5	1	20	1	3	25	26400	25	26400	0.01	0	0.01	0.01	1056	0	1056	1056	
1.5	1.75	4	1	5	3	50	26450	50	26450	0.003	0	0.003	0.003	529	313.147	219	839	
1.5	1.75	4	2	3	3	26	27470	25	25793	0.00804	0.0032078	0.003	0.01	1031.72	455.578	437	1677	
1.5	1.75	4	3	2	3	37	26221	38	26659	0.00594737	0.00350249	0.003	0.01	701.553	271.431	219	1056	
1.5	1.75	4	4	1	3	37	26438	37	26438	0.00602703	0.00351573	0.003	0.01	714.541	276.737	219	1056	
1.5	1.75	4	5	4	3	50	26450	50	26450	0.003	0	0.003	0.003	529	410.122	123	935	
1.5	1.75	2	6	4	3	25	26400	25	26400	0.003	0	0.003	0.003	1056	0	1056	1056	
1.5	1.75	2	7	5	3	37	26424	37	25805	0.00772973	0.00332205	0.003	0.01	697.432	263.242	437	1056	
1.5	1.75	2	8	2	3	50	26450	50	26450	0.003	0	0.003	0.003	529	362.943	123	935	
1.5	1.75	2	9	3	3	38	26426	38	27045	0.00760526	0.00336548	0.003	0.01	711.711	262.705	437	1056	
1.5	1.75	2	10	1	3	25	26400	25	26400	0.003	0	0.003	0.003	1056	0	1056	1056	
1.5	1.75	3	11	5	3	50	26450	50	26450	0.0065	0.00353553	0.003	0.01	529	92.934	437	621	
1.5	1.75	3	12	3	3	50	26450	50	26450	0.003	0	0.003	0.003	529	313.147	219	839	
1.5	1.75	3	13	1	3	25	26400	25	26400	0.003	0	0.003	0.003	1056	0	1056	1056	
1.5	1.75	3	14	4	3	25	26400	25	26400	0.003	0	0.003	0.003	1056	0	1056	1056	
1.5	1.75	3	15	2	3	25	26400	25	26400	0.003	0	0.003	0.003	1056	0	1056	1056	
1.5	1.75	1	16	3	3	50	26450	50	26450	0.003	0	0.003	0.003	529	410.122	123	935	
1.5	1.75	1	17	2	3	25	26400	25	26400	0.01	0	0.01	0.01	1056	0	1056	1056	
1.5	1.75	1	18	4	3	50	26450	50	26450	0.003	0	0.003	0.003	529	410.122	123	935	
1.5	1.75	1	19	5	3	25	26400	25	26400	0.003	0	0.003	0.003	1056	0	1056	1056	
1.5	1.75	1	20	1	3	25	26400	25	26400	0.01	0	0.01	0.01	1056	0	1056	1056	
1.75	2	4	1	5	3	50	26450	50	26450	0.003	0	0.003	0.003	529	313.147	219	839	
1.75	2	4	2	3	3	24	25354	25	27031	0.0086	0.00285774	0.003	0.01	1081.24	419.013	437	1677	
1.75	2	4	3	2	3	38	26659	37	26221	0.00583784	0.0034842	0.003	0.01	708.676	271.55	219	1056	
1.75	2	4	4	1	3	38	26442	38	26442	0.00576316	0.00346749	0.003	0.01	695.842	266.001	219	1056	
1.75	2	4	5	4	3	50	26450	50	26450	0.003	0	0.003	0.003	529	410.122	123	935	
1.75	2	2	6	4	3	25	26400	25	26400	0.003	0	0.003	0.003	1056	0	1056	1056	
1.75	2	2	7	5	3	38	26426	38	27045	0.00760526	0.00336548	0.003	0.01	711.711	262.705	437	1056	
1.75	2	2	8	2	3	50	26450	50	26450	0.003	0	0.003	0.003	529	313.147	219	839	
1.75	2	2	9	3	3	37	26424	37	25805	0.00772973	0.00332205	0.003	0.01	697.432	263.242	437	1056	
1.75	2	2	10	1	3	25	26400	25	26400	0.003	0	0.003	0.003	1056	0	1056	1056	
1.75	2	3	11	5	3	50	26450	50	26450	0.0065	0.00353553	0.003	0.01	529	92.934	437	621	
1.75	2	3	12	3	3	50	26450	50	26450	0.003	0	0.003	0.003	529	313.147	219	839	
1.75	2	3	13	1	3	25	26400	25	26400	0.003	0	0.003	0.003	1056	0	1056	1056	
1.75	2	3	14	4	3	25	26400	25	26400	0.003	0	0.003	0.003	1056	0	1056	1056	
1.75	2	3	15	2	3	25	26400	25	26400	0.003	0	0.003	0.003	1056	0	1056	1056	
1.75	2	1	16	3	3	50	26450	50	26450	0.003	0	0.003	0.003	529	410.122	123	935	
1.75	2	1	17	2	3	25	26400	25	26400	0.01	0	0.01	0.01	1056	0	1056	1056	
1.75	2	1	18	4	3	50	26450	50	26450	0.003	0	0.003	0.003	529	410.122	123	935	
1.75	2	1	19	5	3	25	26400	25	26400	0.003	0	0.003	0.003	1056	0	1056	1056	
1.75	2	1	20	1	3	25	26400	25	26400	0.01	0	0.01	0.01	1056	0	1056	1056	
2	2.25	4	1	5	3	50	26450	50	26450	0.003	0	0.003	0.003	529	313.147	219	839	
2	2.25	4	2	3	3	26	27470	25	25793	0.00804	0.0032078	0.003	0.01	1031.72	455.578	437	1677	
2	2.25	4	3	2	3	37	25382	38	25820	0.00594737	0.00350249	0.003	0.01	679.474	288.744	219	1056	
2	2.25	4	4	1	3	37	26438	37	27275	0.00602703	0.00351573	0.003	0.01	737.162	269.212	219	1056	
2	2.25	4	5	4	3	50	26450	50	26450	0.003	0	0.003	0.003	529	410.122	123	935	
2	2.25	2	6	4	3	25	26400	25	26400	0.003	0	0.003	0.003	1056	0	1056	1056	
2	2.25	2	7	5	3	37	26424	37	25805	0.00772973	0.00332205	0.003	0.01	697.432	263.242	437	1056	
2	2.25	2	8	2	3	50	26450	50	26450	0.003	0	0.003	0.003	529	313.147	219	839	
2	2.25	2	9	3	3	38	26426	38	27045	0.00760526	0.00336548	0.003	0.01	711.711	262.705	437	1056	
2	2.25	2	10	1	3	25	26400	25	26400	0.003	0	0.003	0.003	1056	0	1056	1056	
2	2.25	3	11	5	3	50	26450	50	26450	0.0065	0.00353553	0.003	0.01	529	92.934	437	621	
2	2.25	3	12	3	3	50	26450	50	26450	0.003	0	0.003	0.003	529	313.147	219	839	
2	2.25	3	13	1	3	25	26400	25	26400	0.003	0	0.003	0.003	1056	0	1056	1056	
2	2.25	3	14	4	3	25	26400	25	26400	0.003	0	0.003	0.003	1056	0	1056	1056	
2	2.25	3	15	2	3	25	26400	25	26400	0.003	0	0.003	0.003	1056	0	1056	1056	
2	2.25	1	16	3	3	50	26450	50	26450	0.003	0	0.003	0.003	529	410.122	123	935	
2	2.25	1	17	2	3	25	26400	25	26400	0.01	0	0.01	0.01	1056	0	1056	1056	
2	2.25	1	18	4	3	50	26450	50	26450	0.003	0	0.003	0.003	529	410.122	123	935	
2	2.25	1	19	5	3	25	26400	25	26400	0.003	0	0.003	0.003	1056	0	1056	1056	
2	2.25	1	20	1	3	25	26400	25	26400	0.01	0	0.01	0.01	1056	0	1056	1056	
2.25	2.5	4	1	5	3	50	26450	50	26450	0.003	0	0.003	0.003	529	313.147	219	839	
2.25	2.5	4	2	3	3	25	26412	25	26412	0.00832	0.00305123	0.003	0.01	1056.48	438.407	437	1677	
2.25	2.5	4	3	2	3	36	26436	36	26436	0.00611111	0.00352767	0.003	0.01	734.333	272.473	219	1056	
2.25	2.5	4	4	1	3	39	26442	39	26442	0.00569231	0.00345005	0.003	0.01	678	280.687	219	1056	
2.25	2.5	4	5	4	3	50	26450	50	26450	0.003	0	0.003	0.003	529	410.122	123	935	
2.25	2.5	2	6	4	3	25	26400	25	26400	0.003	0	0.003	0.003	1056	0	1056	1056	
2.25	2.5	2	7	5	3	38	26426	38	27045	0.00760526	0.00336548	0.003	0.01	711.711	262.705	437	1056	
2.25	2.5	2	8	2	3	50	26450	50	26450	0.003	0	0.003	0.003	529	351.157	123	935	
2.25	2.5	2	9	3	3	37	26424	37	25805	0.00772973	0.00332205	0.003	0.01	697.432	263.242	437	1056	
2.25	2.5	2	10	1	3	25	26400	25	26400	0.003	0	0.003	0.003	1056	0	1056	1056	
2.25	2.5	3	11	5	3	50	26450	50	26450	0.0065	0.00353553	0.003	0.01	529	92.934	437	621	
2.25	2.5	3	12	3	3	50	26450	50	26450	0.003	0	0.003	0.003	529	313.147	219	839	
2.25	2.5	3	13	1	3	25	26400	25	26400	0.003	0	0.003	0.003	1056	0	1056	1056	
2.25	2.5	3	14	4	3	25	26400	25	26400	0.003	0	0.003	0.003	1056	0	1056	1056	
2.25	2.5	3	15	2	3	25	26400	25	26400	0.003	0	0.003	0.003	1056	0	1056	1056	
2.25	2.5	1	16	3	3	50	26450	50	26450	0.003	0	0.003	0.003	529	410.122	123	935	
2.25	2.5	1	17	2	3	25	26400	25	26400	0.01	0	0.01	0.01	1056	0	1056	1056	
2.25	2.5	1	18	4	3	50	26450	50	26450	0.003	0	0.003	0.003	529	410.122	123	935	
2.25	2.5	1	19	5	3	25	26400	25	26400	0.003	0	0.003	0.003	1056	0	1056	1056	
2.25	2.5	1	20	1	3	25	26400	25	26400	0.01	0	0.01	0.01	1056	0	1056	1056	
2.5	2.75	4	1	5	3	50	26450	50	26450	0.003	0	0.003	0.003	529	313.147	219	839	
2.5	2.75	4	2	3	3	25	26404	25	27025	0.00944	0.00193821	0.003	0.01	1081	281.929	437	1677	
2.5	2.75	4	3	2	3	32	27476	31	26420	0.00774193	0.00332634	0.003	0.01	852.258	265.386	219	1056	
2.5	2.75	4	4	1	3	45	26446	46	26665	0.00391304	0.00238352	0.003	0.01	579.674	312.775	219	1056	
2.5	2.75	4	5	4	3	33	26416	33	26416	0.003	0	0.003	0.003	800.485	392.37	123	1056	
2.5	2.75	2	6	4	3	25	26400	25	26400	0.003	0	0.003	0.003	1056	0	1056	1056	
2.5	2.75	2	7	5	3	37	26424	37	25805	0.00772973	0.00332205	0.003	0.01	697.432	263.242	437	1056	
2.5	2.75	2	8	2	3	50	26450	50	26450	0.003	0	0.003	0.003	529	410.122	123	935	
2.5	2.75	2	9	3	3	38	26426	38	27045	0.00760526	0.00336548	0.003	0.01	711.711	262.705	437	1056	
2.5	2.75	2	10	1	3	25	26400	25	26400	0.003	0	0.003	0.003	1056	0	1056	1056	
2.5	2.75	3	11	5	3	50	26450	50	26450	0.0065	0.00353553	0.003	0.01	529	92.934	437	621	
2.5	2.75	3	12	3	3	50	26450	50	26450	0.003	0	0.003	0.003	529	313.147	219	839	
2.5	2.75	3	13	1	3	25	26400	25	26400	0.003	0	0.003	0.003	1056	0	1056	1056	
2.5	2.75	3	14	4	3	25	26400	25	26400	0.003	0	0.003	0.003	1056	0	1056	1056	
2.5	2.75	3	15	2	3	25	26400	25	26400	0.003	0	0.003	0.003	1056	0	1056	1056	
2.5	2.75	1	16	3	3	50	26450	50	26450	0.003	0	0.003	0.003	529	410.122	123	935	
2.5	2.75	1	17	2	3	25	26400	25	26400	0.01	0	0.01	0.01	1056	0	1056	1056	
2.5	2.75	1	18	4	3	50	26450	50	26450	0.003	0	0.003	0.003	529	410.122	123	935	
2.5	2.75	1	19	5	3	25	26400	25	26400	0.003	0	0.003	0.003	1056	0	1056	1056	
2.5	2.75	1	20	1	3	25	26400	25	26400	0.01	0	0.01	0.01	1056	0	1056	1056	
2.75	3	4	1	5	3	50	26450	50	26450	0.003	0	0.003	0.003	529	313.147	219	839	
2.75	3	4	2	3	3	25	26400	25	26400	0.01	0	0.01	0.01	1056	0	1056	1056	
2.75	3	4	3	2	3	25	26400	25	26400	0.01	0	0.01	0.01	1056	0	1056	1056	
2.75	3	4	4	1	3	50	26450	50	26450	0.003	0	0.003	0.003	529	313.147	219	839	
2.75	3	4	5	4	3	25	26400	25	26400	0.003	0	0.003	0.003	1056	0	1056	1056	
2.75	3	2	6	4	3	25	26400	25	26400	0.003	0	0.003	0.003	1056	0	1056	1056	
2.75	3	2	7	5	3	38	26426	38	27045	0.00760526	0.00336548	0.003	0.01	711.711	262.705	437	1056	
2.75	3	2	8	2	3	50	26450	50	26450	0.003	0	0.003	0.003	529	410.122	123	935	
2.75	3	2	9	3	3	37	26424	37	25805	0.00772973	0.00332205	0.003	0.01	697.432	263.242	437	1056	
2.75	3	2	10	1	3	25	26400	25	26400	0.003	0	0.003	0.003	1056	0	1056	1056	
2.75	3	3	11	5	3	50	26450	50	26450	0.0065	0.00353553	0.003	0.01	529	92.934	437	621	
2.75	3	3	12	3	3	50	26450	50	26450	0.003	0	0.003	0.003	529	313.147	219	839	
2.75	3	3	13	1	3	25	26400	25	26400	0.003	0	0.003	0.003	1056	0	1056	1056	
2.75	3	3	14	4	3	25	26400	25	26400	0.003	0	0.003	0.003	1056	0	1056	1056	
2.75	3	3	15	2	3	25	26400	25	26400	0.003	0	0.003	0.003	1056	0	1056	1056	
2.75	3	1	16	3	3	50	26450	50	26450	0.003	0	0.003	0.003	529	410.122	123	935	
2.75	3	1	17	2	3	25	26400	25	26400	0.01	0	0.01	0.01	1056	0	1056	1056	
2.75	3	1	18	4	3	50	26450	50	26450	0.003	0	0.003	0.003	529	410.122	123	935	
2.75	3	1	19	5	3	25	26400	25	26400	0.003	0	0.003	0.003	1056	0	1056	1056	
2.75	3	1	20	1	3	25	26400	25	26400	0.01	0	0.01	0.01	1056	0	1056	1056	
3	3.25	4	1	5	3	50	26450	50	26450	0.003	0	0.003	0.003	529	313.147	219	839	
3	3.25	4	2	3	3	25	26400	25	26400	0.01	0	0.01	0.01	1056	0	1056	1056	
3	3.25	4	3	2	3	25	26400	25	26400	0.01	0	0.01	0.01	1056	0	1056	1056	
3	3.25	4	4	1	3	50	26450	50	26450	0.003	0	0.003	0.003	529	313.147	219	839	
3	3.25	4	5	4	3	25	26400	25	26400	0.003	0	0.003	0.003	1056	0	1056	1056	
3	3.25	2	6	4	3	25	26400	25	26400	0.003	0	0.003	0.003	1056	0	1056	1056	
3	3.25	2	7	5	3	37	26424	37	25805	0.00772973	0.00332205	0.003	0.01	697.432	263.242	437	1056	
3	3.25	2	8	2	3	50	26450	50	26450	0.003	0	0.003	0.003	529	410.122	123	935	
3	3.25	2	9	3	3	38	26426	38	27045	0.00760526	0.00336548	0.003	0.01	711.711	262.705	437	1056	
3	3.25	2	10	1	3	25	26400	25	26400	0.003	0	0.003	0.003	1056	0	1056	1056	
3	3.25	3	11	5	3	50	26450	50	26450	0.0065	0.00353553	0.003	0.01	529	92.934	437	621	
3	3.25	3	12	3	3	50	26450	50	26450	0.003	0	0.003	0.003	529	313.147	219	839	
3	3.25	3	13	1	3	25	26400	25	26400	0.003	0	0.003	0.003	1056	0	1056	1056	
3	3.25	3	14	4	3	25	26400	25	26400	0.003	0	0.003	0.003	1056	0	1056	1056	
3	3.25	3	15	2	3	25	26400	25	26400	0.003	0	0.003	0.003	1056	0	1056	1056	
3	3.25	1	16	3	3	50	26450	50	26450	0.003	0	0.003	0.003	529	410.122	123	935	
3	3.25	1	17	2	3	25	26400	25	26400	0.01	0	0.01	0.01	1056	0	1056	1056	
3	3.25	1	18	4	3	50	26450	50	26450	0.003	0	0.003	0.003	529	410.122	123	935	
3	3.25	1	19	5	3	25	26400	25	26400	0.003	0	0.003	0.003	1056	0	1056	1056	
3	3.25	1	20	1	3	25	26400	25	26400	0.01	0	0.01	0.01	1056	0	1056	1056	
3.25	3.5	4	1	5	3	50	26450	50	26450	0.003	0	0.003	0.003	529	313.147	219	839	
3.25	3.5	4	2	3	3	25	26400	25	26400	0.01	0	0.01	0.01	1056	0	1056	1056	
3.25	3.5	4	3	2	3	25	26400	25	26400	0.01	0	0.01	0.01	1056	0	1056	1056	
3.25	3.5	4	4	1	3	50	26450	50	26450	0.003	0	0.003	0.003	529	313.147	219	839	
3.25	3.5	4	5	4	3	25	26400	25	26400	0.003	0	0.003	0.003	1056	0	1056	1056	
3.25	3.5	2	6	4	3	25	26400	25	26400	0.003	0	0.003	0.003	1056	0	1056	1056	
3.25	3.5	2	7	5	3	38	26426	38	27045	0.00760526	0.00336548	0.003	0.01	711.711	262.705	437	1056	
3.25	3.5	2	8	2	3	50	26450	50	26450	0.003	0	0.003	0.003	529	410.122	123	935	
3.25	3.5	2	9	3	3	37	26424	37	25805	0.00772973	0.00332205	0.003	0.01	697.432	263.242	437	1056	
3.25	3.5	2	10	1	3	25	26400	25	26400	0.003	0	0.003	0.003	1056	0	1056	1056	
3.25	3.5	3	11	5	3	50	26450	50	26450	0.0065	0.00353553	0.003	0.01	529	92.934	437	621	
3.25	3.5	3	12	3	3	50	26450	50	26450	0.003	0	0.003	0.003	529	313.147	219	839	
3.25	3.5	3	13	1	3	25	26400	25	26400	0.003	0	0.003	0.003	1056	0	1056	1056	
3.25	3.5	3	14	4	3	25	26400	25	26400	0.003	0	0.003	0.003	1056	0	1056	1056	
3.25	3.5	3	15	2	3	25	26400	25	26400	0.003	0	0.003	0.003	1056	0	1056	1056	
3.25	3.5	1	16	3	3	50	26450	50	26450	0.003	0	0.003	0.003	529	410.122	123	935	
3.25	3.5	1	17	2	3	25	26400	25	26400	0.01	0	0.01	0.01	1056	0	1056	1056	
3.25	3.5	1	18	4	3	50	26450	50	26450	0.003	0	0.003	0.003	529	410.122	123	935	
3.25	3.5	1	19	5	3	25	26400	25	26400	0.003	0	0.003	0.003	1056	0	1056	1056	
3.25	3.5	1	20	1	3	25	26400	25	26400	0.01	0	0.01	0.01	1056	0	1056	1056	
3.5	3.75	4	1	5	3	50	26450	50	26450	0.003	0	0.003	0.003	529	313.147	219	839	
3.5	3.75	4	2	3	3	25	26400	25	26400	0.01	0	0.01	0.01	1056	0	1056	1056	
3.5	3.75	4	3	2	3	25	26400	25	26400	0.01	0	0.01	0.01	1056	0	1056	1056	
3.5	3.75	4	4	1	3	50	26450	50	26450	0.003	0	0.003	0.003	529	313.147	219	839	
3.5	3.75	4	5	4	3	25	26400	25	26400	0.003	0	0.003	0.003	1056	0	1056	1056	
3.5	3.75	2	6	4	3	25	26400	25	26400	0.003	0	0.003	0.003	1056	0	1056	1056	
3.5	3.75	2	7	5	3	37	26424	37	25805	0.00772973	0.00332205	0.003	0.01	697.432	263.242	437	1056	
3.5	3.75	2	8	2	3	50	26450	50	26450	0.003	0	0.003	0.003	529	410.122	123	935	
3.5	3.75	2	9	3	3	38	26426	38	27045	0.00760526	0.00336548	0.003	0.01	711.711	262.705	437	1056	
3.5	3.75	2	10	1	3	25	26400	25	26400	0.003	0	0.003	0.003	1056	0	1056	1056	
3.5	3.75	3	11	5	3	50	26450	50	26450	0.0065	0.00353553	0.003	0.01	529	92.934	437	621	
3.5	3.75	3	12	3	3	50	26450	50	26450	0.003	0	0.003	0.003	529	313.147	219	839	
3.5	3.75	3	13	1	3	25	26400	25	26400	0.003	0	0.003	0.003	1056	0	1056	1056	
3.5	3.75	3	14	4	3	25	26400	25	26400	0.003	0	0.003	0.003	1056	0	1056	1056	
3.5	3.75	3	15	2	3	25	26400	25	26400	0.003	0	0.003	0.003	1056	0	1056	1056	
3.5	3.75	1	16	3	3	50	26450	50	26450	0.003	0	0.003	0.003	529	410.122	123	935	
3.5	3.75	1	17	2	3	25	26400	25	26400	0.01	0	0.01	0.01	1056	0	1056	1056	
3.5	3.75	1	18	4	3	50	26450	50	26450	0.003	0	0.003	0.003	529	410.122	123	935	
3.5	3.75	1	19	5	3	25	26400	25	26400	0.003	0	0.003	0.003	1056	0	1056	1056	
3.5	3.75	1	20	1	3	25	26400	25	26400	0.01	0	0.01	0.01	1056	0	1056	1056	
3.75	4	4	1	5	3	50	26450	50	26450	0.003	0	0.003	0.003	529	313.147	219	839	
3.75	4	4	2	3	3	25	26400	25	26400	0.01	0	0.01	0.01	1056	0	1056	1056	
3.75	4	4	3	2	3	25	26400	25	26400	0.01	0	0.01	0.01	1056	0	1056	1056	
3.75	4	4	4	1	3	50	26450	50	26450	0.003	0	0.003	0.003	529	313.147	219	839	
3.75	4	4	5	4	3	25	26400	25	26400	0.003	0	0.003	0.003	1056	0	1056	1056	
3.75	4	2	6	4	3	25	26400	25	26400	0.003	0	0.003	0.003	1056	0	1056	1056	
3.75	4	2	7	5	3	38	26426	38	27045	0.00760526	0.00336548	0.003	0.01	711.711	262.705	437	1056	
3.75	4	2	8	2	3	50	26450	50	26450	0.003	0	0.003	0.003	529	330.58	123	935	
3.75	4	2	9	3	3	37	26424	37	25805	0.00772973	0.00332205	0.003	0.01	697.432	263.242	437	1056	
3.75	4	2	10	1	3	25	26400	25	26400	0.003	0	0.003	0.003	1056	0	1056	1056	
3.75	4	3	11	5	3	50	26450	50	26450	0.0065	0.00353553	0.003	0.01	529	92.934	437	621	
3.75	4	3	12	3	3	50	26450	50	26450	0.003	0	0.003	0.003	529	313.147	219	839	
3.75	4	3	13	1	3	25	26400	25	26400	0.003	0	0.003	0.003	1056	0	1056	1056	
3.75	4	3	14	4	3	25	26400	25	26400	0.003	0	0.003	0.003	1056	0	1056	1056	
3.75	4	3	15	2	3	25	26400	25	26400	0.003	0	0.003	0.003	1056	0	1056	1056	
3.75	4	1	16	3	3	50	26450	50	26450	0.003	0	0.003	0.003	529	410.122	123	935	
3.75	4	1	17	2	3	25	26400	25	26400	0.01	0	0.01	0.01	1056	0	1056	1056	
3.75	4	1	18	4	3	50	26450	50	26450	0.003	0	0.003	0.003	529	410.122	123	935	
3.75	4	1	19	5	3	25	26400	25	26400	0.003	0	0.003	0.003	1056	0	1056	1056	
3.75	4	1	20	1	3	25	26400	25	26400	0.01	0	0.01	0.01	1056	0	1056	1056	
4	4.25	4	1	5	3	50	26450	50	26450	0.003	0	0.003	0.003	529	313.147	219	839	
4	4.25	4	2	3	3	25	26400	25	26400	0.01	0	0.01	0.01	1056	0	1056	1056	
4	4.25	4	3	2	3	25	26400	25	26400	0.01	0	0.01	0.01	1056	0	1056	1056	
4	4.25	4	4	1	3	50	26450	50	26450	0.003	0	0.003	0.003	529	313.147	219	839	
4	4.25	4	5	4	3	25	26400	25	26400	0.003	0	0.003	0.003	1056	0	1056	1056	
4	4.25	2	6	4	3	25	26400	25	26400	0.003	0	0.003	0.003	1056	0	1056	1056	
4	4.25	2	7	5	3	37	26424	37	25805	0.00772973	0.00332205	0.003	0.01	697.432	263.242	437	1056	
4	4.25	2	8	2	3	50	26450	50	26450	0.003	0	0.003	0.003	529	313.147	219	839	
4	4.25	2	9	3	3	38	26426	38	27045	0.00760526	0.00336548	0.003	0.01	711.711	262.705	437	1056	
4	4.25	2	10	1	3	25	26400	25	26400	0.003	0	0.003	0.003	1056	0	1056	1056	
4	4.25	3	11	5	3	50	26450	50	26450	0.0065	0.00353553	0.003	0.01	529	92.934	437	621	
4	4.25	3	12	3	3	50	26450	50	26450	0.003	0	0.003	0.003	529	313.147	219	839	
4	4.25	3	13	1	3	25	26400	25	26400	0.003	0	0.003	0.003	1056	0	1056	1056	
4	4.25	3	14	4	3	25	26400	25	26400	0.003	0	0.003	0.003	1056	0	1056	1056	
4	4.25	3	15	2	3	25	26400	25	26400	0.003	0	0.003	0.003	1056	0	1056	1056	
4	4.25	1	16	3	3	50	26450	50	26450	0.003	0	0.003	0.003	529	410.122	123	935	
4	4.25	1	17	2	3	25	26400	25	26400	0.01	0	0.01	0.01	1056	0	1056	1056	
4	4.25	1	18	4	3	50	26450	50	26450	0.003	0	0.003	0.003	529	410.122	123	935	
4	4.25	1	19	5	3	25	26400	25	26400	0.003	0	0.003	0.003	1056	0	1056	1056	
4	4.25	1	20	1	3	25	26400	25	26400	0.01	0	0.01	0.01	1056	0	1056	1056	
4.25	4.5	4	1	5	3	50	26450	50	26450	0.003	0	0.003	0.003	529	313.147	219	839	
4.25	4.5	4	2	3	3	25	26400	25	26400	0.01	0	0.01	0.01	1056	0	1056	1056	
4.25	4.5	4	3	2	3	25	26400	25	26400	0.01	0	0.01	0.01	1056	0	1056	1056	
4.25	4.5	4	4	1	3	50	26450	50	26450	0.003	0	0.003	0.003	529	313.147	219	839	
4.25	4.5	4	5	4	3	25	26400	25	26400	0.003	0	0.003	0.003	1056	0	1056	1056	
4.25	4.5	2	6	4	3	25	26400	25	26400	0.003	0	0.003	0.003	1056	0	1056	1056	
4.25	4.5	2	7	5	3	38	26426	38	27045	0.00760526	0.00336548	0.003	0.01	711.711	262.705	437	1056	
4.25	4.5	2	8	2	3	50	26450	50	26450	0.003	0	0.003	0.003	529	313.147	219	839	
4.25	4.5	2	9	3	3	37	26424	37	25805	0.00772973	0.00332205	0.003	0.01	697.432	263.242	437	1056	
4.25	4.5	2	10	1	3	25	26400	25	26400	0.003	0	0.003	0.003	1056	0	1056	1056	
4.25	4.5	3	11	5	3	50	26450	50	26450	0.0065	0.00353553	0.003	0.01	529	92.934	437	621	
4.25	4.5	3	12	3	3	50	26450	50	26450	0.003	0	0.003	0.003	529	313.147	219	839	
4.25	4.5	3	13	1	3	25	26400	25	26400	0.003	0	0.003	0.003	1056	0	1056	1056	
4.25	4.5	3	14	4	3	25	26400	25	26400	0.003	0	0.003	0.003	1056	0	1056	1056	
4.25	4.5	3	15	2	3	25	26400	25	26400	0.003	0	0.003	0.003	1056	0	1056	1056	
4.25	4.5	1	16	3	3	50	26450	50	26450	0.003	0	0.003	0.003	529	410.122	123	935	
4.25	4.5	1	17	2	3	25	26400	25	26400	0.01	0	0.01	0.01	1056	0	1056	1056	
4.25	4.5	1	18	4	3	50	26450	50	26450	0.003	0	0.003	0.003	529	410.122	123	935	
4.25	4.5	1	19	5	3	25	26400	25	26400	0.003	0	0.003	0.003	1056	0	1056	1056	
4.25	4.5	1	20	1	3	25	26400	25	26400	0.01	0	0.01	0.01	1056	0	1056	1056	
4.5	4.75	4	1	5	3	50	26450	50	26450	0.003	0	0.003	0.003	529	313.147	219	839	
4.5	4.75	4	2	3	3	25	26400	25	26400	0.01	0	0.01	0.01	1056	0	1056	1056	
4.5	4.75	4	3	2	3	25	26400	25	26400	0.01	0	0.01	0.01	1056	0	1056	1056	
4.5	4.75	4	4	1	3	50	26450	50	26450	0.003	0	0.003	0.003	529	313.147	219	839	
4.5	4.75	4	5	4	3	25	26400	25	26400	0.003	0	0.003	0.003	1056	0	1056	1056	
4.5	4.75	2	6	4	3	25	26400	25	26400	0.003	0	0.003	0.003	1056	0	1056	1056	
4.5	4.75	2	7	5	3	37	26424	37	25805	0.00772973	0.00332205	0.003	0.01	697.432	263.242	437	1056	
4.5	4.75	2	8	2	3	50	26450	50	26450	0.003	0	0.003	0.003	529	313.147	219	839	
4.5	4.75	2	9	3	3	38	26426	38	27045	0.00760526	0.00336548	0.003	0.01	711.711	262.705	437	1056	
4.5	4.75	2	10	1	3	25	26400	25	26400	0.003	0	0.003	0.003	1056	0	1056	1056	
4.5	4.75	3	11	5	3	50	26450	50	26450	0.0065	0.00353553	0.003	0.01	529	92.934	437	621	
4.5	4.75	3	12	3	3	50	26450	50	26450	0.003	0	0.003	0.003	529	313.147	219	839	
4.5	4.75	3	13	1	3	25	26400	25	26400	0.003	0	0.003	0.003	1056	0	1056	1056	
4.5	4.75	3	14	4	3	25	26400	25	26400	0.003	0	0.003	0.003	1056	0	1056	1056	
4.5	4.75	3	15	2	3	25	26400	25	26400	0.003	0	0.003	0.003	1056	0	1056	1056	
4.5	4.75	1	16	3	3	50	26450	50	26450	0.003	0	0.003	0.003	529	410.122	123	935	
4.5	4.75	1	17	2	3	25	26400	25	26400	0.01	0	0.01	0.01	1056	0	1056	1056	
4.5	4.75	1	18	4	3	50	26450	50	26450	0.003	0	0.003	0.003	529	410.122	123	935	
4.5	4.75	1	19	5	3	25	26400	25	26400	0.003	0	0.003	0.003	1056	0	1056	1056	
4.5	4.75	1	20	1	3	25	26400	25	26400	0.01	0	0.01	0.01	1056	0	1056	1056	
4.75	5	4	1	5	3	50	26450	50	26450	0.003	0	0.003	0.003	529	313.147	219	839	
4.75	5	4	2	3	3	25	26400	25	26400	0.01	0	0.01	0.01	1056	0	1056	1056	
4.75	5	4	3	2	3	25	26400	25	26400	0.01	0	0.01	0.01	1056	0	1056	1056	
4.75	5	4	4	1	3	50	26450	50	26450	0.003	0	0.003	0.003	529	313.147	219	839	
4.75	5	4	5	4	3	25	26400	25	26400	0.003	0	0.003	0.003	1056	0	1056	1056	
4.75	5	2	6	4	3	25	26400	25	26400	0.003	0	0.003	0.003	1056	0	1056	1056	
4.75	5	2	7	5	3	38	26426	38	27045	0.00760526	0.00336548	0.003	0.01	711.711	262.705	437	1056	
4.75	5	2	8	2	3	50	26450	50	26450	0.003	0	0.003	0.003	529	313.147	219	839	
4.75	5	2	9	3	3	37	26424	37	25805	0.00772973	0.00332205	0.003	0.01	697.432	263.242	437	1056	
4.75	5	2	10	1	3	25	26400	25	26400	0.003	0	0.003	0.003	1056	0	1056	1056	
4.75	5	3	11	5	3	50	26450	50	26450	0.0065	0.00353553	0.003	0.01	529	92.934	437	621	
4.75	5	3	12	3	3	50	26450	50	26450	0.003	0	0.003	0.003	529	313.147	219	839	
4.75	5	3	13	1	3	25	26400	25	26400	0.003	0	0.003	0.003	1056	0	1056	1056	
4.75	5	3	14	4	3	25	26400	25	26400	0.003	0	0.003	0.003	1056	0	1056	1056	
4.75	5	3	15	2	3	25	26400	25	26400	0.003	0	0.003	0.003	1056	0	1056	1056	
4.75	5	1	16	3	3	50	26450	50	26450	0.003	0	0.003	0.003	529	410.122	123	935	
4.75	5	1	17	2	3	25	26400	25	26400	0.01	0	0.01	0.01	1056	0	1056	1056	
4.75	5	1	18	4	3	50	26450	50	26450	0.003	0	0.003	0.003	529	410.122	123	935	
4.75	5	1	19	5	3	25	26400	25	26400	0.003	0	0.003	0.003	1056	0	1056	1056	
4.75	5	1	20	1	3	25	26400	25	26400	0.01	0	0.01	0.01	1056	0	1056	1056	
5	5.25	4	1	5	3	50	26450	50	26450	0.003	0	0.003	0.003	529	313.147	219	839	
5	5.25	4	2	3	3	25	26400	25	26400	0.01	0	0.01	0.01	1056	0	1056	1056	
5	5.25	4	3	2	3	25	26400	25	26400	0.01	0	0.01	0.01	1056	0	1056	1056	
5	5.25	4	4	1	3	50	26450	50	26450	0.003	0	0.003	0.003	529	313.147	219	839	
5	5.25	4	5	4	3	25	26400	25	26400	0.003	0	0.003	0.003	1056	0	1056	1056	
5	5.25	2	6	4	3	25	26400	25	26400	0.003	0	0.003	0.003	1056	0	1056	1056	
5	5.25	2	7	5	3	37	26424	37	25805	0.00772973	0.00332205	0.003	0.01	697.432	263.242	437	1056	
5	5.25	2	8	2	3	50	26450	50	26450	0.003	0	0.003	0.003	529	313.147	219	839	
5	5.25	2	9	3	3	38	26426	38	27045	0.00760526	0.00336548	0.003	0.01	711.711	262.705	437	1056	
5	5.25	2	10	1	3	25	26400	25	26400	0.003	0	0.003	0.003	1056	0	1056	1056	
5	5.25	3	11	5	3	50	26450	50	26450	0.0065	0.00353553	0.003	0.01	529	92.934	437	621	
5	5.25	3	12	3	3	50	26450	50	26450	0.003	0	0.003	0.003	529	313.147	219	839	
5	5.25	3	13	1	3	25	26400	25	26400	0.003	0	0.003	0.003	1056	0	1056	1056	
5	5.25	3	14	4	3	25	26400	25	26400	0.003	0	0.003	0.003	1056	0	1056	1056	
5	5.25	3	15	2	3	25	26400	25	26400	0.003	0	0.003	0.003	1056	0	1056	1056	
5	5.25	1	16	3	3	50	26450	50	26450	0.003	0	0.003	0.003	529	410.122	123	935	
5	5.25	1	17	2	3	25	26400	25	26400	0.01	0	0.01	0.01	1056	0	1056	1056	
5	5.25	1	18	4	3	50	26450	50	26450	0.003	0	0.003	0.003	529	410.122	123	935	
5	5.25	1	19	5	3	25	26400	25	26400	0.003	0	0.003	0.003	1056	0	1056	1056	
5	5.25	1	20	1	3	25	26400	25	26400	0.01	0	0.01	0.01	1056	0	1056	1056	
5.25	5.5	4	1	5	3	50	26450	50	26450	0.003	0	0.003	0.003	529	313.147	219	839	
5.25	5.5	4	2	3	3	25	26400	25	26400	0.01	0	0.01	0.01	1056	0	1056	1056	
5.25	5.5	4	3	2	3	25	26400	25	26400	0.01	0	0.01	0.01	1056	0	1056	1056	
5.25	5.5	4	4	1	3	50	26450	50	26450	0.003	0	0.003	0.003	529	313.147	219	839	
5.25	5.5	4	5	4	3	25	26400	25	26400	0.003	0	0.003	0.003	1056	0	1056	1056	
5.25	5.5	2	6	4	3	25	26400	25	26400	0.003	0	0.003	0.003	1056	0	1056	1056	
5.25	5.5	2	7	5	3	38	26426	38	27045	0.00760526	0.00336548	0.003	0.01	711.711	262.705	437	1056	
5.25	5.5	2	8	2	3	50	26450	50	26450	0.003	0	0.003	0.003	529	313.147	219	839	
5.25	5.5	2	9	3	3	37	26424	37	25805	0.00772973	0.00332205	0.003	0.01	697.432	263.242	437	1056	
5.25	5.5	2	10	1	3	25	26400	25	26400	0.003	0	0.003	0.003	1056	0	1056	1056	
5.25	5.5	3	11	5	3	50	26450	50	26450	0.0065	0.00353553	0.003	0.01	529	92.934	437	621	
5.25	5.5	3	12	3	3	50	26450	50	26450	0.003	0	0.003	0.003	529	313.147	219	839	
5.25	5.5	3	13	1	3	25	26400	25	26400	0.003	0	0.003	0.003	1056	0	1056	1056	
5.25	5.5	3	14	4	3	25	26400	25	26400	0.003	0	0.003	0.003	1056	0	1056	1056	
5.25	5.5	3	15	2	3	25	26400	25	26400	0.003	0	0.003	0.003	1056	0	1056	1056	
5.25	5.5	1	16	3	3	50	26450	50	26450	0.003	0	0.003	0.003	529	410.122	123	935	
5.25	5.5	1	17	2	3	25	26400	25	26400	0.01	0	0.01	0.01	1056	0	1056	1056	
5.25	5.5	1	18	4	3	50	26450	50	26450	0.003	0	0.003	0.003	529	410.122	123	935	
5.25	5.5	1	19	5	3	25	26400	25	26400	0.003	0	0.003	0.003	1056	0	1056	1056	
5.25	5.5	1	20	1	3	25	26400	25	26400	0.01	0	0.01	0.01	1056	0	1056	1056	
5.5	5.75	4	1	5	3	50	26450	50	26450	0.003	0	0.003	0.003	529	313.147	219	839	
5.5	5.75	4	2	3	3	25	26400	25	26400	0.01	0	0.01	0.01	1056	0	1056	1056	
5.5	5.75	4	3	2	3	25	26400	25	26400	0.01	0	0.01	0.01	1056	0	1056	1056	
5.5	5.75	4	4	1	3	50	26450	50	26450	0.003	0	0.003	0.003	529	313.147	219	839	
5.5	5.75	4	5	4	3	25	26400	25	26400	0.003	0	0.003	0.003	1056	0	1056	1056	
5.5	5.75	2	6	4	3	25	26400	25	26400	0.003	0	0.003	0.003	1056	0	1056	1056	
5.5	5.75	2	7	5	3	37	26424	37	25805	0.00772973	0.00332205	0.003	0.01	697.432	263.242	437	1056	
5.5	5.75	2	8	2	3	50	26450	50	26450	0.003	0	0.003	0.003	529	313.147	219	839	
5.5	5.75	2	9	3	3	38	26426	38	27045	0.00760526	0.00336548	0.003	0.01	711.711	262.705	437	1056	
5.5	5.75	2	10	1	3	25	26400	25	26400	0.003	0	0.003	0.003	1056	0	1056	1056	
5.5	5.75	3	11	5	3	50	26450	50	26450	0.0065	0.00353553	0.003	0.01	529	92.934	437	621	
5.5	5.75	3	12	3	3	50	26450	50	26450	0.003	0	0.003	0.003	529	313.147	219	839	
5.5	5.75	3	13	1	3	25	26400	25	26400	0.003	0	0.003	0.003	1056	0	1056	1056	
5.5	5.75	3	14	4	3	25	26400	25	26400	0.003	0	0.003	0.003	1056	0	1056	1056	
5.5	5.75	3	15	2	3	25	26400	25	26400	0.003	0	0.003	0.003	1056	0	1056	1056	
5.5	5.75	1	16	3	3	50	26450	50	26450	0.003	0	0.003	0.003	529	410.122	123	935	
5.5	5.75	1	17	2	3	25	26400	25	26400	0.01	0	0.01	0.01	1056	0	1056	1056	
5.5	5.75	1	18	4	3	50	26450	50	26450	0.003	0	0.003	0.003	529	410.122	123	935	
5.5	5.75	1	19	5	3	25	26400	25	26400	0.003	0	0.003	0.003	1056	0	1056	1056	
5.5	5.75	1	20	1	3	25	26400	25	26400	0.01	0	0.01	0.01	1056	0	1056	1056	
5.75	6	4	1	5	3	50	26450	50	26450	0.003	0	0.003	0.003	529	313.147	219	839	
5.75	6	4	2	3	3	25	26400	25	26400	0.01	0	0.01	0.01	1056	0	1056	1056	
5.75	6	4	3	2	3	25	26400	25	26400	0.01	0	0.01	0.01	1056	0	1056	1056	
5.75	6	4	4	1	3	50	26450	50	26450	0.003	0	0.003	0.003	529	313.147	219	839	
5.75	6	4	5	4	3	25	26400	25	26400	0.003	0	0.003	0.003	1056	0	1056	1056	
5.75	6	2	6	4	3	25	26400	25	26400	0.003	0	0.003	0.003	1056	0	1056	1056	
5.75	6	2	7	5	3	38	26426	38	27045	0.00760526	0.00336548	0.003	0.01	711.711	262.705	437	1056	
5.75	6	2	8	2	3	50	26450	50	26450	0.003	0	0.003	0.003	529	313.147	219	839	
5.75	6	2	9	3	3	37	26424	37	25805	0.00772973	0.00332205	0.003	0.01	697.432	263.242	437	1056	
5.75	6	2	10	1	3	25	26400	25	26400	0.003	0	0.003	0.003	1056	0	1056	1056	
5.75	6	3	11	5	3	50	26450	50	26450	0.0065	0.00353553	0.003	0.01	529	92.934	437	621	
5.75	6	3	12	3	3	50	26450	50	26450	0.003	0	0.003	0.003	529	313.147	219	839	
5.75	6	3	13	1	3	25	26400	25	26400	0.003	0	0.003	0.003	1056	0	1056	1056	
5.75	6	3	14	4	3	25	26400	25	26400	0.003	0	0.003	0.003	1056	0	1056	1056	
5.75	6	3	15	2	3	25	26400	25	26400	0.003	0	0.003	0.003	1056	0	1056	1056	
5.75	6	1	16	3	3	50	26450	50	26450	0.003	0	0.003	0.003	529	410.122	123	935	
5.75	6	1	17	2	3	25	26400	25	26400	0.01	0	0.01	0.01	1056	0	1056	1056	
5.75	6	1	18	4	3	50	26450	50	26450	0.003	0	0.003	0.003	529	410.122	123	935	
5.75	6	1	19	5	3	25	26400	25	26400	0.003	0	0.003	0.003	1056	0	1056	1056	
5.75	6	1	20	1	3	25	26400	25	26400	0.01	0	0.01	0.01	1056	0	1056	1056	
6	6.25	4	1	5	3	50	26450	50	26450	0.003	0	0.003	0.003	529	313.147	219	839	
6	6.25	4	2	3	3	25	26400	25	26400	0.01	0	0.01	0.01	1056	0	1056	1056	
6	6.25	4	3	2	3	25	26400	25	26400	0.01	0	0.01	0.01	1056	0	1056	1056	
6	6.25	4	4	1	3	50	26450	50	26450	0.003	0	0.003	0.003	529	313.147	219	839	
6	6.25	4	5	4	3	25	26400	25	26400	0.003	0	0.003	0.003	1056	0	1056	1056	
6	6.25	2	6	4	3	25	26400	25	26400	0.003	0	0.003	0.003	1056	0	1056	1056	
6	6.25	2	7	5	3	37	26424	37	25805	0.00772973	0.00332205	0.003	0.01	697.432	263.242	437	1056	
6	6.25	2	8	2	3	50	26450	50	26450	0.003	0	0.003	0.003	529	313.147	219	839	
6	6.25	2	9	3	3	38	26426	38	27045	0.00760526	0.00336548	0.003	0.01	711.711	262.705	437	1056	
6	6.25	2	10	1	3	25	26400	25	26400	0.003	0	0.003	0.003	1056	0	1056	1056	
6	6.25	3	11	5	3	50	26450	50	26450	0.0065	0.00353553	0.003	0.01	529	92.934	437	621	
6	6.25	3	12	3	3	50	26450	50	26450	0.003	0	0.003	0.003	529	313.147	219	839	
6	6.25	3	13	1	3	25	26400	25	26400	0.003	0	0.003	0.003	1056	0	1056	1056	
6	6.25	3	14	4	3	25	26400	25	26400	0.003	0	0.003	0.003	1056	0	1056	1056	
6	6.25	3	15	2	3	25	26400	25	26400	0.003	0	0.003	0.003	1056	0	1056	1056	
6	6.25	1	16	3	3	50	26450	50	26450	0.003	0	0.003	0.003	529	410.122	123	935	
6	6.25	1	17	2	3	25	26400	25	26400	0.01	0	0.01	0.01	1056	0	1056	1056	
6	6.25	1	18	4	3	50	26450	50	26450	0.003	0	0.003	0.003	529	410.122	123	935	
6	6.25	1	19	5	3	25	26400	25	26400	0.003	0	0.003	0.003	1056	0	1056	1056	
6	6.25	1	20	1	3	25	26400	25	26400	0.01	0	0.01	0.01	1056	0	1056	1056	
6.25	6.5	4	1	5	3	50	26450	50	26450	0.003	0	0.003	0.003	529	313.147	219	839	
6.25	6.5	4	2	3	3	25	26400	25	26400	0.01	0	0.01	0.01	1056	0	1056	1056	
6.25	6.5	4	3	2	3	25	26400	25	26400	0.01	0	0.01	0.01	1056	0	1056	1056	
6.25	6.5	4	4	1	3	50	26450	50	26450	0.003	0	0.003	0.003	529	313.147	219	839	
6.25	6.5	4	5	4	3	25	26400	25	26400	0.003	0	0.003	0.003	1056	0	1056	1056	
6.25	6.5	2	6	4	3	25	26400	25	26400	0.003	0	0.003	0.003	1056	0	1056	1056	
6.25	6.5	2	7	5	3	38	26426	38	27045	0.00760526	0.00336548	0.003	0.01	711.711	262.705	437	1056	
6.25	6.5	2	8	2	3	50	26450	50	26450	0.003	0	0.003	0.003	529	313.147	219	839	
6.25	6.5	2	9	3	3	37	26424	37	25805	0.00772973	0.00332205	0.003	0.01	697.432	263.242	437	1056	
6.25	6.5	2	10	1	3	25	26400	25	26400	0.003	0	0.003	0.003	1056	0	1056	1056	
6.25	6.5	3	11	5	3	50	26450	50	26450	0.0065	0.00353553	0.003	0.01	529	92.934	437	621	
6.25	6.5	3	12	3	3	50	26450	50	26450	0.003	0	0.003	0.003	529	313.147	219	839	
6.25	6.5	3	13	1	3	25	26400	25	26400	0.003	0	0.003	0.003	1056	0	1056	1056	
6.25	6.5	3	14	4	3	25	26400	25	26400	0.003	0	0.003	0.003	1056	0	1056	1056	
6.25	6.5	3	15	2	3	25	26400	25	26400	0.003	0	0.003	0.003	1056	0	1056	1056	
6.25	6.5	1	16	3	3	50	26450	50	26450	0.003	0	0.003	0.003	529	410.122	123	935	
6.25	6.5	1	17	2	3	25	26400	25	26400	0.01	0	0.01	0.01	1056	0	1056	1056	
6.25	6.5	1	18	4	3	50	26450	50	26450	0.003	0	0.003	0.003	529	410.122	123	935	
6.25	6.5	1	19	5	3	25	26400	25	26400	0.003	0	0.003	0.003	1056	0	1056	1056	
6.25	6.5	1	20	1	3	25	26400	25	26400	0.01	0	0.01	0.01	1056	0	1056	1056	
6.5	6.75	4	1	5	3	50	26450	50	26450	0.003	0	0.003	0.003	529	313.147	219	839	
6.5	6.75	4	2	3	3	25	26400	25	26400	0.01	0	0.01	0.01	1056	0	1056	1056	
6.5	6.75	4	3	2	3	25	26400	25	26400	0.01	0	0.01	0.01	1056	0	1056	1056	
6.5	6.75	4	4	1	3	50	26450	50	26450	0.003	0	0.003	0.003	529	313.147	219	839	
6.5	6.75	4	5	4	3	25	26400	25	26400	0.003	0	0.003	0.003	1056	0	1056	1056	
6.5	6.75	2	6	4	3	25	26400	25	26400	0.003	0	0.003	0.003	1056	0	1056	1056	
6.5	6.75	2	7	5	3	37	26424	37	25805	0.00772973	0.00332205	0.003	0.01	697.432	263.242	437	1056	
6.5	6.75	2	8	2	3	50	26450	50	26450	0.003	0	0.003	0.003	529	313.147	219	839	
6.5	6.75	2	9	3	3	38	26426	38	27045	0.00760526	0.00336548	0.003	0.01	711.711	262.705	437	1056	
6.5	6.75	2	10	1	3	25	26400	25	26400	0.003	0	0.003	0.003	1056	0	1056	1056	
6.5	6.75	3	11	5	3	50	26450	50	26450	0.0065	0.00353553	0.003	0.01	529	92.934	437	621	
6.5	6.75	3	12	3	3	50	26450	50	26450	0.003	0	0.003	0.003	529	313.147	219	839	
6.5	6.75	3	13	1	3	25	26400	25	26400	0.003	0	0.003	0.003	1056	0	1056	1056	
6.5	6.75	3	14	4	3	25	26400	25	26400	0.003	0	0.003	0.003	1056	0	1056	1056	
6.5	6.75	3	15	2	3	25	26400	25	26400	0.003	0	0.003	0.003	1056	0	1056	1056	
6.5	6.75	1	16	3	3	50	26450	50	26450	0.003	0	0.003	0.003	529	410.122	123	935	
6.5	6.75	1	17	2	3	25	26400	25	26400	0.01	0	0.01	0.01	1056	0	1056	1056	
6.5	6.75	1	18	4	3	50	26450	50	26450	0.003	0	0.003	0.003	529	410.122	123	935	
6.5	6.75	1	19	5	3	25	26400	25	26400	0.003	0	0.003	0.003	1056	0	1056	1056	
6.5	6.75	1	20	1	3	25	26400	25	26400	0.01	0	0.01	0.01	1056	0	1056	1056	
6.75	7	4	1	5	3	50	26450	50	26450	0.003	0	0.003	0.003	529	313.147	219	839	
6.75	7	4	2	3	3	25	26400	25	26400	0.01	0	0.01	0.01	1056	0	1056	1056	
6.75	7	4	3	2	3	25	26400	25	26400	0.01	0	0.01	0.01	1056	0	1056	1056	
6.75	7	4	4	1	3	50	26450	50	26450	0.003	0	0.003	0.003	529	313.147	219	839	
6.75	7	4	5	4	3	25	26400	25	26400	0.003	0	0.003	0.003	1056	0	1056	1056	
6.75	7	2	6	4	3	25	26400	25	26400	0.003	0	0.003	0.003	1056	0	1056	1056	
6.75	7	2	7	5	3	38	26426	38	27045	0.00760526	0.00336548	0.003	0.01	711.711	262.705	437	1056	
6.75	7	2	8	2	3	50	26450	50	26450	0.003	0	0.003	0.003	529	313.147	219	839	
6.75	7	2	9	3	3	37	26424	37	25805	0.00772973	0.00332205	0.003	0.01	697.432	263.242	437	1056	
6.75	7	2	10	1	3	25	26400	25	26400	0.003	0	0.003	0.003	1056	0	1056	1056	
6.75	7	3	11	5	3	50	26450	50	26450	0.0065	0.00353553	0.003	0.01	529	92.934	437	621	
6.75	7	3	12	3	3	50	26450	50	26450	0.003	0	0.003	0.003	529	313.147	219	839	
6.75	7	3	13	1	3	25	26400	25	26400	0.003	0	0.003	0.003	1056	0	1056	1056	
6.75	7	3	14	4	3	25	26400	25	26400	0.003	0	0.003	0.003	1056	0	1056	1056	
6.75	7	3	15	2	3	25	26400	25	26400	0.003	0	0.003	0.003	1056	0	1056	1056	
6.75	7	1	16	3	3	50	26450	50	26450	0.003	0	0.003	0.003	529	410.122	123	935	
6.75	7	1	17	2	3	25	26400	25	26400	0.01	0	0.01	0.01	1056	0	1056	1056	
6.75	7	1	18	4	3	50	26450	50	26450	0.003	0	0.003	0.003	529	410.122	123	935	
6.75	7	1	19	5	3	25	26400	25	26400	0.003	0	0.003	0.003	1056	0	1056	1056	
6.75	7	1	20	1	3	25	26400	25	26400	0.01	0	0.01	0.01	1056	0	1056	1056	
7	7.25	4	1	5	3	50	26450	50	26450	0.003	0	0.003	0.003	529	313.147	219	839	
7	7.25	4	2	3	3	25	26400	25	26400	0.01	0	0.01	0.01	1056	0	1056	1056	
7	7.25	4	3	2	3	25	26400	25	26400	0.01	0	0.01	0.01	1056	0	1056	1056	
7	7.25	4	4	1	3	50	26450	50	26450	0.003	0	0.003	0.003	529	313.147	219	839	
7	7.25	4	5	4	3	25	26400	25	26400	0.003	0	0.003	0.003	1056	0	1056	1056	
7	7.25	2	6	4	3	25	26400	25	26400	0.003	0	0.003	0.003	1056	0	1056	1056	
7	7.25	2	7	5	3	37	26424	37	25805	0.00772973	0.00332205	0.003	0.01	697.432	263.242	437	1056	
7	7.25	2	8	2	3	50	26450	50	26450	0.003	0	0.003	0.003	529	313.147	219	839	
7	7.25	2	9	3	3	38	26426	38	27045	0.00760526	0.00336548	0.003	0.01	711.711	262.705	437	1056	
7	7.25	2	10	1	3	25	26400	25	26400	0.003	0	0.003	0.003	1056	0	1056	1056	
7	7.25	3	11	5	3	43	26436	43	26001	0.00706977	0.00349418	0.003	0.01	604.674	203.148	437	1056	
7	7.25	3	12	3	3	50	26450	50	26450	0.003	0	0.003	0.003	529	313.147	219	839	
7	7.25	3	13	1	3	25	26400	25	26400	0.003	0	0.003	0.003	1056	0	1056	1056	
7	7.25	3	14	4	3	32	26414	32	26414	0.003	0	0.003	0.003	825.437	380.781	123	1056	
7	7.25	3	15	2	3	25	26400	25	26400	0.003	0	0.003	0.003	1056	0	1056	1056	
7	7.25	1	16	3	3	50	26450	50	26450	0.003	0	0.003	0.003	529	410.122	123	935	
7	7.25	1	17	2	3	25	26400	25	26400	0.01	0	0.01	0.01	1056	0	1056	1056	
7	7.25	1	18	4	3	50	26450	50	26450	0.003	0	0.003	0.003	529	410.122	123	935	
7	7.25	1	19	5	3	25	26400	25	26400	0.003	0	0.003	0.003	1056	0	1056	1056	
7	7.25	1	20	1	3	25	26400	25	26400	0.01	0	0.01	0.01	1056	0	1056	1056	
7.25	7.5	4	1	5	3	50	26450	50	26450	0.003	0	0.003	0.003	529	313.147	219	839	
7.25	7.5	4	2	3	3	25	26400	25	26400	0.01	0	0.01	0.01	1056	0	1056	1056	
7.25	7.5	4	3	2	3	25	26400	25	26400	0.01	0	0.01	0.01	1056	0	1056	1056	
7.25	7.5	4	4	1	3	50	26450	50	26450	0.003	0	0.003	0.003	529	313.147	219	839	
7.25	7.5	4	5	4	3	25	26400	25	26400	0.003	0	0.003	0.003	1056	0	1056	1056	
7.25	7.5	2	6	4	3	25	26400	25	26400	0.003	0	0.003	0.003	1056	0	1056	1056	
7.25	7.5	2	7	5	3	38	26426	38	27045	0.00760526	0.00336548	0.003	0.01	711.711	262.705	437	1056	
7.25	7.5	2	8	2	3	50	26450	50	26450	0.003	0	0.003	0.003	529	313.147	219	839	
7.25	7.5	2	9	3	3	37	26424	37	25805	0.00772973	0.00332205	0.003	0.01	697.432	263.242	437	1056	
7.25	7.5	2	10	1	3	25	26400	25	26400	0.003	0	0.003	0.003	1056	0	1056	1056	
7.25	7.5	3	11	5	3	25	26400	25	26400	0.01	0	0.01	0.01	1056	0	1056	1056	
7.25	7.5	3	12	3	3	50	26450	50	26450	0.003	0	0.003	0.003	529	313.147	219	839	
7.25	7.5	3	13	1	3	25	26400	25	26400	0.003	0	0.003	0.003	1056	0	1056	1056	
7.25	7.5	3	14	4	3	50	26450	50	26450	0.003	0	0.003	0.003	529	410.122	123	935	
7.25	7.5	3	15	2	3	25	26400	25	26400	0.003	0	0.003	0.003	1056	0	1056	1056	
7.25	7.5	1	16	3	3	50	26450	50	26450	0.003	0	0.003	0.003	529	410.122	123	935	
7.25	7.5	1	17	2	3	25	26400	25	26400	0.01	0	0.01	0.01	1056	0	1056	1056	
7.25	7.5	1	18	4	3	50	26450	50	26450	0.003	0	0.003	0.003	529	410.122	123	935	
7.25	7.5	1	19	5	3	25	26400	25	26400	0.003	0	0.003	0.003	1056	0	1056	1056	
7.25	7.5	1	20	1	3	25	26400	25	26400	0.01	0	0.01	0.01	1056	0	1056	1056	
7.5	7.75	4	1	5	3	50	26450	50	26450	0.003	0	0.003	0.003	529	313.147	219	839	
7.5	7.75	4	2	3	3	25	26400	25	26400	0.01	0	0.01	0.01	1056	0	1056	1056	
7.5	7.75	4	3	2	3	25	26400	25	26400	0.01	0	0.01	0.01	1056	0	1056	1056	
7.5	7.75	4	4	1	3	50	26450	50	26450	0.003	0	0.003	0.003	529	313.147	219	839	
7.5	7.75	4	5	4	3	25	26400	25	26400	0.003	0	0.003	0.003	1056	0	1056	1056	
7.5	7.75	2	6	4	3	25	26400	25	26400	0.003	0	0.003	0.003	1056	0	1056	1056	
7.5	7.75	2	7	5	3	37	26424	37	25805	0.00772973	0.00332205	0.003	0.01	697.432	263.242	437	1056	
7.5	7.75	2	8	2	3	50	26450	50	26450	0.003	0	0.003	0.003	529	313.147	219	839	
7.5	7.75	2	9	3	3	38	26426	38	27045	0.00760526	0.00336548	0.003	0.01	711.711	262.705	437	1056	
7.5	7.75	2	10	1	3	25	26400	25	26400	0.003	0	0.003	0.003	1056	0	1056	1056	
7.5	7.75	3	11	5	3	25	26400	25	26400	0.01	0	0.01	0.01	1056	0	1056	1056	
7.5	7.75	3	12	3	3	50	26450	50	26450	0.003	0	0.003	0.003	529	313.147	219	839	
7.5	7.75	3	13	1	3	25	26400	25	26400	0.003	0	0.003	0.003	1056	0	1056	1056	
7.5	7.75	3	14	4	3	50	26450	50	26450	0.003	0	0.003	0.003	529	410.122	123	935	
7.5	7.75	3	15	2	3	25	26400	25	26400	0.003	0	0.003	0.003	1056	0	1056	1056	
7.5	7.75	1	16	3	3	50	26450	50	26450	0.003	0	0.003	0.003	529	410.122	123	935	
7.5	7.75	1	17	2	3	25	26400	25	26400	0.01	0	0.01	0.01	1056	0	1056	1056	
7.5	7.75	1	18	4	3	50	26450	50	26450	0.003	0	0.003	0.003	529	410.122	123	935	
7.5	7.75	1	19	5	3	25	26400	25	26400	0.003	0	0.003	0.003	1056	0	1056	1056	
7.5	7.75	1	20	1	3	25	26400	25	26400	0.01	0	0.01	0.01	1056	0	1056	1056	
7.75	8	4	1	5	3	50	26450	50	26450	0.003	0	0.003	0.003	529	313.147	219	839	
7.75	8	4	2	3	3	25	26400	25	26400	0.01	0	0.01	0.01	1056	0	1056	1056	
7.75	8	4	3	2	3	25	26400	25	26400	0.01	0	0.01	0.01	1056	0	1056	1056	
7.75	8	4	4	1	3	50	26450	50	26450	0.003	0	0.003	0.003	529	313.147	219	839	
7.75	8	4	5	4	3	25	26400	25	26400	0.003	0	0.003	0.003	1056	0	1056	1056	
7.75	8	2	6	4	3	25	26400	25	26400	0.003	0	0.003	0.003	1056	0	1056	1056	
7.75	8	2	7	5	3	38	26426	38	27045	0.00760526	0.00336548	0.003	0.01	711.711	262.705	437	1056	
7.75	8	2	8	2	3	50	26450	50	26450	0.003	0	0.003	0.003	529	313.147	219	839	
7.75	8	2	9	3	3	37	26424	37	25805	0.00772973	0.00332205	0.003	0.01	697.432	263.242	437	1056	
7.75	8	2	10	1	3	25	26400	25	26400	0.003	0	0.003	0.003	1056	0	1056	1056	
7.75	8	3	11	5	3	25	26400	25	26400	0.01	0	0.01	0.01	1056	0	1056	1056	
7.75	8	3	12	3	3	50	26450	50	26450	0.003	0	0.003	0.003	529	313.147	219	839	
7.75	8	3	13	1	3	25	26400	25	26400	0.003	0	0.003	0.003	1056	0	1056	1056	
7.75	8	3	14	4	3	50	26450	50	26450	0.003	0	0.003	0.003	529	410.122	123	935	
7.75	8	3	15	2	3	25	26400	25	26400	0.003	0	0.003	0.003	1056	0	1056	1056	
7.75	8	1	16	3	3	50	26450	50	26450	0.003	0	0.003	0.003	529	410.122	123	935	
7.75	8	1	17	2	3	25	26400	25	26400	0.01	0	0.01	0.01	1056	0	1056	1056	
7.75	8	1	18	4	3	50	26450	50	26450	0.003	0	0.003	0.003	529	410.122	123	935	
7.75	8	1	19	5	3	25	26400	25	26400	0.003	0	0.003	0.003	1056	0	1056	1056	
7.75	8	1	20	1	3	25	26400	25	26400	0.01	0	0.01	0.01	1056	0	1056	1056	
8	8.25	4	1	5	3	50	26450	50	26450	0.003	0	0.003	0.003	529	313.147	219	839	
8	8.25	4	2	3	3	25	26400	25	26400	0.01	0	0.01	0.01	1056	0	1056	1056	
8	8.25	4	3	2	3	25	26400	25	26400	0.01	0	0.01	0.01	1056	0	1056	1056	
8	8.25	4	4	1	3	50	26450	50	26450	0.003	0	0.003	0.003	529	313.147	219	839	
8	8.25	4	5	4	3	25	26400	25	26400	0.003	0	0.003	0.003	1056	0	1056	1056	
8	8.25	2	6	4	3	25	26400	25	26400	0.003	0	0.003	0.003	1056	0	1056	1056	
8	8.25	2	7	5	3	37	26424	37	25805	0.00772973	0.00332205	0.003	0.01	697.432	263.242	437	1056	
8	8.25	2	8	2	3	50	26450	50	26450	0.003	0	0.003	0.003	529	313.147	219	839	
8	8.25	2	9	3	3	38	26426	38	27045	0.00760526	0.00336548	0.003	0.01	711.711	262.705	437	1056	
8	8.25	2	10	1	3	25	26400	25	26400	0.003	0	0.003	0.003	1056	0	1056	1056	
8	8.25	3	11	5	3	25	26400	25	26400	0.01	0	0.01	0.01	1056	0	1056	1056	
8	8.25	3	12	3	3	50	26450	50	26450	0.003	0	0.003	0.003	529	313.147	219	839	
8	8.25	3	13	1	3	25	26400	25	26400	0.003	0	0.003	0.003	1056	0	1056	1056	
8	8.25	3	14	4	3	50	26450	50	26450	0.003	0	0.003	0.003	529	410.122	123	935	
8	8.25	3	15	2	3	25	26400	25	26400	0.003	0	0.003	0.003	1056	0	1056	1056	
8	8.25	1	16	3	3	50	26450	50	26450	0.003	0	0.003	0.003	529	410.122	123	935	
8	8.25	1	17	2	3	25	26400	25	26400	0.01	0	0.01	0.01	1056	0	1056	1056	
8	8.25	1	18	4	3	50	26450	50	26450	0.003	0	0.003	0.003	529	410.122	123	935	
8	8.25	1	19	5	3	25	26400	25	26400	0.003	0	0.003	0.003	1056	0	1056	1056	
8	8.25	1	20	1	3	25	26400	25	26400	0.01	0	0.01	0.01	1056	0	1056	1056	
8.25	8.5	4	1	5	3	50	26450	50	26450	0.003	0	0.003	0.003	529	313.147	219	839	
8.25	8.5	4	2	3	3	25	26400	25	26400	0.01	0	0.01	0.01	1056	0	1056	1056	
8.25	8.5	4	3	2	3	25	26400	25	26400	0.01	0	0.01	0.01	1056	0	1056	1056	
8.25	8.5	4	4	1	3	50	26450	50	26450	0.003	0	0.003	0.003	529	313.147	219	839	
8.25	8.5	4	5	4	3	25	26400	25	26400	0.003	0	0.003	0.003	1056	0	1056	1056	
8.25	8.5	2	6	4	3	25	26400	25	26400	0.003	0	0.003	0.003	1056	0	1056	1056	
8.25	8.5	2	7	5	3	38	26426	38	27045	0.00760526	0.00336548	0.003	0.01	711.711	262.705	437	1056	
8.25	8.5	2	8	2	3	50	26450	50	26450	0.003	0	0.003	0.003	529	313.147	219	839	
8.25	8.5	2	9	3	3	37	26424	37	25805	0.00772973	0.00332205	0.003	0.01	697.432	263.242	437	1056	
8.25	8.5	2	10	1	3	25	26400	25	26400	0.003	0	0.003	0.003	1056	0	1056	1056	
8.25	8.5	3	11	5	3	25	26400	25	26400	0.01	0	0.01	0.01	1056	0	1056	1056	
8.25	8.5	3	12	3	3	50	26450	50	26450	0.003	0	0.003	0.003	529	313.147	219	839	
8.25	8.5	3	13	1	3	25	26400	25	26400	0.003	0	0.003	0.003	1056	0	1056	1056	
8.25	8.5	3	14	4	3	50	26450	50	26450	0.003	0	0.003	0.003	529	410.122	123	935	
8.25	8.5	3	15	2	3	25	26400	25	26400	0.003	0	0.003	0.003	1056	0	1056	1056	
8.25	8.5	1	16	3	3	50	26450	50	26450	0.003	0	0.003	0.003	529	410.122	123	935	
8.25	8.5	1	17	2	3	25	26400	25	26400	0.01	0	0.01	0.01	1056	0	1056	1056	
8.25	8.5	1	18	4	3	50	26450	50	26450	0.003	0	0.003	0.003	529	410.122	123	935	
8.25	8.5	1	19	5	3	25	26400	25	26400	0.003	0	0.003	0.003	1056	0	1056	1056	
8.25	8.5	1	20	1	3	25	26400	25	26400	0.01	0	0.01	0.01	1056	0	1056	1056	
8.5	8.75	4	1	5	3	50	26450	50	26450	0.003	0	0.003	0.003	529	313.147	219	839	
8.5	8.75	4	2	3	3	25	26416	25	26416	0.00776	0.00333267	0.003	0.01	1056.64	506.228	437	1677	
8.5	8.75	4	3	2	3	32	25380	33	26436	0.00618182	0.00353955	0.003	0.01	801.091	284.376	219	1275	
8.5	8.75	4	4	1	3	42	26446	41	26008	0.00607317	0.00351703	0.003	0.01	634.341	291.946	219	1056	
8.5	8.75	4	5	4	3	50	26450	50	26450	0.003	0	0.003	0.003	529	410.122	123	935	
8.5	8.75	2	6	4	3	25	26400	25	26400	0.003	0	0.003	0.003	1056	0	1056	1056	
8.5	8.75	2	7	5	3	37	26424	37	25805	0.00772973	0.00332205	0.003	0.01	697.432	263.242	437	1056	
8.5	8.75	2	8	2	3	50	26450	50	26450	0.003	0	0.003	0.003	529	313.147	219	839	
8.5	8.75	2	9	3	3	38	26426	38	27045	0.00760526	0.00336548	0.003	0.01	711.711	262.705	437	1056	
8.5	8.75	2	10	1	3	25	26400	25	26400	0.003	0	0.003	0.003	1056	0	1056	1056	
8.5	8.75	3	11	5	3	25	26400	25	26400	0.01	0	0.01	0.01	1056	0	1056	1056	
8.5	8.75	3	12	3	3	50	26450	50	26450	0.003	0	0.003	0.003	529	313.147	219	839	
8.5	8.75	3	13	1	3	25	26400	25	26400	0.003	0	0.003	0.003	1056	0	1056	1056	
8.5	8.75	3	14	4	3	50	26450	50	26450	0.003	0	0.003	0.003	529	410.122	123	935	
8.5	8.75	3	15	2	3	25	26400	25	26400	0.003	0	0.003	0.003	1056	0	1056	1056	
8.5	8.75	1	16	3	3	50	26450	50	26450	0.003	0	0.003	0.003	529	410.122	123	935	
8.5	8.75	1	17	2	3	25	26400	25	26400	0.01	0	0.01	0.01	1056	0	1056	1056	
8.5	8.75	1	18	4	3	50	26450	50	26450	0.003	0	0.003	0.003	529	410.122	123	935	
8.5	8.75	1	19	5	3	25	26400	25	26400	0.003	0	0.003	0.003	1056	0	1056	1056	
8.5	8.75	1	20	1	3	25	26400	25	26400	0.01	0	0.01	0.01	1056	0	1056	1056	
8.75	9	4	1	5	3	50	26450	50	26450	0.003	0	0.003	0.003	529	313.147	219	839	
8.75	9	4	2	3	3	25	26412	25	26412	0.00832	0.00305123	0.003	0.01	1056.48	438.407	437	1677	
8.75	9	4	3	2	3	39	26442	39	26442	0.00569231	0.00345005	0.003	0.01	678	280.687	219	1056	
8.75	9	4	4	1	3	36	26436	36	26436	0.00611111	0.00352767	0.003	0.01	734.333	272.473	219	1056	
8.75	9	4	5	4	3	50	26450	50	26450	0.003	0	0.003	0.003	529	410.122	123	935	
8.75	9	2	6	4	3	25	26400	25	26400	0.003	0	0.003	0.003	1056	0	1056	1056	
8.75	9	2	7	5	3	38	26426	38	27045	0.00760526	0.00336548	0.003	0.01	711.711	262.705	437	1056	
8.75	9	2	8	2	3	50	26450	50	26450	0.003	0	0.003	0.003	529	313.147	219	839	
8.75	9	2	9	3	3	37	26424	37	25805	0.00772973	0.00332205	0.003	0.01	697.432	263.242	437	1056	
8.75	9	2	10	1	3	25	26400	25	26400	0.003	0	0.003	0.003	1056	0	1056	1056	
8.75	9	3	11	5	3	25	26400	25	26400	0.01	0	0.01	0.01	1056	0	1056	1056	
8.75	9	3	12	3	3	50	26450	50	26450	0.003	0	0.003	0.003	529	313.147	219	839	
8.75	9	3	13	1	3	25	26400	25	26400	0.003	0	0.003	0.003	1056	0	1056	1056	
8.75	9	3	14	4	3	50	26450	50	26450	0.003	0	0.003	0.003	529	410.122	123	935	
8.75	9	3	15	2	3	25	26400	25	26400	0.003	0	0.003	0.003	1056	0	1056	1056	
8.75	9	1	16	3	3	50	26450	50	26450	0.003	0	0.003	0.003	529	410.122	123	935	
8.75	9	1	17	2	3	25	26400	25	26400	0.01	0	0.01	0.01	1056	0	1056	1056	
8.75	9	1	18	4	3	50	26450	50	26450	0.003	0	0.003	0.003	529	410.122	123	935	
8.75	9	1	19	5	3	25	26400	25	26400	0.003	0	0.003	0.003	1056	0	1056	1056	
8.75	9	1	20	1	3	25	26400	25	26400	0.01	0	0.01	0.01	1056	0	1056	1056	
9	9.25	4	1	5	3	50	26450	50	26450	0.003	0	0.003	0.003	529	313.147	219	839	
9	9.25	4	2	3	3	25	26412	25	26412	0.00832	0.00305123	0.003	0.01	1056.48	438.407	437	1677	
9	9.25	4	3	2	3	36	26436	36	26436	0.00611111	0.00352767	0.003	0.01	734.333	272.473	219	1056	
9	9.25	4	4	1	3	39	26442	39	26661	0.00569231	0.00345005	0.003	0.01	683.615	273.358	219	1056	
9	9.25	4	5	4	3	50	26450	50	26450	0.003	0	0.003	0.003	529	410.122	123	935	
9	9.25	2	6	4	3	25	26400	25	26400	0.003	0	0.003	0.003	1056	0	1056	1056	
9	9.25	2	7	5	3	37	26424	37	25805	0.00772973	0.00332205	0.003	0.01	697.432	263.242	437	1056	
9	9.25	2	8	2	3	50	26450	50	26450	0.003	0	0.003	0.003	529	313.147	219	839	
9	9.25	2	9	3	3	38	26426	38	27045	0.00760526	0.00336548	0.003	0.01	711.711	262.705	437	1056	
9	9.25	2	10	1	3	25	26400	25	26400	0.003	0	0.003	0.003	1056	0	1056	1056	
9	9.25	3	11	5	3	25	26400	25	26400	0.01	0	0.01	0.01	1056	0	1056	1056	
9	9.25	3	12	3	3	50	26450	50	26450	0.003	0	0.003	0.003	529	313.147	219	839	
9	9.25	3	13	1	3	25	26400	25	26400	0.003	0	0.003	0.003	1056	0	1056	1056	
9	9.25	3	14	4	3	50	26450	50	26450	0.003	0	0.003	0.003	529	410.122	123	935	
9	9.25	3	15	2	3	25	26400	25	26400	0.003	0	0.003	0.003	1056	0	1056	1056	
9	9.25	1	16	3	3	50	26450	50	26450	0.003	0	0.003	0.003	529	410.122	123	935	
9	9.25	1	17	2	3	25	26400	25	26400	0.01	0	0.01	0.01	1056	0	1056	1056	
9	9.25	1	18	4	3	50	26450	50	26450	0.003	0	0.003	0.003	529	410.122	123	935	
9	9.25	1	19	5	3	25	26400	25	26400	0.003	0	0.003	0.003	1056	0	1056	1056	
9	9.25	1	20	1	3	25	26400	25	26400	0.01	0	0.01	0.01	1056	0	1056	1056	
9.25	9.5	4	1	5	3	50	26450	50	26450	0.003	0	0.003	0.003	529	313.147	219	839	
9.25	9.5	4	2	3	3	25	26412	25	26412	0.00832	0.00305123	0.003	0.01	1056.48	438.407	437	1677	
9.25	9.5	4	3	2	3	39	27498	38	27060	0.00576316	0.00346749	0.003	0.01	712.105	268.689	219	1056	
9.25	9.5	4	4	1	3	36	25382	37	25601	0.00602703	0.00351573	0.003	0.01	691.919	282.205	219	1056	
9.25	9.5	4	5	4	3	50	26450	50	26450	0.003	0	0.003	0.003	529	410.122	123	935	
9.25	9.5	2	6	4	3	25	26400	25	26400	0.003	0	0.003	0.003	1056	0	1056	1056	
9.25	9.5	2	7	5	3	38	26426	38	27045	0.00760526	0.00336548	0.003	0.01	711.711	262.705	437	1056	
9.25	9.5	2	8	2	3	50	26450	50	26450	0.003	0	0.003	0.003	529	313.147	219	839	
9.25	9.5	2	9	3	3	37	26424	37	25805	0.00772973	0.00332205	0.003	0.01	697.432	263.242	437	1056	
9.25	9.5	2	10	1	3	25	26400	25	26400	0.003	0	0.003	0.003	1056	0	1056	1056	
9.25	9.5	3	11	5	3	25	26400	25	26400	0.01	0	0.01	0.01	1056	0	1056	1056	
9.25	9.5	3	12	3	3	50	26450	50	26450	0.003	0	0.003	0.003	529	313.147	219	839	
9.25	9.5	3	13	1	3	25	26400	25	26400	0.003	0	0.003	0.003	1056	0	1056	1056	
9.25	9.5	3	14	4	3	50	26450	50	26450	0.003	0	0.003	0.003	529	410.122	123	935	
9.25	9.5	3	15	2	3	25	26400	25	26400	0.003	0	0.003	0.003	1056	0	1056	1056	
9.25	9.5	1	16	3	3	50	26450	50	26450	0.003	0	0.003	0.003	529	410.122	123	935	
9.25	9.5	1	17	2	3	25	26400	25	26400	0.01	0	0.01	0.01	1056	0	1056	1056	
9.25	9.5	1	18	4	3	50	26450	50	26450	0.003	0	0.003	0.003	529	410.122	123	935	
9.25	9.5	1	19	5	3	25	26400	25	26400	0.003	0	0.003	0.003	1056	0	1056	1056	
9.25	9.5	1	20	1	3	25	26400	25	26400	0.01	0	0.01	0.01	1056	0	1056	1056	
9.5	9.75	4	1	5	3	50	26450	50	26450	0.003	0	0.003	0.003	529	313.147	219	839	
9.5	9.75	4	2	3	3	25	26402	25	26402	0.00972	0.0014	0.003	0.01	1056.08	178.979	437	1677	
9.5	9.75	4	3	2	3	49	26450	50	26888	0.00328	0.00138564	0.003	0.01	537.76	307.243	219	839	
9.5	9.75	4	4	1	3	27	27460	26	26404	0.00946154	0.00190223	0.003	0.01	1015.54	131.687	438	1056	
9.5	9.75	4	5	4	3	28	26406	28	26406	0.003	0	0.003	0.003	943.071	291.758	123	1056	
9.5	9.75	2	6	4	3	25	26400	25	26400	0.003	0	0.003	0.003	1056	0	1056	1056	
9.5	9.75	2	7	5	3	37	26424	37	25805	0.00772973	0.00332205	0.003	0.01	697.432	263.242	437	1056	
9.5	9.75	2	8	2	3	50	26450	50	26450	0.003	0	0.003	0.003	529	313.147	219	839	
9.5	9.75	2	9	3	3	38	26426	38	27045	0.00760526	0.00336548	0.003	0.01	711.711	262.705	437	1056	
9.5	9.75	2	10	1	3	25	26400	25	26400	0.003	0	0.003	0.003	1056	0	1056	1056	
9.5	9.75	3	11	5	3	43	26436	43	26871	0.00706977	0.00349418	0.003	0.01	624.907	224.804	437	1056	
9.5	9.75	3	12	3	3	50	26450	50	26450	0.003	0	0.003	0.003	529	313.147	219	839	
9.5	9.75	3	13	1	3	25	26400	25	26400	0.003	0	0.003	0.003	1056	0	1056	1056	
9.5	9.75	3	14	4	3	32	26414	32	26414	0.003	0	0.003	0.003	825.438	380.781	123	1056	
9.5	9.75	3	15	2	3	25	26400	25	26400	0.003	0	0.003	0.003	1056	0	1056	1056	
9.5	9.75	1	16	3	3	50	26450	50	26450	0.003	0	0.003	0.003	529	410.122	123	935	
9.5	9.75	1	17	2	3	25	26400	25	26400	0.01	0	0.01	0.01	1056	0	1056	1056	
9.5	9.75	1	18	4	3	50	26450	50	26450	0.003	0	0.003	0.003	529	410.122	123	935	
9.5	9.75	1	19	5	3	25	26400	25	26400	0.003	0	0.003	0.003	1056	0	1056	1056	
9.5	9.75	1	20	1	3	25	26400	25	26400	0.01	0	0.01	0.01	1056	0	1056	1056	
9.75	10	4	1	5	3	50	26450	50	26450	0.003	0	0.003	0.003	529	313.147	219	839	
9.75	10	4	2	3	3	25	26400	25	26400	0.01	0	0.01	0.01	1056	0	1056	1056	
9.75	10	4	3	2	3	50	26450	50	26450	0.003	0	0.003	0.003	529	313.147	219	839	
9.75	10	4	4	1	3	25	26400	25	26400	0.01	0	0.01	0.01	1056	0	1056	1056	
9.75	10	4	5	4	3	25	26400	25	26400	0.003	0	0.003	0.003	1056	0	1056	1056	
9.75	10	2	6	4	3	25	26400	25	26400	0.003	0	0.003	0.003	1056	0	1056	1056	
9.75	10	2	7	5	3	38	26426	38	27045	0.00760526	0.00336548	0.003	0.01	711.711	262.705	437	1056	
9.75	10	2	8	2	3	50	26450	50	26450	0.003	0	0.003	0.003	529	326.309	123	935	
9.75	10	2	9	3	3	37	26424	37	25805	0.00772973	0.00332205	0.003	0.01	697.432	263.242	437	1056	
9.75	10	2	10	1	3	25	26400	25	26400	0.003	0	0.003	0.003	1056	0	1056	1056	
9.75	10	3	11	5	3	50	26450	50	26450	0.0065	0.00353553	0.003	0.01	529	92.934	437	621	
9.75	10	3	12	3	3	50	26450	50	26450	0.003	0	0.003	0.003	529	313.147	219	839	
9.75	10	3	13	1	3	25	26400	25	26400	0.003	0	0.003	0.003	1056	0	1056	1056	
9.75	10	3	14	4	3	25	26400	25	26400	0.003	0	0.003	0.003	1056	0	1056	1056	
9.75	10	3	15	2	3	25	26400	25	26400	0.003	0	0.003	0.003	1056	0	1056	1056	
9.75	10	1	16	3	3	50	26450	50	26450	0.003	0	0.003	0.003	529	410.122	123	935	
9.75	10	1	17	2	3	25	26400	25	26400	0.01	0	0.01	0.01	1056	0	1056	1056	
9.75	10	1	18	4	3	50	26450	50	26450	0.003	0	0.003	0.003	529	410.122	123	935	
9.75	10	1	19	5	3	25	26400	25	26400	0.003	0	0.003	0.003	1056	0	1056	1056	
9.75	10	1	20	1	3	25	26400	25	26400	0.01	0	0.01	0.01	1056	0	1056	1056	
