% start	end	CellId	IMSI	RNTI	LCID	nTxPDUs	TxBytes	nRxPDUs	RxBytes	delay	stdDev	min	max	PduSize	stdDev	min	max
0.5	0.75	4	1	5	3	47	25390	47	25390	0.00314894	0.00102105	0.003	0.01	540.213	319.389	219	1056	
0.5	0.75	4	2	3	3	25	25358	24	23681	0.00795833	0.00325014	0.003	0.01	986.708	424.472	437	1677	
0.5	0.75	4	3	2	3	35	25380	34	25161	0.00608823	0.00352796	0.003	0.01	740.029	259.855	219	1056	
0.5	0.75	4	4	1	3	34	24322	34	24322	0.00608823	0.00352796	0.003	0.01	715.353	283.353	219	1056	
0.5	0.75	4	5	4	3	47	25390	47	25390	0.00314894	0.00102105	0.003	0.01	540.213	413.213	123	1056	
0.5	0.75	2	6	4	3	24	25344	24	25344	0.00329167	0.00142887	0.003	0.01	1056	0	1056	1056	
0.5	0.75	2	7	5	3	38	25372	37	24316	0.00716216	0.0034842	0.003	0.01	657.189	243.159	437	1056	
0.5	0.75	2	8	2	3	46	25388	46	25388	0.00330435	0.00144329	0.003	0.01	551.913	415.908	123	1056	
0.5	0.75	2	9	3	3	33	25362	32	24925	0.00803125	0.00319762	0.003	0.01	778.906	273.055	437	1056	
0.5	0.75	2	10	1	3	24	25344	24	25344	0.00329167	0.00142887	0.003	0.01	1056	0	1056	1056	
0.5	0.75	3	11	5	3	47	25390	46	24769	0.00634783	0.00353533	0.003	0.01	538.457	151.507	186	1056	
0.5	0.75	3	12	3	3	46	25388	46	25388	0.00330435	0.00144329	0.003	0.01	551.913	325.225	219	1056	
0.5	0.75	3	13	1	3	24	25344	24	25344	0.00358333	0.00197631	0.003	0.01	1056	0	1056	1056	
0.5	0.75	3	14	4	3	24	25344	24	25344	0.00329167	0.00142887	0.003	0.01	1056	0	1056	1056	
0.5	0.75	3	15	2	3	24	25344	24	25344	0.00329167	0.00142887	0.003	0.01	1056	0	1056	1056	
0.5	0.75	1	16	3	3	47	25390	47	25390	0.00314894	0.00102105	0.003	0.01	540.213	413.213	123	1056	
0.5	0.75	1	17	2	3	24	25344	23	24288	0.01	0	0.01	0.01	1056	0	1056	1056	
0.5	0.75	1	18	4	3	47	25390	47	25390	0.00314894	0.00102105	0.003	0.01	540.213	413.213	123	1056	
0.5	0.75	1	19	5	3	24	25344	24	25344	0.00329167	0.00142887	0.003	0.01	1056	0	1056	1056	
0.5	0.75	1	20	1	3	24	25344	23	24288	0.01	0	0.01	0.01	1056	0	1056	1056	
0.75	1	4	1	5	3	50	26450	50	26450	0.003	0	0.003	0.003	529	313.147	219	839	
0.75	1	4	2	3	3	25	26412	25	26412	0.00832	0.00305123	0.003	0.01	1056.48	438.407	437	1677	
0.75	1	4	3	2	3	39	26442	39	26442	0.00569231	0.00345005	0.003	0.01	678	280.687	219	1056	
0.75	1	4	4	1	3	36	26436	36	26436	0.00611111	0.00352767	0.003	0.01	734.333	272.473	219	1056	
0.75	1	4	5	4	3	50	26450	50	26450	0.003	0	0.003	0.003	529	410.122	123	935	
0.75	1	2	6	4	3	25	26400	25	26400	0.003	0	0.003	0.003	1056	0	1056	1056	
0.75	1	2	7	5	3	38	26426	38	27045	0.00760526	0.00336548	0.003	0.01	711.711	262.705	437	1056	
0.75	1	2	8	2	3	50	26450	50	26450	0.003	0	0.003	0.003	529	410.122	123	935	
0.75	1	2	9	3	3	37	26424	37	25805	0.00772973	0.00332205	0.003	0.01	697.432	263.242	437	1056	
0.75	1	2	10	1	3	25	26400	25	26400	0.003	0	0.003	0.003	1056	0	1056	1056	
0.75	1	3	11	5	3	50	26450	50	26450	0.0065	0.00353553	0.003	0.01	529	92.934	437	621	
0.75	1	3	12	3	3	50	26450	50	26450	0.003	0	0.003	0.003	529	313.147	219	839	
0.75	1	3	13	1	3	25	26400	25	26400	0.003	0	0.003	0.003	1056	0	1056	1056	
0.75	1	3	14	4	3	25	26400	25	26400	0.003	0	0.003	0.003	1056	0	1056	1056	
0.75	1	3	15	2	3	25	26400	25	26400	0.003	0	0.003	0.003	1056	0	1056	1056	
0.75	1	1	16	3	3	50	26450	50	26450	0.003	0	0.003	0.003	529	410.122	123	935	
0.75	1	1	17	2	3	25	26400	25	26400	0.01	0	0.01	0.01	1056	0	1056	1056	
0.75	1	1	18	4	3	50	26450	50	26450	0.003	0	0.003	0.003	529	410.122	123	935	
0.75	1	1	19	5	3	25	26400	25	26400	0.003	0	0.003	0.003	1056	0	1056	1056	
0.75	1	1	20	1	3	25	26400	25	26400	0.01	0	0.01	0.01	1056	0	1056	1056	
1	1.25	4	1	5	3	50	26450	50	26450	0.003	0	0.003	0.003	529	313.147	219	839	
1	1.25	4	2	3	3	25	26412	25	26412	0.00832	0.00305123	0.003	0.01	1056.48	438.407	437	1677	
1	1.25	4	3	2	3	36	26436	36	25599	0.00611111	0.00352767	0.003	0.01	711.083	279.851	219	1056	
1	1.25	4	4	1	3	39	27281	39	27281	0.00569231	0.00345005	0.003	0.01	699.513	263.476	219	1056	
1	1.25	4	5	4	3	50	26450	50	26450	0.003	0	0.003	0.003	529	410.122	123	935	
1	1.25	2	6	4	3	25	26400	25	26400	0.003	0	0.003	0.003	1056	0	1056	1056	
1	1.25	2	7	5	3	37	26424	37	25805	0.00772973	0.00332205	0.003	0.01	697.432	263.242	437	1056	
1	1.25	2	8	2	3	50	26450	50	26450	0.003	0	0.003	0.003	529	410.122	123	935	
1	1.25	2	9	3	3	38	26426	38	27045	0.00760526	0.00336548	0.003	0.01	711.711	262.705	437	1056	
1	1.25	2	10	1	3	25	26400	25	26400	0.003	0	0.003	0.003	1056	0	1056	1056	
1	1.25	3	11	5	3	50	26450	50	26450	0.0065	0.00353553	0.003	0.01	529	92.934	437	621	
1	1.25	3	12	3	3	50	26450	50	26450	0.003	0	0.003	0.003	529	313.147	219	839	
1	1.25	3	13	1	3	25	26400	25	26400	0.003	0	0.003	0.003	1056	0	1056	1056	
1	1.25	3	14	4	3	25	26400	25	26400	0.003	0	0.003	0.003	1056	0	1056	1056	
1	1.25	3	15	2	3	25	26400	25	26400	0.003	0	0.003	0.003	1056	0	1056	1056	
1	1.25	1	16	3	3	50	26450	50	26450	0.003	0	0.003	0.003	529	410.122	123	935	
1	1.25	1	17	2	3	25	26400	25	26400	0.01	0	0.01	0.01	1056	0	1056	1056	
1	1.25	1	18	4	3	50	26450	50	26450	0.003	0	0.003	0.003	529	410.122	123	935	
1	1.25	1	19	5	3	25	26400	25	26400	0.003	0	0.003	0.003	1056	0	1056	1056	
1	1.25	1	20	1	3	25	26400	25	26400	0.01	0	0.01	0.01	1056	0	1056	1056	
1.25	1.5	4	1	5	3	50	26450	50	26450	0.003	0	0.003	0.003	529	313.147	219	839	
1.25	1.5	4	2	3	3	25	26412	25	27033	0.00832	0.00305123	0.003	0.01	1081.32	455.633	437	1677	
1.25	1.5	4	3	2	3	36	25382	37	26438	0.00602703	0.00351573	0.003	0.01	714.541	276.737	219	1056	
1.25	1.5	4	4	1	3	39	26659	38	26440	0.00576316	0.00346749	0.003	0.01	695.789	279.386	219	1056	
1.25	1.5	4	5	4	3	50	26450	50	26450	0.003	0	0.003	0.003	529	410.122	123	935	
1.25	1.5	2	6	4	3	25	26400	25	26400	0.003	0	0.003	0.003	1056	0	1056	1056	
1.25	1.5	2	7	5	3	38	26426	38	27045	0.00760526	0.00336548	0.003	0.01	711.711	262.705	437	1056	
1.25	1.5	2	8	2	3	50	26450	50	26450	0.003	0	0.003	0.003	529	410.122	123	935	
1.25	1.5	2	9	3	3	37	26424	37	25805	0.00772973	0.00332205	0.003	0.01	697.432	263.242	437	1056	
1.25	1.5	2	10	1	3	25	26400	25	26400	0.003	0	0.003	0.003	1056	0	1056	1056	
1.25	1.5	3	11	5	3	50	26450	50	26450	0.0065	0.00353553	0.003	0.01	529	92.934	437	621	
1.25	1.5	3	12	3	3	50	26450	50	26450	0.003	0	0.003	0.003	529	313.147	219	839	
1.25	1.5	3	13	1	3	25	26400	25	26400	0.003	0	0.003	0.003	1056	0	1056	1056	
1.25	1.5	3	14	4	3	25	26400	25	26400	0.003	0	0.003	0.003	1056	0	1056	1056	
1.25	1.5	3	15	2	3	25	26400	25	26400	0.003	0	0.003	0.003	1056	0	1056	1056	
1.25	1.5	1	16	3	3	50	26450	50	26450	0.003	0	0.003	0.003	529	410.122	123	935	
1.25	1.5	1	17	2	3	25	26400	25	26400	0.01	0	0.01	0.01	1056	0	1056	1056	
1.25	1.5	1	18	4	3	50	26450	50	26450	0.003	0	0.003	0.003	529	410.122	123	935	
1.25	1.5	1	19	5	3	25	26400	25	26400	0.003	0	0.003	0.003	1056	0	1056	1056	
1.25	1.5	1	20	1	3	25	26400	25	26400	0.01	0	0.01	0.01	1056	0	1056	1056	
1.5	1.75	4	1	5	3	50	26450	50	26450	0.003	0	0.003	0.003	529	313.147	219	839	
1.5	1.75	4	2	3	3	25	26412	25	25791	0.00832	0.00305123	0.003	0.01	1031.64	418.944	437	1677	
1.5	1.75	4	3	2	3	39	27498	38	26442	0.00576316	0.00346749	0.003	0.01	695.842	266.001	219	1056	
1.5	1.75	4	4	1	3	36	26221	37	26440	0.00602703	0.00351573	0.003	0.01	714.595	262.827	219	1056	
1.5	1.75	4	5	4	3	50	26450	50	26450	0.003	0	0.003	0.003	529	410.122	123	935	
1.5	1.75	2	6	4	3	25	26400	25	26400	0.003	0	0.003	0.003	1056	0	1056	1056	
1.5	1.75	2	7	5	3	37	26424	37	25805	0.00772973	0.00332205	0.003	0.01	697.432	263.242	437	1056	
1.5	1.75	2	8	2	3	50	26450	50	26450	0.003	0	0.003	0.003	529	410.122	123	935	
1.5	1.75	2	9	3	3	38	26426	38	27045	0.00760526	0.00336548	0.003	0.01	711.711	262.705	437	1056	
1.5	1.75	2	10	1	3	25	26400	25	26400	0.003	0	0.003	0.003	1056	0	1056	1056	
1.5	1.75	3	11	5	3	50	26450	50	26450	0.0065	0.00353553	0.003	0.01	529	92.934	437	621	
1.5	1.75	3	12	3	3	50	26450	50	26450	0.003	0	0.003	0.003	529	313.147	219	839	
1.5	1.75	3	13	1	3	25	26400	25	26400	0.003	0	0.003	0.003	1056	0	1056	1056	
1.5	1.75	3	14	4	3	25	26400	25	26400	0.003	0	0.003	0.003	1056	0	1056	1056	
1.5	1.75	3	15	2	3	25	26400	25	26400	0.003	0	0.003	0.003	1056	0	1056	1056	
1.5	1.75	1	16	3	3	50	26450	50	26450	0.003	0	0.003	0.003	529	410.122	123	935	
1.5	1.75	1	17	2	3	25	26400	25	26400	0.01	0	0.01	0.01	1056	0	1056	1056	
1.5	1.75	1	18	4	3	50	26450	50	26450	0.003	0	0.003	0.003	529	410.122	123	935	
1.5	1.75	1	19	5	3	25	26400	25	26400	0.003	0	0.003	0.003	1056	0	1056	1056	
1.5	1.75	1	20	1	3	25	26400	25	26400	0.01	0	0.01	0.01	1056	0	1056	1056	
1.75	2	4	1	5	3	50	26450	50	26450	0.003	0	0.003	0.003	529	313.147	219	839	
1.75	2	4	2	3	3	25	26412	25	27033	0.00832	0.00305123	0.003	0.01	1081.32	455.633	437	1677	
1.75	2	4	3	2	3	36	25382	37	26438	0.00602703	0.00351573	0.003	0.01	714.541	276.737	219	1056	
1.75	2	4	4	1	3	39	26659	38	26440	0.00576316	0.00346749	0.003	0.01	695.789	279.386	219	1056	
1.75	2	4	5	4	3	50	26450	50	26450	0.003	0	0.003	0.003	529	410.122	123	935	
1.75	2	2	6	4	3	25	26400	25	26400	0.003	0	0.003	0.003	1056	0	1056	1056	
1.75	2	2	7	5	3	38	26426	38	27045	0.00760526	0.00336548	0.003	0.01	711.711	262.705	437	1056	
1.75	2	2	8	2	3	50	26450	50	26450	0.003	0	0.003	0.003	529	410.122	123	935	
1.75	2	2	9	3	3	37	26424	37	25805	0.00772973	0.00332205	0.003	0.01	697.432	263.242	437	1056	
1.75	2	2	10	1	3	25	26400	25	26400	0.003	0	0.003	0.003	1056	0	1056	1056	
1.75	2	3	11	5	3	50	26450	50	26450	0.0065	0.00353553	0.003	0.01	529	92.934	437	621	
1.75	2	3	12	3	3	50	26450	50	26450	0.003	0	0.003	0.003	529	313.147	219	839	
1.75	2	3	13	1	3	25	26400	25	26400	0.003	0	0.003	0.003	1056	0	1056	1056	
1.75	2	3	14	4	3	25	26400	25	26400	0.003	0	0.003	0.003	1056	0	1056	1056	
1.75	2	3	15	2	3	25	26400	25	26400	0.003	0	0.003	0.003	1056	0	1056	1056	
1.75	2	1	16	3	3	50	26450	50	26450	0.003	0	0.003	0.003	529	410.122	123	935	
1.75	2	1	17	2	3	25	26400	25	26400	0.01	0	0.01	0.01	1056	0	1056	1056	
1.75	2	1	18	4	3	50	26450	50	26450	0.003	0	0.003	0.003	529	410.122	123	935	
1.75	2	1	19	5	3	25	26400	25	26400	0.003	0	0.003	0.003	1056	0	1056	1056	
1.75	2	1	20	1	3	25	26400	25	26400	0.01	0	0.01	0.01	1056	0	1056	1056	
2	2.25	4	1	5	3	50	26450	50	26450	0.003	0	0.003	0.003	529	313.147	219	839	
2	2.25	4	2	3	3	25	26412	25	25791	0.00832	0.00305123	0.003	0.01	1031.64	418.944	437	1677	
2	2.25	4	3	2	3	39	27498	38	26442	0.00576316	0.00346749	0.003	0.01	695.842	266.001	219	1056	
2	2.25	4	4	1	3	36	26221	37	26440	0.00602703	0.00351573	0.003	0.01	714.595	262.827	219	1056	
2	2.25	4	5	4	3	50	26450	50	26450	0.003	0	0.003	0.003	529	410.122	123	935	
2	2.25	2	6	4	3	25	26400	25	26400	0.003	0	0.003	0.003	1056	0	1056	1056	
2	2.25	2	7	5	3	37	26424	37	25805	0.00772973	0.00332205	0.003	0.01	697.432	263.242	437	1056	
2	2.25	2	8	2	3	50	26450	50	26450	0.003	0	0.003	0.003	529	410.122	123	935	
2	2.25	2	9	3	3	38	26426	38	27045	0.00760526	0.00336548	0.003	0.01	711.711	262.705	437	1056	
2	2.25	2	10	1	3	25	26400	25	26400	0.003	0	0.003	0.003	1056	0	1056	1056	
2	2.25	3	11	5	3	50	26450	50	26450	0.0065	0.00353553	0.003	0.01	529	92.934	437	621	
2	2.25	3	12	3	3	50	26450	50	26450	0.003	0	0.003	0.003	529	313.147	219	839	
2	2.25	3	13	1	3	25	26400	25	26400	0.003	0	0.003	0.003	1056	0	1056	1056	
2	2.25	3	14	4	3	25	26400	25	26400	0.003	0	0.003	0.003	1056	0	1056	1056	
2	2.25	3	15	2	3	25	26400	25	26400	0.003	0	0.003	0.003	1056	0	1056	1056	
2	2.25	1	16	3	3	50	26450	50	26450	0.003	0	0.003	0.003	529	410.122	123	935	
2	2.25	1	17	2	3	25	26400	25	26400	0.01	0	0.01	0.01	1056	0	1056	1056	
2	2.25	1	18	4	3	50	26450	50	26450	0.003	0	0.003	0.003	529	410.122	123	935	
2	2.25	1	19	5	3	25	26400	25	26400	0.003	0	0.003	0.003	1056	0	1056	1056	
2	2.25	1	20	1	3	25	26400	25	26400	0.01	0	0.01	0.01	1056	0	1056	1056	
2.25	2.5	4	1	5	3	50	26450	50	26450	0.003	0	0.003	0.003	529	313.147	219	839	
2.25	2.5	4	2	3	3	25	26412	25	27033	0.00832	0.00305123	0.003	0.01	1081.32	455.633	437	1677	
2.25	2.5	4	3	2	3	36	25382	37	26438	0.00602703	0.00351573	0.003	0.01	714.541	276.737	219	1056	
2.25	2.5	4	4	1	3	39	26659	38	26221	0.00576316	0.00346749	0.003	0.01	690.026	287.003	219	1056	
2.25	2.5	4	5	4	3	50	26450	50	26450	0.003	0	0.003	0.003	529	410.122	123	935	
2.25	2.5	2	6	4	3	25	26400	25	26400	0.003	0	0.003	0.003	1056	0	1056	1056	
2.25	2.5	2	7	5	3	38	26426	38	27045	0.00760526	0.00336548	0.003	0.01	711.711	262.705	437	1056	
2.25	2.5	2	8	2	3	50	26450	50	26450	0.003	0	0.003	0.003	529	410.122	123	935	
2.25	2.5	2	9	3	3	37	26424	37	25805	0.00772973	0.00332205	0.003	0.01	697.432	263.242	437	1056	
2.25	2.5	2	10	1	3	25	26400	25	26400	0.003	0	0.003	0.003	1056	0	1056	1056	
2.25	2.5	3	11	5	3	50	26450	50	26450	0.0065	0.00353553	0.003	0.01	529	92.934	437	621	
2.25	2.5	3	12	3	3	50	26450	50	26450	0.003	0	0.003	0.003	529	313.147	219	839	
2.25	2.5	3	13	1	3	25	26400	25	26400	0.003	0	0.003	0.003	1056	0	1056	1056	
2.25	2.5	3	14	4	3	25	26400	25	26400	0.003	0	0.003	0.003	1056	0	1056	1056	
2.25	2.5	3	15	2	3	25	26400	25	26400	0.003	0	0.003	0.003	1056	0	1056	1056	
2.25	2.5	1	16	3	3	50	26450	50	26450	0.003	0	0.003	0.003	529	410.122	123	935	
2.25	2.5	1	17	2	3	25	26400	25	26400	0.01	0	0.01	0.01	1056	0	1056	1056	
2.25	2.5	1	18	4	3	50	26450	50	26450	0.003	0	0.003	0.003	529	410.122	123	935	
2.25	2.5	1	19	5	3	25	26400	25	26400	0.003	0	0.003	0.003	1056	0	1056	1056	
2.25	2.5	1	20	1	3	25	26400	25	26400	0.01	0	0.01	0.01	1056	0	1056	1056	
2.5	2.75	4	1	5	3	50	26450	50	26450	0.003	0	0.003	0.003	529	313.147	219	839	
2.5	2.75	4	2	3	3	25	26412	25	26412	0.00832	0.00305123	0.003	0.01	1056.48	438.407	437	1677	
2.5	2.75	4	3	2	3	39	26442	39	26442	0.00569231	0.00345005	0.003	0.01	678	280.687	219	1056	
2.5	2.75	4	4	1	3	36	26436	36	26436	0.00611111	0.00352767	0.003	0.01	734.333	272.473	219	1056	
2.5	2.75	4	5	4	3	50	26450	50	26450	0.003	0	0.003	0.003	529	410.122	123	935	
2.5	2.75	2	6	4	3	25	26400	25	26400	0.003	0	0.003	0.003	1056	0	1056	1056	
2.5	2.75	2	7	5	3	37	26424	37	25805	0.00772973	0.00332205	0.003	0.01	697.432	263.242	437	1056	
2.5	2.75	2	8	2	3	50	26450	50	26450	0.003	0	0.003	0.003	529	410.122	123	935	
2.5	2.75	2	9	3	3	38	26426	38	27045	0.00760526	0.00336548	0.003	0.01	711.711	262.705	437	1056	
2.5	2.75	2	10	1	3	25	26400	25	26400	0.003	0	0.003	0.003	1056	0	1056	1056	
2.5	2.75	3	11	5	3	50	26450	50	26450	0.0065	0.00353553	0.003	0.01	529	92.934	437	621	
2.5	2.75	3	12	3	3	50	26450	50	26450	0.003	0	0.003	0.003	529	313.147	219	839	
2.5	2.75	3	13	1	3	25	26400	25	26400	0.003	0	0.003	0.003	1056	0	1056	1056	
2.5	2.75	3	14	4	3	25	26400	25	26400	0.003	0	0.003	0.003	1056	0	1056	1056	
2.5	2.75	3	15	2	3	25	26400	25	26400	0.003	0	0.003	0.003	1056	0	1056	1056	
2.5	2.75	1	16	3	3	50	26450	50	26450	0.003	0	0.003	0.003	529	410.122	123	935	
2.5	2.75	1	17	2	3	25	26400	25	26400	0.01	0	0.01	0.01	1056	0	1056	1056	
2.5	2.75	1	18	4	3	50	26450	50	26450	0.003	0	0.003	0.003	529	410.122	123	935	
2.5	2.75	1	19	5	3	25	26400	25	26400	0.003	0	0.003	0.003	1056	0	1056	1056	
2.5	2.75	1	20	1	3	25	26400	25	26400	0.01	0	0.01	0.01	1056	0	1056	1056	
2.75	3	4	1	5	3	50	26450	50	26450	0.003	0	0.003	0.003	529	313.147	219	839	
2.75	3	4	2	3	3	25	26412	25	26412	0.00832	0.00305123	0.003	0.01	1056.48	438.407	437	1677	
2.75	3	4	3	2	3	36	26436	36	26436	0.00611111	0.00352767	0.003	0.01	734.333	272.473	219	1056	
2.75	3	4	4	1	3	39	26442	39	26661	0.00569231	0.00345005	0.003	0.01	683.615	273.358	219	1056	
2.75	3	4	5	4	3	50	26450	50	26450	0.003	0	0.003	0.003	529	410.122	123	935	
2.75	3	2	6	4	3	25	26400	25	26400	0.003	0	0.003	0.003	1056	0	1056	1056	
2.75	3	2	7	5	3	38	26426	38	27045	0.00760526	0.00336548	0.003	0.01	711.711	262.705	437	1056	
2.75	3	2	8	2	3	50	26450	50	26450	0.003	0	0.003	0.003	529	410.122	123	935	
2.75	3	2	9	3	3	37	26424	37	25805	0.00772973	0.00332205	0.003	0.01	697.432	263.242	437	1056	
2.75	3	2	10	1	3	25	26400	25	26400	0.003	0	0.003	0.003	1056	0	1056	1056	
2.75	3	3	11	5	3	50	26450	50	26450	0.0065	0.00353553	0.003	0.01	529	92.934	437	621	
2.75	3	3	12	3	3	50	26450	50	26450	0.003	0	0.003	0.003	529	313.147	219	839	
2.75	3	3	13	1	3	25	26400	25	26400	0.003	0	0.003	0.003	1056	0	1056	1056	
2.75	3	3	14	4	3	25	26400	25	26400	0.003	0	0.003	0.003	1056	0	1056	1056	
2.75	3	3	15	2	3	25	26400	25	26400	0.003	0	0.003	0.003	1056	0	1056	1056	
2.75	3	1	16	3	3	50	26450	50	26450	0.003	0	0.003	0.003	529	410.122	123	935	
2.75	3	1	17	2	3	25	26400	25	26400	0.01	0	0.01	0.01	1056	0	1056	1056	
2.75	3	1	18	4	3	50	26450	50	26450	0.003	0	0.003	0.003	529	410.122	123	935	
2.75	3	1	19	5	3	25	26400	25	26400	0.003	0	0.003	0.003	1056	0	1056	1056	
2.75	3	1	20	1	3	25	26400	25	26400	0.01	0	0.01	0.01	1056	0	1056	1056	
3	3.25	4	1	5	3	50	26450	50	26450	0.003	0	0.003	0.003	529	313.147	219	839	
3	3.25	4	2	3	3	25	26412	25	26412	0.00832	0.00305123	0.003	0.01	1056.48	438.407	437	1677	
3	3.25	4	3	2	3	39	27498	38	27060	0.00576316	0.00346749	0.003	0.01	712.105	268.689	219	1056	
3	3.25	4	4	1	3	36	25382	37	25601	0.00602703	0.00351573	0.003	0.01	691.919	282.205	219	1056	
3	3.25	4	5	4	3	50	26450	50	26450	0.003	0	0.003	0.003	529	410.122	123	935	
3	3.25	2	6	4	3	25	26400	25	26400	0.003	0	0.003	0.003	1056	0	1056	1056	
3	3.25	2	7	5	3	37	26424	37	25805	0.00772973	0.00332205	0.003	0.01	697.432	263.242	437	1056	
3	3.25	2	8	2	3	50	26450	50	26450	0.003	0	0.003	0.003	529	410.122	123	935	
3	3.25	2	9	3	3	38	26426	38	27045	0.00760526	0.00336548	0.003	0.01	711.711	262.705	437	1056	
3	3.25	2	10	1	3	25	26400	25	26400	0.003	0	0.003	0.003	1056	0	1056	1056	
3	3.25	3	11	5	3	50	26450	50	26450	0.0065	0.00353553	0.003	0.01	529	92.934	437	621	
3	3.25	3	12	3	3	50	26450	50	26450	0.003	0	0.003	0.003	529	313.147	219	839	
3	3.25	3	13	1	3	25	26400	25	26400	0.003	0	0.003	0.003	1056	0	1056	1056	
3	3.25	3	14	4	3	25	26400	25	26400	0.003	0	0.003	0.003	1056	0	1056	1056	
3	3.25	3	15	2	3	25	26400	25	26400	0.003	0	0.003	0.003	1056	0	1056	1056	
3	3.25	1	16	3	3	50	26450	50	26450	0.003	0	0.003	0.003	529	410.122	123	935	
3	3.25	1	17	2	3	25	26400	25	26400	0.01	0	0.01	0.01	1056	0	1056	1056	
3	3.25	1	18	4	3	50	26450	50	26450	0.003	0	0.003	0.003	529	410.122	123	935	
3	3.25	1	19	5	3	25	26400	25	26400	0.003	0	0.003	0.003	1056	0	1056	1056	
3	3.25	1	20	1	3	25	26400	25	26400	0.01	0	0.01	0.01	1056	0	1056	1056	
3.25	3.5	4	1	5	3	50	26450	50	26450	0.003	0	0.003	0.003	529	313.147	219	839	
3.25	3.5	4	2	3	3	25	26412	25	26412	0.00832	0.00305123	0.003	0.01	1056.48	438.407	437	1677	
3.25	3.5	4	3	2	3	36	25382	37	25820	0.00602703	0.00351573	0.003	0.01	697.838	274.194	219	1056	
3.25	3.5	4	4	1	3	39	27498	38	27279	0.00576316	0.00346749	0.003	0.01	717.868	260.036	219	1056	
3.25	3.5	4	5	4	3	50	26450	50	26450	0.003	0	0.003	0.003	529	410.122	123	935	
3.25	3.5	2	6	4	3	25	26400	25	26400	0.003	0	0.003	0.003	1056	0	1056	1056	
3.25	3.5	2	7	5	3	38	26426	38	27045	0.00760526	0.00336548	0.003	0.01	711.711	262.705	437	1056	
3.25	3.5	2	8	2	3	50	26450	50	26450	0.003	0	0.003	0.003	529	410.122	123	935	
3.25	3.5	2	9	3	3	37	26424	37	25805	0.00772973	0.00332205	0.003	0.01	697.432	263.242	437	1056	
3.25	3.5	2	10	1	3	25	26400	25	26400	0.003	0	0.003	0.003	1056	0	1056	1056	
3.25	3.5	3	11	5	3	50	26450	50	26450	0.0065	0.00353553	0.003	0.01	529	92.934	437	621	
3.25	3.5	3	12	3	3	50	26450	50	26450	0.003	0	0.003	0.003	529	313.147	219	839	
3.25	3.5	3	13	1	3	25	26400	25	26400	0.003	0	0.003	0.003	1056	0	1056	1056	
3.25	3.5	3	14	4	3	25	26400	25	26400	0.003	0	0.003	0.003	1056	0	1056	1056	
3.25	3.5	3	15	2	3	25	26400	25	26400	0.003	0	0.003	0.003	1056	0	1056	1056	
3.25	3.5	1	16	3	3	50	26450	50	26450	0.003	0	0.003	0.003	529	410.122	123	935	
3.25	3.5	1	17	2	3	25	26400	25	26400	0.01	0	0.01	0.01	1056	0	1056	1056	
3.25	3.5	1	18	4	3	50	26450	50	26450	0.003	0	0.003	0.003	529	410.122	123	935	
3.25	3.5	1	19	5	3	25	26400	25	26400	0.003	0	0.003	0.003	1056	0	1056	1056	
3.25	3.5	1	20	1	3	25	26400	25	26400	0.01	0	0.01	0.01	1056	0	1056	1056	
3.5	3.75	4	1	5	3	50	26450	50	26450	0.003	0	0.003	0.003	529	313.147	219	839	
3.5	3.75	4	2	3	3	25	26412	25	26412	0.00832	0.00305123	0.003	0.01	1056.48	438.407	437	1677	
3.5	3.75	4	3	2	3	39	27498	38	27060	0.00576316	0.00346749	0.003	0.01	712.105	268.689	219	1056	
3.5	3.75	4	4	1	3	36	25382	37	25601	0.00602703	0.00351573	0.003	0.01	691.919	282.205	219	1056	
3.5	3.75	4	5	4	3	50	26450	50	26450	0.003	0	0.003	0.003	529	410.122	123	935	
3.5	3.75	2	6	4	3	25	26400	25	26400	0.003	0	0.003	0.003	1056	0	1056	1056	
3.5	3.75	2	7	5	3	37	26424	37	25805	0.00772973	0.00332205	0.003	0.01	697.432	263.242	437	1056	
3.5	3.75	2	8	2	3	50	26450	50	26450	0.003	0	0.003	0.003	529	410.122	123	935	
3.5	3.75	2	9	3	3	38	26426	38	27045	0.00760526	0.00336548	0.003	0.01	711.711	262.705	437	1056	
3.5	3.75	2	10	1	3	25	26400	25	26400	0.003	0	0.003	0.003	1056	0	1056	1056	
3.5	3.75	3	11	5	3	50	26450	50	26450	0.0065	0.00353553	0.003	0.01	529	92.934	437	621	
3.5	3.75	3	12	3	3	50	26450	50	26450	0.003	0	0.003	0.003	529	313.147	219	839	
3.5	3.75	3	13	1	3	25	26400	25	26400	0.003	0	0.003	0.003	1056	0	1056	1056	
3.5	3.75	3	14	4	3	25	26400	25	26400	0.003	0	0.003	0.003	1056	0	1056	1056	
3.5	3.75	3	15	2	3	25	26400	25	26400	0.003	0	0.003	0.003	1056	0	1056	1056	
3.5	3.75	1	16	3	3	50	26450	50	26450	0.003	0	0.003	0.003	529	410.122	123	935	
3.5	3.75	1	17	2	3	25	26400	25	26400	0.01	0	0.01	0.01	1056	0	1056	1056	
3.5	3.75	1	18	4	3	50	26450	50	26450	0.003	0	0.003	0.003	529	410.122	123	935	
3.5	3.75	1	19	5	3	25	26400	25	26400	0.003	0	0.003	0.003	1056	0	1056	1056	
3.5	3.75	1	20	1	3	25	26400	25	26400	0.01	0	0.01	0.01	1056	0	1056	1056	
3.75	4	4	1	5	3	50	26450	50	26450	0.003	0	0.003	0.003	529	313.147	219	839	
3.75	4	4	2	3	3	25	26412	25	26412	0.00832	0.00305123	0.003	0.01	1056.48	438.407	437	1677	
3.75	4	4	3	2	3	36	25382	37	25820	0.00602703	0.00351573	0.003	0.01	697.838	274.194	219	1056	
3.75	4	4	4	1	3	39	27498	38	27279	0.00576316	0.00346749	0.003	0.01	717.868	260.036	219	1056	
3.75	4	4	5	4	3	50	26450	50	26450	0.003	0	0.003	0.003	529	410.122	123	935	
3.75	4	2	6	4	3	25	26400	25	26400	0.003	0	0.003	0.003	1056	0	1056	1056	
3.75	4	2	7	5	3	38	26426	38	27045	0.00760526	0.00336548	0.003	0.01	711.711	262.705	437	1056	
3.75	4	2	8	2	3	50	26450	50	26450	0.003	0	0.003	0.003	529	410.122	123	935	
3.75	4	2	9	3	3	37	26424	37	25805	0.00772973	0.00332205	0.003	0.01	697.432	263.242	437	1056	
3.75	4	2	10	1	3	25	26400	25	26400	0.003	0	0.003	0.003	1056	0	1056	1056	
3.75	4	3	11	5	3	50	26450	50	26450	0.0065	0.00353553	0.003	0.01	529	92.934	437	621	
3.75	4	3	12	3	3	50	26450	50	26450	0.003	0	0.003	0.003	529	313.147	219	839	
3.75	4	3	13	1	3	25	26400	25	26400	0.003	0	0.003	0.003	1056	0	1056	1056	
3.75	4	3	14	4	3	25	26400	25	26400	0.003	0	0.003	0.003	1056	0	1056	1056	
3.75	4	3	15	2	3	25	26400	25	26400	0.003	0	0.003	0.003	1056	0	1056	1056	
3.75	4	1	16	3	3	50	26450	50	26450	0.003	0	0.003	0.003	529	410.122	123	935	
3.75	4	1	17	2	3	25	26400	25	26400	0.01	0	0.01	0.01	1056	0	1056	1056	
3.75	4	1	18	4	3	50	26450	50	26450	0.003	0	0.003	0.003	529	410.122	123	935	
3.75	4	1	19	5	3	25	26400	25	26400	0.003	0	0.003	0.003	1056	0	1056	1056	
3.75	4	1	20	1	3	25	26400	25	26400	0.01	0	0.01	0.01	1056	0	1056	1056	
4	4.25	4	1	5	3	50	26450	50	26450	0.003	0	0.003	0.003	529	313.147	219	839	
4	4.25	4	2	3	3	25	26412	25	26412	0.00832	0.00305123	0.003	0.01	1056.48	438.407	437	1677	
4	4.25	4	3	2	3	39	27498	38	27060	0.00576316	0.00346749	0.003	0.01	712.105	268.689	219	1056	
4	4.25	4	4	1	3	36	25382	37	25601	0.00602703	0.00351573	0.003	0.01	691.919	282.205	219	1056	
4	4.25	4	5	4	3	50	26450	50	26450	0.003	0	0.003	0.003	529	410.122	123	935	
4	4.25	2	6	4	3	25	26400	25	26400	0.003	0	0.003	0.003	1056	0	1056	1056	
4	4.25	2	7	5	3	37	26424	37	25805	0.00772973	0.00332205	0.003	0.01	697.432	263.242	437	1056	
4	4.25	2	8	2	3	50	26450	50	26450	0.003	0	0.003	0.003	529	410.122	123	935	
4	4.25	2	9	3	3	38	26426	38	27045	0.00760526	0.00336548	0.003	0.01	711.711	262.705	437	1056	
4	4.25	2	10	1	3	25	26400	25	26400	0.003	0	0.003	0.003	1056	0	1056	1056	
4	4.25	3	11	5	3	50	26450	50	26450	0.0065	0.00353553	0.003	0.01	529	92.934	437	621	
4	4.25	3	12	3	3	50	26450	50	26450	0.003	0	0.003	0.003	529	313.147	219	839	
4	4.25	3	13	1	3	25	26400	25	26400	0.003	0	0.003	0.003	1056	0	1056	1056	
4	4.25	3	14	4	3	25	26400	25	26400	0.003	0	0.003	0.003	1056	0	1056	1056	
4	4.25	3	15	2	3	25	26400	25	26400	0.003	0	0.003	0.003	1056	0	1056	1056	
4	4.25	1	16	3	3	50	26450	50	26450	0.003	0	0.003	0.003	529	410.122	123	935	
4	4.25	1	17	2	3	25	26400	25	26400	0.01	0	0.01	0.01	1056	0	1056	1056	
4	4.25	1	18	4	3	50	26450	50	26450	0.003	0	0.003	0.003	529	410.122	123	935	
4	4.25	1	19	5	3	25	26400	25	26400	0.003	0	0.003	0.003	1056	0	1056	1056	
4	4.25	1	20	1	3	25	26400	25	26400	0.01	0	0.01	0.01	1056	0	1056	1056	
4.25	4.5	4	1	5	3	50	26450	50	26450	0.003	0	0.003	0.003	529	313.147	219	839	
4.25	4.5	4	2	3	3	25	26412	25	26412	0.00832	0.00305123	0.003	0.01	1056.48	438.407	437	1677	
4.25	4.5	4	3	2	3	39	26442	39	26442	0.00569231	0.00345005	0.003	0.01	678	280.687	219	1056	
4.25	4.5	4	4	1	3	36	26436	36	26436	0.00611111	0.00352767	0.003	0.01	734.333	272.473	219	1056	
4.25	4.5	4	5	4	3	50	26450	50	26450	0.003	0	0.003	0.003	529	410.122	123	935	
4.25	4.5	2	6	4	3	25	26400	25	26400	0.003	0	0.003	0.003	1056	0	1056	1056	
4.25	4.5	2	7	5	3	38	26426	38	27045	0.00760526	0.00336548	0.003	0.01	711.711	262.705	437	1056	
4.25	4.5	2	8	2	3	50	26450	50	26450	0.003	0	0.003	0.003	529	410.122	123	935	
4.25	4.5	2	9	3	3	37	26424	37	25805	0.00772973	0.00332205	0.003	0.01	697.432	263.242	437	1056	
4.25	4.5	2	10	1	3	25	26400	25	26400	0.003	0	0.003	0.003	1056	0	1056	1056	
4.25	4.5	3	11	5	3	50	26450	50	26450	0.0065	0.00353553	0.003	0.01	529	92.934	437	621	
4.25	4.5	3	12	3	3	50	26450	50	26450	0.003	0	0.003	0.003	529	313.147	219	839	
4.25	4.5	3	13	1	3	25	26400	25	26400	0.003	0	0.003	0.003	1056	0	1056	1056	
4.25	4.5	3	14	4	3	25	26400	25	26400	0.003	0	0.003	0.003	1056	0	1056	1056	
4.25	4.5	3	15	2	3	25	26400	25	26400	0.003	0	0.003	0.003	1056	0	1056	1056	
4.25	4.5	1	16	3	3	50	26450	50	26450	0.003	0	0.003	0.003	529	410.122	123	935	
4.25	4.5	1	17	2	3	25	26400	25	26400	0.01	0	0.01	0.01	1056	0	1056	1056	
4.25	4.5	1	18	4	3	50	26450	50	26450	0.003	0	0.003	0.003	529	410.122	123	935	
4.25	4.5	1	19	5	3	25	26400	25	26400	0.003	0	0.003	0.003	1056	0	1056	1056	
4.25	4.5	1	20	1	3	25	26400	25	26400	0.01	0	0.01	0.01	1056	0	1056	1056	
4.5	4.75	4	1	5	3	50	26450	50	26450	0.003	0	0.003	0.003	529	313.147	219	839	
4.5	4.75	4	2	3	3	25	26412	25	26412	0.00832	0.00305123	0.003	0.01	1056.48	438.407	437	1677	
4.5	4.75	4	3	2	3	36	26436	36	26436	0.00611111	0.00352767	0.003	0.01	734.333	272.473	219	1056	
4.5	4.75	4	4	1	3	39	26442	39	26442	0.00569231	0.00345005	0.003	0.01	678	280.687	219	1056	
4.5	4.75	4	5	4	3	50	26450	50	26450	0.003	0	0.003	0.003	529	410.122	123	935	
4.5	4.75	2	6	4	3	25	26400	25	26400	0.003	0	0.003	0.003	1056	0	1056	1056	
4.5	4.75	2	7	5	3	37	26424	37	25805	0.00772973	0.00332205	0.003	0.01	697.432	263.242	437	1056	
4.5	4.75	2	8	2	3	50	26450	50	26450	0.003	0	0.003	0.003	529	410.122	123	935	
4.5	4.75	2	9	3	3	38	26426	38	27045	0.00760526	0.00336548	0.003	0.01	711.711	262.705	437	1056	
4.5	4.75	2	10	1	3	25	26400	25	26400	0.003	0	0.003	0.003	1056	0	1056	1056	
4.5	4.75	3	11	5	3	50	26450	50	26450	0.0065	0.00353553	0.003	0.01	529	92.934	437	621	
4.5	4.75	3	12	3	3	50	26450	50	26450	0.003	0	0.003	0.003	529	313.147	219	839	
4.5	4.75	3	13	1	3	25	26400	25	26400	0.003	0	0.003	0.003	1056	0	1056	1056	
4.5	4.75	3	14	4	3	25	26400	25	26400	0.003	0	0.003	0.003	1056	0	1056	1056	
4.5	4.75	3	15	2	3	25	26400	25	26400	0.003	0	0.003	0.003	1056	0	1056	1056	
4.5	4.75	1	16	3	3	50	26450	50	26450	0.003	0	0.003	0.003	529	410.122	123	935	
4.5	4.75	1	17	2	3	25	26400	25	26400	0.01	0	0.01	0.01	1056	0	1056	1056	
4.5	4.75	1	18	4	3	50	26450	50	26450	0.003	0	0.003	0.003	529	410.122	123	935	
4.5	4.75	1	19	5	3	25	26400	25	26400	0.003	0	0.003	0.003	1056	0	1056	1056	
4.5	4.75	1	20	1	3	25	26400	25	26400	0.01	0	0.01	0.01	1056	0	1056	1056	
4.75	5	4	1	5	3	50	26450	50	26450	0.003	0	0.003	0.003	529	313.147	219	839	
4.75	5	4	2	3	3	25	26412	25	26412	0.00832	0.00305123	0.003	0.01	1056.48	438.407	437	1677	
4.75	5	4	3	2	3	36	25382	37	25820	0.00602703	0.00351573	0.003	0.01	697.838	274.194	219	1056	
4.75	5	4	4	1	3	39	27498	38	27060	0.00576316	0.00346749	0.003	0.01	712.105	268.689	219	1056	
4.75	5	4	5	4	3	50	26450	50	26450	0.003	0	0.003	0.003	529	410.122	123	935	
4.75	5	2	6	4	3	25	26400	25	26400	0.003	0	0.003	0.003	1056	0	1056	1056	
4.75	5	2	7	5	3	38	26426	38	27045	0.00760526	0.00336548	0.003	0.01	711.711	262.705	437	1056	
4.75	5	2	8	2	3	50	26450	50	26450	0.003	0	0.003	0.003	529	410.122	123	935	
4.75	5	2	9	3	3	37	26424	37	25805	0.00772973	0.00332205	0.003	0.01	697.432	263.242	437	1056	
4.75	5	2	10	1	3	25	26400	25	26400	0.003	0	0.003	0.003	1056	0	1056	1056	
4.75	5	3	11	5	3	50	26450	50	26450	0.0065	0.00353553	0.003	0.01	529	92.934	437	621	
4.75	5	3	12	3	3	50	26450	50	26450	0.003	0	0.003	0.003	529	313.147	219	839	
4.75	5	3	13	1	3	25	26400	25	26400	0.003	0	0.003	0.003	1056	0	1056	1056	
4.75	5	3	14	4	3	25	26400	25	26400	0.003	0	0.003	0.003	1056	0	1056	1056	
4.75	5	3	15	2	3	25	26400	25	26400	0.003	0	0.003	0.003	1056	0	1056	1056	
4.75	5	1	16	3	3	50	26450	50	26450	0.003	0	0.003	0.003	529	410.122	123	935	
4.75	5	1	17	2	3	25	26400	25	26400	0.01	0	0.01	0.01	1056	0	1056	1056	
4.75	5	1	18	4	3	50	26450	50	26450	0.003	0	0.003	0.003	529	410.122	123	935	
4.75	5	1	19	5	3	25	26400	25	26400	0.003	0	0.003	0.003	1056	0	1056	1056	
4.75	5	1	20	1	3	25	26400	25	26400	0.01	0	0.01	0.01	1056	0	1056	1056	
5	5.25	4	1	5	3	50	26450	50	26450	0.003	0	0.003	0.003	529	313.147	219	839	
5	5.25	4	2	3	3	24	25356	25	26412	0.00832	0.00305123	0.003	0.01	1056.48	438.407	437	1677	
5	5.25	4	3	2	3	39	27498	38	27060	0.00576316	0.00346749	0.003	0.01	712.105	268.689	219	1056	
5	5.25	4	4	1	3	37	26438	37	25820	0.00602703	0.00351573	0.003	0.01	697.838	274.194	219	1056	
5	5.25	4	5	4	3	50	26450	50	26450	0.003	0	0.003	0.003	529	410.122	123	935	
5	5.25	2	6	4	3	25	26400	25	26400	0.003	0	0.003	0.003	1056	0	1056	1056	
5	5.25	2	7	5	3	37	26424	37	25805	0.00772973	0.00332205	0.003	0.01	697.432	263.242	437	1056	
5	5.25	2	8	2	3	50	26450	50	26450	0.003	0	0.003	0.003	529	410.122	123	935	
5	5.25	2	9	3	3	38	26426	38	27045	0.00760526	0.00336548	0.003	0.01	711.711	262.705	437	1056	
5	5.25	2	10	1	3	25	26400	25	26400	0.003	0	0.003	0.003	1056	0	1056	1056	
5	5.25	3	11	5	3	50	26450	50	26450	0.0065	0.00353553	0.003	0.01	529	92.934	437	621	
5	5.25	3	12	3	3	50	26450	50	26450	0.003	0	0.003	0.003	529	313.147	219	839	
5	5.25	3	13	1	3	25	26400	25	26400	0.003	0	0.003	0.003	1056	0	1056	1056	
5	5.25	3	14	4	3	25	26400	25	26400	0.003	0	0.003	0.003	1056	0	1056	1056	
5	5.25	3	15	2	3	25	26400	25	26400	0.003	0	0.003	0.003	1056	0	1056	1056	
5	5.25	1	16	3	3	50	26450	50	26450	0.003	0	0.003	0.003	529	410.122	123	935	
5	5.25	1	17	2	3	25	26400	25	26400	0.01	0	0.01	0.01	1056	0	1056	1056	
5	5.25	1	18	4	3	50	26450	50	26450	0.003	0	0.003	0.003	529	410.122	123	935	
5	5.25	1	19	5	3	25	26400	25	26400	0.003	0	0.003	0.003	1056	0	1056	1056	
5	5.25	1	20	1	3	25	26400	25	26400	0.01	0	0.01	0.01	1056	0	1056	1056	
5.25	5.5	4	1	5	3	50	26450	50	26450	0.003	0	0.003	0.003	529	313.147	219	839	
5.25	5.5	4	2	3	3	26	27468	25	26412	0.00832	0.00305123	0.003	0.01	1056.48	438.407	437	1677	
5.25	5.5	4	3	2	3	36	25382	37	25820	0.00602703	0.00351573	0.003	0.01	697.838	274.194	219	1056	
5.25	5.5	4	4	1	3	38	26442	38	27060	0.00576316	0.00346749	0.003	0.01	712.105	268.689	219	1056	
5.25	5.5	4	5	4	3	50	26450	50	26450	0.003	0	0.003	0.003	529	410.122	123	935	
5.25	5.5	2	6	4	3	25	26400	25	26400	0.003	0	0.003	0.003	1056	0	1056	1056	
5.25	5.5	2	7	5	3	38	26426	38	27045	0.00760526	0.00336548	0.003	0.01	711.711	262.705	437	1056	
5.25	5.5	2	8	2	3	50	26450	50	26450	0.003	0	0.003	0.003	529	410.122	123	935	
5.25	5.5	2	9	3	3	37	26424	37	25805	0.00772973	0.00332205	0.003	0.01	697.432	263.242	437	1056	
5.25	5.5	2	10	1	3	25	26400	25	26400	0.003	0	0.003	0.003	1056	0	1056	1056	
5.25	5.5	3	11	5	3	50	26450	50	26450	0.0065	0.00353553	0.003	0.01	529	92.934	437	621	
5.25	5.5	3	12	3	3	50	26450	50	26450	0.003	0	0.003	0.003	529	313.147	219	839	
5.25	5.5	3	13	1	3	25	26400	25	26400	0.003	0	0.003	0.003	1056	0	1056	1056	
5.25	5.5	3	14	4	3	25	26400	25	26400	0.003	0	0.003	0.003	1056	0	1056	1056	
5.25	5.5	3	15	2	3	25	26400	25	26400	0.003	0	0.003	0.003	1056	0	1056	1056	
5.25	5.5	1	16	3	3	50	26450	50	26450	0.003	0	0.003	0.003	529	410.122	123	935	
5.25	5.5	1	17	2	3	25	26400	25	26400	0.01	0	0.01	0.01	1056	0	1056	1056	
5.25	5.5	1	18	4	3	50	26450	50	26450	0.003	0	0.003	0.003	529	410.122	123	935	
5.25	5.5	1	19	5	3	25	26400	25	26400	0.003	0	0.003	0.003	1056	0	1056	1056	
5.25	5.5	1	20	1	3	25	26400	25	26400	0.01	0	0.01	0.01	1056	0	1056	1056	
5.5	5.75	4	1	5	3	50	26450	50	26450	0.003	0	0.003	0.003	529	313.147	219	839	
5.5	5.75	4	2	3	3	24	25356	25	26412	0.00832	0.00305123	0.003	0.01	1056.48	438.407	437	1677	
5.5	5.75	4	3	2	3	39	27498	38	27060	0.00576316	0.00346749	0.003	0.01	712.105	268.689	219	1056	
5.5	5.75	4	4	1	3	37	26438	37	25820	0.00602703	0.00351573	0.003	0.01	697.838	274.194	219	1056	
5.5	5.75	4	5	4	3	50	26450	50	26450	0.003	0	0.003	0.003	529	410.122	123	935	
5.5	5.75	2	6	4	3	25	26400	25	26400	0.003	0	0.003	0.003	1056	0	1056	1056	
5.5	5.75	2	7	5	3	37	26424	37	25805	0.00772973	0.00332205	0.003	0.01	697.432	263.242	437	1056	
5.5	5.75	2	8	2	3	50	26450	50	26450	0.003	0	0.003	0.003	529	410.122	123	935	
5.5	5.75	2	9	3	3	38	26426	38	27045	0.00760526	0.00336548	0.003	0.01	711.711	262.705	437	1056	
5.5	5.75	2	10	1	3	25	26400	25	26400	0.003	0	0.003	0.003	1056	0	1056	1056	
5.5	5.75	3	11	5	3	50	26450	50	26450	0.0065	0.00353553	0.003	0.01	529	92.934	437	621	
5.5	5.75	3	12	3	3	50	26450	50	26450	0.003	0	0.003	0.003	529	313.147	219	839	
5.5	5.75	3	13	1	3	25	26400	25	26400	0.003	0	0.003	0.003	1056	0	1056	1056	
5.5	5.75	3	14	4	3	25	26400	25	26400	0.003	0	0.003	0.003	1056	0	1056	1056	
5.5	5.75	3	15	2	3	25	26400	25	26400	0.003	0	0.003	0.003	1056	0	1056	1056	
5.5	5.75	1	16	3	3	50	26450	50	26450	0.003	0	0.003	0.003	529	410.122	123	935	
5.5	5.75	1	17	2	3	25	26400	25	26400	0.01	0	0.01	0.01	1056	0	1056	1056	
5.5	5.75	1	18	4	3	50	26450	50	26450	0.003	0	0.003	0.003	529	410.122	123	935	
5.5	5.75	1	19	5	3	25	26400	25	26400	0.003	0	0.003	0.003	1056	0	1056	1056	
5.5	5.75	1	20	1	3	25	26400	25	26400	0.01	0	0.01	0.01	1056	0	1056	1056	
5.75	6	4	1	5	3	50	26450	50	26450	0.003	0	0.003	0.003	529	313.147	219	839	
5.75	6	4	2	3	3	26	27468	25	26412	0.00832	0.00305123	0.003	0.01	1056.48	438.407	437	1677	
5.75	6	4	3	2	3	36	25382	37	25820	0.00602703	0.00351573	0.003	0.01	697.838	274.194	219	1056	
5.75	6	4	4	1	3	38	26442	38	27060	0.00576316	0.00346749	0.003	0.01	712.105	268.689	219	1056	
5.75	6	4	5	4	3	50	26450	50	26450	0.003	0	0.003	0.003	529	410.122	123	935	
5.75	6	2	6	4	3	25	26400	25	26400	0.003	0	0.003	0.003	1056	0	1056	1056	
5.75	6	2	7	5	3	38	26426	38	27045	0.00760526	0.00336548	0.003	0.01	711.711	262.705	437	1056	
5.75	6	2	8	2	3	50	26450	50	26450	0.003	0	0.003	0.003	529	410.122	123	935	
5.75	6	2	9	3	3	37	26424	37	25805	0.00772973	0.00332205	0.003	0.01	697.432	263.242	437	1056	
5.75	6	2	10	1	3	25	26400	25	26400	0.003	0	0.003	0.003	1056	0	1056	1056	
5.75	6	3	11	5	3	50	26450	50	26450	0.0065	0.00353553	0.003	0.01	529	92.934	437	621	
5.75	6	3	12	3	3	50	26450	50	26450	0.003	0	0.003	0.003	529	313.147	219	839	
5.75	6	3	13	1	3	25	26400	25	26400	0.003	0	0.003	0.003	1056	0	1056	1056	
5.75	6	3	14	4	3	25	26400	25	26400	0.003	0	0.003	0.003	1056	0	1056	1056	
5.75	6	3	15	2	3	25	26400	25	26400	0.003	0	0.003	0.003	1056	0	1056	1056	
5.75	6	1	16	3	3	50	26450	50	26450	0.003	0	0.003	0.003	529	410.122	123	935	
5.75	6	1	17	2	3	25	26400	25	26400	0.01	0	0.01	0.01	1056	0	1056	1056	
5.75	6	1	18	4	3	50	26450	50	26450	0.003	0	0.003	0.003	529	410.122	123	935	
5.75	6	1	19	5	3	25	26400	25	26400	0.003	0	0.003	0.003	1056	0	1056	1056	
5.75	6	1	20	1	3	25	26400	25	26400	0.01	0	0.01	0.01	1056	0	1056	1056	
6	6.25	4	1	5	3	50	26450	50	26450	0.003	0	0.003	0.003	529	313.147	219	839	
6	6.25	4	2	3	3	24	25356	25	26412	0.00832	0.00305123	0.003	0.01	1056.48	438.407	437	1677	
6	6.25	4	3	2	3	40	27498	39	26442	0.00569231	0.00345005	0.003	0.01	678	280.687	219	1056	
6	6.25	4	4	1	3	36	26436	36	26436	0.00611111	0.00352767	0.003	0.01	734.333	272.473	219	1056	
6	6.25	4	5	4	3	50	26450	50	26450	0.003	0	0.003	0.003	529	410.122	123	935	
6	6.25	2	6	4	3	25	26400	25	26400	0.003	0	0.003	0.003	1056	0	1056	1056	
6	6.25	2	7	5	3	37	26424	37	25805	0.00772973	0.00332205	0.003	0.01	697.432	263.242	437	1056	
6	6.25	2	8	2	3	50	26450	50	26450	0.003	0	0.003	0.003	529	410.122	123	935	
6	6.25	2	9	3	3	38	26426	38	27045	0.00760526	0.00336548	0.003	0.01	711.711	262.705	437	1056	
6	6.25	2	10	1	3	25	26400	25	26400	0.003	0	0.003	0.003	1056	0	1056	1056	
6	6.25	3	11	5	3	50	26450	50	26450	0.0065	0.00353553	0.003	0.01	529	92.934	437	621	
6	6.25	3	12	3	3	50	26450	50	26450	0.003	0	0.003	0.003	529	313.147	219	839	
6	6.25	3	13	1	3	25	26400	25	26400	0.003	0	0.003	0.003	1056	0	1056	1056	
6	6.25	3	14	4	3	25	26400	25	26400	0.003	0	0.003	0.003	1056	0	1056	1056	
6	6.25	3	15	2	3	25	26400	25	26400	0.003	0	0.003	0.003	1056	0	1056	1056	
6	6.25	1	16	3	3	50	26450	50	26450	0.003	0	0.003	0.003	529	410.122	123	935	
6	6.25	1	17	2	3	25	26400	25	26400	0.01	0	0.01	0.01	1056	0	1056	1056	
6	6.25	1	18	4	3	50	26450	50	26450	0.003	0	0.003	0.003	529	410.122	123	935	
6	6.25	1	19	5	3	25	26400	25	26400	0.003	0	0.003	0.003	1056	0	1056	1056	
6	6.25	1	20	1	3	25	26400	25	26400	0.01	0	0.01	0.01	1056	0	1056	1056	
6.25	6.5	4	1	5	3	50	26450	50	26450	0.003	0	0.003	0.003	529	313.147	219	839	
6.25	6.5	4	2	3	3	25	26412	25	26412	0.00832	0.00305123	0.003	0.01	1056.48	438.407	437	1677	
6.25	6.5	4	3	2	3	36	26436	36	26436	0.00611111	0.00352767	0.003	0.01	734.333	272.473	219	1056	
6.25	6.5	4	4	1	3	39	26442	39	26442	0.00569231	0.00345005	0.003	0.01	678	280.687	219	1056	
6.25	6.5	4	5	4	3	50	26450	50	26450	0.003	0	0.003	0.003	529	410.122	123	935	
6.25	6.5	2	6	4	3	25	26400	25	26400	0.003	0	0.003	0.003	1056	0	1056	1056	
6.25	6.5	2	7	5	3	38	26426	38	27045	0.00760526	0.00336548	0.003	0.01	711.711	262.705	437	1056	
6.25	6.5	2	8	2	3	50	26450	50	26450	0.003	0	0.003	0.003	529	410.122	123	935	
6.25	6.5	2	9	3	3	37	26424	37	25805	0.00772973	0.00332205	0.003	0.01	697.432	263.242	437	1056	
6.25	6.5	2	10	1	3	25	26400	25	26400	0.003	0	0.003	0.003	1056	0	1056	1056	
6.25	6.5	3	11	5	3	50	26450	50	26450	0.0065	0.00353553	0.003	0.01	529	92.934	437	621	
6.25	6.5	3	12	3	3	50	26450	50	26450	0.003	0	0.003	0.003	529	313.147	219	839	
6.25	6.5	3	13	1	3	25	26400	25	26400	0.003	0	0.003	0.003	1056	0	1056	1056	
6.25	6.5	3	14	4	3	25	26400	25	26400	0.003	0	0.003	0.003	1056	0	1056	1056	
6.25	6.5	3	15	2	3	25	26400	25	26400	0.003	0	0.003	0.003	1056	0	1056	1056	
6.25	6.5	1	16	3	3	50	26450	50	26450	0.003	0	0.003	0.003	529	410.122	123	935	
6.25	6.5	1	17	2	3	25	26400	25	26400	0.01	0	0.01	0.01	1056	0	1056	1056	
6.25	6.5	1	18	4	3	50	26450	50	26450	0.003	0	0.003	0.003	529	410.122	123	935	
6.25	6.5	1	19	5	3	25	26400	25	26400	0.003	0	0.003	0.003	1056	0	1056	1056	
6.25	6.5	1	20	1	3	25	26400	25	26400	0.01	0	0.01	0.01	1056	0	1056	1056	
6.5	6.75	4	1	5	3	50	26450	50	26450	0.003	0	0.003	0.003	529	313.147	219	839	
6.5	6.75	4	2	3	3	25	26412	25	26412	0.00832	0.00305123	0.003	0.01	1056.48	438.407	437	1677	
6.5	6.75	4	3	2	3	38	26442	38	27060	0.00576316	0.00346749	0.003	0.01	712.105	268.689	219	1056	
6.5	6.75	4	4	1	3	37	26438	37	25820	0.00602703	0.00351573	0.003	0.01	697.838	274.194	219	1056	
6.5	6.75	4	5	4	3	50	26450	50	26450	0.003	0	0.003	0.003	529	410.122	123	935	
6.5	6.75	2	6	4	3	25	26400	25	26400	0.003	0	0.003	0.003	1056	0	1056	1056	
6.5	6.75	2	7	5	3	37	26424	37	25805	0.00772973	0.00332205	0.003	0.01	697.432	263.242	437	1056	
6.5	6.75	2	8	2	3	50	26450	50	26450	0.003	0	0.003	0.003	529	410.122	123	935	
6.5	6.75	2	9	3	3	38	26426	38	27045	0.00760526	0.00336548	0.003	0.01	711.711	262.705	437	1056	
6.5	6.75	2	10	1	3	25	26400	25	26400	0.003	0	0.003	0.003	1056	0	1056	1056	
6.5	6.75	3	11	5	3	50	26450	50	26450	0.0065	0.00353553	0.003	0.01	529	92.934	437	621	
6.5	6.75	3	12	3	3	50	26450	50	26450	0.003	0	0.003	0.003	529	313.147	219	839	
6.5	6.75	3	13	1	3	25	26400	25	26400	0.003	0	0.003	0.003	1056	0	1056	1056	
6.5	6.75	3	14	4	3	25	26400	25	26400	0.003	0	0.003	0.003	1056	0	1056	1056	
6.5	6.75	3	15	2	3	25	26400	25	26400	0.003	0	0.003	0.003	1056	0	1056	1056	
6.5	6.75	1	16	3	3	50	26450	50	26450	0.003	0	0.003	0.003	529	410.122	123	935	
6.5	6.75	1	17	2	3	25	26400	25	26400	0.01	0	0.01	0.01	1056	0	1056	1056	
6.5	6.75	1	18	4	3	50	26450	50	26450	0.003	0	0.003	0.003	529	410.122	123	935	
6.5	6.75	1	19	5	3	25	26400	25	26400	0.003	0	0.003	0.003	1056	0	1056	1056	
6.5	6.75	1	20	1	3	25	26400	25	26400	0.01	0	0.01	0.01	1056	0	1056	1056	
6.75	7	4	1	5	3	50	26450	50	26450	0.003	0	0.003	0.003	529	313.147	219	839	
6.75	7	4	2	3	3	26	27470	25	25793	0.00804	0.0032078	0.003	0.01	1031.72	455.578	437	1677	
6.75	7	4	3	2	3	37	26221	38	26659	0.00594737	0.00350249	0.003	0.01	701.553	271.431	219	1056	
6.75	7	4	4	1	3	37	26438	37	26438	0.00602703	0.00351573	0.003	0.01	714.541	276.737	219	1056	
6.75	7	4	5	4	3	50	26450	50	26450	0.003	0	0.003	0.003	529	410.122	123	935	
6.75	7	2	6	4	3	25	26400	25	26400	0.003	0	0.003	0.003	1056	0	1056	1056	
6.75	7	2	7	5	3	38	26426	38	27045	0.00760526	0.00336548	0.003	0.01	711.711	262.705	437	1056	
6.75	7	2	8	2	3	50	26450	50	26450	0.003	0	0.003	0.003	529	410.122	123	935	
6.75	7	2	9	3	3	37	26424	37	25805	0.00772973	0.00332205	0.003	0.01	697.432	263.242	437	1056	
6.75	7	2	10	1	3	25	26400	25	26400	0.003	0	0.003	0.003	1056	0	1056	1056	
6.75	7	3	11	5	3	50	26450	50	26450	0.0065	0.00353553	0.003	0.01	529	92.934	437	621	
6.75	7	3	12	3	3	50	26450	50	26450	0.003	0	0.003	0.003	529	313.147	219	839	
6.75	7	3	13	1	3	25	26400	25	26400	0.003	0	0.003	0.003	1056	0	1056	1056	
6.75	7	3	14	4	3	25	26400	25	26400	0.003	0	0.003	0.003	1056	0	1056	1056	
6.75	7	3	15	2	3	25	26400	25	26400	0.003	0	0.003	0.003	1056	0	1056	1056	
6.75	7	1	16	3	3	50	26450	50	26450	0.003	0	0.003	0.003	529	410.122	123	935	
6.75	7	1	17	2	3	25	26400	25	26400	0.01	0	0.01	0.01	1056	0	1056	1056	
6.75	7	1	18	4	3	50	26450	50	26450	0.003	0	0.003	0.003	529	410.122	123	935	
6.75	7	1	19	5	3	25	26400	25	26400	0.003	0	0.003	0.003	1056	0	1056	1056	
6.75	7	1	20	1	3	25	26400	25	26400	0.01	0	0.01	0.01	1056	0	1056	1056	
7	7.25	4	1	5	3	50	26450	50	26450	0.003	0	0.003	0.003	529	313.147	219	839	
7	7.25	4	2	3	3	24	25354	25	27031	0.0086	0.00285774	0.003	0.01	1081.24	419.013	437	1677	
7	7.25	4	3	2	3	38	26659	37	26221	0.00583784	0.0034842	0.003	0.01	708.676	271.55	219	1056	
7	7.25	4	4	1	3	38	26442	38	26442	0.00576316	0.00346749	0.003	0.01	695.842	266.001	219	1056	
7	7.25	4	5	4	3	50	26450	50	26450	0.003	0	0.003	0.003	529	410.122	123	935	
7	7.25	2	6	4	3	25	26400	25	26400	0.003	0	0.003	0.003	1056	0	1056	1056	
7	7.25	2	7	5	3	37	26424	37	25805	0.00772973	0.00332205	0.003	0.01	697.432	263.242	437	1056	
7	7.25	2	8	2	3	50	26450	50	26450	0.003	0	0.003	0.003	529	410.122	123	935	
7	7.25	2	9	3	3	38	26426	38	27045	0.00760526	0.00336548	0.003	0.01	711.711	262.705	437	1056	
7	7.25	2	10	1	3	25	26400	25	26400	0.003	0	0.003	0.003	1056	0	1056	1056	
7	7.25	3	11	5	3	50	26450	50	26450	0.0065	0.00353553	0.003	0.01	529	92.934	437	621	
7	7.25	3	12	3	3	50	26450	50	26450	0.003	0	0.003	0.003	529	313.147	219	839	
7	7.25	3	13	1	3	25	26400	25	26400	0.003	0	0.003	0.003	1056	0	1056	1056	
7	7.25	3	14	4	3	25	26400	25	26400	0.003	0	0.003	0.003	1056	0	1056	1056	
7	7.25	3	15	2	3	25	26400	25	26400	0.003	0	0.003	0.003	1056	0	1056	1056	
7	7.25	1	16	3	3	50	26450	50	26450	0.003	0	0.003	0.003	529	410.122	123	935	
7	7.25	1	17	2	3	25	26400	25	26400	0.01	0	0.01	0.01	1056	0	1056	1056	
7	7.25	1	18	4	3	50	26450	50	26450	0.003	0	0.003	0.003	529	410.122	123	935	
7	7.25	1	19	5	3	25	26400	25	26400	0.003	0	0.003	0.003	1056	0	1056	1056	
7	7.25	1	20	1	3	25	26400	25	26400	0.01	0	0.01	0.01	1056	0	1056	1056	
7.25	7.5	4	1	5	3	50	26450	50	26450	0.003	0	0.003	0.003	529	313.147	219	839	
7.25	7.5	4	2	3	3	26	27470	25	25793	0.00804	0.0032078	0.003	0.01	1031.72	455.578	437	1677	
7.25	7.5	4	3	2	3	37	26221	38	26659	0.00594737	0.00350249	0.003	0.01	701.553	271.431	219	1056	
7.25	7.5	4	4	1	3	37	26438	37	26438	0.00602703	0.00351573	0.003	0.01	714.541	276.737	219	1056	
7.25	7.5	4	5	4	3	50	26450	50	26450	0.003	0	0.003	0.003	529	410.122	123	935	
7.25	7.5	2	6	4	3	25	26400	25	26400	0.003	0	0.003	0.003	1056	0	1056	1056	
7.25	7.5	2	7	5	3	38	26426	38	27045	0.00760526	0.00336548	0.003	0.01	711.711	262.705	437	1056	
7.25	7.5	2	8	2	3	50	26450	50	26450	0.003	0	0.003	0.003	529	410.122	123	935	
7.25	7.5	2	9	3	3	37	26424	37	25805	0.00772973	0.00332205	0.003	0.01	697.432	263.242	437	1056	
7.25	7.5	2	10	1	3	25	26400	25	26400	0.003	0	0.003	0.003	1056	0	1056	1056	
7.25	7.5	3	11	5	3	50	26450	50	26450	0.0065	0.00353553	0.003	0.01	529	92.934	437	621	
7.25	7.5	3	12	3	3	50	26450	50	26450	0.003	0	0.003	0.003	529	313.147	219	839	
7.25	7.5	3	13	1	3	25	26400	25	26400	0.003	0	0.003	0.003	1056	0	1056	1056	
7.25	7.5	3	14	4	3	25	26400	25	26400	0.003	0	0.003	0.003	1056	0	1056	1056	
7.25	7.5	3	15	2	3	25	26400	25	26400	0.003	0	0.003	0.003	1056	0	1056	1056	
7.25	7.5	1	16	3	3	50	26450	50	26450	0.003	0	0.003	0.003	529	410.122	123	935	
7.25	7.5	1	17	2	3	25	26400	25	26400	0.01	0	0.01	0.01	1056	0	1056	1056	
7.25	7.5	1	18	4	3	50	26450	50	26450	0.003	0	0.003	0.003	529	410.122	123	935	
7.25	7.5	1	19	5	3	25	26400	25	26400	0.003	0	0.003	0.003	1056	0	1056	1056	
7.25	7.5	1	20	1	3	25	26400	25	26400	0.01	0	0.01	0.01	1056	0	1056	1056	
7.5	7.75	4	1	5	3	50	26450	50	26450	0.003	0	0.003	0.003	529	313.147	219	839	
7.5	7.75	4	2	3	3	24	25354	25	27031	0.0086	0.00285774	0.003	0.01	1081.24	419.013	437	1677	
7.5	7.75	4	3	2	3	38	26659	37	26221	0.00583784	0.0034842	0.003	0.01	708.676	271.55	219	1056	
7.5	7.75	4	4	1	3	38	26442	38	26442	0.00576316	0.00346749	0.003	0.01	695.842	266.001	219	1056	
7.5	7.75	4	5	4	3	50	26450	50	26450	0.003	0	0.003	0.003	529	410.122	123	935	
7.5	7.75	2	6	4	3	25	26400	25	26400	0.003	0	0.003	0.003	1056	0	1056	1056	
7.5	7.75	2	7	5	3	37	26424	37	25805	0.00772973	0.00332205	0.003	0.01	697.432	263.242	437	1056	
7.5	7.75	2	8	2	3	50	26450	50	26450	0.003	0	0.003	0.003	529	410.122	123	935	
7.5	7.75	2	9	3	3	38	26426	38	27045	0.00760526	0.00336548	0.003	0.01	711.711	262.705	437	1056	
7.5	7.75	2	10	1	3	25	26400	25	26400	0.003	0	0.003	0.003	1056	0	1056	1056	
7.5	7.75	3	11	5	3	50	26450	50	26450	0.0065	0.00353553	0.003	0.01	529	92.934	437	621	
7.5	7.75	3	12	3	3	50	26450	50	26450	0.003	0	0.003	0.003	529	313.147	219	839	
7.5	7.75	3	13	1	3	25	26400	25	26400	0.003	0	0.003	0.003	1056	0	1056	1056	
7.5	7.75	3	14	4	3	25	26400	25	26400	0.003	0	0.003	0.003	1056	0	1056	1056	
7.5	7.75	3	15	2	3	25	26400	25	26400	0.003	0	0.003	0.003	1056	0	1056	1056	
7.5	7.75	1	16	3	3	50	26450	50	26450	0.003	0	0.003	0.003	529	410.122	123	935	
7.5	7.75	1	17	2	3	25	26400	25	26400	0.01	0	0.01	0.01	1056	0	1056	1056	
7.5	7.75	1	18	4	3	50	26450	50	26450	0.003	0	0.003	0.003	529	410.122	123	935	
7.5	7.75	1	19	5	3	25	26400	25	26400	0.003	0	0.003	0.003	1056	0	1056	1056	
7.5	7.75	1	20	1	3	25	26400	25	26400	0.01	0	0.01	0.01	1056	0	1056	1056	
7.75	8	4	1	5	3	50	26450	50	26450	0.003	0	0.003	0.003	529	313.147	219	839	
7.75	8	4	2	3	3	26	27470	25	25793	0.00804	0.0032078	0.003	0.01	1031.72	455.578	437	1677	
7.75	8	4	3	2	3	37	25382	38	25820	0.00594737	0.00350249	0.003	0.01	679.474	288.744	219	1056	
7.75	8	4	4	1	3	37	26438	37	27275	0.00602703	0.00351573	0.003	0.01	737.162	269.212	219	1056	
7.75	8	4	5	4	3	50	26450	50	26450	0.003	0	0.003	0.003	529	410.122	123	935	
7.75	8	2	6	4	3	25	26400	25	26400	0.003	0	0.003	0.003	1056	0	1056	1056	
7.75	8	2	7	5	3	38	26426	38	27045	0.00760526	0.00336548	0.003	0.01	711.711	262.705	437	1056	
7.75	8	2	8	2	3	50	26450	50	26450	0.003	0	0.003	0.003	529	410.122	123	935	
7.75	8	2	9	3	3	37	26424	37	25805	0.00772973	0.00332205	0.003	0.01	697.432	263.242	437	1056	
7.75	8	2	10	1	3	25	26400	25	26400	0.003	0	0.003	0.003	1056	0	1056	1056	
7.75	8	3	11	5	3	50	26450	50	26450	0.0065	0.00353553	0.003	0.01	529	92.934	437	621	
7.75	8	3	12	3	3	50	26450	50	26450	0.003	0	0.003	0.003	529	313.147	219	839	
7.75	8	3	13	1	3	25	26400	25	26400	0.003	0	0.003	0.003	1056	0	1056	1056	
7.75	8	3	14	4	3	25	26400	25	26400	0.003	0	0.003	0.003	1056	0	1056	1056	
7.75	8	3	15	2	3	25	26400	25	26400	0.003	0	0.003	0.003	1056	0	1056	1056	
7.75	8	1	16	3	3	50	26450	50	26450	0.003	0	0.003	0.003	529	410.122	123	935	
7.75	8	1	17	2	3	25	26400	25	26400	0.01	0	0.01	0.01	1056	0	1056	1056	
7.75	8	1	18	4	3	50	26450	50	26450	0.003	0	0.003	0.003	529	410.122	123	935	
7.75	8	1	19	5	3	25	26400	25	26400	0.003	0	0.003	0.003	1056	0	1056	1056	
7.75	8	1	20	1	3	25	26400	25	26400	0.01	0	0.01	0.01	1056	0	1056	1056	
8	8.25	4	1	5	3	50	26450	50	26450	0.003	0	0.003	0.003	529	313.147	219	839	
8	8.25	4	2	3	3	25	26412	25	26412	0.00832	0.00305123	0.003	0.01	1056.48	438.407	437	1677	
8	8.25	4	3	2	3	36	26436	36	26436	0.00611111	0.00352767	0.003	0.01	734.333	272.473	219	1056	
8	8.25	4	4	1	3	39	26442	39	26442	0.00569231	0.00345005	0.003	0.01	678	280.687	219	1056	
8	8.25	4	5	4	3	50	26450	50	26450	0.003	0	0.003	0.003	529	410.122	123	935	
8	8.25	2	6	4	3	25	26400	25	26400	0.003	0	0.003	0.003	1056	0	1056	1056	
8	8.25	2	7	5	3	37	26424	37	25805	0.00772973	0.00332205	0.003	0.01	697.432	263.242	437	1056	
8	8.25	2	8	2	3	50	26450	50	26450	0.003	0	0.003	0.003	529	410.122	123	935	
8	8.25	2	9	3	3	38	26426	38	27045	0.00760526	0.00336548	0.003	0.01	711.711	262.705	437	1056	
8	8.25	2	10	1	3	25	26400	25	26400	0.003	0	0.003	0.003	1056	0	1056	1056	
8	8.25	3	11	5	3	50	26450	50	26450	0.0065	0.00353553	0.003	0.01	529	92.934	437	621	
8	8.25	3	12	3	3	50	26450	50	26450	0.003	0	0.003	0.003	529	313.147	219	839	
8	8.25	3	13	1	3	25	26400	25	26400	0.003	0	0.003	0.003	1056	0	1056	1056	
8	8.25	3	14	4	3	25	26400	25	26400	0.003	0	0.003	0.003	1056	0	1056	1056	
8	8.25	3	15	2	3	25	26400	25	26400	0.003	0	0.003	0.003	1056	0	1056	1056	
8	8.25	1	16	3	3	50	26450	50	26450	0.003	0	0.003	0.003	529	410.122	123	935	
8	8.25	1	17	2	3	25	26400	25	26400	0.01	0	0.01	0.01	1056	0	1056	1056	
8	8.25	1	18	4	3	50	26450	50	26450	0.003	0	0.003	0.003	529	410.122	123	935	
8	8.25	1	19	5	3	25	26400	25	26400	0.003	0	0.003	0.003	1056	0	1056	1056	
8	8.25	1	20	1	3	25	26400	25	26400	0.01	0	0.01	0.01	1056	0	1056	1056	
8.25	8.5	4	1	5	3	50	26450	50	26450	0.003	0	0.003	0.003	529	313.147	219	839	
8.25	8.5	4	2	3	3	25	26412	25	26412	0.00832	0.00305123	0.003	0.01	1056.48	438.407	437	1677	
8.25	8.5	4	3	2	3	39	27281	39	27281	0.00569231	0.00345005	0.003	0.01	699.513	263.476	219	1056	
8.25	8.5	4	4	1	3	36	26436	36	25599	0.00611111	0.00352767	0.003	0.01	711.083	279.851	219	1056	
8.25	8.5	4	5	4	3	50	26450	50	26450	0.003	0	0.003	0.003	529	410.122	123	935	
8.25	8.5	2	6	4	3	25	26400	25	26400	0.003	0	0.003	0.003	1056	0	1056	1056	
8.25	8.5	2	7	5	3	38	26426	38	27045	0.00760526	0.00336548	0.003	0.01	711.711	262.705	437	1056	
8.25	8.5	2	8	2	3	50	26450	50	26450	0.003	0	0.003	0.003	529	410.122	123	935	
8.25	8.5	2	9	3	3	37	26424	37	25805	0.00772973	0.00332205	0.003	0.01	697.432	263.242	437	1056	
8.25	8.5	2	10	1	3	25	26400	25	26400	0.003	0	0.003	0.003	1056	0	1056	1056	
8.25	8.5	3	11	5	3	50	26450	50	26450	0.0065	0.00353553	0.003	0.01	529	92.934	437	621	
8.25	8.5	3	12	3	3	50	26450	50	26450	0.003	0	0.003	0.003	529	313.147	219	839	
8.25	8.5	3	13	1	3	25	26400	25	26400	0.003	0	0.003	0.003	1056	0	1056	1056	
8.25	8.5	3	14	4	3	25	26400	25	26400	0.003	0	0.003	0.003	1056	0	1056	1056	
8.25	8.5	3	15	2	3	25	26400	25	26400	0.003	0	0.003	0.003	1056	0	1056	1056	
8.25	8.5	1	16	3	3	50	26450	50	26450	0.003	0	0.003	0.003	529	410.122	123	935	
8.25	8.5	1	17	2	3	25	26400	25	26400	0.01	0	0.01	0.01	1056	0	1056	1056	
8.25	8.5	1	18	4	3	50	26450	50	26450	0.003	0	0.003	0.003	529	410.122	123	935	
8.25	8.5	1	19	5	3	25	26400	25	26400	0.003	0	0.003	0.003	1056	0	1056	1056	
8.25	8.5	1	20	1	3	25	26400	25	26400	0.01	0	0.01	0.01	1056	0	1056	1056	
8.5	8.75	4	1	5	3	50	26450	50	26450	0.003	0	0.003	0.003	529	313.147	219	839	
8.5	8.75	4	2	3	3	25	26412	25	27033	0.00832	0.00305123	0.003	0.01	1081.32	455.633	437	1677	
8.5	8.75	4	3	2	3	39	26659	38	26440	0.00576316	0.00346749	0.003	0.01	695.789	279.386	219	1056	
8.5	8.75	4	4	1	3	36	25382	37	26438	0.00602703	0.00351573	0.003	0.01	714.541	276.737	219	1056	
8.5	8.75	4	5	4	3	50	26450	50	26450	0.003	0	0.003	0.003	529	410.122	123	935	
8.5	8.75	2	6	4	3	25	26400	25	26400	0.003	0	0.003	0.003	1056	0	1056	1056	
8.5	8.75	2	7	5	3	37	26424	37	25805	0.00772973	0.00332205	0.003	0.01	697.432	263.242	437	1056	
8.5	8.75	2	8	2	3	50	26450	50	26450	0.003	0	0.003	0.003	529	410.122	123	935	
8.5	8.75	2	9	3	3	38	26426	38	27045	0.00760526	0.00336548	0.003	0.01	711.711	262.705	437	1056	
8.5	8.75	2	10	1	3	25	26400	25	26400	0.003	0	0.003	0.003	1056	0	1056	1056	
8.5	8.75	3	11	5	3	50	26450	50	26450	0.0065	0.00353553	0.003	0.01	529	92.934	437	621	
8.5	8.75	3	12	3	3	50	26450	50	26450	0.003	0	0.003	0.003	529	313.147	219	839	
8.5	8.75	3	13	1	3	25	26400	25	26400	0.003	0	0.003	0.003	1056	0	1056	1056	
8.5	8.75	3	14	4	3	25	26400	25	26400	0.003	0	0.003	0.003	1056	0	1056	1056	
8.5	8.75	3	15	2	3	25	26400	25	26400	0.003	0	0.003	0.003	1056	0	1056	1056	
8.5	8.75	1	16	3	3	50	26450	50	26450	0.003	0	0.003	0.003	529	410.122	123	935	
8.5	8.75	1	17	2	3	25	26400	25	26400	0.01	0	0.01	0.01	1056	0	1056	1056	
8.5	8.75	1	18	4	3	50	26450	50	26450	0.003	0	0.003	0.003	529	410.122	123	935	
8.5	8.75	1	19	5	3	25	26400	25	26400	0.003	0	0.003	0.003	1056	0	1056	1056	
8.5	8.75	1	20	1	3	25	26400	25	26400	0.01	0	0.01	0.01	1056	0	1056	1056	
8.75	9	4	1	5	3	50	26450	50	26450	0.003	0	0.003	0.003	529	313.147	219	839	
8.75	9	4	2	3	3	25	26412	25	25791	0.00832	0.00305123	0.003	0.01	1031.64	418.944	437	1677	
8.75	9	4	3	2	3	36	26221	37	26440	0.00602703	0.00351573	0.003	0.01	714.595	262.827	219	1056	
8.75	9	4	4	1	3	39	27498	38	26442	0.00576316	0.00346749	0.003	0.01	695.842	266.001	219	1056	
8.75	9	4	5	4	3	50	26450	50	26450	0.003	0	0.003	0.003	529	410.122	123	935	
8.75	9	2	6	4	3	25	26400	25	26400	0.003	0	0.003	0.003	1056	0	1056	1056	
8.75	9	2	7	5	3	38	26426	38	27045	0.00760526	0.00336548	0.003	0.01	711.711	262.705	437	1056	
8.75	9	2	8	2	3	50	26450	50	26450	0.003	0	0.003	0.003	529	410.122	123	935	
8.75	9	2	9	3	3	37	26424	37	25805	0.00772973	0.00332205	0.003	0.01	697.432	263.242	437	1056	
8.75	9	2	10	1	3	25	26400	25	26400	0.003	0	0.003	0.003	1056	0	1056	1056	
8.75	9	3	11	5	3	50	26450	50	26450	0.0065	0.00353553	0.003	0.01	529	92.934	437	621	
8.75	9	3	12	3	3	50	26450	50	26450	0.003	0	0.003	0.003	529	313.147	219	839	
8.75	9	3	13	1	3	25	26400	25	26400	0.003	0	0.003	0.003	1056	0	1056	1056	
8.75	9	3	14	4	3	25	26400	25	26400	0.003	0	0.003	0.003	1056	0	1056	1056	
8.75	9	3	15	2	3	25	26400	25	26400	0.003	0	0.003	0.003	1056	0	1056	1056	
8.75	9	1	16	3	3	50	26450	50	26450	0.003	0	0.003	0.003	529	410.122	123	935	
8.75	9	1	17	2	3	25	26400	25	26400	0.01	0	0.01	0.01	1056	0	1056	1056	
8.75	9	1	18	4	3	50	26450	50	26450	0.003	0	0.003	0.003	529	410.122	123	935	
8.75	9	1	19	5	3	25	26400	25	26400	0.003	0	0.003	0.003	1056	0	1056	1056	
8.75	9	1	20	1	3	25	26400	25	26400	0.01	0	0.01	0.01	1056	0	1056	1056	
9	9.25	4	1	5	3	50	26450	50	26450	0.003	0	0.003	0.003	529	313.147	219	839	
9	9.25	4	2	3	3	25	26412	25	27033	0.00832	0.00305123	0.003	0.01	1081.32	455.633	437	1677	
9	9.25	4	3	2	3	39	26659	38	26440	0.00576316	0.00346749	0.003	0.01	695.789	279.386	219	1056	
9	9.25	4	4	1	3	36	25382	37	26438	0.00602703	0.00351573	0.003	0.01	714.541	276.737	219	1056	
9	9.25	4	5	4	3	50	26450	50	26450	0.003	0	0.003	0.003	529	410.122	123	935	
9	9.25	2	6	4	3	25	26400	25	26400	0.003	0	0.003	0.003	1056	0	1056	1056	
9	9.25	2	7	5	3	37	26424	37	25805	0.00772973	0.00332205	0.003	0.01	697.432	263.242	437	1056	
9	9.25	2	8	2	3	50	26450	50	26450	0.003	0	0.003	0.003	529	410.122	123	935	
9	9.25	2	9	3	3	38	26426	38	27045	0.00760526	0.00336548	0.003	0.01	711.711	262.705	437	1056	
9	9.25	2	10	1	3	25	26400	25	26400	0.003	0	0.003	0.003	1056	0	1056	1056	
9	9.25	3	11	5	3	50	26450	50	26450	0.0065	0.00353553	0.003	0.01	529	92.934	437	621	
9	9.25	3	12	3	3	50	26450	50	26450	0.003	0	0.003	0.003	529	313.147	219	839	
9	9.25	3	13	1	3	25	26400	25	26400	0.003	0	0.003	0.003	1056	0	1056	1056	
9	9.25	3	14	4	3	25	26400	25	26400	0.003	0	0.003	0.003	1056	0	1056	1056	
9	9.25	3	15	2	3	25	26400	25	26400	0.003	0	0.003	0.003	1056	0	1056	1056	
9	9.25	1	16	3	3	50	26450	50	26450	0.003	0	0.003	0.003	529	410.122	123	935	
9	9.25	1	17	2	3	25	26400	25	26400	0.01	0	0.01	0.01	1056	0	1056	1056	
9	9.25	1	18	4	3	50	26450	50	26450	0.003	0	0.003	0.003	529	410.122	123	935	
9	9.25	1	19	5	3	25	26400	25	26400	0.003	0	0.003	0.003	1056	0	1056	1056	
9	9.25	1	20	1	3	25	26400	25	26400	0.01	0	0.01	0.01	1056	0	1056	1056	
9.25	9.5	4	1	5	3	50	26450	50	26450	0.003	0	0.003	0.003	529	313.147	219	839	
9.25	9.5	4	2	3	3	25	26412	25	25791	0.00832	0.00305123	0.003	0.01	1031.64	418.944	437	1677	
9.25	9.5	4	3	2	3	36	26221	37	26440	0.00602703	0.00351573	0.003	0.01	714.595	262.827	219	1056	
9.25	9.5	4	4	1	3	39	27498	38	26442	0.00576316	0.00346749	0.003	0.01	695.842	266.001	219	1056	
9.25	9.5	4	5	4	3	50	26450	50	26450	0.003	0	0.003	0.003	529	410.122	123	935	
9.25	9.5	2	6	4	3	25	26400	25	26400	0.003	0	0.003	0.003	1056	0	1056	1056	
9.25	9.5	2	7	5	3	38	26426	38	27045	0.00760526	0.00336548	0.003	0.01	711.711	262.705	437	1056	
9.25	9.5	2	8	2	3	50	26450	50	26450	0.003	0	0.003	0.003	529	410.122	123	935	
9.25	9.5	2	9	3	3	37	26424	37	25805	0.00772973	0.00332205	0.003	0.01	697.432	263.242	437	1056	
9.25	9.5	2	10	1	3	25	26400	25	26400	0.003	0	0.003	0.003	1056	0	1056	1056	
9.25	9.5	3	11	5	3	50	26450	50	26450	0.0065	0.00353553	0.003	0.01	529	92.934	437	621	
9.25	9.5	3	12	3	3	50	26450	50	26450	0.003	0	0.003	0.003	529	313.147	219	839	
9.25	9.5	3	13	1	3	25	26400	25	26400	0.003	0	0.003	0.003	1056	0	1056	1056	
9.25	9.5	3	14	4	3	25	26400	25	26400	0.003	0	0.003	0.003	1056	0	1056	1056	
9.25	9.5	3	15	2	3	25	26400	25	26400	0.003	0	0.003	0.003	1056	0	1056	1056	
9.25	9.5	1	16	3	3	50	26450	50	26450	0.003	0	0.003	0.003	529	410.122	123	935	
9.25	9.5	1	17	2	3	25	26400	25	26400	0.01	0	0.01	0.01	1056	0	1056	1056	
9.25	9.5	1	18	4	3	50	26450	50	26450	0.003	0	0.003	0.003	529	410.122	123	935	
9.25	9.5	1	19	5	3	25	26400	25	26400	0.003	0	0.003	0.003	1056	0	1056	1056	
9.25	9.5	1	20	1	3	25	26400	25	26400	0.01	0	0.01	0.01	1056	0	1056	1056	
9.5	9.75	4	1	5	3	50	26450	50	26450	0.003	0	0.003	0.003	529	313.147	219	839	
9.5	9.75	4	2	3	3	25	26412	25	27033	0.00832	0.00305123	0.003	0.01	1081.32	455.633	437	1677	
9.5	9.75	4	3	2	3	39	26659	38	26221	0.00576316	0.00346749	0.003	0.01	690.026	287.003	219	1056	
9.5	9.75	4	4	1	3	36	25382	37	26438	0.00602703	0.00351573	0.003	0.01	714.541	276.737	219	1056	
9.5	9.75	4	5	4	3	50	26450	50	26450	0.003	0	0.003	0.003	529	410.122	123	935	
9.5	9.75	2	6	4	3	25	26400	25	26400	0.003	0	0.003	0.003	1056	0	1056	1056	
9.5	9.75	2	7	5	3	37	26424	37	25805	0.00772973	0.00332205	0.003	0.01	697.432	263.242	437	1056	
9.5	9.75	2	8	2	3	50	26450	50	26450	0.003	0	0.003	0.003	529	410.122	123	935	
9.5	9.75	2	9	3	3	38	26426	38	27045	0.00760526	0.00336548	0.003	0.01	711.711	262.705	437	1056	
9.5	9.75	2	10	1	3	25	26400	25	26400	0.003	0	0.003	0.003	1056	0	1056	1056	
9.5	9.75	3	11	5	3	50	26450	50	26450	0.0065	0.00353553	0.003	0.01	529	92.934	437	621	
9.5	9.75	3	12	3	3	50	26450	50	26450	0.003	0	0.003	0.003	529	313.147	219	839	
9.5	9.75	3	13	1	3	25	26400	25	26400	0.003	0	0.003	0.003	1056	0	1056	1056	
9.5	9.75	3	14	4	3	25	26400	25	26400	0.003	0	0.003	0.003	1056	0	1056	1056	
9.5	9.75	3	15	2	3	25	26400	25	26400	0.003	0	0.003	0.003	1056	0	1056	1056	
9.5	9.75	1	16	3	3	50	26450	50	26450	0.003	0	0.003	0.003	529	410.122	123	935	
9.5	9.75	1	17	2	3	25	26400	25	26400	0.01	0	0.01	0.01	1056	0	1056	1056	
9.5	9.75	1	18	4	3	50	26450	50	26450	0.003	0	0.003	0.003	529	410.122	123	935	
9.5	9.75	1	19	5	3	25	26400	25	26400	0.003	0	0.003	0.003	1056	0	1056	1056	
9.5	9.75	1	20	1	3	25	26400	25	26400	0.01	0	0.01	0.01	1056	0	1056	1056	
9.75	10	4	1	5	3	50	26450	50	26450	0.003	0	0.003	0.003	529	313.147	219	839	
9.75	10	4	2	3	3	25	26412	25	26412	0.00832	0.00305123	0.003	0.01	1056.48	438.407	437	1677	
9.75	10	4	3	2	3	36	26436	36	26436	0.00611111	0.00352767	0.003	0.01	734.333	272.473	219	1056	
9.75	10	4	4	1	3	39	26442	39	26442	0.00569231	0.00345005	0.003	0.01	678	280.687	219	1056	
9.75	10	4	5	4	3	50	26450	50	26450	0.003	0	0.003	0.003	529	410.122	123	935	
9.75	10	2	6	4	3	25	26400	25	26400	0.003	0	0.003	0.003	1056	0	1056	1056	
9.75	10	2	7	5	3	38	26426	38	27045	0.00760526	0.00336548	0.003	0.01	711.711	262.705	437	1056	
9.75	10	2	8	2	3	50	26450	50	26450	0.003	0	0.003	0.003	529	410.122	123	935	
9.75	10	2	9	3	3	37	26424	37	25805	0.00772973	0.00332205	0.003	0.01	697.432	263.242	437	1056	
9.75	10	2	10	1	3	25	26400	25	26400	0.003	0	0.003	0.003	1056	0	1056	1056	
9.75	10	3	11	5	3	50	26450	50	26450	0.0065	0.00353553	0.003	0.01	529	92.934	437	621	
9.75	10	3	12	3	3	50	26450	50	26450	0.003	0	0.003	0.003	529	313.147	219	839	
9.75	10	3	13	1	3	25	26400	25	26400	0.003	0	0.003	0.003	1056	0	1056	1056	
9.75	10	3	14	4	3	25	26400	25	26400	0.003	0	0.003	0.003	1056	0	1056	1056	
9.75	10	3	15	2	3	25	26400	25	26400	0.003	0	0.003	0.003	1056	0	1056	1056	
9.75	10	1	16	3	3	50	26450	50	26450	0.003	0	0.003	0.003	529	410.122	123	935	
9.75	10	1	17	2	3	25	26400	25	26400	0.01	0	0.01	0.01	1056	0	1056	1056	
9.75	10	1	18	4	3	50	26450	50	26450	0.003	0	0.003	0.003	529	410.122	123	935	
9.75	10	1	19	5	3	25	26400	25	26400	0.003	0	0.003	0.003	1056	0	1056	1056	
9.75	10	1	20	1	3	25	26400	25	26400	0.01	0	0.01	0.01	1056	0	1056	1056	
