% start	end	CellId	IMSI	RNTI	LCID	nTxPDUs	TxBytes	nRxPDUs	RxBytes	delay	stdDev	min	max	PduSize	stdDev	min	max
0.5	0.75	4	1	5	3	225	44457	216	38230	0.00306481	0.000672007	0.003	0.01	176.991	0.136083	175	177	
0.5	0.75	4	2	3	3	227	31613	218	25506	0.003	0	0.003	0.003	117	0	117	117	
0.5	0.75	4	3	2	3	128	27288	116	20530	0.00891379	0.00254548	0.003	0.01	176.983	0.185695	175	177	
0.5	0.75	4	4	1	3	227	40413	218	34226	0.003	0	0.003	0.003	157	0	157	157	
0.5	0.75	4	5	4	3	234	57480	232	57030	0.00342241	0.00240004	0.003	0.017	245.819	105.659	225	839	
0.5	0.75	2	6	4	3	239	92217	237	91471	0.00326582	0.00134078	0.003	0.01	385.954	79.3637	341	839	
0.5	0.75	2	7	5	3	227	40413	218	34226	0.003	0	0.003	0.003	157	0	157	157	
0.5	0.75	2	8	2	3	232	45696	230	45342	0.00348696	0.00280942	0.003	0.024	197.139	113.968	175	839	
0.5	0.75	2	9	3	3	227	40171	218	33984	0.003	0	0.003	0.003	155.89	6.55827	117	157	
0.5	0.75	2	10	1	3	241	93155	239	92409	0.00320502	0.00118278	0.003	0.01	386.649	78.7393	373	839	
0.5	0.75	3	11	5	3	227	31613	218	25506	0.003	0	0.003	0.003	117	0	117	117	
0.5	0.75	3	12	3	3	123	26305	111	19547	0.00943243	0.00213891	0.003	0.017	176.099	4.16687	157	177	
0.5	0.75	3	13	1	3	216	65137	214	64567	0.00404673	0.00307918	0.003	0.017	301.715	99.4497	225	839	
0.5	0.75	3	14	4	3	234	56948	232	56498	0.00342241	0.00240004	0.003	0.017	243.526	105.259	225	839	
0.5	0.75	3	15	2	3	234	82942	232	82260	0.00342241	0.00240004	0.003	0.017	354.569	86.092	285	839	
0.5	0.75	1	16	3	3	234	56948	232	56498	0.00342241	0.00240004	0.003	0.017	243.526	105.259	225	839	
0.5	0.75	1	17	2	3	227	40413	218	34226	0.003	0	0.003	0.003	157	0	157	157	
0.5	0.75	1	18	4	3	205	50135	202	49460	0.0044901	0.00341527	0.003	0.017	244.851	113.146	177	839	
0.5	0.75	1	19	5	3	234	82942	232	82260	0.00342241	0.00240004	0.003	0.017	354.569	86.092	285	839	
0.5	0.75	1	20	1	3	142	29766	131	23185	0.00748855	0.00337038	0.003	0.01	176.985	0.174741	175	177	
0.75	1	4	1	5	3	250	44250	250	44250	0.003	0	0.003	0.003	177	0	177	177	
0.75	1	4	2	3	3	250	29248	250	29248	0.003	0	0.003	0.003	116.992	0.126491	115	117	
0.75	1	4	3	2	3	139	24603	139	24603	0.00853957	0.00285461	0.003	0.01	177	0	177	177	
0.75	1	4	4	1	3	250	39250	250	39250	0.003	0	0.003	0.003	157	0	157	157	
0.75	1	4	5	4	3	250	56248	250	56248	0.003	0	0.003	0.003	224.992	0.126491	223	225	
0.75	1	2	6	4	3	250	93250	250	93250	0.003	0	0.003	0.003	373	0	373	373	
0.75	1	2	7	5	3	250	39250	250	39250	0.003	0	0.003	0.003	157	0	157	157	
0.75	1	2	8	2	3	250	44250	250	44250	0.003	0	0.003	0.003	177	0	177	177	
0.75	1	2	9	3	3	248	38934	248	38934	0.00305645	0.000627345	0.003	0.01	156.992	0.0896207	156	157	
0.75	1	2	10	1	3	250	93244	250	93244	0.003	0	0.003	0.003	372.976	0.177624	371	373	
0.75	1	3	11	5	3	250	29248	250	29248	0.003	0	0.003	0.003	116.992	0.126491	115	117	
0.75	1	3	12	3	3	127	22479	127	22479	0.00983464	0.00106729	0.003	0.01	177	0	177	177	
0.75	1	3	13	1	3	237	67545	237	67545	0.00338397	0.00159722	0.003	0.01	285	0	285	285	
0.75	1	3	14	4	3	250	56247	250	56247	0.003	0	0.003	0.003	224.988	0.141194	223	225	
0.75	1	3	15	2	3	250	85250	250	85250	0.003	0	0.003	0.003	341	0	341	341	
0.75	1	1	16	3	3	250	56247	250	56247	0.003	0	0.003	0.003	224.988	0.141194	223	225	
0.75	1	1	17	2	3	250	39250	250	39250	0.003	0	0.003	0.003	157	0	157	157	
0.75	1	1	18	4	3	223	50173	224	50398	0.00384375	0.00228421	0.003	0.01	224.991	0.133631	223	225	
0.75	1	1	19	5	3	250	85250	250	85250	0.003	0	0.003	0.003	341	0	341	341	
0.75	1	1	20	1	3	147	26019	148	26196	0.00782432	0.00325078	0.003	0.01	177	0	177	177	
1	1.25	4	1	5	3	249	44073	249	44073	0.00302811	0.000443607	0.003	0.01	177	0	177	177	
1	1.25	4	2	3	3	249	29130	249	29130	0.00302811	0.000443607	0.003	0.01	116.988	0.109321	116	117	
1	1.25	4	3	2	3	140	24780	143	25311	0.00838461	0.00295964	0.003	0.01	177	0	177	177	
1	1.25	4	4	1	3	250	39250	250	39250	0.003	0	0.003	0.003	157	0	157	157	
1	1.25	4	5	4	3	250	56249	250	56249	0.003	0	0.003	0.003	224.996	0.0632456	224	225	
1	1.25	2	6	4	3	249	92872	249	92872	0.00302811	0.000443607	0.003	0.01	372.98	0.166796	371	373	
1	1.25	2	7	5	3	250	39250	250	39250	0.003	0	0.003	0.003	157	0	157	157	
1	1.25	2	8	2	3	250	44250	250	44250	0.003	0	0.003	0.003	177	0	177	177	
1	1.25	2	9	3	3	249	39091	249	39091	0.00302811	0.000443607	0.003	0.01	156.992	0.0894413	156	157	
1	1.25	2	10	1	3	250	93243	250	93243	0.003	0	0.003	0.003	372.972	0.165304	372	373	
1	1.25	3	11	5	3	250	29247	250	29247	0.003	0	0.003	0.003	116.988	0.109104	116	117	
1	1.25	3	12	3	3	126	22302	127	22479	0.00977953	0.00122742	0.003	0.01	177	0	177	177	
1	1.25	3	13	1	3	239	68115	238	67830	0.00332353	0.0014728	0.003	0.01	285	0	285	285	
1	1.25	3	14	4	3	250	56249	250	56249	0.003	0	0.003	0.003	224.996	0.0632456	224	225	
1	1.25	3	15	2	3	250	85248	250	85248	0.003	0	0.003	0.003	340.992	0.126491	339	341	
1	1.25	1	16	3	3	250	56249	250	56249	0.003	0	0.003	0.003	224.996	0.0632456	224	225	
1	1.25	1	17	2	3	250	39250	250	39250	0.003	0	0.003	0.003	157	0	157	157	
1	1.25	1	18	4	3	222	49949	222	49949	0.00388288	0.00232919	0.003	0.01	224.995	0.0671156	224	225	
1	1.25	1	19	5	3	250	85248	250	85248	0.003	0	0.003	0.003	340.992	0.126491	339	341	
1	1.25	1	20	1	3	149	26373	149	26373	0.00779195	0.0032638	0.003	0.01	177	0	177	177	
1.25	1.5	4	1	5	3	250	44250	250	44250	0.003	0	0.003	0.003	177	0	177	177	
1.25	1.5	4	2	3	3	249	29131	249	29131	0.00302811	0.000443607	0.003	0.01	116.992	0.0894413	116	117	
1.25	1.5	4	3	2	3	142	25134	138	24426	0.00852898	0.00286227	0.003	0.01	177	0	177	177	
1.25	1.5	4	4	1	3	250	39247	250	39247	0.003	0	0.003	0.003	156.988	0.141194	155	157	
1.25	1.5	4	5	4	3	250	56248	250	56248	0.003	0	0.003	0.003	224.992	0.0892629	224	225	
1.25	1.5	2	6	4	3	250	93243	250	93243	0.003	0	0.003	0.003	372.972	0.165304	372	373	
1.25	1.5	2	7	5	3	250	39247	250	39247	0.003	0	0.003	0.003	156.988	0.141194	155	157	
1.25	1.5	2	8	2	3	250	44250	250	44250	0.003	0	0.003	0.003	177	0	177	177	
1.25	1.5	2	9	3	3	246	38620	246	38620	0.00311382	0.000887126	0.003	0.01	156.992	0.0899828	156	157	
1.25	1.5	2	10	1	3	250	93243	250	93243	0.003	0	0.003	0.003	372.972	0.165304	372	373	
1.25	1.5	3	11	5	3	250	29248	250	29248	0.003	0	0.003	0.003	116.992	0.0892629	116	117	
1.25	1.5	3	12	3	3	128	22656	126	22302	0.00983333	0.00107145	0.003	0.01	177	0	177	177	
1.25	1.5	3	13	1	3	232	66120	233	66405	0.00354077	0.00187297	0.003	0.01	285	0	285	285	
1.25	1.5	3	14	4	3	250	56248	250	56248	0.003	0	0.003	0.003	224.992	0.0892629	224	225	
1.25	1.5	3	15	2	3	250	85248	250	85248	0.003	0	0.003	0.003	340.992	0.126491	339	341	
1.25	1.5	1	16	3	3	250	56248	250	56248	0.003	0	0.003	0.003	224.992	0.0892629	224	225	
1.25	1.5	1	17	2	3	250	39247	250	39247	0.003	0	0.003	0.003	156.988	0.141194	155	157	
1.25	1.5	1	18	4	3	216	48599	215	48374	0.00410698	0.00256006	0.003	0.01	224.995	0.0681994	224	225	
1.25	1.5	1	19	5	3	250	85248	250	85248	0.003	0	0.003	0.003	340.992	0.126491	339	341	
1.25	1.5	1	20	1	3	151	26727	150	26550	0.00762	0.00332707	0.003	0.01	177	0	177	177	
1.5	1.75	4	1	5	3	247	43719	247	43719	0.00308502	0.000768312	0.003	0.01	177	0	177	177	
1.5	1.75	4	2	3	3	250	29247	250	29247	0.003	0	0.003	0.003	116.988	0.109104	116	117	
1.5	1.75	4	3	2	3	141	24957	142	25134	0.00842253	0.00293505	0.003	0.01	177	0	177	177	
1.5	1.75	4	4	1	3	250	39248	250	39248	0.003	0	0.003	0.003	156.992	0.0892629	156	157	
1.5	1.75	4	5	4	3	250	56248	250	56248	0.003	0	0.003	0.003	224.992	0.0892629	224	225	
1.5	1.75	2	6	4	3	244	91005	244	91005	0.00317213	0.00108634	0.003	0.01	372.971	0.167273	372	373	
1.5	1.75	2	7	5	3	250	39248	250	39248	0.003	0	0.003	0.003	156.992	0.0892629	156	157	
1.5	1.75	2	8	2	3	250	44250	250	44250	0.003	0	0.003	0.003	177	0	177	177	
1.5	1.75	2	9	3	3	247	38776	246	38619	0.00308536	0.000769859	0.003	0.01	156.988	0.10998	156	157	
1.5	1.75	2	10	1	3	250	93243	250	93243	0.003	0	0.003	0.003	372.972	0.165304	372	373	
1.5	1.75	3	11	5	3	250	29247	250	29247	0.003	0	0.003	0.003	116.988	0.109104	116	117	
1.5	1.75	3	12	3	3	127	22479	128	22656	0.00967187	0.00148541	0.003	0.01	177	0	177	177	
1.5	1.75	3	13	1	3	233	66405	233	66405	0.00351073	0.00182443	0.003	0.01	285	0	285	285	
1.5	1.75	3	14	4	3	250	56249	250	56249	0.003	0	0.003	0.003	224.996	0.0632456	224	225	
1.5	1.75	3	15	2	3	250	85248	250	85248	0.003	0	0.003	0.003	340.992	0.126491	339	341	
1.5	1.75	1	16	3	3	250	56249	250	56249	0.003	0	0.003	0.003	224.996	0.0632456	224	225	
1.5	1.75	1	17	2	3	250	39248	250	39248	0.003	0	0.003	0.003	156.992	0.0892629	156	157	
1.5	1.75	1	18	4	3	211	47473	211	47473	0.00429384	0.0027236	0.003	0.01	224.991	0.0971264	224	225	
1.5	1.75	1	19	5	3	250	85248	250	85248	0.003	0	0.003	0.003	340.992	0.126491	339	341	
1.5	1.75	1	20	1	3	151	26727	153	27081	0.00757516	0.00334171	0.003	0.01	177	0	177	177	
1.75	2	4	1	5	3	246	43542	246	43542	0.00311382	0.000887126	0.003	0.01	177	0	177	177	
1.75	2	4	2	3	3	250	29248	250	29248	0.003	0	0.003	0.003	116.992	0.0892629	116	117	
1.75	2	4	3	2	3	135	23895	136	24072	0.00886765	0.00258717	0.003	0.01	177	0	177	177	
1.75	2	4	4	1	3	250	39247	250	39247	0.003	0	0.003	0.003	156.988	0.109104	156	157	
1.75	2	4	5	4	3	250	56249	250	56249	0.003	0	0.003	0.003	224.996	0.0632456	224	225	
1.75	2	2	6	4	3	249	92871	249	92871	0.00302811	0.000443607	0.003	0.01	372.976	0.153657	372	373	
1.75	2	2	7	5	3	250	39247	250	39247	0.003	0	0.003	0.003	156.988	0.109104	156	157	
1.75	2	2	8	2	3	250	44250	250	44250	0.003	0	0.003	0.003	177	0	177	177	
1.75	2	2	9	3	3	242	37992	243	38149	0.00323045	0.0012516	0.003	0.01	156.992	0.0905342	156	157	
1.75	2	2	10	1	3	250	93244	250	93244	0.003	0	0.003	0.003	372.976	0.153356	372	373	
1.75	2	3	11	5	3	250	29248	250	29248	0.003	0	0.003	0.003	116.992	0.0892629	116	117	
1.75	2	3	12	3	3	126	22302	125	22125	0.009944	0.000626099	0.003	0.01	177	0	177	177	
1.75	2	3	13	1	3	231	65835	231	65835	0.00357576	0.0019274	0.003	0.01	285	0	285	285	
1.75	2	3	14	4	3	250	56248	250	56248	0.003	0	0.003	0.003	224.992	0.0892629	224	225	
1.75	2	3	15	2	3	250	85250	250	85250	0.003	0	0.003	0.003	341	0	341	341	
1.75	2	1	16	3	3	250	56248	250	56248	0.003	0	0.003	0.003	224.992	0.0892629	224	225	
1.75	2	1	17	2	3	250	39247	250	39247	0.003	0	0.003	0.003	156.988	0.109104	156	157	
1.75	2	1	18	4	3	214	48149	214	48149	0.00417757	0.0026246	0.003	0.01	224.995	0.0683586	224	225	
1.75	2	1	19	5	3	250	85250	250	85250	0.003	0	0.003	0.003	341	0	341	341	
1.75	2	1	20	1	3	149	26373	148	26196	0.00777703	0.00326978	0.003	0.01	177	0	177	177	
2	2.25	4	1	5	3	244	43188	244	43188	0.00317213	0.00108634	0.003	0.01	177	0	177	177	
2	2.25	4	2	3	3	250	29247	250	29247	0.003	0	0.003	0.003	116.988	0.109104	116	117	
2	2.25	4	3	2	3	140	24780	141	24957	0.00846099	0.00290939	0.003	0.01	177	0	177	177	
2	2.25	4	4	1	3	250	39248	250	39248	0.003	0	0.003	0.003	156.992	0.0892629	156	157	
2	2.25	4	5	4	3	250	56248	250	56248	0.003	0	0.003	0.003	224.992	0.0892629	224	225	
2	2.25	2	6	4	3	245	91378	245	91378	0.00314286	0.000991769	0.003	0.01	372.971	0.16694	372	373	
2	2.25	2	7	5	3	250	39248	250	39248	0.003	0	0.003	0.003	156.992	0.0892629	156	157	
2	2.25	2	8	2	3	250	44250	250	44250	0.003	0	0.003	0.003	177	0	177	177	
2	2.25	2	9	3	3	246	38620	246	38620	0.00311382	0.000887126	0.003	0.01	156.992	0.0899828	156	157	
2	2.25	2	10	1	3	250	93243	250	93243	0.003	0	0.003	0.003	372.972	0.165304	372	373	
2	2.25	3	11	5	3	250	29247	250	29247	0.003	0	0.003	0.003	116.988	0.109104	116	117	
2	2.25	3	12	3	3	127	22479	128	22656	0.00978125	0.00122273	0.003	0.01	177	0	177	177	
2	2.25	3	13	1	3	224	63840	222	63270	0.00381982	0.00225601	0.003	0.01	285	0	285	285	
2	2.25	3	14	4	3	250	56249	250	56249	0.003	0	0.003	0.003	224.996	0.0632456	224	225	
2	2.25	3	15	2	3	250	85248	250	85248	0.003	0	0.003	0.003	340.992	0.126491	339	341	
2	2.25	1	16	3	3	250	56249	250	56249	0.003	0	0.003	0.003	224.996	0.0632456	224	225	
2	2.25	1	17	2	3	249	39091	249	39091	0.00302811	0.000443607	0.003	0.01	156.992	0.0894413	156	157	
2	2.25	1	18	4	3	209	47024	209	47024	0.0043732	0.00278638	0.003	0.01	224.995	0.0691714	224	225	
2	2.25	1	19	5	3	250	85248	250	85248	0.003	0	0.003	0.003	340.992	0.126491	339	341	
2	2.25	1	20	1	3	154	27258	152	26904	0.007375	0.00340006	0.003	0.01	177	0	177	177	
2.25	2.5	4	1	5	3	246	43542	246	43542	0.00311382	0.000887126	0.003	0.01	177	0	177	177	
2.25	2.5	4	2	3	3	250	29248	250	29248	0.003	0	0.003	0.003	116.992	0.0892629	116	117	
2.25	2.5	4	3	2	3	146	25842	146	25842	0.00793836	0.00320177	0.003	0.01	177	0	177	177	
2.25	2.5	4	4	1	3	250	39248	250	39248	0.003	0	0.003	0.003	156.992	0.0892629	156	157	
2.25	2.5	4	5	4	3	250	56249	250	56249	0.003	0	0.003	0.003	224.996	0.0632456	224	225	
2.25	2.5	2	6	4	3	242	90259	242	90260	0.0032314	0.00125411	0.003	0.01	372.975	0.155817	372	373	
2.25	2.5	2	7	5	3	250	39248	250	39248	0.003	0	0.003	0.003	156.992	0.0892629	156	157	
2.25	2.5	2	8	2	3	250	44250	250	44250	0.003	0	0.003	0.003	177	0	177	177	
2.25	2.5	2	9	3	3	235	36893	235	36893	0.00344681	0.0017148	0.003	0.01	156.991	0.0920558	156	157	
2.25	2.5	2	10	1	3	250	93243	250	93243	0.003	0	0.003	0.003	372.972	0.165304	372	373	
2.25	2.5	3	11	5	3	250	29248	250	29248	0.003	0	0.003	0.003	116.992	0.0892629	116	117	
2.25	2.5	3	12	3	3	129	22833	129	22833	0.00962015	0.00159194	0.003	0.01	177	0	177	177	
2.25	2.5	3	13	1	3	225	64125	226	64410	0.00377434	0.0022005	0.003	0.01	285	0	285	285	
2.25	2.5	3	14	4	3	250	56248	250	56248	0.003	0	0.003	0.003	224.992	0.0892629	224	225	
2.25	2.5	3	15	2	3	250	85248	250	85248	0.003	0	0.003	0.003	340.992	0.126491	339	341	
2.25	2.5	1	16	3	3	250	56248	250	56248	0.003	0	0.003	0.003	224.992	0.0892629	224	225	
2.25	2.5	1	17	2	3	250	39248	250	39248	0.003	0	0.003	0.003	156.992	0.0892629	156	157	
2.25	2.5	1	18	4	3	212	47698	212	47698	0.00425472	0.00269126	0.003	0.01	224.991	0.0968982	224	225	
2.25	2.5	1	19	5	3	250	85248	250	85248	0.003	0	0.003	0.003	340.992	0.126491	339	341	
2.25	2.5	1	20	1	3	148	26196	149	26373	0.00779195	0.0032638	0.003	0.01	177	0	177	177	
2.5	2.75	4	1	5	3	246	43542	246	43542	0.00311382	0.000887126	0.003	0.01	177	0	177	177	
2.5	2.75	4	2	3	3	250	29247	250	29248	0.003	0	0.003	0.003	116.992	0.0892629	116	117	
2.5	2.75	4	3	2	3	147	26019	145	25665	0.00806896	0.00313948	0.003	0.01	177	0	177	177	
2.5	2.75	4	4	1	3	250	39248	250	39248	0.003	0	0.003	0.003	156.992	0.0892629	156	157	
2.5	2.75	4	5	4	3	250	56248	250	56248	0.003	0	0.003	0.003	224.992	0.0892629	224	225	
2.5	2.75	2	6	4	3	241	89887	241	89886	0.00326141	0.00132999	0.003	0.01	372.971	0.168284	372	373	
2.5	2.75	2	7	5	3	250	39248	250	39248	0.003	0	0.003	0.003	156.992	0.0892629	156	157	
2.5	2.75	2	8	2	3	250	44250	250	44250	0.003	0	0.003	0.003	177	0	177	177	
2.5	2.75	2	9	3	3	249	30292	249	30372	0.00302811	0.000443607	0.003	0.01	121.976	13.222	117	157	
2.5	2.75	2	10	1	3	250	93243	250	93243	0.003	0	0.003	0.003	372.972	0.165304	372	373	
2.5	2.75	3	11	5	3	250	29247	250	29247	0.003	0	0.003	0.003	116.988	0.109104	116	117	
2.5	2.75	3	12	3	3	127	22479	127	22479	0.00977953	0.00122742	0.003	0.01	177	0	177	177	
2.5	2.75	3	13	1	3	224	63840	223	63555	0.00381614	0.00225159	0.003	0.01	285	0	285	285	
2.5	2.75	3	14	4	3	250	56248	250	56248	0.003	0	0.003	0.003	224.992	0.0892629	224	225	
2.5	2.75	3	15	2	3	250	85250	250	85250	0.003	0	0.003	0.003	341	0	341	341	
2.5	2.75	1	16	3	3	250	56248	250	56248	0.003	0	0.003	0.003	224.992	0.0892629	224	225	
2.5	2.75	1	17	2	3	250	39248	250	39248	0.003	0	0.003	0.003	156.992	0.0892629	156	157	
2.5	2.75	1	18	4	3	219	49274	219	49274	0.00399087	0.00244572	0.003	0.01	224.995	0.0675737	224	225	
2.5	2.75	1	19	5	3	250	85250	250	85250	0.003	0	0.003	0.003	341	0	341	341	
2.5	2.75	1	20	1	3	144	25488	145	25665	0.00816552	0.00308899	0.003	0.01	177	0	177	177	
2.75	3	4	1	5	3	241	42657	241	42657	0.00326141	0.00132999	0.003	0.01	177	0	177	177	
2.75	3	4	2	3	3	250	29248	250	29247	0.003	0	0.003	0.003	116.988	0.109104	116	117	
2.75	3	4	3	2	3	145	25665	144	25488	0.00810417	0.00312159	0.003	0.01	177	0	177	177	
2.75	3	4	4	1	3	250	39247	250	39247	0.003	0	0.003	0.003	156.988	0.109104	156	157	
2.75	3	4	5	4	3	250	56249	250	56249	0.003	0	0.003	0.003	224.996	0.0632456	224	225	
2.75	3	2	6	4	3	240	89513	239	89141	0.00329289	0.00140452	0.003	0.01	372.975	0.156771	372	373	
2.75	3	2	7	5	3	250	39247	250	39247	0.003	0	0.003	0.003	156.988	0.109104	156	157	
2.75	3	2	8	2	3	250	44250	250	44250	0.003	0	0.003	0.003	177	0	177	177	
2.75	3	2	9	3	3	250	29248	250	29248	0.003	0	0.003	0.003	116.992	0.126491	115	117	
2.75	3	2	10	1	3	250	93244	250	93244	0.003	0	0.003	0.003	372.976	0.153356	372	373	
2.75	3	3	11	5	3	250	29248	250	29248	0.003	0	0.003	0.003	116.992	0.0892629	116	117	
2.75	3	3	12	3	3	127	22479	128	22656	0.00967187	0.00148541	0.003	0.01	177	0	177	177	
2.75	3	3	13	1	3	223	63555	222	63270	0.00385135	0.00229311	0.003	0.01	285	0	285	285	
2.75	3	3	14	4	3	250	56249	250	56249	0.003	0	0.003	0.003	224.996	0.0632456	224	225	
2.75	3	3	15	2	3	250	85248	250	85248	0.003	0	0.003	0.003	340.992	0.126491	339	341	
2.75	3	1	16	3	3	250	56249	250	56249	0.003	0	0.003	0.003	224.996	0.0632456	224	225	
2.75	3	1	17	2	3	250	39247	250	39247	0.003	0	0.003	0.003	156.988	0.109104	156	157	
2.75	3	1	18	4	3	217	48824	218	49049	0.00405963	0.00251468	0.003	0.01	224.995	0.0677285	224	225	
2.75	3	1	19	5	3	250	85248	250	85248	0.003	0	0.003	0.003	340.992	0.126491	339	341	
2.75	3	1	20	1	3	139	24603	137	24249	0.00856934	0.00283309	0.003	0.01	177	0	177	177	
3	3.25	4	1	5	3	241	42657	241	42657	0.00326141	0.00132999	0.003	0.01	177	0	177	177	
3	3.25	4	2	3	3	250	29248	250	29248	0.003	0	0.003	0.003	116.992	0.0892629	116	117	
3	3.25	4	3	2	3	150	26550	152	26904	0.00760526	0.00333188	0.003	0.01	177	0	177	177	
3	3.25	4	4	1	3	250	39248	250	39248	0.003	0	0.003	0.003	156.992	0.0892629	156	157	
3	3.25	4	5	4	3	250	56248	250	56248	0.003	0	0.003	0.003	224.992	0.0892629	224	225	
3	3.25	2	6	4	3	231	86157	231	86156	0.00357576	0.0019274	0.003	0.01	372.97	0.171792	372	373	
3	3.25	2	7	5	3	250	39248	250	39248	0.003	0	0.003	0.003	156.992	0.0892629	156	157	
3	3.25	2	8	2	3	250	44250	250	44250	0.003	0	0.003	0.003	177	0	177	177	
3	3.25	2	9	3	3	250	29248	250	29248	0.003	0	0.003	0.003	116.992	0.0892629	116	117	
3	3.25	2	10	1	3	250	93243	250	93243	0.003	0	0.003	0.003	372.972	0.165304	372	373	
3	3.25	3	11	5	3	249	29131	249	29131	0.00302811	0.000443607	0.003	0.01	116.992	0.0894413	116	117	
3	3.25	3	12	3	3	129	22833	128	22656	0.00961719	0.00159784	0.003	0.01	177	0	177	177	
3	3.25	3	13	1	3	226	64410	227	64695	0.00374009	0.00215717	0.003	0.01	285	0	285	285	
3	3.25	3	14	4	3	250	56248	250	56248	0.003	0	0.003	0.003	224.992	0.0892629	224	225	
3	3.25	3	15	2	3	250	85248	250	85248	0.003	0	0.003	0.003	340.992	0.126491	339	341	
3	3.25	1	16	3	3	250	56248	250	56248	0.003	0	0.003	0.003	224.992	0.0892629	224	225	
3	3.25	1	17	2	3	250	39248	250	39248	0.003	0	0.003	0.003	156.992	0.0892629	156	157	
3	3.25	1	18	4	3	223	50173	223	50173	0.00384753	0.00228865	0.003	0.01	224.991	0.0944892	224	225	
3	3.25	1	19	5	3	250	85248	250	85248	0.003	0	0.003	0.003	340.992	0.126491	339	341	
3	3.25	1	20	1	3	137	24249	139	24603	0.00879137	0.00265525	0.003	0.01	177	0	177	177	
3.25	3.5	4	1	5	3	236	41772	236	41772	0.00341525	0.0016571	0.003	0.01	177	0	177	177	
3.25	3.5	4	2	3	3	250	29247	250	29247	0.003	0	0.003	0.003	116.988	0.109104	116	117	
3.25	3.5	4	3	2	3	149	26373	149	26373	0.00774497	0.00328213	0.003	0.01	177	0	177	177	
3.25	3.5	4	4	1	3	250	39248	250	39248	0.003	0	0.003	0.003	156.992	0.0892629	156	157	
3.25	3.5	4	5	4	3	250	56249	250	56249	0.003	0	0.003	0.003	224.996	0.0632456	224	225	
3.25	3.5	2	6	4	3	235	87649	236	88022	0.00344491	0.00171139	0.003	0.01	372.975	0.157743	372	373	
3.25	3.5	2	7	5	3	250	39248	250	39248	0.003	0	0.003	0.003	156.992	0.0892629	156	157	
3.25	3.5	2	8	2	3	250	44250	250	44250	0.003	0	0.003	0.003	177	0	177	177	
3.25	3.5	2	9	3	3	250	29247	250	29247	0.003	0	0.003	0.003	116.988	0.109104	116	117	
3.25	3.5	2	10	1	3	250	93243	250	93243	0.003	0	0.003	0.003	372.972	0.165304	372	373	
3.25	3.5	3	11	5	3	249	29130	249	29130	0.00302811	0.000443607	0.003	0.01	116.988	0.109321	116	117	
3.25	3.5	3	12	3	3	128	22656	130	23010	0.00956923	0.00168872	0.003	0.01	177	0	177	177	
3.25	3.5	3	13	1	3	224	63840	226	64410	0.00380531	0.00223849	0.003	0.01	285	0	285	285	
3.25	3.5	3	14	4	3	250	56249	250	56249	0.003	0	0.003	0.003	224.996	0.0632456	224	225	
3.25	3.5	3	15	2	3	250	85248	250	85248	0.003	0	0.003	0.003	340.992	0.126491	339	341	
3.25	3.5	1	16	3	3	250	56249	250	56249	0.003	0	0.003	0.003	224.996	0.0632456	224	225	
3.25	3.5	1	17	2	3	250	39248	250	39248	0.003	0	0.003	0.003	156.992	0.0892629	156	157	
3.25	3.5	1	18	4	3	224	50399	223	50174	0.00381614	0.00225159	0.003	0.01	224.996	0.066965	224	225	
3.25	3.5	1	19	5	3	250	85248	250	85248	0.003	0	0.003	0.003	340.992	0.126491	339	341	
3.25	3.5	1	20	1	3	137	24249	134	23718	0.00885075	0.0026028	0.003	0.01	177	0	177	177	
3.5	3.75	4	1	5	3	243	43011	243	43011	0.00320165	0.00117325	0.003	0.01	177	0	177	177	
3.5	3.75	4	2	3	3	250	29248	250	29248	0.003	0	0.003	0.003	116.992	0.0892629	116	117	
3.5	3.75	4	3	2	3	149	26373	147	26019	0.00780952	0.00325689	0.003	0.01	177	0	177	177	
3.5	3.75	4	4	1	3	250	39247	250	39247	0.003	0	0.003	0.003	156.988	0.109104	156	157	
3.5	3.75	4	5	4	3	250	56248	250	56248	0.003	0	0.003	0.003	224.992	0.0892629	224	225	
3.5	3.75	2	6	4	3	246	91751	246	91751	0.00311382	0.000887126	0.003	0.01	372.972	0.166609	372	373	
3.5	3.75	2	7	5	3	250	39247	250	39247	0.003	0	0.003	0.003	156.988	0.109104	156	157	
3.5	3.75	2	8	2	3	250	44250	250	44250	0.003	0	0.003	0.003	177	0	177	177	
3.5	3.75	2	9	3	3	250	29248	250	29248	0.003	0	0.003	0.003	116.992	0.0892629	116	117	
3.5	3.75	2	10	1	3	250	93243	250	93243	0.003	0	0.003	0.003	372.972	0.165304	372	373	
3.5	3.75	3	11	5	3	250	29248	250	29248	0.003	0	0.003	0.003	116.992	0.0892629	116	117	
3.5	3.75	3	12	3	3	132	23364	131	23187	0.00930534	0.00210089	0.003	0.01	177	0	177	177	
3.5	3.75	3	13	1	3	227	64695	227	64695	0.00370925	0.00211695	0.003	0.01	285	0	285	285	
3.5	3.75	3	14	4	3	250	56248	250	56248	0.003	0	0.003	0.003	224.992	0.0892629	224	225	
3.5	3.75	3	15	2	3	250	85250	250	85250	0.003	0	0.003	0.003	341	0	341	341	
3.5	3.75	1	16	3	3	250	56248	250	56248	0.003	0	0.003	0.003	224.992	0.0892629	224	225	
3.5	3.75	1	17	2	3	250	39247	250	39247	0.003	0	0.003	0.003	156.988	0.109104	156	157	
3.5	3.75	1	18	4	3	228	51298	229	51523	0.00367249	0.00206733	0.003	0.01	224.991	0.0932487	224	225	
3.5	3.75	1	19	5	3	250	85250	250	85250	0.003	0	0.003	0.003	341	0	341	341	
3.5	3.75	1	20	1	3	133	23541	134	23718	0.00911194	0.0023385	0.003	0.01	177	0	177	177	
3.75	4	4	1	5	3	235	41595	235	41595	0.00344681	0.0017148	0.003	0.01	177	0	177	177	
3.75	4	4	2	3	3	250	29247	250	29247	0.003	0	0.003	0.003	116.988	0.109104	116	117	
3.75	4	4	3	2	3	143	25311	144	25488	0.00815278	0.00309595	0.003	0.01	177	0	177	177	
3.75	4	4	4	1	3	250	39248	250	39248	0.003	0	0.003	0.003	156.992	0.0892629	156	157	
3.75	4	4	5	4	3	250	56248	250	56248	0.003	0	0.003	0.003	224.992	0.0892629	224	225	
3.75	4	2	6	4	3	242	90260	242	90260	0.0032314	0.00125411	0.003	0.01	372.975	0.155817	372	373	
3.75	4	2	7	5	3	250	39248	250	39248	0.003	0	0.003	0.003	156.992	0.0892629	156	157	
3.75	4	2	8	2	3	250	44250	250	44250	0.003	0	0.003	0.003	177	0	177	177	
3.75	4	2	9	3	3	250	29247	250	29247	0.003	0	0.003	0.003	116.988	0.109104	116	117	
3.75	4	2	10	1	3	250	93244	250	93244	0.003	0	0.003	0.003	372.976	0.153356	372	373	
3.75	4	3	11	5	3	250	29247	250	29247	0.003	0	0.003	0.003	116.988	0.109104	116	117	
3.75	4	3	12	3	3	133	23541	131	23187	0.00919847	0.00223751	0.003	0.01	177	0	177	177	
3.75	4	3	13	1	3	224	63840	223	63555	0.00378475	0.00221346	0.003	0.01	285	0	285	285	
3.75	4	3	14	4	3	250	56249	250	56249	0.003	0	0.003	0.003	224.996	0.0632456	224	225	
3.75	4	3	15	2	3	250	85248	250	85248	0.003	0	0.003	0.003	340.992	0.126491	339	341	
3.75	4	1	16	3	3	250	56249	250	56249	0.003	0	0.003	0.003	224.996	0.0632456	224	225	
3.75	4	1	17	2	3	250	39248	250	39248	0.003	0	0.003	0.003	156.992	0.0892629	156	157	
3.75	4	1	18	4	3	225	50624	224	50399	0.00378125	0.00220911	0.003	0.01	224.996	0.0668153	224	225	
3.75	4	1	19	5	3	250	85248	250	85248	0.003	0	0.003	0.003	340.992	0.126491	339	341	
3.75	4	1	20	1	3	132	23364	132	23364	0.00925757	0.00216362	0.003	0.01	177	0	177	177	
4	4.25	4	1	5	3	244	43188	244	43188	0.00317213	0.00108634	0.003	0.01	177	0	177	177	
4	4.25	4	2	3	3	250	29248	250	29248	0.003	0	0.003	0.003	116.992	0.0892629	116	117	
4	4.25	4	3	2	3	141	24957	142	25134	0.00837324	0.00296698	0.003	0.01	177	0	177	177	
4	4.25	4	4	1	3	250	39248	250	39248	0.003	0	0.003	0.003	156.992	0.0892629	156	157	
4	4.25	4	5	4	3	250	56249	250	56249	0.003	0	0.003	0.003	224.996	0.0632456	224	225	
4	4.25	2	6	4	3	248	92497	248	92497	0.00305645	0.000627345	0.003	0.01	372.972	0.165952	372	373	
4	4.25	2	7	5	3	250	39248	250	39248	0.003	0	0.003	0.003	156.992	0.0892629	156	157	
4	4.25	2	8	2	3	250	44250	250	44250	0.003	0	0.003	0.003	177	0	177	177	
4	4.25	2	9	3	3	250	29248	250	29248	0.003	0	0.003	0.003	116.992	0.0892629	116	117	
4	4.25	2	10	1	3	250	93243	250	93243	0.003	0	0.003	0.003	372.972	0.165304	372	373	
4	4.25	3	11	5	3	250	29248	250	29248	0.003	0	0.003	0.003	116.992	0.0892629	116	117	
4	4.25	3	12	3	3	131	23187	132	23364	0.00941667	0.00194207	0.003	0.01	177	0	177	177	
4	4.25	3	13	1	3	246	56247	247	56652	0.0031417	0.000987813	0.003	0.01	229.36	15.6315	223	285	
4	4.25	3	14	4	3	250	56248	250	56248	0.003	0	0.003	0.003	224.992	0.0892629	224	225	
4	4.25	3	15	2	3	250	85248	250	85248	0.003	0	0.003	0.003	340.992	0.126491	339	341	
4	4.25	1	16	3	3	250	56248	250	56248	0.003	0	0.003	0.003	224.992	0.0892629	224	225	
4	4.25	1	17	2	3	249	39091	249	39091	0.00302811	0.000443607	0.003	0.01	156.992	0.0894413	156	157	
4	4.25	1	18	4	3	220	49499	221	49724	0.00395023	0.00240308	0.003	0.01	224.995	0.0672673	224	225	
4	4.25	1	19	5	3	250	85248	250	85248	0.003	0	0.003	0.003	340.992	0.126491	339	341	
4	4.25	1	20	1	3	128	22656	127	22479	0.00966929	0.00149101	0.003	0.01	177	0	177	177	
4.25	4.5	4	1	5	3	248	43896	248	43896	0.00305645	0.000627345	0.003	0.01	177	0	177	177	
4.25	4.5	4	2	3	3	250	29247	250	29247	0.003	0	0.003	0.003	116.988	0.109104	116	117	
4.25	4.5	4	3	2	3	142	25134	144	25488	0.00820139	0.00306932	0.003	0.01	177	0	177	177	
4.25	4.5	4	4	1	3	250	39247	250	39247	0.003	0	0.003	0.003	156.988	0.109104	156	157	
4.25	4.5	4	5	4	3	250	56248	250	56248	0.003	0	0.003	0.003	224.992	0.0892629	224	225	
4.25	4.5	2	6	4	3	249	92870	249	92870	0.00302811	0.000443607	0.003	0.01	372.972	0.165627	372	373	
4.25	4.5	2	7	5	3	250	39247	250	39247	0.003	0	0.003	0.003	156.988	0.109104	156	157	
4.25	4.5	2	8	2	3	250	44250	250	44250	0.003	0	0.003	0.003	177	0	177	177	
4.25	4.5	2	9	3	3	250	29247	250	29247	0.003	0	0.003	0.003	116.988	0.109104	116	117	
4.25	4.5	2	10	1	3	250	93243	250	93243	0.003	0	0.003	0.003	372.972	0.165304	372	373	
4.25	4.5	3	11	5	3	250	29247	250	29247	0.003	0	0.003	0.003	116.988	0.109104	116	117	
4.25	4.5	3	12	3	3	128	22656	128	22656	0.00961719	0.00159784	0.003	0.01	177	0	177	177	
4.25	4.5	3	13	1	3	250	56249	250	56249	0.003	0	0.003	0.003	224.996	0.0632456	224	225	
4.25	4.5	3	14	4	3	250	56249	250	56249	0.003	0	0.003	0.003	224.996	0.0632456	224	225	
4.25	4.5	3	15	2	3	250	85250	250	85250	0.003	0	0.003	0.003	341	0	341	341	
4.25	4.5	1	16	3	3	250	56249	250	56249	0.003	0	0.003	0.003	224.996	0.0632456	224	225	
4.25	4.5	1	17	2	3	250	39247	250	39248	0.003	0	0.003	0.003	156.992	0.0892629	156	157	
4.25	4.5	1	18	4	3	230	51748	230	51748	0.00360869	0.0019767	0.003	0.01	224.991	0.0930467	224	225	
4.25	4.5	1	19	5	3	250	85250	250	85250	0.003	0	0.003	0.003	341	0	341	341	
4.25	4.5	1	20	1	3	129	22833	132	23364	0.0094697	0.00185933	0.003	0.01	177	0	177	177	
4.5	4.75	4	1	5	3	247	43719	247	43719	0.00308502	0.000768312	0.003	0.01	177	0	177	177	
4.5	4.75	4	2	3	3	250	29248	250	29248	0.003	0	0.003	0.003	116.992	0.0892629	116	117	
4.5	4.75	4	3	2	3	138	24426	136	24072	0.00886765	0.00258717	0.003	0.01	177	0	177	177	
4.5	4.75	4	4	1	3	250	39248	250	39248	0.003	0	0.003	0.003	156.992	0.0892629	156	157	
4.5	4.75	4	5	4	3	250	56249	250	56249	0.003	0	0.003	0.003	224.996	0.0632456	224	225	
4.5	4.75	2	6	4	3	249	92871	249	92871	0.00302811	0.000443607	0.003	0.01	372.976	0.153657	372	373	
4.5	4.75	2	7	5	3	250	39248	250	39248	0.003	0	0.003	0.003	156.992	0.0892629	156	157	
4.5	4.75	2	8	2	3	250	44250	250	44250	0.003	0	0.003	0.003	177	0	177	177	
4.5	4.75	2	9	3	3	250	29248	250	29248	0.003	0	0.003	0.003	116.992	0.0892629	116	117	
4.5	4.75	2	10	1	3	250	93243	250	93243	0.003	0	0.003	0.003	372.972	0.165304	372	373	
4.5	4.75	3	11	5	3	250	29248	250	29248	0.003	0	0.003	0.003	116.992	0.0892629	116	117	
4.5	4.75	3	12	3	3	128	22656	129	22833	0.00962015	0.00159194	0.003	0.01	177	0	177	177	
4.5	4.75	3	13	1	3	250	56248	250	56248	0.003	0	0.003	0.003	224.992	0.0892629	224	225	
4.5	4.75	3	14	4	3	250	56248	250	56248	0.003	0	0.003	0.003	224.992	0.0892629	224	225	
4.5	4.75	3	15	2	3	250	85248	250	85248	0.003	0	0.003	0.003	340.992	0.126491	339	341	
4.5	4.75	1	16	3	3	250	56248	250	56248	0.003	0	0.003	0.003	224.992	0.0892629	224	225	
4.5	4.75	1	17	2	3	250	39248	250	39247	0.003	0	0.003	0.003	156.988	0.109104	156	157	
4.5	4.75	1	18	4	3	227	51074	226	50849	0.00368141	0.0020796	0.003	0.01	224.996	0.066519	224	225	
4.5	4.75	1	19	5	3	250	85248	250	85248	0.003	0	0.003	0.003	340.992	0.126491	339	341	
4.5	4.75	1	20	1	3	131	23187	130	23010	0.00940769	0.0019557	0.003	0.01	177	0	177	177	
4.75	5	4	1	5	3	250	44250	250	44250	0.003	0	0.003	0.003	177	0	177	177	
4.75	5	4	2	3	3	250	29247	250	29247	0.003	0	0.003	0.003	116.988	0.109104	116	117	
4.75	5	4	3	2	3	132	23364	133	23541	0.00910526	0.00234606	0.003	0.01	177	0	177	177	
4.75	5	4	4	1	3	250	39248	250	39248	0.003	0	0.003	0.003	156.992	0.0892629	156	157	
4.75	5	4	5	4	3	250	56248	250	56248	0.003	0	0.003	0.003	224.992	0.0892629	224	225	
4.75	5	2	6	4	3	250	93243	250	93243	0.003	0	0.003	0.003	372.972	0.165304	372	373	
4.75	5	2	7	5	3	250	39248	250	39248	0.003	0	0.003	0.003	156.992	0.0892629	156	157	
4.75	5	2	8	2	3	250	44250	250	44250	0.003	0	0.003	0.003	177	0	177	177	
4.75	5	2	9	3	3	250	29247	250	29247	0.003	0	0.003	0.003	116.988	0.109104	116	117	
4.75	5	2	10	1	3	250	93243	250	93244	0.003	0	0.003	0.003	372.976	0.153356	372	373	
4.75	5	3	11	5	3	250	29247	250	29247	0.003	0	0.003	0.003	116.988	0.109104	116	117	
4.75	5	3	12	3	3	126	22302	125	22125	0.009888	0.00088186	0.003	0.01	177	0	177	177	
4.75	5	3	13	1	3	250	56249	250	56249	0.003	0	0.003	0.003	224.996	0.0632456	224	225	
4.75	5	3	14	4	3	250	56248	250	56249	0.003	0	0.003	0.003	224.996	0.0632456	224	225	
4.75	5	3	15	2	3	250	85248	250	85248	0.003	0	0.003	0.003	340.992	0.126491	339	341	
4.75	5	1	16	3	3	250	56248	250	56249	0.003	0	0.003	0.003	224.996	0.0632456	224	225	
4.75	5	1	17	2	3	250	39248	250	39248	0.003	0	0.003	0.003	156.992	0.0892629	156	157	
4.75	5	1	18	4	3	224	50398	225	50623	0.00384	0.0022798	0.003	0.01	224.991	0.0940702	224	225	
4.75	5	1	19	5	3	250	85248	250	85248	0.003	0	0.003	0.003	340.992	0.126491	339	341	
4.75	5	1	20	1	3	132	23364	130	23010	0.00935385	0.00203406	0.003	0.01	177	0	177	177	
5	5.25	4	1	5	3	249	44073	249	44073	0.00302811	0.000443607	0.003	0.01	177	0	177	177	
5	5.25	4	2	3	3	250	29248	250	29248	0.003	0	0.003	0.003	116.992	0.0892629	116	117	
5	5.25	4	3	2	3	140	24780	137	24249	0.00872263	0.00271361	0.003	0.01	177	0	177	177	
5	5.25	4	4	1	3	250	39248	250	39248	0.003	0	0.003	0.003	156.992	0.0892629	156	157	
5	5.25	4	5	4	3	250	56249	250	56249	0.003	0	0.003	0.003	224.996	0.0632456	224	225	
5	5.25	2	6	4	3	250	93243	250	93243	0.003	0	0.003	0.003	372.972	0.165304	372	373	
5	5.25	2	7	5	3	250	39248	250	39248	0.003	0	0.003	0.003	156.992	0.0892629	156	157	
5	5.25	2	8	2	3	250	44250	250	44250	0.003	0	0.003	0.003	177	0	177	177	
5	5.25	2	9	3	3	250	29248	250	29248	0.003	0	0.003	0.003	116.992	0.0892629	116	117	
5	5.25	2	10	1	3	250	93244	250	93243	0.003	0	0.003	0.003	372.972	0.165304	372	373	
5	5.25	3	11	5	3	250	29248	250	29248	0.003	0	0.003	0.003	116.992	0.0892629	116	117	
5	5.25	3	12	3	3	129	22833	130	23010	0.00956923	0.00168872	0.003	0.01	177	0	177	177	
5	5.25	3	13	1	3	250	56248	250	56248	0.003	0	0.003	0.003	224.992	0.0892629	224	225	
5	5.25	3	14	4	3	250	56249	250	56248	0.003	0	0.003	0.003	224.992	0.0892629	224	225	
5	5.25	3	15	2	3	250	85248	250	85248	0.003	0	0.003	0.003	340.992	0.126491	339	341	
5	5.25	1	16	3	3	250	56249	250	56248	0.003	0	0.003	0.003	224.992	0.0892629	224	225	
5	5.25	1	17	2	3	249	39091	249	39091	0.00302811	0.000443607	0.003	0.01	156.992	0.0894413	156	157	
5	5.25	1	18	4	3	236	53099	234	52649	0.0034188	0.00166375	0.003	0.01	224.996	0.065372	224	225	
5	5.25	1	19	5	3	250	85248	250	85248	0.003	0	0.003	0.003	340.992	0.126491	339	341	
5	5.25	1	20	1	3	130	23010	133	23541	0.00936842	0.00201311	0.003	0.01	177	0	177	177	
5.25	5.5	4	1	5	3	248	43896	248	43896	0.00305645	0.000627345	0.003	0.01	177	0	177	177	
5.25	5.5	4	2	3	3	250	29247	250	29247	0.003	0	0.003	0.003	116.988	0.109104	116	117	
5.25	5.5	4	3	2	3	132	23364	132	23364	0.00920454	0.00223005	0.003	0.01	177	0	177	177	
5.25	5.5	4	4	1	3	250	39247	250	39247	0.003	0	0.003	0.003	156.988	0.109104	156	157	
5.25	5.5	4	5	4	3	250	56248	250	56248	0.003	0	0.003	0.003	224.992	0.0892629	224	225	
5.25	5.5	2	6	4	3	250	93243	250	93243	0.003	0	0.003	0.003	372.972	0.165304	372	373	
5.25	5.5	2	7	5	3	250	39247	250	39247	0.003	0	0.003	0.003	156.988	0.109104	156	157	
5.25	5.5	2	8	2	3	250	44250	250	44250	0.003	0	0.003	0.003	177	0	177	177	
5.25	5.5	2	9	3	3	250	29248	250	29248	0.003	0	0.003	0.003	116.992	0.0892629	116	117	
5.25	5.5	2	10	1	3	250	93243	250	93243	0.003	0	0.003	0.003	372.972	0.165304	372	373	
5.25	5.5	3	11	5	3	250	29247	250	29247	0.003	0	0.003	0.003	116.988	0.109104	116	117	
5.25	5.5	3	12	3	3	126	22302	126	22302	0.00988889	0.000878382	0.003	0.01	177	0	177	177	
5.25	5.5	3	13	1	3	250	56248	250	56248	0.003	0	0.003	0.003	224.992	0.0892629	224	225	
5.25	5.5	3	14	4	3	250	56248	250	56248	0.003	0	0.003	0.003	224.992	0.0892629	224	225	
5.25	5.5	3	15	2	3	250	85250	250	85250	0.003	0	0.003	0.003	341	0	341	341	
5.25	5.5	1	16	3	3	250	56248	250	56248	0.003	0	0.003	0.003	224.992	0.0892629	224	225	
5.25	5.5	1	17	2	3	250	39247	250	39247	0.003	0	0.003	0.003	156.988	0.109104	156	157	
5.25	5.5	1	18	4	3	222	49949	224	50399	0.003875	0.00232022	0.003	0.01	224.996	0.0668153	224	225	
5.25	5.5	1	19	5	3	250	85250	250	85250	0.003	0	0.003	0.003	341	0	341	341	
5.25	5.5	1	20	1	3	130	23010	129	22833	0.00945736	0.00187919	0.003	0.01	177	0	177	177	
5.5	5.75	4	1	5	3	245	43365	245	43365	0.00314286	0.000991769	0.003	0.01	177	0	177	177	
5.5	5.75	4	2	3	3	250	29248	250	29248	0.003	0	0.003	0.003	116.992	0.0892629	116	117	
5.5	5.75	4	3	2	3	130	23010	133	23541	0.00936842	0.00201311	0.003	0.01	177	0	177	177	
5.5	5.75	4	4	1	3	250	39248	250	39248	0.003	0	0.003	0.003	156.992	0.0892629	156	157	
5.5	5.75	4	5	4	3	250	56249	250	56249	0.003	0	0.003	0.003	224.996	0.0632456	224	225	
5.5	5.75	2	6	4	3	250	93243	250	93244	0.003	0	0.003	0.003	372.976	0.153356	372	373	
5.5	5.75	2	7	5	3	250	39248	250	39248	0.003	0	0.003	0.003	156.992	0.0892629	156	157	
5.5	5.75	2	8	2	3	250	44250	250	44250	0.003	0	0.003	0.003	177	0	177	177	
5.5	5.75	2	9	3	3	250	29247	250	29247	0.003	0	0.003	0.003	116.988	0.109104	116	117	
5.5	5.75	2	10	1	3	250	93243	250	93243	0.003	0	0.003	0.003	372.972	0.165304	372	373	
5.5	5.75	3	11	5	3	250	29248	250	29248	0.003	0	0.003	0.003	116.992	0.0892629	116	117	
5.5	5.75	3	12	3	3	127	22479	127	22479	0.00977953	0.00122742	0.003	0.01	177	0	177	177	
5.5	5.75	3	13	1	3	250	56249	250	56249	0.003	0	0.003	0.003	224.996	0.0632456	224	225	
5.5	5.75	3	14	4	3	250	56249	250	56249	0.003	0	0.003	0.003	224.996	0.0632456	224	225	
5.5	5.75	3	15	2	3	250	85248	250	85248	0.003	0	0.003	0.003	340.992	0.126491	339	341	
5.5	5.75	1	16	3	3	250	56249	250	56249	0.003	0	0.003	0.003	224.996	0.0632456	224	225	
5.5	5.75	1	17	2	3	248	38934	248	38934	0.00305645	0.000627345	0.003	0.01	156.992	0.0896207	156	157	
5.5	5.75	1	18	4	3	237	53323	236	53098	0.00338559	0.00160041	0.003	0.01	224.992	0.0918614	224	225	
5.5	5.75	1	19	5	3	250	85248	250	85248	0.003	0	0.003	0.003	340.992	0.126491	339	341	
5.5	5.75	1	20	1	3	130	23010	131	23187	0.00946565	0.00186588	0.003	0.01	177	0	177	177	
5.75	6	4	1	5	3	243	43011	243	43011	0.00317284	0.00108852	0.003	0.01	177	0	177	177	
5.75	6	4	2	3	3	250	29247	250	29247	0.003	0	0.003	0.003	116.988	0.109104	116	117	
5.75	6	4	3	2	3	135	23895	136	24072	0.00881618	0.00263369	0.003	0.01	177	0	177	177	
5.75	6	4	4	1	3	250	39248	250	39248	0.003	0	0.003	0.003	156.992	0.0892629	156	157	
5.75	6	4	5	4	3	250	56248	250	56248	0.003	0	0.003	0.003	224.992	0.0892629	224	225	
5.75	6	2	6	4	3	250	93244	250	93243	0.003	0	0.003	0.003	372.972	0.165304	372	373	
5.75	6	2	7	5	3	250	39248	250	39248	0.003	0	0.003	0.003	156.992	0.0892629	156	157	
5.75	6	2	8	2	3	250	44250	250	44250	0.003	0	0.003	0.003	177	0	177	177	
5.75	6	2	9	3	3	250	29248	250	29248	0.003	0	0.003	0.003	116.992	0.0892629	116	117	
5.75	6	2	10	1	3	250	93243	250	93244	0.003	0	0.003	0.003	372.976	0.153356	372	373	
5.75	6	3	11	5	3	250	29247	250	29247	0.003	0	0.003	0.003	116.988	0.109104	116	117	
5.75	6	3	12	3	3	126	22302	126	22302	0.00983333	0.00107145	0.003	0.01	177	0	177	177	
5.75	6	3	13	1	3	250	56248	250	56248	0.003	0	0.003	0.003	224.992	0.0892629	224	225	
5.75	6	3	14	4	3	250	56248	250	56248	0.003	0	0.003	0.003	224.992	0.0892629	224	225	
5.75	6	3	15	2	3	250	85248	250	85248	0.003	0	0.003	0.003	340.992	0.126491	339	341	
5.75	6	1	16	3	3	250	56248	250	56248	0.003	0	0.003	0.003	224.992	0.0892629	224	225	
5.75	6	1	17	2	3	244	38306	244	38306	0.00317213	0.00108634	0.003	0.01	156.992	0.0903493	156	157	
5.75	6	1	18	4	3	232	52199	233	52424	0.00351073	0.00182443	0.003	0.01	224.996	0.0655122	224	225	
5.75	6	1	19	5	3	250	85248	250	85248	0.003	0	0.003	0.003	340.992	0.126491	339	341	
5.75	6	1	20	1	3	128	22656	127	22479	0.00972441	0.00136671	0.003	0.01	177	0	177	177	
6	6.25	4	1	5	3	246	43542	245	43365	0.00314286	0.000991769	0.003	0.01	177	0	177	177	
6	6.25	4	2	3	3	250	29248	250	29248	0.003	0	0.003	0.003	116.992	0.0892629	116	117	
6	6.25	4	3	2	3	136	24072	133	23541	0.00910526	0.00234606	0.003	0.01	177	0	177	177	
6	6.25	4	4	1	3	250	39247	250	39247	0.003	0	0.003	0.003	156.988	0.109104	156	157	
6	6.25	4	5	4	3	250	56248	250	56248	0.003	0	0.003	0.003	224.992	0.0892629	224	225	
6	6.25	2	6	4	3	250	93243	250	93243	0.003	0	0.003	0.003	372.972	0.165304	372	373	
6	6.25	2	7	5	3	250	39247	250	39247	0.003	0	0.003	0.003	156.988	0.109104	156	157	
6	6.25	2	8	2	3	250	44250	250	44250	0.003	0	0.003	0.003	177	0	177	177	
6	6.25	2	9	3	3	250	29247	250	29247	0.003	0	0.003	0.003	116.988	0.109104	116	117	
6	6.25	2	10	1	3	250	93244	250	93243	0.003	0	0.003	0.003	372.972	0.165304	372	373	
6	6.25	3	11	5	3	250	29248	250	29248	0.003	0	0.003	0.003	116.992	0.0892629	116	117	
6	6.25	3	12	3	3	127	22479	125	22125	0.009944	0.000626099	0.003	0.01	177	0	177	177	
6	6.25	3	13	1	3	250	56249	250	56249	0.003	0	0.003	0.003	224.996	0.0632456	224	225	
6	6.25	3	14	4	3	250	56249	250	56249	0.003	0	0.003	0.003	224.996	0.0632456	224	225	
6	6.25	3	15	2	3	250	85250	250	85250	0.003	0	0.003	0.003	341	0	341	341	
6	6.25	1	16	3	3	250	56249	250	56249	0.003	0	0.003	0.003	224.996	0.0632456	224	225	
6	6.25	1	17	2	3	248	38934	248	38934	0.00305645	0.000627345	0.003	0.01	156.992	0.0896207	156	157	
6	6.25	1	18	4	3	228	51298	228	51298	0.00370614	0.0021128	0.003	0.01	224.991	0.0934521	224	225	
6	6.25	1	19	5	3	250	85250	250	85250	0.003	0	0.003	0.003	341	0	341	341	
6	6.25	1	20	1	3	128	22656	127	22479	0.00972441	0.00136671	0.003	0.01	177	0	177	177	
6.25	6.5	4	1	5	3	240	42480	241	42657	0.00329046	0.00139891	0.003	0.01	177	0	177	177	
6.25	6.5	4	2	3	3	250	29247	250	29247	0.003	0	0.003	0.003	116.988	0.109104	116	117	
6.25	6.5	4	3	2	3	131	23187	133	23541	0.00921053	0.00222265	0.003	0.01	177	0	177	177	
6.25	6.5	4	4	1	3	250	39248	250	39248	0.003	0	0.003	0.003	156.992	0.0892629	156	157	
6.25	6.5	4	5	4	3	250	56249	250	56249	0.003	0	0.003	0.003	224.996	0.0632456	224	225	
6.25	6.5	2	6	4	3	250	93243	250	93243	0.003	0	0.003	0.003	372.972	0.165304	372	373	
6.25	6.5	2	7	5	3	250	39248	250	39248	0.003	0	0.003	0.003	156.992	0.0892629	156	157	
6.25	6.5	2	8	2	3	250	44250	250	44250	0.003	0	0.003	0.003	177	0	177	177	
6.25	6.5	2	9	3	3	250	29248	250	29248	0.003	0	0.003	0.003	116.992	0.0892629	116	117	
6.25	6.5	2	10	1	3	250	93243	250	93243	0.003	0	0.003	0.003	372.972	0.165304	372	373	
6.25	6.5	3	11	5	3	250	29247	250	29247	0.003	0	0.003	0.003	116.988	0.109104	116	117	
6.25	6.5	3	12	3	3	126	22302	128	22656	0.00972656	0.00136153	0.003	0.01	177	0	177	177	
6.25	6.5	3	13	1	3	250	56248	250	56248	0.003	0	0.003	0.003	224.992	0.0892629	224	225	
6.25	6.5	3	14	4	3	250	56248	250	56248	0.003	0	0.003	0.003	224.992	0.0892629	224	225	
6.25	6.5	3	15	2	3	250	85248	250	85248	0.003	0	0.003	0.003	340.992	0.126491	339	341	
6.25	6.5	1	16	3	3	250	56248	250	56248	0.003	0	0.003	0.003	224.992	0.0892629	224	225	
6.25	6.5	1	17	2	3	247	38776	247	38776	0.00308502	0.000768312	0.003	0.01	156.988	0.109759	156	157	
6.25	6.5	1	18	4	3	235	52874	234	52649	0.00344872	0.00171822	0.003	0.01	224.996	0.065372	224	225	
6.25	6.5	1	19	5	3	250	85248	250	85248	0.003	0	0.003	0.003	340.992	0.126491	339	341	
6.25	6.5	1	20	1	3	127	22479	127	22479	0.00977953	0.00122742	0.003	0.01	177	0	177	177	
6.5	6.75	4	1	5	3	246	43542	246	43542	0.00311382	0.000887126	0.003	0.01	177	0	177	177	
6.5	6.75	4	2	3	3	250	29248	250	29248	0.003	0	0.003	0.003	116.992	0.0892629	116	117	
6.5	6.75	4	3	2	3	129	22833	128	22656	0.0095625	0.00170109	0.003	0.01	177	0	177	177	
6.5	6.75	4	4	1	3	250	39248	250	39248	0.003	0	0.003	0.003	156.992	0.0892629	156	157	
6.5	6.75	4	5	4	3	250	56248	250	56248	0.003	0	0.003	0.003	224.992	0.0892629	224	225	
6.5	6.75	2	6	4	3	250	93243	250	93244	0.003	0	0.003	0.003	372.976	0.153356	372	373	
6.5	6.75	2	7	5	3	250	39248	250	39248	0.003	0	0.003	0.003	156.992	0.0892629	156	157	
6.5	6.75	2	8	2	3	250	44250	250	44250	0.003	0	0.003	0.003	177	0	177	177	
6.5	6.75	2	9	3	3	250	29247	250	29247	0.003	0	0.003	0.003	116.988	0.109104	116	117	
6.5	6.75	2	10	1	3	250	93243	250	93243	0.003	0	0.003	0.003	372.972	0.165304	372	373	
6.5	6.75	3	11	5	3	250	29248	250	29248	0.003	0	0.003	0.003	116.992	0.0892629	116	117	
6.5	6.75	3	12	3	3	128	22656	127	22479	0.00977953	0.00122742	0.003	0.01	177	0	177	177	
6.5	6.75	3	13	1	3	250	56249	250	56249	0.003	0	0.003	0.003	224.996	0.0632456	224	225	
6.5	6.75	3	14	4	3	250	56249	250	56249	0.003	0	0.003	0.003	224.996	0.0632456	224	225	
6.5	6.75	3	15	2	3	250	85248	250	85248	0.003	0	0.003	0.003	340.992	0.126491	339	341	
6.5	6.75	1	16	3	3	250	56249	250	56249	0.003	0	0.003	0.003	224.996	0.0632456	224	225	
6.5	6.75	1	17	2	3	250	39248	250	39248	0.003	0	0.003	0.003	156.992	0.0892629	156	157	
6.5	6.75	1	18	4	3	232	52198	233	52423	0.00354077	0.00187297	0.003	0.01	224.991	0.0924483	224	225	
6.5	6.75	1	19	5	3	250	85248	250	85248	0.003	0	0.003	0.003	340.992	0.126491	339	341	
6.5	6.75	1	20	1	3	126	22302	126	22302	0.00983333	0.00107145	0.003	0.01	177	0	177	177	
6.75	7	4	1	5	3	245	43365	245	43365	0.00314286	0.000991769	0.003	0.01	177	0	177	177	
6.75	7	4	2	3	3	250	29247	250	29247	0.003	0	0.003	0.003	116.988	0.109104	116	117	
6.75	7	4	3	2	3	131	23187	132	23364	0.00936364	0.00202002	0.003	0.01	177	0	177	177	
6.75	7	4	4	1	3	250	39248	250	39248	0.003	0	0.003	0.003	156.992	0.0892629	156	157	
6.75	7	4	5	4	3	250	56249	250	56249	0.003	0	0.003	0.003	224.996	0.0632456	224	225	
6.75	7	2	6	4	3	250	93244	250	93243	0.003	0	0.003	0.003	372.972	0.165304	372	373	
6.75	7	2	7	5	3	250	39248	250	39248	0.003	0	0.003	0.003	156.992	0.0892629	156	157	
6.75	7	2	8	2	3	250	44250	250	44250	0.003	0	0.003	0.003	177	0	177	177	
6.75	7	2	9	3	3	250	29248	250	29248	0.003	0	0.003	0.003	116.992	0.0892629	116	117	
6.75	7	2	10	1	3	250	93243	250	93243	0.003	0	0.003	0.003	372.972	0.165304	372	373	
6.75	7	3	11	5	3	250	29247	250	29247	0.003	0	0.003	0.003	116.988	0.109104	116	117	
6.75	7	3	12	3	3	128	22656	129	22833	0.00956589	0.00169487	0.003	0.01	177	0	177	177	
6.75	7	3	13	1	3	250	56248	250	56248	0.003	0	0.003	0.003	224.992	0.0892629	224	225	
6.75	7	3	14	4	3	250	56248	250	56248	0.003	0	0.003	0.003	224.992	0.0892629	224	225	
6.75	7	3	15	2	3	250	85248	250	85248	0.003	0	0.003	0.003	340.992	0.126491	339	341	
6.75	7	1	16	3	3	250	56248	250	56248	0.003	0	0.003	0.003	224.992	0.0892629	224	225	
6.75	7	1	17	2	3	250	39248	250	39248	0.003	0	0.003	0.003	156.992	0.0892629	156	157	
6.75	7	1	18	4	3	237	53324	237	53324	0.00338397	0.00159722	0.003	0.01	224.996	0.064957	224	225	
6.75	7	1	19	5	3	250	85248	250	85248	0.003	0	0.003	0.003	340.992	0.126491	339	341	
6.75	7	1	20	1	3	126	22302	127	22479	0.00988976	0.000874945	0.003	0.01	177	0	177	177	
7	7.25	4	1	5	3	245	43365	245	43365	0.00314286	0.000991769	0.003	0.01	177	0	177	177	
7	7.25	4	2	3	3	250	29248	250	29248	0.003	0	0.003	0.003	116.992	0.0892629	116	117	
7	7.25	4	3	2	3	129	22833	129	22833	0.00951163	0.00179024	0.003	0.01	177	0	177	177	
7	7.25	4	4	1	3	250	39247	250	39247	0.003	0	0.003	0.003	156.988	0.109104	156	157	
7	7.25	4	5	4	3	250	56248	250	56248	0.003	0	0.003	0.003	224.992	0.0892629	224	225	
7	7.25	2	6	4	3	250	93243	250	93243	0.003	0	0.003	0.003	372.972	0.165304	372	373	
7	7.25	2	7	5	3	250	39247	250	39247	0.003	0	0.003	0.003	156.988	0.109104	156	157	
7	7.25	2	8	2	3	250	44250	250	44250	0.003	0	0.003	0.003	177	0	177	177	
7	7.25	2	9	3	3	250	29247	250	29247	0.003	0	0.003	0.003	116.988	0.109104	116	117	
7	7.25	2	10	1	3	250	93244	250	93244	0.003	0	0.003	0.003	372.976	0.153356	372	373	
7	7.25	3	11	5	3	250	29248	250	29248	0.003	0	0.003	0.003	116.992	0.0892629	116	117	
7	7.25	3	12	3	3	129	22833	128	22656	0.00967187	0.00148541	0.003	0.01	177	0	177	177	
7	7.25	3	13	1	3	250	56249	250	56249	0.003	0	0.003	0.003	224.996	0.0632456	224	225	
7	7.25	3	14	4	3	250	56249	250	56249	0.003	0	0.003	0.003	224.996	0.0632456	224	225	
7	7.25	3	15	2	3	250	85250	250	85250	0.003	0	0.003	0.003	341	0	341	341	
7	7.25	1	16	3	3	250	56249	250	56249	0.003	0	0.003	0.003	224.996	0.0632456	224	225	
7	7.25	1	17	2	3	250	39247	250	39247	0.003	0	0.003	0.003	156.988	0.109104	156	157	
7	7.25	1	18	4	3	232	52198	232	52198	0.0035431	0.00187668	0.003	0.01	224.991	0.0926465	224	225	
7	7.25	1	19	5	3	250	85250	250	85250	0.003	0	0.003	0.003	341	0	341	341	
7	7.25	1	20	1	3	124	21948	125	22125	0.01	0	0.01	0.01	177	0	177	177	
7.25	7.5	4	1	5	3	248	43896	248	43896	0.00305645	0.000627345	0.003	0.01	177	0	177	177	
7.25	7.5	4	2	3	3	250	29247	250	29247	0.003	0	0.003	0.003	116.988	0.109104	116	117	
7.25	7.5	4	3	2	3	130	23010	129	22833	0.00951163	0.00179024	0.003	0.01	177	0	177	177	
7.25	7.5	4	4	1	3	250	39248	250	39248	0.003	0	0.003	0.003	156.992	0.0892629	156	157	
7.25	7.5	4	5	4	3	250	56249	250	56249	0.003	0	0.003	0.003	224.996	0.0632456	224	225	
7.25	7.5	2	6	4	3	250	93243	250	93243	0.003	0	0.003	0.003	372.972	0.165304	372	373	
7.25	7.5	2	7	5	3	250	39248	250	39248	0.003	0	0.003	0.003	156.992	0.0892629	156	157	
7.25	7.5	2	8	2	3	249	44073	249	44073	0.00302811	0.000443607	0.003	0.01	177	0	177	177	
7.25	7.5	2	9	3	3	250	29248	250	29248	0.003	0	0.003	0.003	116.992	0.0892629	116	117	
7.25	7.5	2	10	1	3	250	93243	250	93243	0.003	0	0.003	0.003	372.972	0.165304	372	373	
7.25	7.5	3	11	5	3	250	29247	250	29247	0.003	0	0.003	0.003	116.988	0.109104	116	117	
7.25	7.5	3	12	3	3	126	22302	126	22302	0.00983333	0.00107145	0.003	0.01	177	0	177	177	
7.25	7.5	3	13	1	3	250	56248	250	56248	0.003	0	0.003	0.003	224.992	0.0892629	224	225	
7.25	7.5	3	14	4	3	250	56248	250	56248	0.003	0	0.003	0.003	224.992	0.0892629	224	225	
7.25	7.5	3	15	2	3	250	85248	250	85248	0.003	0	0.003	0.003	340.992	0.126491	339	341	
7.25	7.5	1	16	3	3	250	56248	250	56248	0.003	0	0.003	0.003	224.992	0.0892629	224	225	
7.25	7.5	1	17	2	3	250	39248	250	39248	0.003	0	0.003	0.003	156.992	0.0892629	156	157	
7.25	7.5	1	18	4	3	241	54224	241	54224	0.00326141	0.00132999	0.003	0.01	224.996	0.0644157	224	225	
7.25	7.5	1	19	5	3	250	85248	250	85248	0.003	0	0.003	0.003	340.992	0.126491	339	341	
7.25	7.5	1	20	1	3	125	22125	125	22125	0.01	0	0.01	0.01	177	0	177	177	
7.5	7.75	4	1	5	3	248	43896	248	43896	0.00305645	0.000627345	0.003	0.01	177	0	177	177	
7.5	7.75	4	2	3	3	250	29248	250	29248	0.003	0	0.003	0.003	116.992	0.0892629	116	117	
7.5	7.75	4	3	2	3	132	23364	131	23187	0.00935878	0.002027	0.003	0.01	177	0	177	177	
7.5	7.75	4	4	1	3	250	39248	250	39248	0.003	0	0.003	0.003	156.992	0.0892629	156	157	
7.5	7.75	4	5	4	3	250	56248	250	56248	0.003	0	0.003	0.003	224.992	0.0892629	224	225	
7.5	7.75	2	6	4	3	250	93243	250	93243	0.003	0	0.003	0.003	372.972	0.165304	372	373	
7.5	7.75	2	7	5	3	250	39248	250	39248	0.003	0	0.003	0.003	156.992	0.0892629	156	157	
7.5	7.75	2	8	2	3	250	44250	250	44250	0.003	0	0.003	0.003	177	0	177	177	
7.5	7.75	2	9	3	3	250	29247	250	29247	0.003	0	0.003	0.003	116.988	0.109104	116	117	
7.5	7.75	2	10	1	3	250	93243	250	93243	0.003	0	0.003	0.003	372.972	0.165304	372	373	
7.5	7.75	3	11	5	3	250	29248	250	29248	0.003	0	0.003	0.003	116.992	0.0892629	116	117	
7.5	7.75	3	12	3	3	128	22656	128	22656	0.00967187	0.00148541	0.003	0.01	177	0	177	177	
7.5	7.75	3	13	1	3	250	56248	250	56248	0.003	0	0.003	0.003	224.992	0.0892629	224	225	
7.5	7.75	3	14	4	3	250	56248	250	56248	0.003	0	0.003	0.003	224.992	0.0892629	224	225	
7.5	7.75	3	15	2	3	250	85248	250	85248	0.003	0	0.003	0.003	340.992	0.126491	339	341	
7.5	7.75	1	16	3	3	250	56248	250	56248	0.003	0	0.003	0.003	224.992	0.0892629	224	225	
7.5	7.75	1	17	2	3	250	39248	250	39248	0.003	0	0.003	0.003	156.992	0.0892629	156	157	
7.5	7.75	1	18	4	3	233	52423	233	52423	0.00348069	0.00177405	0.003	0.01	224.991	0.0924483	224	225	
7.5	7.75	1	19	5	3	250	85248	250	85248	0.003	0	0.003	0.003	340.992	0.126491	339	341	
7.5	7.75	1	20	1	3	127	22479	126	22302	0.00977778	0.00123216	0.003	0.01	177	0	177	177	
7.75	8	4	1	5	3	245	43365	245	43365	0.00314286	0.000991769	0.003	0.01	177	0	177	177	
7.75	8	4	2	3	3	250	29248	250	29248	0.003	0	0.003	0.003	116.992	0.0892629	116	117	
7.75	8	4	3	2	3	130	23010	131	23187	0.00946565	0.00186588	0.003	0.01	177	0	177	177	
7.75	8	4	4	1	3	250	39247	250	39247	0.003	0	0.003	0.003	156.988	0.109104	156	157	
7.75	8	4	5	4	3	250	56249	250	56249	0.003	0	0.003	0.003	224.996	0.0632456	224	225	
7.75	8	2	6	4	3	250	93244	250	93244	0.003	0	0.003	0.003	372.976	0.153356	372	373	
7.75	8	2	7	5	3	250	39247	250	39247	0.003	0	0.003	0.003	156.988	0.109104	156	157	
7.75	8	2	8	2	3	250	44250	250	44250	0.003	0	0.003	0.003	177	0	177	177	
7.75	8	2	9	3	3	250	29248	250	29248	0.003	0	0.003	0.003	116.992	0.0892629	116	117	
7.75	8	2	10	1	3	250	93243	250	93243	0.003	0	0.003	0.003	372.972	0.165304	372	373	
7.75	8	3	11	5	3	250	29248	250	29248	0.003	0	0.003	0.003	116.992	0.0892629	116	117	
7.75	8	3	12	3	3	126	22302	128	22656	0.00983594	0.00106318	0.003	0.01	177	0	177	177	
7.75	8	3	13	1	3	250	56249	250	56249	0.003	0	0.003	0.003	224.996	0.0632456	224	225	
7.75	8	3	14	4	3	250	56249	250	56249	0.003	0	0.003	0.003	224.996	0.0632456	224	225	
7.75	8	3	15	2	3	250	85250	250	85250	0.003	0	0.003	0.003	341	0	341	341	
7.75	8	1	16	3	3	250	56249	250	56249	0.003	0	0.003	0.003	224.996	0.0632456	224	225	
7.75	8	1	17	2	3	250	39248	250	39248	0.003	0	0.003	0.003	156.992	0.0892629	156	157	
7.75	8	1	18	4	3	238	53549	238	53549	0.00338235	0.00159404	0.003	0.01	224.996	0.0648204	224	225	
7.75	8	1	19	5	3	250	85250	250	85250	0.003	0	0.003	0.003	341	0	341	341	
7.75	8	1	20	1	3	130	23010	128	22656	0.00967187	0.00148541	0.003	0.01	177	0	177	177	
8	8.25	4	1	5	3	246	43542	246	43542	0.00311382	0.000887126	0.003	0.01	177	0	177	177	
8	8.25	4	2	3	3	250	29247	250	29247	0.003	0	0.003	0.003	116.988	0.109104	116	117	
8	8.25	4	3	2	3	131	23187	131	23187	0.00935878	0.002027	0.003	0.01	177	0	177	177	
8	8.25	4	4	1	3	166	27861	162	27113	0.00662963	0.00350844	0.003	0.01	167.364	10.0185	157	177	
8	8.25	4	5	4	3	250	56248	250	56248	0.003	0	0.003	0.003	224.992	0.0892629	224	225	
8	8.25	2	6	4	3	250	93243	250	93243	0.003	0	0.003	0.003	372.972	0.165304	372	373	
8	8.25	2	7	5	3	250	39248	250	39248	0.003	0	0.003	0.003	156.992	0.0892629	156	157	
8	8.25	2	8	2	3	250	44250	250	44250	0.003	0	0.003	0.003	177	0	177	177	
8	8.25	2	9	3	3	250	29247	250	29247	0.003	0	0.003	0.003	116.988	0.109104	116	117	
8	8.25	2	10	1	3	250	93244	250	93244	0.003	0	0.003	0.003	372.976	0.153356	372	373	
8	8.25	3	11	5	3	250	29247	250	29247	0.003	0	0.003	0.003	116.988	0.109104	116	117	
8	8.25	3	12	3	3	127	22479	126	22302	0.00977778	0.00123216	0.003	0.01	177	0	177	177	
8	8.25	3	13	1	3	250	56248	250	56248	0.003	0	0.003	0.003	224.992	0.0892629	224	225	
8	8.25	3	14	4	3	250	56248	250	56248	0.003	0	0.003	0.003	224.992	0.0892629	224	225	
8	8.25	3	15	2	3	250	85248	250	85248	0.003	0	0.003	0.003	340.992	0.126491	339	341	
8	8.25	1	16	3	3	250	56248	250	56248	0.003	0	0.003	0.003	224.992	0.0892629	224	225	
8	8.25	1	17	2	3	250	39247	250	39247	0.003	0	0.003	0.003	156.988	0.109104	156	157	
8	8.25	1	18	4	3	236	53099	236	53099	0.00341525	0.0016571	0.003	0.01	224.996	0.0650945	224	225	
8	8.25	1	19	5	3	250	85248	250	85248	0.003	0	0.003	0.003	340.992	0.126491	339	341	
8	8.25	1	20	1	3	127	22479	128	22656	0.00967187	0.00148541	0.003	0.01	177	0	177	177	
8.25	8.5	4	1	5	3	247	43719	247	43719	0.00308502	0.000768312	0.003	0.01	177	0	177	177	
8.25	8.5	4	2	3	3	250	29248	250	29248	0.003	0	0.003	0.003	116.992	0.0892629	116	117	
8.25	8.5	4	3	2	3	133	23541	133	23541	0.00915789	0.0022858	0.003	0.01	177	0	177	177	
8.25	8.5	4	4	1	3	124	21948	126	22302	0.01	0	0.01	0.01	177	0	177	177	
8.25	8.5	4	5	4	3	250	56248	250	56248	0.003	0	0.003	0.003	224.992	0.0892629	224	225	
8.25	8.5	2	6	4	3	250	93243	250	93243	0.003	0	0.003	0.003	372.972	0.165304	372	373	
8.25	8.5	2	7	5	3	250	39248	250	39248	0.003	0	0.003	0.003	156.992	0.0892629	156	157	
8.25	8.5	2	8	2	3	250	44250	250	44250	0.003	0	0.003	0.003	177	0	177	177	
8.25	8.5	2	9	3	3	250	29248	250	29248	0.003	0	0.003	0.003	116.992	0.0892629	116	117	
8.25	8.5	2	10	1	3	250	93243	250	93243	0.003	0	0.003	0.003	372.972	0.165304	372	373	
8.25	8.5	3	11	5	3	250	29248	250	29248	0.003	0	0.003	0.003	116.992	0.0892629	116	117	
8.25	8.5	3	12	3	3	128	22656	128	22656	0.00978125	0.00122273	0.003	0.01	177	0	177	177	
8.25	8.5	3	13	1	3	250	56249	250	56249	0.003	0	0.003	0.003	224.996	0.0632456	224	225	
8.25	8.5	3	14	4	3	250	56249	250	56249	0.003	0	0.003	0.003	224.996	0.0632456	224	225	
8.25	8.5	3	15	2	3	250	85248	250	85248	0.003	0	0.003	0.003	340.992	0.126491	339	341	
8.25	8.5	1	16	3	3	250	56249	250	56249	0.003	0	0.003	0.003	224.996	0.0632456	224	225	
8.25	8.5	1	17	2	3	250	39248	250	39248	0.003	0	0.003	0.003	156.992	0.0892629	156	157	
8.25	8.5	1	18	4	3	232	52198	231	51973	0.00354545	0.00188042	0.003	0.01	224.991	0.0928459	224	225	
8.25	8.5	1	19	5	3	250	85248	250	85248	0.003	0	0.003	0.003	340.992	0.126491	339	341	
8.25	8.5	1	20	1	3	128	22656	127	22479	0.00972441	0.00136671	0.003	0.01	177	0	177	177	
8.5	8.75	4	1	5	3	247	43719	247	43719	0.00308502	0.000768312	0.003	0.01	177	0	177	177	
8.5	8.75	4	2	3	3	250	29247	250	29247	0.003	0	0.003	0.003	116.988	0.109104	116	117	
8.5	8.75	4	3	2	3	132	23364	132	23364	0.00920454	0.00223005	0.003	0.01	177	0	177	177	
8.5	8.75	4	4	1	3	124	21948	126	22302	0.00994444	0.00062361	0.003	0.01	177	0	177	177	
8.5	8.75	4	5	4	3	250	56249	250	56249	0.003	0	0.003	0.003	224.996	0.0632456	224	225	
8.5	8.75	2	6	4	3	250	93243	250	93243	0.003	0	0.003	0.003	372.972	0.165304	372	373	
8.5	8.75	2	7	5	3	250	39247	250	39248	0.003	0	0.003	0.003	156.992	0.0892629	156	157	
8.5	8.75	2	8	2	3	250	44250	250	44250	0.003	0	0.003	0.003	177	0	177	177	
8.5	8.75	2	9	3	3	250	29247	250	29247	0.003	0	0.003	0.003	116.988	0.109104	116	117	
8.5	8.75	2	10	1	3	250	93243	250	93243	0.003	0	0.003	0.003	372.972	0.165304	372	373	
8.5	8.75	3	11	5	3	250	29247	250	29247	0.003	0	0.003	0.003	116.988	0.109104	116	117	
8.5	8.75	3	12	3	3	128	22656	128	22656	0.0095625	0.00170109	0.003	0.01	177	0	177	177	
8.5	8.75	3	13	1	3	250	56248	250	56248	0.003	0	0.003	0.003	224.992	0.0892629	224	225	
8.5	8.75	3	14	4	3	250	56248	250	56248	0.003	0	0.003	0.003	224.992	0.0892629	224	225	
8.5	8.75	3	15	2	3	250	85248	250	85248	0.003	0	0.003	0.003	340.992	0.126491	339	341	
8.5	8.75	1	16	3	3	250	56248	250	56248	0.003	0	0.003	0.003	224.992	0.0892629	224	225	
8.5	8.75	1	17	2	3	249	39091	249	39091	0.00302811	0.000443607	0.003	0.01	156.992	0.0894413	156	157	
8.5	8.75	1	18	4	3	235	52874	236	53099	0.00344491	0.00171139	0.003	0.01	224.996	0.0650945	224	225	
8.5	8.75	1	19	5	3	250	85248	250	85248	0.003	0	0.003	0.003	340.992	0.126491	339	341	
8.5	8.75	1	20	1	3	127	22479	130	23010	0.00962308	0.00158611	0.003	0.01	177	0	177	177	
8.75	9	4	1	5	3	250	44250	250	44250	0.003	0	0.003	0.003	177	0	177	177	
8.75	9	4	2	3	3	250	29248	250	29248	0.003	0	0.003	0.003	116.992	0.0892629	116	117	
8.75	9	4	3	2	3	128	22656	127	22479	0.00972441	0.00136671	0.003	0.01	177	0	177	177	
8.75	9	4	4	1	3	126	22302	125	22125	0.009888	0.00088186	0.003	0.01	177	0	177	177	
8.75	9	4	5	4	3	250	56248	250	56248	0.003	0	0.003	0.003	224.992	0.0892629	224	225	
8.75	9	2	6	4	3	250	93244	250	93244	0.003	0	0.003	0.003	372.976	0.153356	372	373	
8.75	9	2	7	5	3	250	39248	250	39247	0.003	0	0.003	0.003	156.988	0.109104	156	157	
8.75	9	2	8	2	3	250	44250	250	44250	0.003	0	0.003	0.003	177	0	177	177	
8.75	9	2	9	3	3	246	32139	246	32059	0.00311382	0.000887126	0.003	0.01	130.321	18.8865	116	157	
8.75	9	2	10	1	3	250	93243	250	93243	0.003	0	0.003	0.003	372.972	0.165304	372	373	
8.75	9	3	11	5	3	250	29248	250	29248	0.003	0	0.003	0.003	116.992	0.0892629	116	117	
8.75	9	3	12	3	3	130	23010	130	23010	0.00951538	0.0017838	0.003	0.01	177	0	177	177	
8.75	9	3	13	1	3	250	56249	250	56249	0.003	0	0.003	0.003	224.996	0.0632456	224	225	
8.75	9	3	14	4	3	250	56249	250	56249	0.003	0	0.003	0.003	224.996	0.0632456	224	225	
8.75	9	3	15	2	3	250	85250	250	85250	0.003	0	0.003	0.003	341	0	341	341	
8.75	9	1	16	3	3	250	56249	250	56249	0.003	0	0.003	0.003	224.996	0.0632456	224	225	
8.75	9	1	17	2	3	249	39090	249	39090	0.00302811	0.000443607	0.003	0.01	156.988	0.109321	156	157	
8.75	9	1	18	4	3	227	51073	227	51073	0.00367841	0.00207548	0.003	0.01	224.991	0.0936568	224	225	
8.75	9	1	19	5	3	250	85250	250	85250	0.003	0	0.003	0.003	341	0	341	341	
8.75	9	1	20	1	3	132	23364	131	23187	0.00930534	0.00210089	0.003	0.01	177	0	177	177	
9	9.25	4	1	5	3	250	44250	250	44250	0.003	0	0.003	0.003	177	0	177	177	
9	9.25	4	2	3	3	250	29247	250	29247	0.003	0	0.003	0.003	116.988	0.109104	116	117	
9	9.25	4	3	2	3	132	23364	133	23541	0.00926316	0.00215637	0.003	0.01	177	0	177	177	
9	9.25	4	4	1	3	127	22479	124	21948	0.00994355	0.000628619	0.003	0.01	177	0	177	177	
9	9.25	4	5	4	3	250	56249	250	56249	0.003	0	0.003	0.003	224.996	0.0632456	224	225	
9	9.25	2	6	4	3	250	93243	250	93243	0.003	0	0.003	0.003	372.972	0.165304	372	373	
9	9.25	2	7	5	3	250	39248	250	39248	0.003	0	0.003	0.003	156.992	0.0892629	156	157	
9	9.25	2	8	2	3	250	44250	250	44250	0.003	0	0.003	0.003	177	0	177	177	
9	9.25	2	9	3	3	242	37992	242	37992	0.0032314	0.00125411	0.003	0.01	156.992	0.0907203	156	157	
9	9.25	2	10	1	3	250	93244	250	93244	0.003	0	0.003	0.003	372.976	0.153356	372	373	
9	9.25	3	11	5	3	250	29247	250	29247	0.003	0	0.003	0.003	116.988	0.109104	116	117	
9	9.25	3	12	3	3	129	22833	128	22656	0.00961719	0.00159784	0.003	0.01	177	0	177	177	
9	9.25	3	13	1	3	250	56248	250	56248	0.003	0	0.003	0.003	224.992	0.0892629	224	225	
9	9.25	3	14	4	3	250	56248	250	56248	0.003	0	0.003	0.003	224.992	0.0892629	224	225	
9	9.25	3	15	2	3	250	85248	250	85248	0.003	0	0.003	0.003	340.992	0.126491	339	341	
9	9.25	1	16	3	3	250	56248	250	56248	0.003	0	0.003	0.003	224.992	0.0892629	224	225	
9	9.25	1	17	2	3	250	39248	250	39248	0.003	0	0.003	0.003	156.992	0.0892629	156	157	
9	9.25	1	18	4	3	234	52649	234	52649	0.00350855	0.00182082	0.003	0.01	224.996	0.065372	224	225	
9	9.25	1	19	5	3	250	85248	250	85248	0.003	0	0.003	0.003	340.992	0.126491	339	341	
9	9.25	1	20	1	3	128	22656	128	22656	0.00967187	0.00148541	0.003	0.01	177	0	177	177	
9.25	9.5	4	1	5	3	250	44250	250	44250	0.003	0	0.003	0.003	177	0	177	177	
9.25	9.5	4	2	3	3	250	29248	250	29248	0.003	0	0.003	0.003	116.992	0.0892629	116	117	
9.25	9.5	4	3	2	3	126	22302	125	22125	0.009832	0.00107565	0.003	0.01	177	0	177	177	
9.25	9.5	4	4	1	3	127	22479	128	22656	0.00978125	0.00122273	0.003	0.01	177	0	177	177	
9.25	9.5	4	5	4	3	250	56248	250	56248	0.003	0	0.003	0.003	224.992	0.0892629	224	225	
9.25	9.5	2	6	4	3	250	93243	250	93243	0.003	0	0.003	0.003	372.972	0.165304	372	373	
9.25	9.5	2	7	5	3	250	39248	250	39248	0.003	0	0.003	0.003	156.992	0.0892629	156	157	
9.25	9.5	2	8	2	3	250	44250	250	44250	0.003	0	0.003	0.003	177	0	177	177	
9.25	9.5	2	9	3	3	247	38776	247	38776	0.00308502	0.000768312	0.003	0.01	156.988	0.109759	156	157	
9.25	9.5	2	10	1	3	250	93243	250	93243	0.003	0	0.003	0.003	372.972	0.165304	372	373	
9.25	9.5	3	11	5	3	250	29248	250	29248	0.003	0	0.003	0.003	116.992	0.0892629	116	117	
9.25	9.5	3	12	3	3	131	23187	133	23541	0.00926316	0.00215637	0.003	0.01	177	0	177	177	
9.25	9.5	3	13	1	3	250	56249	250	56249	0.003	0	0.003	0.003	224.996	0.0632456	224	225	
9.25	9.5	3	14	4	3	250	56249	250	56249	0.003	0	0.003	0.003	224.996	0.0632456	224	225	
9.25	9.5	3	15	2	3	250	85248	250	85248	0.003	0	0.003	0.003	340.992	0.126491	339	341	
9.25	9.5	1	16	3	3	250	56249	250	56249	0.003	0	0.003	0.003	224.996	0.0632456	224	225	
9.25	9.5	1	17	2	3	250	39248	250	39248	0.003	0	0.003	0.003	156.992	0.0892629	156	157	
9.25	9.5	1	18	4	3	230	51748	230	51748	0.00360869	0.0019767	0.003	0.01	224.991	0.0930467	224	225	
9.25	9.5	1	19	5	3	250	85248	250	85248	0.003	0	0.003	0.003	340.992	0.126491	339	341	
9.25	9.5	1	20	1	3	127	22479	127	22479	0.00977953	0.00122742	0.003	0.01	177	0	177	177	
9.5	9.75	4	1	5	3	249	44073	249	44073	0.00302811	0.000443607	0.003	0.01	177	0	177	177	
9.5	9.75	4	2	3	3	250	29247	250	29247	0.003	0	0.003	0.003	116.988	0.109104	116	117	
9.5	9.75	4	3	2	3	127	22479	127	22479	0.00983464	0.00106729	0.003	0.01	177	0	177	177	
9.5	9.75	4	4	1	3	128	22656	127	22479	0.00972441	0.00136671	0.003	0.01	177	0	177	177	
9.5	9.75	4	5	4	3	250	56249	250	56249	0.003	0	0.003	0.003	224.996	0.0632456	224	225	
9.5	9.75	2	6	4	3	250	93243	250	93243	0.003	0	0.003	0.003	372.972	0.165304	372	373	
9.5	9.75	2	7	5	3	250	39247	250	39247	0.003	0	0.003	0.003	156.988	0.109104	156	157	
9.5	9.75	2	8	2	3	250	44250	250	44250	0.003	0	0.003	0.003	177	0	177	177	
9.5	9.75	2	9	3	3	244	38306	244	38306	0.00317213	0.00108634	0.003	0.01	156.992	0.0903493	156	157	
9.5	9.75	2	10	1	3	250	93243	250	93243	0.003	0	0.003	0.003	372.972	0.165304	372	373	
9.5	9.75	3	11	5	3	250	29247	250	29247	0.003	0	0.003	0.003	116.988	0.109104	116	117	
9.5	9.75	3	12	3	3	131	23187	130	23010	0.00940769	0.0019557	0.003	0.01	177	0	177	177	
9.5	9.75	3	13	1	3	250	56248	250	56248	0.003	0	0.003	0.003	224.992	0.0892629	224	225	
9.5	9.75	3	14	4	3	250	56248	250	56248	0.003	0	0.003	0.003	224.992	0.0892629	224	225	
9.5	9.75	3	15	2	3	250	85250	250	85250	0.003	0	0.003	0.003	341	0	341	341	
9.5	9.75	1	16	3	3	250	56248	250	56248	0.003	0	0.003	0.003	224.992	0.0892629	224	225	
9.5	9.75	1	17	2	3	250	39247	250	39247	0.003	0	0.003	0.003	156.988	0.109104	156	157	
9.5	9.75	1	18	4	3	230	51749	230	51749	0.00357826	0.00193123	0.003	0.01	224.996	0.065938	224	225	
9.5	9.75	1	19	5	3	250	85250	250	85250	0.003	0	0.003	0.003	341	0	341	341	
9.5	9.75	1	20	1	3	127	22479	126	22302	0.00977778	0.00123216	0.003	0.01	177	0	177	177	
9.75	10	4	1	5	3	250	44250	250	44250	0.003	0	0.003	0.003	177	0	177	177	
9.75	10	4	2	3	3	250	29248	250	29248	0.003	0	0.003	0.003	116.992	0.0892629	116	117	
9.75	10	4	3	2	3	127	22479	128	22656	0.00978125	0.00122273	0.003	0.01	177	0	177	177	
9.75	10	4	4	1	3	126	22302	128	22656	0.00978125	0.00122273	0.003	0.01	177	0	177	177	
9.75	10	4	5	4	3	250	56248	250	56248	0.003	0	0.003	0.003	224.992	0.0892629	224	225	
9.75	10	2	6	4	3	250	93244	250	93244	0.003	0	0.003	0.003	372.976	0.153356	372	373	
9.75	10	2	7	5	3	250	39248	250	39248	0.003	0	0.003	0.003	156.992	0.0892629	156	157	
9.75	10	2	8	2	3	250	44250	250	44250	0.003	0	0.003	0.003	177	0	177	177	
9.75	10	2	9	3	3	245	38463	245	38463	0.00314286	0.000991769	0.003	0.01	156.992	0.0901655	156	157	
9.75	10	2	10	1	3	250	93243	250	93243	0.003	0	0.003	0.003	372.972	0.165304	372	373	
9.75	10	3	11	5	3	250	29248	250	29248	0.003	0	0.003	0.003	116.992	0.0892629	116	117	
9.75	10	3	12	3	3	135	23895	134	23718	0.0090597	0.00239599	0.003	0.01	177	0	177	177	
9.75	10	3	13	1	3	250	56248	250	56248	0.003	0	0.003	0.003	224.992	0.0892629	224	225	
9.75	10	3	14	4	3	250	56248	250	56248	0.003	0	0.003	0.003	224.992	0.0892629	224	225	
9.75	10	3	15	2	3	250	85248	250	85248	0.003	0	0.003	0.003	340.992	0.126491	339	341	
9.75	10	1	16	3	3	250	56248	250	56248	0.003	0	0.003	0.003	224.992	0.0892629	224	225	
9.75	10	1	17	2	3	250	39248	250	39248	0.003	0	0.003	0.003	156.992	0.0892629	156	157	
9.75	10	1	18	4	3	229	51523	228	51299	0.00367544	0.00207139	0.003	0.01	224.996	0.0662266	224	225	
9.75	10	1	19	5	3	250	85248	250	85248	0.003	0	0.003	0.003	340.992	0.126491	339	341	
9.75	10	1	20	1	3	128	22656	128	22656	0.00972656	0.00136153	0.003	0.01	177	0	177	177	
