% start	end	CellId	IMSI	RNTI	LCID	nTxPDUs	TxBytes	nRxPDUs	RxBytes	delay	stdDev	min	max	PduSize	stdDev	min	max
0.5	0.75	4	1	3	3	118	25480	105	18545	0.01	0.0025683	0.003	0.024	176.619	2.74696	157	177	
0.5	0.75	4	2	1	3	234	70566	232	69996	0.00342241	0.00240004	0.003	0.017	301.707	94.9746	283	839	
0.5	0.75	4	3	4	3	228	68378	226	67808	0.00361947	0.00264934	0.003	0.017	300.035	97.2082	225	839	
0.5	0.75	4	4	2	3	204	40740	195	34513	0.00378974	0.00222031	0.003	0.01	176.99	0.143223	175	177	
0.5	0.75	4	5	5	3	227	40413	218	34226	0.003	0	0.003	0.003	157	0	157	157	
0.5	0.75	2	6	3	3	121	26011	107	18899	0.00973832	0.00190499	0.003	0.017	176.626	2.72142	157	177	
0.5	0.75	2	7	2	3	234	70566	232	69996	0.00342241	0.00240004	0.003	0.017	301.707	94.9746	283	839	
0.5	0.75	2	8	5	3	234	56948	232	56498	0.00342241	0.00240004	0.003	0.017	243.526	105.259	225	839	
0.5	0.75	2	9	1	3	234	70566	232	69996	0.00342241	0.00240004	0.003	0.017	301.707	94.9746	283	839	
0.5	0.75	2	10	4	3	234	82832	232	82150	0.00342241	0.00240004	0.003	0.017	354.095	86.323	285	839	
0.5	0.75	3	11	1	3	227	40413	218	34226	0.003	0	0.003	0.003	157	0	157	157	
0.5	0.75	3	12	3	3	227	44811	218	38584	0.003	0	0.003	0.003	176.991	0.135457	175	177	
0.5	0.75	3	13	2	3	227	31534	218	25427	0.003	0	0.003	0.003	116.638	3.63316	79	117	
0.5	0.75	3	14	4	3	233	69803	231	69233	0.00345454	0.00244351	0.003	0.017	299.71	96.1708	225	839	
0.5	0.75	3	15	5	3	227	54988	225	54538	0.00365333	0.0026884	0.003	0.017	242.391	107.516	177	839	
0.5	0.75	1	16	1	3	241	93939	239	93193	0.00320502	0.00118278	0.003	0.01	389.929	80.4244	373	839	
0.5	0.75	1	17	2	3	216	52898	213	52223	0.00405164	0.0030856	0.003	0.017	245.178	109.722	225	839	
0.5	0.75	1	18	4	3	227	40413	218	34226	0.003	0	0.003	0.003	157	0	157	157	
0.5	0.75	1	19	5	3	125	26757	113	19999	0.00925664	0.00216621	0.003	0.01	176.982	0.188144	175	177	
0.5	0.75	1	20	3	3	194	38970	184	32566	0.00425543	0.00269283	0.003	0.01	176.989	0.147442	175	177	
0.75	1	4	1	3	3	126	22302	126	22302	0.00988889	0.000878382	0.003	0.01	177	0	177	177	
0.75	1	4	2	1	3	250	71250	250	71250	0.003	0	0.003	0.003	285	0	285	285	
0.75	1	4	3	4	3	242	68968	242	68968	0.0032314	0.00125411	0.003	0.01	284.992	0.128565	283	285	
0.75	1	4	4	2	3	227	40179	226	40002	0.00374336	0.00216139	0.003	0.01	177	0	177	177	
0.75	1	4	5	5	3	250	39250	250	39250	0.003	0	0.003	0.003	157	0	157	157	
0.75	1	2	6	3	3	126	22302	126	22302	0.00983333	0.00107145	0.003	0.01	177	0	177	177	
0.75	1	2	7	2	3	250	71250	250	71250	0.003	0	0.003	0.003	285	0	285	285	
0.75	1	2	8	5	3	250	56247	250	56247	0.003	0	0.003	0.003	224.988	0.141194	223	225	
0.75	1	2	9	1	3	250	71250	250	71250	0.003	0	0.003	0.003	285	0	285	285	
0.75	1	2	10	4	3	250	85249	250	85249	0.003	0	0.003	0.003	340.996	0.0632456	340	341	
0.75	1	3	11	1	3	250	39250	250	39250	0.003	0	0.003	0.003	157	0	157	157	
0.75	1	3	12	3	3	250	44250	250	44250	0.003	0	0.003	0.003	177	0	177	177	
0.75	1	3	13	2	3	250	29248	250	29248	0.003	0	0.003	0.003	116.992	0.0892629	116	117	
0.75	1	3	14	4	3	247	70393	247	70393	0.00308502	0.000768312	0.003	0.01	284.992	0.127257	283	285	
0.75	1	3	15	5	3	248	55799	247	55574	0.00305668	0.000628608	0.003	0.01	224.996	0.0636285	224	225	
0.75	1	1	16	1	3	250	93250	250	93250	0.003	0	0.003	0.003	373	0	373	373	
0.75	1	1	17	2	3	241	54223	242	54448	0.00326033	0.00132734	0.003	0.01	224.992	0.128565	223	225	
0.75	1	1	18	4	3	250	39250	250	39250	0.003	0	0.003	0.003	157	0	157	157	
0.75	1	1	19	5	3	133	23541	132	23364	0.00920454	0.00223005	0.003	0.01	177	0	177	177	
0.75	1	1	20	3	3	213	37701	212	37524	0.00418868	0.00263449	0.003	0.01	177	0	177	177	
1	1.25	4	1	3	3	127	22479	128	22656	0.00972656	0.00136153	0.003	0.01	177	0	177	177	
1	1.25	4	2	1	3	250	71250	250	71250	0.003	0	0.003	0.003	285	0	285	285	
1	1.25	4	3	4	3	240	68400	240	68400	0.00329167	0.00140171	0.003	0.01	285	0	285	285	
1	1.25	4	4	2	3	223	39471	224	39648	0.00384375	0.00228421	0.003	0.01	177	0	177	177	
1	1.25	4	5	5	3	249	39093	249	39093	0.00302811	0.000443607	0.003	0.01	157	0	157	157	
1	1.25	2	6	3	3	126	22302	129	22833	0.00978294	0.0012181	0.003	0.01	177	0	177	177	
1	1.25	2	7	2	3	250	71250	250	71250	0.003	0	0.003	0.003	285	0	285	285	
1	1.25	2	8	5	3	250	56249	250	56249	0.003	0	0.003	0.003	224.996	0.0632456	224	225	
1	1.25	2	9	1	3	250	71250	250	71250	0.003	0	0.003	0.003	285	0	285	285	
1	1.25	2	10	4	3	250	85248	250	85248	0.003	0	0.003	0.003	340.992	0.126491	339	341	
1	1.25	3	11	1	3	250	39250	250	39250	0.003	0	0.003	0.003	157	0	157	157	
1	1.25	3	12	3	3	250	44250	250	44250	0.003	0	0.003	0.003	177	0	177	177	
1	1.25	3	13	2	3	249	29131	249	29131	0.00302811	0.000443607	0.003	0.01	116.992	0.0894413	116	117	
1	1.25	3	14	4	3	246	70110	246	70110	0.00311382	0.000887126	0.003	0.01	285	0	285	285	
1	1.25	3	15	5	3	245	55123	246	55348	0.00314228	0.000989785	0.003	0.01	224.992	0.0899828	224	225	
1	1.25	1	16	1	3	250	93250	250	93250	0.003	0	0.003	0.003	373	0	373	373	
1	1.25	1	17	2	3	238	53548	238	53548	0.00335294	0.0015349	0.003	0.01	224.992	0.0914762	224	225	
1	1.25	1	18	4	3	250	39250	250	39250	0.003	0	0.003	0.003	157	0	157	157	
1	1.25	1	19	5	3	132	23364	134	23718	0.00916418	0.00227835	0.003	0.01	177	0	177	177	
1	1.25	1	20	3	3	220	38940	220	38940	0.00398636	0.00244105	0.003	0.01	177	0	177	177	
1.25	1.5	4	1	3	3	126	22302	127	22479	0.00988976	0.000874945	0.003	0.01	177	0	177	177	
1.25	1.5	4	2	1	3	250	71250	250	71250	0.003	0	0.003	0.003	285	0	285	285	
1.25	1.5	4	3	4	3	241	68685	241	68685	0.00326141	0.00132999	0.003	0.01	285	0	285	285	
1.25	1.5	4	4	2	3	225	39825	225	39825	0.00374667	0.00216564	0.003	0.01	177	0	177	177	
1.25	1.5	4	5	5	3	250	39247	250	39247	0.003	0	0.003	0.003	156.988	0.141194	155	157	
1.25	1.5	2	6	3	3	128	22656	127	22479	0.00961417	0.0016038	0.003	0.01	177	0	177	177	
1.25	1.5	2	7	2	3	250	71250	250	71250	0.003	0	0.003	0.003	285	0	285	285	
1.25	1.5	2	8	5	3	250	56248	250	56248	0.003	0	0.003	0.003	224.992	0.0892629	224	225	
1.25	1.5	2	9	1	3	250	71250	250	71250	0.003	0	0.003	0.003	285	0	285	285	
1.25	1.5	2	10	4	3	250	85250	250	85250	0.003	0	0.003	0.003	341	0	341	341	
1.25	1.5	3	11	1	3	250	39247	250	39247	0.003	0	0.003	0.003	156.988	0.141194	155	157	
1.25	1.5	3	12	3	3	250	44250	250	44250	0.003	0	0.003	0.003	177	0	177	177	
1.25	1.5	3	13	2	3	250	29247	250	29247	0.003	0	0.003	0.003	116.988	0.109104	116	117	
1.25	1.5	3	14	4	3	244	69540	244	69540	0.00317213	0.00108634	0.003	0.01	285	0	285	285	
1.25	1.5	3	15	5	3	245	55124	244	54899	0.00314344	0.000993766	0.003	0.01	224.996	0.0640184	224	225	
1.25	1.5	1	16	1	3	250	93243	250	93244	0.003	0	0.003	0.003	372.976	0.177624	371	373	
1.25	1.5	1	17	2	3	240	53999	240	53999	0.00329167	0.00140171	0.003	0.01	224.996	0.0645497	224	225	
1.25	1.5	1	18	4	3	226	36039	222	35291	0.00369369	0.00209629	0.003	0.01	158.968	5.99577	155	177	
1.25	1.5	1	19	5	3	133	23541	131	23187	0.00925191	0.00217094	0.003	0.01	177	0	177	177	
1.25	1.5	1	20	3	3	223	39471	224	39648	0.00384375	0.00228421	0.003	0.01	177	0	177	177	
1.5	1.75	4	1	3	3	125	22104	125	22104	0.009888	0.00088186	0.003	0.01	176.832	1.79037	157	177	
1.5	1.75	4	2	1	3	250	71250	250	71250	0.003	0	0.003	0.003	285	0	285	285	
1.5	1.75	4	3	4	3	241	68565	241	68565	0.00326141	0.00132999	0.003	0.01	284.502	5.45445	225	285	
1.5	1.75	4	4	2	3	233	41241	233	41241	0.00354077	0.00187297	0.003	0.01	177	0	177	177	
1.5	1.75	4	5	5	3	250	39248	250	39248	0.003	0	0.003	0.003	156.992	0.0892629	156	157	
1.5	1.75	2	6	3	3	127	22458	126	22281	0.00988889	0.000878382	0.003	0.01	176.833	1.78326	157	177	
1.5	1.75	2	7	2	3	250	71250	250	71250	0.003	0	0.003	0.003	285	0	285	285	
1.5	1.75	2	8	5	3	250	56249	250	56249	0.003	0	0.003	0.003	224.996	0.0632456	224	225	
1.5	1.75	2	9	1	3	250	71250	250	71250	0.003	0	0.003	0.003	285	0	285	285	
1.5	1.75	2	10	4	3	250	85135	250	85135	0.003	0	0.003	0.003	340.54	4.99964	285	341	
1.5	1.75	3	11	1	3	250	39248	250	39248	0.003	0	0.003	0.003	156.992	0.0892629	156	157	
1.5	1.75	3	12	3	3	250	44250	250	44250	0.003	0	0.003	0.003	177	0	177	177	
1.5	1.75	3	13	2	3	249	29131	249	29131	0.00302811	0.000443607	0.003	0.01	116.992	0.0894413	116	117	
1.5	1.75	3	14	4	3	243	69135	243	69135	0.00320165	0.00117325	0.003	0.01	284.506	5.43205	225	285	
1.5	1.75	3	15	5	3	243	54578	244	54803	0.00320082	0.00117091	0.003	0.01	224.602	4.33686	177	225	
1.5	1.75	1	16	1	3	250	93361	250	93360	0.003	0	0.003	0.003	373.44	7.08457	372	485	
1.5	1.75	1	17	2	3	239	53773	239	53773	0.00332217	0.00146985	0.003	0.01	224.992	0.0912855	224	225	
1.5	1.75	1	18	4	3	126	22302	126	22302	0.00994444	0.00062361	0.003	0.01	177	0	177	177	
1.5	1.75	1	19	5	3	130	23010	130	23010	0.00946154	0.0018725	0.003	0.01	177	0	177	177	
1.5	1.75	1	20	3	3	231	40887	231	40887	0.00357576	0.0019274	0.003	0.01	177	0	177	177	
1.75	2	4	1	3	3	126	22302	126	22302	0.00988889	0.000878382	0.003	0.01	177	0	177	177	
1.75	2	4	2	1	3	250	71250	250	71250	0.003	0	0.003	0.003	285	0	285	285	
1.75	2	4	3	4	3	245	69825	244	69540	0.00314344	0.000993766	0.003	0.01	285	0	285	285	
1.75	2	4	4	2	3	239	42303	239	42303	0.00332217	0.00146985	0.003	0.01	177	0	177	177	
1.75	2	4	5	5	3	249	39090	249	39090	0.00302811	0.000443607	0.003	0.01	156.988	0.109321	156	157	
1.75	2	2	6	3	3	128	22656	129	22833	0.00956589	0.00169487	0.003	0.01	177	0	177	177	
1.75	2	2	7	2	3	250	71250	250	71250	0.003	0	0.003	0.003	285	0	285	285	
1.75	2	2	8	5	3	250	56248	250	56248	0.003	0	0.003	0.003	224.992	0.0892629	224	225	
1.75	2	2	9	1	3	250	71250	250	71250	0.003	0	0.003	0.003	285	0	285	285	
1.75	2	2	10	4	3	250	85250	250	85250	0.003	0	0.003	0.003	341	0	341	341	
1.75	2	3	11	1	3	250	39247	250	39247	0.003	0	0.003	0.003	156.988	0.109104	156	157	
1.75	2	3	12	3	3	250	44250	250	44250	0.003	0	0.003	0.003	177	0	177	177	
1.75	2	3	13	2	3	250	29247	250	29247	0.003	0	0.003	0.003	116.988	0.109104	116	117	
1.75	2	3	14	4	3	245	69825	245	69825	0.00314286	0.000991769	0.003	0.01	285	0	285	285	
1.75	2	3	15	5	3	240	53998	240	53998	0.00329167	0.00140171	0.003	0.01	224.992	0.129099	223	225	
1.75	2	1	16	1	3	250	93250	250	93250	0.003	0	0.003	0.003	373	0	373	373	
1.75	2	1	17	2	3	238	53549	238	53549	0.00332353	0.0014728	0.003	0.01	224.996	0.0648204	224	225	
1.75	2	1	18	4	3	125	22125	126	22302	0.00994444	0.00062361	0.003	0.01	177	0	177	177	
1.75	2	1	19	5	3	132	23364	135	23895	0.00911852	0.00233101	0.003	0.01	177	0	177	177	
1.75	2	1	20	3	3	226	40002	227	40179	0.00374009	0.00215717	0.003	0.01	177	0	177	177	
2	2.25	4	1	3	3	127	22479	124	21948	0.00994355	0.000628619	0.003	0.01	177	0	177	177	
2	2.25	4	2	1	3	250	71250	250	71250	0.003	0	0.003	0.003	285	0	285	285	
2	2.25	4	3	4	3	240	68400	240	68400	0.00329167	0.00140171	0.003	0.01	285	0	285	285	
2	2.25	4	4	2	3	236	41772	235	41595	0.00341702	0.00166041	0.003	0.01	177	0	177	177	
2	2.25	4	5	5	3	250	39248	250	39248	0.003	0	0.003	0.003	156.992	0.0892629	156	157	
2	2.25	2	6	3	3	128	22656	128	22656	0.00978125	0.00122273	0.003	0.01	177	0	177	177	
2	2.25	2	7	2	3	250	71250	250	71250	0.003	0	0.003	0.003	285	0	285	285	
2	2.25	2	8	5	3	250	56249	250	56249	0.003	0	0.003	0.003	224.996	0.0632456	224	225	
2	2.25	2	9	1	3	250	71250	250	71250	0.003	0	0.003	0.003	285	0	285	285	
2	2.25	2	10	4	3	250	85248	250	85248	0.003	0	0.003	0.003	340.992	0.126491	339	341	
2	2.25	3	11	1	3	250	39248	250	39248	0.003	0	0.003	0.003	156.992	0.0892629	156	157	
2	2.25	3	12	3	3	250	44250	250	44250	0.003	0	0.003	0.003	177	0	177	177	
2	2.25	3	13	2	3	250	29248	250	29248	0.003	0	0.003	0.003	116.992	0.0892629	116	117	
2	2.25	3	14	4	3	242	68970	242	68970	0.0032314	0.00125411	0.003	0.01	285	0	285	285	
2	2.25	3	15	5	3	245	55124	245	55124	0.00314286	0.000991769	0.003	0.01	224.996	0.0638877	224	225	
2	2.25	1	16	1	3	250	93250	250	93250	0.003	0	0.003	0.003	373	0	373	373	
2	2.25	1	17	2	3	240	53998	240	53998	0.00332083	0.00146692	0.003	0.01	224.992	0.0910959	224	225	
2	2.25	1	18	4	3	125	22125	126	22302	0.01	0	0.01	0.01	177	0	177	177	
2	2.25	1	19	5	3	138	24426	138	24426	0.00868116	0.00274722	0.003	0.01	177	0	177	177	
2	2.25	1	20	3	3	235	41595	235	41595	0.00344681	0.0017148	0.003	0.01	177	0	177	177	
2.25	2.5	4	1	3	3	127	22479	128	22656	0.00978125	0.00122273	0.003	0.01	177	0	177	177	
2.25	2.5	4	2	1	3	250	71250	250	71250	0.003	0	0.003	0.003	285	0	285	285	
2.25	2.5	4	3	4	3	244	69540	245	69825	0.00317143	0.00108416	0.003	0.01	285	0	285	285	
2.25	2.5	4	4	2	3	240	42480	241	42657	0.00329046	0.00139891	0.003	0.01	177	0	177	177	
2.25	2.5	4	5	5	3	247	38777	247	38777	0.00308502	0.000768312	0.003	0.01	156.992	0.0898012	156	157	
2.25	2.5	2	6	3	3	126	22302	127	22479	0.00972441	0.00136671	0.003	0.01	177	0	177	177	
2.25	2.5	2	7	2	3	250	71250	250	71250	0.003	0	0.003	0.003	285	0	285	285	
2.25	2.5	2	8	5	3	250	56248	250	56248	0.003	0	0.003	0.003	224.992	0.0892629	224	225	
2.25	2.5	2	9	1	3	250	71250	250	71250	0.003	0	0.003	0.003	285	0	285	285	
2.25	2.5	2	10	4	3	250	85248	250	85248	0.003	0	0.003	0.003	340.992	0.126491	339	341	
2.25	2.5	3	11	1	3	250	39248	250	39248	0.003	0	0.003	0.003	156.992	0.0892629	156	157	
2.25	2.5	3	12	3	3	250	44250	250	44250	0.003	0	0.003	0.003	177	0	177	177	
2.25	2.5	3	13	2	3	250	29247	250	29247	0.003	0	0.003	0.003	116.988	0.109104	116	117	
2.25	2.5	3	14	4	3	245	69825	245	69825	0.00314286	0.000991769	0.003	0.01	285	0	285	285	
2.25	2.5	3	15	5	3	245	55123	244	54898	0.00314344	0.000993766	0.003	0.01	224.992	0.0903493	224	225	
2.25	2.5	1	16	1	3	250	93250	250	93250	0.003	0	0.003	0.003	373	0	373	373	
2.25	2.5	1	17	2	3	242	54449	242	54449	0.0032314	0.00125411	0.003	0.01	224.996	0.0642824	224	225	
2.25	2.5	1	18	4	3	239	37663	241	38057	0.0033195	0.00146401	0.003	0.01	157.913	4.18289	157	177	
2.25	2.5	1	19	5	3	139	24603	137	24249	0.00872263	0.00271361	0.003	0.01	177	0	177	177	
2.25	2.5	1	20	3	3	228	40356	227	40179	0.00367841	0.00207548	0.003	0.01	177	0	177	177	
2.5	2.75	4	1	3	3	126	22302	128	22656	0.00978125	0.00122273	0.003	0.01	177	0	177	177	
2.5	2.75	4	2	1	3	250	71250	250	71250	0.003	0	0.003	0.003	285	0	285	285	
2.5	2.75	4	3	4	3	242	68970	241	68685	0.00320332	0.00117799	0.003	0.01	285	0	285	285	
2.5	2.75	4	4	2	3	237	41949	237	41949	0.00338397	0.00159722	0.003	0.01	177	0	177	177	
2.5	2.75	4	5	5	3	250	39248	250	39248	0.003	0	0.003	0.003	156.992	0.0892629	156	157	
2.5	2.75	2	6	3	3	130	23010	129	22833	0.00956589	0.00169487	0.003	0.01	177	0	177	177	
2.5	2.75	2	7	2	3	250	71250	250	71250	0.003	0	0.003	0.003	285	0	285	285	
2.5	2.75	2	8	5	3	250	56248	250	56248	0.003	0	0.003	0.003	224.992	0.0892629	224	225	
2.5	2.75	2	9	1	3	250	71250	250	71250	0.003	0	0.003	0.003	285	0	285	285	
2.5	2.75	2	10	4	3	250	85250	250	85250	0.003	0	0.003	0.003	341	0	341	341	
2.5	2.75	3	11	1	3	250	39248	250	39248	0.003	0	0.003	0.003	156.992	0.0892629	156	157	
2.5	2.75	3	12	3	3	250	44250	250	44250	0.003	0	0.003	0.003	177	0	177	177	
2.5	2.75	3	13	2	3	250	29248	250	29248	0.003	0	0.003	0.003	116.992	0.0892629	116	117	
2.5	2.75	3	14	4	3	239	68115	238	67830	0.00332353	0.0014728	0.003	0.01	285	0	285	285	
2.5	2.75	3	15	5	3	243	54674	244	54899	0.00320082	0.00117091	0.003	0.01	224.996	0.0640184	224	225	
2.5	2.75	1	16	1	3	250	93242	250	93242	0.003	0	0.003	0.003	372.968	0.197819	371	373	
2.5	2.75	1	17	2	3	244	54898	244	54898	0.00317213	0.00108634	0.003	0.01	224.992	0.0903493	224	225	
2.5	2.75	1	18	4	3	250	39247	250	39247	0.003	0	0.003	0.003	156.988	0.141194	155	157	
2.5	2.75	1	19	5	3	139	24603	139	24603	0.00853957	0.00285461	0.003	0.01	177	0	177	177	
2.5	2.75	1	20	3	3	236	41772	237	41949	0.0034135	0.00165381	0.003	0.01	177	0	177	177	
2.75	3	4	1	3	3	128	22656	127	22479	0.00977953	0.00122742	0.003	0.01	177	0	177	177	
2.75	3	4	2	1	3	250	71250	250	71250	0.003	0	0.003	0.003	285	0	285	285	
2.75	3	4	3	4	3	239	68115	240	68400	0.00335	0.0015288	0.003	0.01	285	0	285	285	
2.75	3	4	4	2	3	238	42126	238	42126	0.00335294	0.0015349	0.003	0.01	177	0	177	177	
2.75	3	4	5	5	3	248	38933	248	38933	0.00305645	0.000627345	0.003	0.01	156.988	0.109539	156	157	
2.75	3	2	6	3	3	128	22656	128	22656	0.00967187	0.00148541	0.003	0.01	177	0	177	177	
2.75	3	2	7	2	3	250	71250	250	71250	0.003	0	0.003	0.003	285	0	285	285	
2.75	3	2	8	5	3	250	56249	250	56249	0.003	0	0.003	0.003	224.996	0.0632456	224	225	
2.75	3	2	9	1	3	250	71250	250	71250	0.003	0	0.003	0.003	285	0	285	285	
2.75	3	2	10	4	3	250	85248	250	85248	0.003	0	0.003	0.003	340.992	0.126491	339	341	
2.75	3	3	11	1	3	250	39247	250	39247	0.003	0	0.003	0.003	156.988	0.109104	156	157	
2.75	3	3	12	3	3	250	44250	250	44250	0.003	0	0.003	0.003	177	0	177	177	
2.75	3	3	13	2	3	250	29247	250	29247	0.003	0	0.003	0.003	116.988	0.109104	116	117	
2.75	3	3	14	4	3	237	67545	238	67830	0.00338235	0.00159404	0.003	0.01	285	0	285	285	
2.75	3	3	15	5	3	245	55123	245	55123	0.00314286	0.000991769	0.003	0.01	224.992	0.0901655	224	225	
2.75	3	1	16	1	3	250	93243	250	93243	0.003	0	0.003	0.003	372.972	0.165304	372	373	
2.75	3	1	17	2	3	244	54899	243	54674	0.00317284	0.00108852	0.003	0.01	224.996	0.06415	224	225	
2.75	3	1	18	4	3	250	39248	250	39248	0.003	0	0.003	0.003	156.992	0.0892629	156	157	
2.75	3	1	19	5	3	136	24072	137	24249	0.00882482	0.00262594	0.003	0.01	177	0	177	177	
2.75	3	1	20	3	3	225	39825	225	39825	0.00377778	0.00220479	0.003	0.01	177	0	177	177	
3	3.25	4	1	3	3	127	22479	127	22479	0.00966929	0.00149101	0.003	0.01	177	0	177	177	
3	3.25	4	2	1	3	250	71250	250	71250	0.003	0	0.003	0.003	285	0	285	285	
3	3.25	4	3	4	3	244	69540	244	69540	0.00317213	0.00108634	0.003	0.01	285	0	285	285	
3	3.25	4	4	2	3	243	43011	243	43011	0.00320165	0.00117325	0.003	0.01	177	0	177	177	
3	3.25	4	5	5	3	249	39091	249	39091	0.00302811	0.000443607	0.003	0.01	156.992	0.0894413	156	157	
3	3.25	2	6	3	3	131	23187	130	23010	0.00940769	0.0019557	0.003	0.01	177	0	177	177	
3	3.25	2	7	2	3	250	71250	250	71250	0.003	0	0.003	0.003	285	0	285	285	
3	3.25	2	8	5	3	250	56248	250	56248	0.003	0	0.003	0.003	224.992	0.0892629	224	225	
3	3.25	2	9	1	3	250	71250	250	71250	0.003	0	0.003	0.003	285	0	285	285	
3	3.25	2	10	4	3	250	85248	250	85248	0.003	0	0.003	0.003	340.992	0.126491	339	341	
3	3.25	3	11	1	3	250	39248	250	39248	0.003	0	0.003	0.003	156.992	0.0892629	156	157	
3	3.25	3	12	3	3	250	44250	250	44250	0.003	0	0.003	0.003	177	0	177	177	
3	3.25	3	13	2	3	250	29248	250	29248	0.003	0	0.003	0.003	116.992	0.0892629	116	117	
3	3.25	3	14	4	3	231	65835	230	65550	0.00357826	0.00193123	0.003	0.01	285	0	285	285	
3	3.25	3	15	5	3	244	54899	244	54899	0.00317213	0.00108634	0.003	0.01	224.996	0.0640184	224	225	
3	3.25	1	16	1	3	250	93244	250	93244	0.003	0	0.003	0.003	372.976	0.153356	372	373	
3	3.25	1	17	2	3	243	54673	244	54898	0.00320082	0.00117091	0.003	0.01	224.992	0.0903493	224	225	
3	3.25	1	18	4	3	250	39247	250	39247	0.003	0	0.003	0.003	156.988	0.109104	156	157	
3	3.25	1	19	5	3	140	24780	139	24603	0.00853957	0.00285461	0.003	0.01	177	0	177	177	
3	3.25	1	20	3	3	226	40002	226	40002	0.00374336	0.00216139	0.003	0.01	177	0	177	177	
3.25	3.5	4	1	3	3	129	22833	130	23010	0.00962308	0.00158611	0.003	0.01	177	0	177	177	
3.25	3.5	4	2	1	3	250	71250	250	71250	0.003	0	0.003	0.003	285	0	285	285	
3.25	3.5	4	3	4	3	239	68115	239	68115	0.00332217	0.00146985	0.003	0.01	285	0	285	285	
3.25	3.5	4	4	2	3	244	43188	244	43188	0.00317213	0.00108634	0.003	0.01	177	0	177	177	
3.25	3.5	4	5	5	3	248	38934	248	38934	0.00305645	0.000627345	0.003	0.01	156.992	0.0896207	156	157	
3.25	3.5	2	6	3	3	128	22656	128	22656	0.00967187	0.00148541	0.003	0.01	177	0	177	177	
3.25	3.5	2	7	2	3	250	71250	250	71250	0.003	0	0.003	0.003	285	0	285	285	
3.25	3.5	2	8	5	3	250	56249	250	56249	0.003	0	0.003	0.003	224.996	0.0632456	224	225	
3.25	3.5	2	9	1	3	250	71250	250	71250	0.003	0	0.003	0.003	285	0	285	285	
3.25	3.5	2	10	4	3	250	85248	250	85248	0.003	0	0.003	0.003	340.992	0.126491	339	341	
3.25	3.5	3	11	1	3	250	39248	250	39248	0.003	0	0.003	0.003	156.992	0.0892629	156	157	
3.25	3.5	3	12	3	3	250	44250	250	44250	0.003	0	0.003	0.003	177	0	177	177	
3.25	3.5	3	13	2	3	250	29247	250	29247	0.003	0	0.003	0.003	116.988	0.109104	116	117	
3.25	3.5	3	14	4	3	232	66120	233	66405	0.00354077	0.00187297	0.003	0.01	285	0	285	285	
3.25	3.5	3	15	5	3	246	55348	246	55348	0.00311382	0.000887126	0.003	0.01	224.992	0.0899828	224	225	
3.25	3.5	1	16	1	3	250	93243	250	93243	0.003	0	0.003	0.003	372.972	0.165304	372	373	
3.25	3.5	1	17	2	3	244	54899	244	54899	0.00317213	0.00108634	0.003	0.01	224.996	0.0640184	224	225	
3.25	3.5	1	18	4	3	250	39248	250	39248	0.003	0	0.003	0.003	156.992	0.0892629	156	157	
3.25	3.5	1	19	5	3	140	24780	141	24957	0.00846099	0.00290939	0.003	0.01	177	0	177	177	
3.25	3.5	1	20	3	3	220	38940	220	38940	0.00395454	0.0024077	0.003	0.01	177	0	177	177	
3.5	3.75	4	1	3	3	128	22656	127	22479	0.00966929	0.00149101	0.003	0.01	177	0	177	177	
3.5	3.75	4	2	1	3	250	71250	250	71250	0.003	0	0.003	0.003	285	0	285	285	
3.5	3.75	4	3	4	3	246	70110	246	70110	0.00311382	0.000887126	0.003	0.01	285	0	285	285	
3.5	3.75	4	4	2	3	241	42657	241	42657	0.00326141	0.00132999	0.003	0.01	177	0	177	177	
3.5	3.75	4	5	5	3	248	38933	248	38933	0.00305645	0.000627345	0.003	0.01	156.988	0.109539	156	157	
3.5	3.75	2	6	3	3	128	22656	129	22833	0.00962015	0.00159194	0.003	0.01	177	0	177	177	
3.5	3.75	2	7	2	3	250	71250	250	71250	0.003	0	0.003	0.003	285	0	285	285	
3.5	3.75	2	8	5	3	250	56248	250	56248	0.003	0	0.003	0.003	224.992	0.0892629	224	225	
3.5	3.75	2	9	1	3	250	71250	250	71250	0.003	0	0.003	0.003	285	0	285	285	
3.5	3.75	2	10	4	3	250	85250	250	85250	0.003	0	0.003	0.003	341	0	341	341	
3.5	3.75	3	11	1	3	250	39247	250	39247	0.003	0	0.003	0.003	156.988	0.109104	156	157	
3.5	3.75	3	12	3	3	250	44250	250	44250	0.003	0	0.003	0.003	177	0	177	177	
3.5	3.75	3	13	2	3	249	29131	249	29131	0.00302811	0.000443607	0.003	0.01	116.992	0.0894413	116	117	
3.5	3.75	3	14	4	3	242	68970	242	68970	0.0032314	0.00125411	0.003	0.01	285	0	285	285	
3.5	3.75	3	15	5	3	241	54224	241	54224	0.00326141	0.00132999	0.003	0.01	224.996	0.0644157	224	225	
3.5	3.75	1	16	1	3	250	93243	250	93243	0.003	0	0.003	0.003	372.972	0.165304	372	373	
3.5	3.75	1	17	2	3	241	54223	241	54223	0.00326141	0.00132999	0.003	0.01	224.992	0.0909075	224	225	
3.5	3.75	1	18	4	3	250	39248	250	39248	0.003	0	0.003	0.003	156.992	0.0892629	156	157	
3.5	3.75	1	19	5	3	137	24249	136	24072	0.00881618	0.00263369	0.003	0.01	177	0	177	177	
3.5	3.75	1	20	3	3	226	40002	226	40002	0.00374336	0.00216139	0.003	0.01	177	0	177	177	
3.75	4	4	1	3	3	128	22656	127	22479	0.00966929	0.00149101	0.003	0.01	177	0	177	177	
3.75	4	4	2	1	3	250	71250	250	71250	0.003	0	0.003	0.003	285	0	285	285	
3.75	4	4	3	4	3	246	70110	246	70110	0.00311382	0.000887126	0.003	0.01	285	0	285	285	
3.75	4	4	4	2	3	236	41772	236	41772	0.00341525	0.0016571	0.003	0.01	177	0	177	177	
3.75	4	4	5	5	3	250	39248	250	39248	0.003	0	0.003	0.003	156.992	0.0892629	156	157	
3.75	4	2	6	3	3	130	23010	129	22833	0.00951163	0.00179024	0.003	0.01	177	0	177	177	
3.75	4	2	7	2	3	250	71250	250	71250	0.003	0	0.003	0.003	285	0	285	285	
3.75	4	2	8	5	3	250	56249	250	56249	0.003	0	0.003	0.003	224.996	0.0632456	224	225	
3.75	4	2	9	1	3	250	71250	250	71250	0.003	0	0.003	0.003	285	0	285	285	
3.75	4	2	10	4	3	250	85248	250	85248	0.003	0	0.003	0.003	340.992	0.126491	339	341	
3.75	4	3	11	1	3	250	39248	250	39248	0.003	0	0.003	0.003	156.992	0.0892629	156	157	
3.75	4	3	12	3	3	250	44250	250	44250	0.003	0	0.003	0.003	177	0	177	177	
3.75	4	3	13	2	3	249	29130	249	29130	0.00302811	0.000443607	0.003	0.01	116.988	0.109321	116	117	
3.75	4	3	14	4	3	242	68970	242	68970	0.0032314	0.00125411	0.003	0.01	285	0	285	285	
3.75	4	3	15	5	3	246	55348	246	55348	0.00311382	0.000887126	0.003	0.01	224.992	0.0899828	224	225	
3.75	4	1	16	1	3	250	93243	250	93243	0.003	0	0.003	0.003	372.972	0.165304	372	373	
3.75	4	1	17	2	3	239	53774	239	53774	0.00332217	0.00146985	0.003	0.01	224.996	0.0646846	224	225	
3.75	4	1	18	4	3	250	39247	250	39247	0.003	0	0.003	0.003	156.988	0.109104	156	157	
3.75	4	1	19	5	3	136	24072	137	24249	0.00882482	0.00262594	0.003	0.01	177	0	177	177	
3.75	4	1	20	3	3	223	39471	222	39294	0.00385135	0.00229311	0.003	0.01	177	0	177	177	
4	4.25	4	1	3	3	131	23187	132	23364	0.00931061	0.00209373	0.003	0.01	177	0	177	177	
4	4.25	4	2	1	3	250	71250	250	71250	0.003	0	0.003	0.003	285	0	285	285	
4	4.25	4	3	4	3	244	69540	244	69540	0.00317213	0.00108634	0.003	0.01	285	0	285	285	
4	4.25	4	4	2	3	232	41064	231	40887	0.00354545	0.00188042	0.003	0.01	177	0	177	177	
4	4.25	4	5	5	3	250	39248	250	39248	0.003	0	0.003	0.003	156.992	0.0892629	156	157	
4	4.25	2	6	3	3	129	22833	129	22833	0.00951163	0.00179024	0.003	0.01	177	0	177	177	
4	4.25	2	7	2	3	250	71250	250	71250	0.003	0	0.003	0.003	285	0	285	285	
4	4.25	2	8	5	3	250	56248	250	56248	0.003	0	0.003	0.003	224.992	0.0892629	224	225	
4	4.25	2	9	1	3	250	71250	250	71250	0.003	0	0.003	0.003	285	0	285	285	
4	4.25	2	10	4	3	250	85248	250	85248	0.003	0	0.003	0.003	340.992	0.126491	339	341	
4	4.25	3	11	1	3	250	39248	250	39248	0.003	0	0.003	0.003	156.992	0.0892629	156	157	
4	4.25	3	12	3	3	250	44250	250	44250	0.003	0	0.003	0.003	177	0	177	177	
4	4.25	3	13	2	3	250	29248	250	29248	0.003	0	0.003	0.003	116.992	0.0892629	116	117	
4	4.25	3	14	4	3	246	70110	246	70110	0.00311382	0.000887126	0.003	0.01	285	0	285	285	
4	4.25	3	15	5	3	246	55348	246	55349	0.00311382	0.000887126	0.003	0.01	224.996	0.0637577	224	225	
4	4.25	1	16	1	3	250	93244	250	93244	0.003	0	0.003	0.003	372.976	0.153356	372	373	
4	4.25	1	17	2	3	241	54223	241	54223	0.00326141	0.00132999	0.003	0.01	224.992	0.0909075	224	225	
4	4.25	1	18	4	3	250	39248	250	39248	0.003	0	0.003	0.003	156.992	0.0892629	156	157	
4	4.25	1	19	5	3	134	23718	133	23541	0.00905263	0.00240365	0.003	0.01	177	0	177	177	
4	4.25	1	20	3	3	213	37701	213	37701	0.0041831	0.00262953	0.003	0.01	177	0	177	177	
4.25	4.5	4	1	3	3	130	23010	129	22833	0.00951163	0.00179024	0.003	0.01	177	0	177	177	
4.25	4.5	4	2	1	3	250	71250	250	71250	0.003	0	0.003	0.003	285	0	285	285	
4.25	4.5	4	3	4	3	248	70680	248	70680	0.00305645	0.000627345	0.003	0.01	285	0	285	285	
4.25	4.5	4	4	2	3	232	41064	232	41064	0.0035431	0.00187668	0.003	0.01	177	0	177	177	
4.25	4.5	4	5	5	3	250	39248	250	39248	0.003	0	0.003	0.003	156.992	0.0892629	156	157	
4.25	4.5	2	6	3	3	133	23541	132	23364	0.00931061	0.00209373	0.003	0.01	177	0	177	177	
4.25	4.5	2	7	2	3	250	71250	250	71250	0.003	0	0.003	0.003	285	0	285	285	
4.25	4.5	2	8	5	3	250	56249	250	56249	0.003	0	0.003	0.003	224.996	0.0632456	224	225	
4.25	4.5	2	9	1	3	250	71250	250	71250	0.003	0	0.003	0.003	285	0	285	285	
4.25	4.5	2	10	4	3	250	85250	250	85250	0.003	0	0.003	0.003	341	0	341	341	
4.25	4.5	3	11	1	3	250	39247	250	39247	0.003	0	0.003	0.003	156.988	0.109104	156	157	
4.25	4.5	3	12	3	3	250	44250	250	44250	0.003	0	0.003	0.003	177	0	177	177	
4.25	4.5	3	13	2	3	250	29247	250	29247	0.003	0	0.003	0.003	116.988	0.109104	116	117	
4.25	4.5	3	14	4	3	240	68400	240	68400	0.00329167	0.00140171	0.003	0.01	285	0	285	285	
4.25	4.5	3	15	5	3	245	55124	245	55123	0.00314286	0.000991769	0.003	0.01	224.992	0.0901655	224	225	
4.25	4.5	1	16	1	3	250	93243	250	93243	0.003	0	0.003	0.003	372.972	0.165304	372	373	
4.25	4.5	1	17	2	3	244	54899	243	54674	0.00317284	0.00108852	0.003	0.01	224.996	0.06415	224	225	
4.25	4.5	1	18	4	3	250	39248	250	39248	0.003	0	0.003	0.003	156.992	0.0892629	156	157	
4.25	4.5	1	19	5	3	133	23541	135	23895	0.00911852	0.00233101	0.003	0.01	177	0	177	177	
4.25	4.5	1	20	3	3	219	38763	220	38940	0.00401818	0.00247354	0.003	0.01	177	0	177	177	
4.5	4.75	4	1	3	3	133	23541	134	23718	0.00921642	0.00221533	0.003	0.01	177	0	177	177	
4.5	4.75	4	2	1	3	250	71250	250	71250	0.003	0	0.003	0.003	285	0	285	285	
4.5	4.75	4	3	4	3	244	69540	244	69540	0.00317213	0.00108634	0.003	0.01	285	0	285	285	
4.5	4.75	4	4	2	3	220	38940	220	38940	0.00389091	0.00233827	0.003	0.01	177	0	177	177	
4.5	4.75	4	5	5	3	250	39247	250	39247	0.003	0	0.003	0.003	156.988	0.109104	156	157	
4.5	4.75	2	6	3	3	129	22833	130	23010	0.00951538	0.0017838	0.003	0.01	177	0	177	177	
4.5	4.75	2	7	2	3	250	71250	250	71250	0.003	0	0.003	0.003	285	0	285	285	
4.5	4.75	2	8	5	3	250	56248	250	56248	0.003	0	0.003	0.003	224.992	0.0892629	224	225	
4.5	4.75	2	9	1	3	250	71250	250	71250	0.003	0	0.003	0.003	285	0	285	285	
4.5	4.75	2	10	4	3	250	85248	250	85248	0.003	0	0.003	0.003	340.992	0.126491	339	341	
4.5	4.75	3	11	1	3	250	39248	250	39248	0.003	0	0.003	0.003	156.992	0.0892629	156	157	
4.5	4.75	3	12	3	3	250	44250	250	44250	0.003	0	0.003	0.003	177	0	177	177	
4.5	4.75	3	13	2	3	250	29248	250	29248	0.003	0	0.003	0.003	116.992	0.0892629	116	117	
4.5	4.75	3	14	4	3	235	66975	234	66690	0.00344872	0.00171822	0.003	0.01	285	0	285	285	
4.5	4.75	3	15	5	3	247	55573	247	55573	0.00308502	0.000768312	0.003	0.01	224.992	0.0898012	224	225	
4.5	4.75	1	16	1	3	250	93243	250	93243	0.003	0	0.003	0.003	372.972	0.165304	372	373	
4.5	4.75	1	17	2	3	245	55123	246	55348	0.00314228	0.000989785	0.003	0.01	224.992	0.0899828	224	225	
4.5	4.75	1	18	4	3	250	39247	250	39247	0.003	0	0.003	0.003	156.988	0.109104	156	157	
4.5	4.75	1	19	5	3	137	24249	134	23718	0.00885075	0.0026028	0.003	0.01	177	0	177	177	
4.5	4.75	1	20	3	3	228	40356	226	40002	0.00368141	0.0020796	0.003	0.01	177	0	177	177	
4.75	5	4	1	3	3	137	24249	136	24072	0.0087647	0.00267841	0.003	0.01	177	0	177	177	
4.75	5	4	2	1	3	250	71250	250	71250	0.003	0	0.003	0.003	285	0	285	285	
4.75	5	4	3	4	3	245	69825	245	69825	0.00314286	0.000991769	0.003	0.01	285	0	285	285	
4.75	5	4	4	2	3	216	38232	215	38055	0.00417209	0.00261969	0.003	0.01	177	0	177	177	
4.75	5	4	5	5	3	245	38463	245	38463	0.00314286	0.000991769	0.003	0.01	156.992	0.0901655	156	157	
4.75	5	2	6	3	3	130	23010	132	23364	0.00925757	0.00216362	0.003	0.01	177	0	177	177	
4.75	5	2	7	2	3	250	71250	250	71250	0.003	0	0.003	0.003	285	0	285	285	
4.75	5	2	8	5	3	250	56248	250	56249	0.003	0	0.003	0.003	224.996	0.0632456	224	225	
4.75	5	2	9	1	3	250	71250	250	71250	0.003	0	0.003	0.003	285	0	285	285	
4.75	5	2	10	4	3	250	85248	250	85248	0.003	0	0.003	0.003	340.992	0.126491	339	341	
4.75	5	3	11	1	3	250	39248	250	39248	0.003	0	0.003	0.003	156.992	0.0892629	156	157	
4.75	5	3	12	3	3	250	44250	250	44250	0.003	0	0.003	0.003	177	0	177	177	
4.75	5	3	13	2	3	250	29247	250	29247	0.003	0	0.003	0.003	116.988	0.109104	116	117	
4.75	5	3	14	4	3	248	70680	249	70965	0.00305622	0.000626089	0.003	0.01	285	0	285	285	
4.75	5	3	15	5	3	244	54899	244	54899	0.00317213	0.00108634	0.003	0.01	224.996	0.0640184	224	225	
4.75	5	1	16	1	3	250	93243	250	93243	0.003	0	0.003	0.003	372.972	0.165304	372	373	
4.75	5	1	17	2	3	242	54449	242	54449	0.0032314	0.00125411	0.003	0.01	224.996	0.0642824	224	225	
4.75	5	1	18	4	3	250	39248	250	39248	0.003	0	0.003	0.003	156.992	0.0892629	156	157	
4.75	5	1	19	5	3	134	23718	138	24426	0.00893478	0.00252349	0.003	0.01	177	0	177	177	
4.75	5	1	20	3	3	233	41241	235	41595	0.00350638	0.00181723	0.003	0.01	177	0	177	177	
5	5.25	4	1	3	3	139	24603	141	24957	0.00851064	0.00287506	0.003	0.01	177	0	177	177	
5	5.25	4	2	1	3	250	71250	250	71250	0.003	0	0.003	0.003	285	0	285	285	
5	5.25	4	3	4	3	242	68970	242	68970	0.0032314	0.00125411	0.003	0.01	285	0	285	285	
5	5.25	4	4	2	3	217	38409	217	38409	0.00406452	0.00251946	0.003	0.01	177	0	177	177	
5	5.25	4	5	5	3	248	38934	248	38934	0.00305645	0.000627345	0.003	0.01	156.992	0.0896207	156	157	
5	5.25	2	6	3	3	139	24603	138	24426	0.00863043	0.00278703	0.003	0.01	177	0	177	177	
5	5.25	2	7	2	3	250	71250	250	71250	0.003	0	0.003	0.003	285	0	285	285	
5	5.25	2	8	5	3	250	56249	250	56248	0.003	0	0.003	0.003	224.992	0.0892629	224	225	
5	5.25	2	9	1	3	250	71250	250	71250	0.003	0	0.003	0.003	285	0	285	285	
5	5.25	2	10	4	3	250	85248	250	85248	0.003	0	0.003	0.003	340.992	0.126491	339	341	
5	5.25	3	11	1	3	250	39248	250	39248	0.003	0	0.003	0.003	156.992	0.0892629	156	157	
5	5.25	3	12	3	3	250	44250	250	44250	0.003	0	0.003	0.003	177	0	177	177	
5	5.25	3	13	2	3	250	29248	250	29248	0.003	0	0.003	0.003	116.992	0.0892629	116	117	
5	5.25	3	14	4	3	241	68685	241	68685	0.00326141	0.00132999	0.003	0.01	285	0	285	285	
5	5.25	3	15	5	3	247	55573	246	55348	0.00308536	0.000769859	0.003	0.01	224.992	0.0899828	224	225	
5	5.25	1	16	1	3	250	93244	250	93244	0.003	0	0.003	0.003	372.976	0.153356	372	373	
5	5.25	1	17	2	3	246	55348	246	55348	0.00311382	0.000887126	0.003	0.01	224.992	0.0899828	224	225	
5	5.25	1	18	4	3	250	39248	250	39248	0.003	0	0.003	0.003	156.992	0.0892629	156	157	
5	5.25	1	19	5	3	140	24780	137	24249	0.00856934	0.00283309	0.003	0.01	177	0	177	177	
5	5.25	1	20	3	3	233	41241	232	41064	0.00351293	0.00182807	0.003	0.01	177	0	177	177	
5.25	5.5	4	1	3	3	142	25134	142	25134	0.00832394	0.00299775	0.003	0.01	177	0	177	177	
5.25	5.5	4	2	1	3	250	71250	250	71250	0.003	0	0.003	0.003	285	0	285	285	
5.25	5.5	4	3	4	3	246	70110	245	69825	0.00311428	0.000888912	0.003	0.01	285	0	285	285	
5.25	5.5	4	4	2	3	221	39117	223	39471	0.00391031	0.00235977	0.003	0.01	177	0	177	177	
5.25	5.5	4	5	5	3	249	39090	249	39091	0.00302811	0.000443607	0.003	0.01	156.992	0.0894413	156	157	
5.25	5.5	2	6	3	3	144	25488	143	25311	0.00828671	0.00302017	0.003	0.01	177	0	177	177	
5.25	5.5	2	7	2	3	250	71250	250	71250	0.003	0	0.003	0.003	285	0	285	285	
5.25	5.5	2	8	5	3	250	56248	250	56248	0.003	0	0.003	0.003	224.992	0.0892629	224	225	
5.25	5.5	2	9	1	3	250	71250	250	71250	0.003	0	0.003	0.003	285	0	285	285	
5.25	5.5	2	10	4	3	250	85250	250	85250	0.003	0	0.003	0.003	341	0	341	341	
5.25	5.5	3	11	1	3	250	39247	250	39247	0.003	0	0.003	0.003	156.988	0.109104	156	157	
5.25	5.5	3	12	3	3	249	44073	249	44073	0.00302811	0.000443607	0.003	0.01	177	0	177	177	
5.25	5.5	3	13	2	3	250	29247	250	29247	0.003	0	0.003	0.003	116.988	0.109104	116	117	
5.25	5.5	3	14	4	3	244	69540	244	69540	0.00317213	0.00108634	0.003	0.01	285	0	285	285	
5.25	5.5	3	15	5	3	246	55349	247	55574	0.00311336	0.00088535	0.003	0.01	224.996	0.0636285	224	225	
5.25	5.5	1	16	1	3	250	93243	250	93243	0.003	0	0.003	0.003	372.972	0.165304	372	373	
5.25	5.5	1	17	2	3	241	54223	241	54223	0.00326141	0.00132999	0.003	0.01	224.992	0.0909075	224	225	
5.25	5.5	1	18	4	3	250	39248	250	39248	0.003	0	0.003	0.003	156.992	0.0892629	156	157	
5.25	5.5	1	19	5	3	137	24249	139	24603	0.00874101	0.0026982	0.003	0.01	177	0	177	177	
5.25	5.5	1	20	3	3	234	41418	234	41418	0.00344872	0.00171822	0.003	0.01	177	0	177	177	
5.5	5.75	4	1	3	3	145	25665	144	25488	0.00810417	0.00312159	0.003	0.01	177	0	177	177	
5.5	5.75	4	2	1	3	250	71250	250	71250	0.003	0	0.003	0.003	285	0	285	285	
5.5	5.75	4	3	4	3	243	69255	244	69540	0.00320082	0.00117091	0.003	0.01	285	0	285	285	
5.5	5.75	4	4	2	3	234	41418	233	41241	0.00348069	0.00177405	0.003	0.01	177	0	177	177	
5.5	5.75	4	5	5	3	248	38934	248	38933	0.00305645	0.000627345	0.003	0.01	156.988	0.109539	156	157	
5.5	5.75	2	6	3	3	139	24603	140	24780	0.0085	0.00288259	0.003	0.01	177	0	177	177	
5.5	5.75	2	7	2	3	250	71250	250	71250	0.003	0	0.003	0.003	285	0	285	285	
5.5	5.75	2	8	5	3	250	56249	250	56249	0.003	0	0.003	0.003	224.996	0.0632456	224	225	
5.5	5.75	2	9	1	3	249	70965	249	70965	0.003	0	0.003	0.003	285	0	285	285	
5.5	5.75	2	10	4	3	250	85248	250	85248	0.003	0	0.003	0.003	340.992	0.126491	339	341	
5.5	5.75	3	11	1	3	250	39248	250	39248	0.003	0	0.003	0.003	156.992	0.0892629	156	157	
5.5	5.75	3	12	3	3	250	44250	250	44250	0.003	0	0.003	0.003	177	0	177	177	
5.5	5.75	3	13	2	3	250	29248	250	29248	0.003	0	0.003	0.003	116.992	0.0892629	116	117	
5.5	5.75	3	14	4	3	236	67260	235	66975	0.00341702	0.00166041	0.003	0.01	285	0	285	285	
5.5	5.75	3	15	5	3	244	54898	244	54898	0.00317213	0.00108634	0.003	0.01	224.992	0.0903493	224	225	
5.5	5.75	1	16	1	3	250	93243	250	93243	0.003	0	0.003	0.003	372.972	0.165304	372	373	
5.5	5.75	1	17	2	3	247	55574	247	55574	0.00308502	0.000768312	0.003	0.01	224.996	0.0636285	224	225	
5.5	5.75	1	18	4	3	250	39247	250	39247	0.003	0	0.003	0.003	156.988	0.109104	156	157	
5.5	5.75	1	19	5	3	141	24957	140	24780	0.0084	0.00294994	0.003	0.01	177	0	177	177	
5.5	5.75	1	20	3	3	219	38763	220	38940	0.00401818	0.00247354	0.003	0.01	177	0	177	177	
5.75	6	4	1	3	3	144	25488	144	25488	0.00815278	0.00309595	0.003	0.01	177	0	177	177	
5.75	6	4	2	1	3	250	71250	250	71250	0.003	0	0.003	0.003	285	0	285	285	
5.75	6	4	3	4	3	248	70680	248	70680	0.00305645	0.000627345	0.003	0.01	285	0	285	285	
5.75	6	4	4	2	3	234	41418	235	41595	0.00347659	0.00176701	0.003	0.01	177	0	177	177	
5.75	6	4	5	5	3	249	39091	249	39091	0.00302811	0.000443607	0.003	0.01	156.992	0.0894413	156	157	
5.75	6	2	6	3	3	143	25311	144	25488	0.00820139	0.00306932	0.003	0.01	177	0	177	177	
5.75	6	2	7	2	3	250	71250	250	71250	0.003	0	0.003	0.003	285	0	285	285	
5.75	6	2	8	5	3	250	56248	250	56248	0.003	0	0.003	0.003	224.992	0.0892629	224	225	
5.75	6	2	9	1	3	250	71250	250	71250	0.003028	0.000442719	0.003	0.01	285	0	285	285	
5.75	6	2	10	4	3	250	85248	250	85248	0.003	0	0.003	0.003	340.992	0.126491	339	341	
5.75	6	3	11	1	3	250	39248	250	39248	0.003	0	0.003	0.003	156.992	0.0892629	156	157	
5.75	6	3	12	3	3	250	44250	250	44250	0.003	0	0.003	0.003	177	0	177	177	
5.75	6	3	13	2	3	250	29248	250	29248	0.003	0	0.003	0.003	116.992	0.0892629	116	117	
5.75	6	3	14	4	3	227	64695	228	64980	0.00370614	0.0021128	0.003	0.01	285	0	285	285	
5.75	6	3	15	5	3	248	55799	248	55799	0.00305645	0.000627345	0.003	0.01	224.996	0.0635001	224	225	
5.75	6	1	16	1	3	250	93243	250	93243	0.003	0	0.003	0.003	372.972	0.165304	372	373	
5.75	6	1	17	2	3	247	55573	247	55573	0.00308502	0.000768312	0.003	0.01	224.992	0.0898012	224	225	
5.75	6	1	18	4	3	250	39248	250	39248	0.003	0	0.003	0.003	156.992	0.0892629	156	157	
5.75	6	1	19	5	3	134	23718	135	23895	0.00906667	0.0023884	0.003	0.01	177	0	177	177	
5.75	6	1	20	3	3	227	40179	226	40002	0.00371239	0.00212112	0.003	0.01	177	0	177	177	
6	6.25	4	1	3	3	151	26727	150	26550	0.00762	0.00332707	0.003	0.01	177	0	177	177	
6	6.25	4	2	1	3	250	71250	250	71250	0.003	0	0.003	0.003	285	0	285	285	
6	6.25	4	3	4	3	247	70395	247	70395	0.00308502	0.000768312	0.003	0.01	285	0	285	285	
6	6.25	4	4	2	3	229	40533	228	40356	0.00364474	0.00202868	0.003	0.01	177	0	177	177	
6	6.25	4	5	5	3	246	38620	246	38620	0.00311382	0.000887126	0.003	0.01	156.992	0.0899828	156	157	
6	6.25	2	6	3	3	149	26373	148	26196	0.00777703	0.00326978	0.003	0.01	177	0	177	177	
6	6.25	2	7	2	3	250	71250	250	71250	0.003	0	0.003	0.003	285	0	285	285	
6	6.25	2	8	5	3	250	56249	250	56249	0.003	0	0.003	0.003	224.996	0.0632456	224	225	
6	6.25	2	9	1	3	250	71250	250	71250	0.003	0	0.003	0.003	285	0	285	285	
6	6.25	2	10	4	3	250	85250	250	85250	0.003	0	0.003	0.003	341	0	341	341	
6	6.25	3	11	1	3	250	39247	250	39247	0.003	0	0.003	0.003	156.988	0.109104	156	157	
6	6.25	3	12	3	3	250	44250	250	44250	0.003	0	0.003	0.003	177	0	177	177	
6	6.25	3	13	2	3	250	29247	250	29247	0.003	0	0.003	0.003	116.988	0.109104	116	117	
6	6.25	3	14	4	3	231	65835	230	65550	0.00357826	0.00193123	0.003	0.01	285	0	285	285	
6	6.25	3	15	5	3	247	55573	247	55573	0.00308502	0.000768312	0.003	0.01	224.992	0.0898012	224	225	
6	6.25	1	16	1	3	250	93243	250	93244	0.003	0	0.003	0.003	372.976	0.153356	372	373	
6	6.25	1	17	2	3	248	55799	248	55799	0.00305645	0.000627345	0.003	0.01	224.996	0.0635001	224	225	
6	6.25	1	18	4	3	250	39248	250	39248	0.003	0	0.003	0.003	156.992	0.0892629	156	157	
6	6.25	1	19	5	3	139	24603	137	24249	0.00867153	0.00275497	0.003	0.01	177	0	177	177	
6	6.25	1	20	3	3	226	40002	225	39825	0.00374667	0.00216564	0.003	0.01	177	0	177	177	
6.25	6.5	4	1	3	3	148	26196	148	26196	0.00782432	0.00325078	0.003	0.01	177	0	177	177	
6.25	6.5	4	2	1	3	250	71250	250	71250	0.003	0	0.003	0.003	285	0	285	285	
6.25	6.5	4	3	4	3	248	70680	248	70680	0.00305645	0.000627345	0.003	0.01	285	0	285	285	
6.25	6.5	4	4	2	3	231	40887	232	41064	0.0035431	0.00187668	0.003	0.01	177	0	177	177	
6.25	6.5	4	5	5	3	250	39247	250	39247	0.003	0	0.003	0.003	156.988	0.109104	156	157	
6.25	6.5	2	6	3	3	154	27258	155	27435	0.00729032	0.00342065	0.003	0.01	177	0	177	177	
6.25	6.5	2	7	2	3	250	71250	250	71250	0.003	0	0.003	0.003	285	0	285	285	
6.25	6.5	2	8	5	3	250	56248	250	56248	0.003	0	0.003	0.003	224.992	0.0892629	224	225	
6.25	6.5	2	9	1	3	250	71250	250	71250	0.003	0	0.003	0.003	285	0	285	285	
6.25	6.5	2	10	4	3	250	85248	250	85248	0.003	0	0.003	0.003	340.992	0.126491	339	341	
6.25	6.5	3	11	1	3	250	39248	250	39248	0.003	0	0.003	0.003	156.992	0.0892629	156	157	
6.25	6.5	3	12	3	3	250	44250	250	44250	0.003	0	0.003	0.003	177	0	177	177	
6.25	6.5	3	13	2	3	250	29248	250	29248	0.003	0	0.003	0.003	116.992	0.0892629	116	117	
6.25	6.5	3	14	4	3	227	64695	228	64980	0.00370614	0.0021128	0.003	0.01	285	0	285	285	
6.25	6.5	3	15	5	3	246	55349	246	55349	0.00311382	0.000887126	0.003	0.01	224.996	0.0637577	224	225	
6.25	6.5	1	16	1	3	250	93244	250	93243	0.003	0	0.003	0.003	372.972	0.165304	372	373	
6.25	6.5	1	17	2	3	244	54898	244	54898	0.00317213	0.00108634	0.003	0.01	224.992	0.0903493	224	225	
6.25	6.5	1	18	4	3	250	39247	250	39247	0.003	0	0.003	0.003	156.988	0.109104	156	157	
6.25	6.5	1	19	5	3	140	24780	140	24780	0.0085	0.00288259	0.003	0.01	177	0	177	177	
6.25	6.5	1	20	3	3	225	39825	225	39825	0.00377778	0.00220479	0.003	0.01	177	0	177	177	
6.5	6.75	4	1	3	3	139	24603	139	24603	0.00858993	0.00281768	0.003	0.01	177	0	177	177	
6.5	6.75	4	2	1	3	250	71250	250	71250	0.003	0	0.003	0.003	285	0	285	285	
6.5	6.75	4	3	4	3	249	70965	249	70965	0.00302811	0.000443607	0.003	0.01	285	0	285	285	
6.5	6.75	4	4	2	3	241	42657	241	42657	0.00329046	0.00139891	0.003	0.01	177	0	177	177	
6.5	6.75	4	5	5	3	250	39248	250	39248	0.003	0	0.003	0.003	156.992	0.0892629	156	157	
6.5	6.75	2	6	3	3	160	28320	158	27966	0.00707595	0.00346326	0.003	0.01	177	0	177	177	
6.5	6.75	2	7	2	3	250	71250	250	71250	0.003	0	0.003	0.003	285	0	285	285	
6.5	6.75	2	8	5	3	250	56249	250	56249	0.003	0	0.003	0.003	224.996	0.0632456	224	225	
6.5	6.75	2	9	1	3	250	71250	250	71250	0.003	0	0.003	0.003	285	0	285	285	
6.5	6.75	2	10	4	3	250	85248	250	85248	0.003	0	0.003	0.003	340.992	0.126491	339	341	
6.5	6.75	3	11	1	3	250	39248	250	39248	0.003	0	0.003	0.003	156.992	0.0892629	156	157	
6.5	6.75	3	12	3	3	250	44250	250	44250	0.003	0	0.003	0.003	177	0	177	177	
6.5	6.75	3	13	2	3	250	29247	250	29247	0.003	0	0.003	0.003	116.988	0.109104	116	117	
6.5	6.75	3	14	4	3	221	62985	221	62985	0.00388688	0.00233372	0.003	0.01	285	0	285	285	
6.5	6.75	3	15	5	3	244	54898	244	54898	0.00317213	0.00108634	0.003	0.01	224.992	0.0903493	224	225	
6.5	6.75	1	16	1	3	250	93243	250	93243	0.003	0	0.003	0.003	372.972	0.165304	372	373	
6.5	6.75	1	17	2	3	246	55349	246	55349	0.00311382	0.000887126	0.003	0.01	224.996	0.0637577	224	225	
6.5	6.75	1	18	4	3	250	39248	250	39248	0.003	0	0.003	0.003	156.992	0.0892629	156	157	
6.5	6.75	1	19	5	3	140	24780	141	24957	0.00846099	0.00290939	0.003	0.01	177	0	177	177	
6.5	6.75	1	20	3	3	221	39117	222	39294	0.00391441	0.0023643	0.003	0.01	177	0	177	177	
6.75	7	4	1	3	3	132	23364	134	23718	0.00911194	0.0023385	0.003	0.01	177	0	177	177	
6.75	7	4	2	1	3	250	71250	250	71250	0.003	0	0.003	0.003	285	0	285	285	
6.75	7	4	3	4	3	249	70965	248	70680	0.00302822	0.0004445	0.003	0.01	285	0	285	285	
6.75	7	4	4	2	3	241	42657	241	42657	0.00326141	0.00132999	0.003	0.01	177	0	177	177	
6.75	7	4	5	5	3	248	38934	248	38934	0.00305645	0.000627345	0.003	0.01	156.992	0.0896207	156	157	
6.75	7	2	6	3	3	156	27612	157	27789	0.00719108	0.00344207	0.003	0.01	177	0	177	177	
6.75	7	2	7	2	3	250	71250	250	71250	0.003	0	0.003	0.003	285	0	285	285	
6.75	7	2	8	5	3	250	56248	250	56248	0.003	0	0.003	0.003	224.992	0.0892629	224	225	
6.75	7	2	9	1	3	250	71250	250	71250	0.003	0	0.003	0.003	285	0	285	285	
6.75	7	2	10	4	3	250	85248	250	85248	0.003	0	0.003	0.003	340.992	0.126491	339	341	
6.75	7	3	11	1	3	249	39091	249	39091	0.00302811	0.000443607	0.003	0.01	156.992	0.0894413	156	157	
6.75	7	3	12	3	3	250	44250	250	44250	0.003	0	0.003	0.003	177	0	177	177	
6.75	7	3	13	2	3	250	29248	250	29248	0.003	0	0.003	0.003	116.992	0.0892629	116	117	
6.75	7	3	14	4	3	238	57868	238	57988	0.00338235	0.00159404	0.003	0.01	243.647	27.8368	223	285	
6.75	7	3	15	5	3	244	54899	244	54899	0.00317213	0.00108634	0.003	0.01	224.996	0.0640184	224	225	
6.75	7	1	16	1	3	250	93243	250	93243	0.003	0	0.003	0.003	372.972	0.165304	372	373	
6.75	7	1	17	2	3	243	54673	243	54673	0.00320165	0.00117325	0.003	0.01	224.992	0.0905342	224	225	
6.75	7	1	18	4	3	250	39248	250	39248	0.003	0	0.003	0.003	156.992	0.0892629	156	157	
6.75	7	1	19	5	3	142	25134	142	25134	0.00832394	0.00299775	0.003	0.01	177	0	177	177	
6.75	7	1	20	3	3	216	38232	216	38232	0.00406944	0.00252426	0.003	0.01	177	0	177	177	
7	7.25	4	1	3	3	135	23895	134	23718	0.00911194	0.0023385	0.003	0.01	177	0	177	177	
7	7.25	4	2	1	3	250	71250	250	71250	0.003	0	0.003	0.003	285	0	285	285	
7	7.25	4	3	4	3	247	70395	248	70680	0.00308468	0.000766774	0.003	0.01	285	0	285	285	
7	7.25	4	4	2	3	236	41772	234	41418	0.0034188	0.00166375	0.003	0.01	177	0	177	177	
7	7.25	4	5	5	3	249	39091	249	39091	0.00302811	0.000443607	0.003	0.01	156.992	0.0894413	156	157	
7	7.25	2	6	3	3	148	26196	146	25842	0.00789041	0.00322303	0.003	0.01	177	0	177	177	
7	7.25	2	7	2	3	250	71250	250	71250	0.003	0	0.003	0.003	285	0	285	285	
7	7.25	2	8	5	3	250	56249	250	56249	0.003	0	0.003	0.003	224.996	0.0632456	224	225	
7	7.25	2	9	1	3	250	71250	250	71250	0.003	0	0.003	0.003	285	0	285	285	
7	7.25	2	10	4	3	250	85250	250	85250	0.003	0	0.003	0.003	341	0	341	341	
7	7.25	3	11	1	3	250	39247	250	39247	0.003	0	0.003	0.003	156.988	0.109104	156	157	
7	7.25	3	12	3	3	250	44250	250	44250	0.003	0	0.003	0.003	177	0	177	177	
7	7.25	3	13	2	3	250	29247	250	29247	0.003	0	0.003	0.003	116.988	0.109104	116	117	
7	7.25	3	14	4	3	250	56248	250	56248	0.003	0	0.003	0.003	224.992	0.0892629	224	225	
7	7.25	3	15	5	3	245	55123	245	55123	0.00311428	0.000888912	0.003	0.01	224.992	0.0901655	224	225	
7	7.25	1	16	1	3	250	93243	250	93244	0.003	0	0.003	0.003	372.976	0.153356	372	373	
7	7.25	1	17	2	3	243	54674	243	54674	0.00320165	0.00117325	0.003	0.01	224.996	0.06415	224	225	
7	7.25	1	18	4	3	250	39248	250	39248	0.003	0	0.003	0.003	156.992	0.0892629	156	157	
7	7.25	1	19	5	3	145	25665	143	25311	0.00813986	0.00310293	0.003	0.01	177	0	177	177	
7	7.25	1	20	3	3	214	37878	213	37701	0.0041831	0.00262953	0.003	0.01	177	0	177	177	
7.25	7.5	4	1	3	3	132	23364	134	23718	0.00911194	0.0023385	0.003	0.01	177	0	177	177	
7.25	7.5	4	2	1	3	250	71250	250	71250	0.003	0	0.003	0.003	285	0	285	285	
7.25	7.5	4	3	4	3	248	70680	248	70680	0.00305645	0.000627345	0.003	0.01	285	0	285	285	
7.25	7.5	4	4	2	3	222	39294	224	39648	0.00384375	0.00228421	0.003	0.01	177	0	177	177	
7.25	7.5	4	5	5	3	247	38776	247	38776	0.00308502	0.000768312	0.003	0.01	156.988	0.109759	156	157	
7.25	7.5	2	6	3	3	153	27081	156	27612	0.00735256	0.00340551	0.003	0.01	177	0	177	177	
7.25	7.5	2	7	2	3	250	71250	250	71250	0.003	0	0.003	0.003	285	0	285	285	
7.25	7.5	2	8	5	3	250	56248	250	56248	0.003	0	0.003	0.003	224.992	0.0892629	224	225	
7.25	7.5	2	9	1	3	250	71250	250	71250	0.003	0	0.003	0.003	285	0	285	285	
7.25	7.5	2	10	4	3	250	85248	250	85248	0.003	0	0.003	0.003	340.992	0.126491	339	341	
7.25	7.5	3	11	1	3	250	39248	250	39248	0.003	0	0.003	0.003	156.992	0.0892629	156	157	
7.25	7.5	3	12	3	3	250	44250	250	44250	0.003	0	0.003	0.003	177	0	177	177	
7.25	7.5	3	13	2	3	250	29248	250	29248	0.003	0	0.003	0.003	116.992	0.0892629	116	117	
7.25	7.5	3	14	4	3	250	56249	250	56249	0.003	0	0.003	0.003	224.996	0.0632456	224	225	
7.25	7.5	3	15	5	3	245	55124	245	55124	0.00317143	0.00108416	0.003	0.01	224.996	0.0638877	224	225	
7.25	7.5	1	16	1	3	250	93244	250	93243	0.003	0	0.003	0.003	372.972	0.165304	372	373	
7.25	7.5	1	17	2	3	242	54448	242	54448	0.0032314	0.00125411	0.003	0.01	224.992	0.0907203	224	225	
7.25	7.5	1	18	4	3	250	39247	250	39247	0.003	0	0.003	0.003	156.988	0.109104	156	157	
7.25	7.5	1	19	5	3	144	25488	148	26196	0.00806081	0.00314335	0.003	0.01	177	0	177	177	
7.25	7.5	1	20	3	3	218	38586	219	38763	0.00405479	0.00250993	0.003	0.01	177	0	177	177	
7.5	7.75	4	1	3	3	133	23541	130	23010	0.0093	0.00210812	0.003	0.01	177	0	177	177	
7.5	7.75	4	2	1	3	250	71250	250	71250	0.003	0	0.003	0.003	285	0	285	285	
7.5	7.75	4	3	4	3	250	71250	250	71250	0.003	0	0.003	0.003	285	0	285	285	
7.5	7.75	4	4	2	3	231	40887	230	40710	0.00360869	0.0019767	0.003	0.01	177	0	177	177	
7.5	7.75	4	5	5	3	247	38777	247	38777	0.00308502	0.000768312	0.003	0.01	156.992	0.0898012	156	157	
7.5	7.75	2	6	3	3	151	26727	151	26727	0.00749669	0.00336625	0.003	0.01	177	0	177	177	
7.5	7.75	2	7	2	3	250	71250	250	71250	0.003	0	0.003	0.003	285	0	285	285	
7.5	7.75	2	8	5	3	250	56248	250	56248	0.003	0	0.003	0.003	224.992	0.0892629	224	225	
7.5	7.75	2	9	1	3	250	71250	250	71250	0.003	0	0.003	0.003	285	0	285	285	
7.5	7.75	2	10	4	3	250	85248	250	85248	0.003	0	0.003	0.003	340.992	0.126491	339	341	
7.5	7.75	3	11	1	3	250	39248	250	39248	0.003	0	0.003	0.003	156.992	0.0892629	156	157	
7.5	7.75	3	12	3	3	250	44250	250	44250	0.003	0	0.003	0.003	177	0	177	177	
7.5	7.75	3	13	2	3	250	29247	250	29247	0.003	0	0.003	0.003	116.988	0.109104	116	117	
7.5	7.75	3	14	4	3	250	56248	250	56248	0.003	0	0.003	0.003	224.992	0.0892629	224	225	
7.5	7.75	3	15	5	3	246	55348	245	55123	0.00311428	0.000888912	0.003	0.01	224.992	0.0901655	224	225	
7.5	7.75	1	16	1	3	250	93243	250	93243	0.003	0	0.003	0.003	372.972	0.165304	372	373	
7.5	7.75	1	17	2	3	244	54899	244	54899	0.00317213	0.00108634	0.003	0.01	224.996	0.0640184	224	225	
7.5	7.75	1	18	4	3	250	39248	250	39248	0.003	0	0.003	0.003	156.992	0.0892629	156	157	
7.5	7.75	1	19	5	3	147	26019	146	25842	0.00789041	0.00322303	0.003	0.01	177	0	177	177	
7.5	7.75	1	20	3	3	217	38409	217	38409	0.00406452	0.00251946	0.003	0.01	177	0	177	177	
7.75	8	4	1	3	3	130	23010	131	23187	0.00946565	0.00186588	0.003	0.01	177	0	177	177	
7.75	8	4	2	1	3	250	71250	250	71250	0.003	0	0.003	0.003	285	0	285	285	
7.75	8	4	3	4	3	250	71250	250	71250	0.003	0	0.003	0.003	285	0	285	285	
7.75	8	4	4	2	3	224	39648	224	39648	0.0038125	0.0022472	0.003	0.01	177	0	177	177	
7.75	8	4	5	5	3	248	38934	248	38934	0.00305645	0.000627345	0.003	0.01	156.992	0.0896207	156	157	
7.75	8	2	6	3	3	157	27789	155	27435	0.00729032	0.00342065	0.003	0.01	177	0	177	177	
7.75	8	2	7	2	3	250	71250	250	71250	0.003	0	0.003	0.003	285	0	285	285	
7.75	8	2	8	5	3	250	56249	250	56249	0.003	0	0.003	0.003	224.996	0.0632456	224	225	
7.75	8	2	9	1	3	249	70965	249	70965	0.00302811	0.000443607	0.003	0.01	285	0	285	285	
7.75	8	2	10	4	3	250	85250	250	85250	0.003	0	0.003	0.003	341	0	341	341	
7.75	8	3	11	1	3	250	39247	250	39247	0.003	0	0.003	0.003	156.988	0.109104	156	157	
7.75	8	3	12	3	3	249	44073	249	44073	0.00302811	0.000443607	0.003	0.01	177	0	177	177	
7.75	8	3	13	2	3	250	29248	250	29248	0.003	0	0.003	0.003	116.992	0.0892629	116	117	
7.75	8	3	14	4	3	250	56249	250	56249	0.003	0	0.003	0.003	224.996	0.0632456	224	225	
7.75	8	3	15	5	3	245	55124	246	55349	0.00311382	0.000887126	0.003	0.01	224.996	0.0637577	224	225	
7.75	8	1	16	1	3	250	93243	250	93243	0.003	0	0.003	0.003	372.972	0.165304	372	373	
7.75	8	1	17	2	3	237	53323	237	53323	0.00335443	0.00153798	0.003	0.01	224.992	0.0916682	224	225	
7.75	8	1	18	4	3	250	39248	250	39248	0.003	0	0.003	0.003	156.992	0.0892629	156	157	
7.75	8	1	19	5	3	147	26019	146	25842	0.00793836	0.00320177	0.003	0.01	177	0	177	177	
7.75	8	1	20	3	3	226	40002	227	40179	0.00374009	0.00215717	0.003	0.01	177	0	177	177	
8	8.25	4	1	3	3	130	23010	128	22656	0.00950781	0.00179674	0.003	0.01	177	0	177	177	
8	8.25	4	2	1	3	250	71250	250	71250	0.003	0	0.003	0.003	285	0	285	285	
8	8.25	4	3	4	3	250	71250	250	71250	0.003	0	0.003	0.003	285	0	285	285	
8	8.25	4	4	2	3	220	38940	220	38940	0.00395454	0.0024077	0.003	0.01	177	0	177	177	
8	8.25	4	5	5	3	249	39090	248	38933	0.00302822	0.0004445	0.003	0.01	156.988	0.109539	156	157	
8	8.25	2	6	3	3	157	27789	158	27966	0.00712025	0.00345556	0.003	0.01	177	0	177	177	
8	8.25	2	7	2	3	250	71250	250	71250	0.003	0	0.003	0.003	285	0	285	285	
8	8.25	2	8	5	3	250	56248	250	56248	0.003	0	0.003	0.003	224.992	0.0892629	224	225	
8	8.25	2	9	1	3	250	71250	250	71250	0.003	0	0.003	0.003	285	0	285	285	
8	8.25	2	10	4	3	250	85248	250	85248	0.003	0	0.003	0.003	340.992	0.126491	339	341	
8	8.25	3	11	1	3	250	39248	250	39248	0.003	0	0.003	0.003	156.992	0.0892629	156	157	
8	8.25	3	12	3	3	250	44250	250	44250	0.003	0	0.003	0.003	177	0	177	177	
8	8.25	3	13	2	3	250	29247	250	29247	0.003	0	0.003	0.003	116.988	0.109104	116	117	
8	8.25	3	14	4	3	250	56248	250	56248	0.003	0	0.003	0.003	224.992	0.0892629	224	225	
8	8.25	3	15	5	3	249	56023	249	56023	0.00305622	0.000626089	0.003	0.01	224.992	0.0894413	224	225	
8	8.25	1	16	1	3	250	93243	250	93243	0.003	0	0.003	0.003	372.972	0.165304	372	373	
8	8.25	1	17	2	3	240	53999	240	53999	0.00332083	0.00146692	0.003	0.01	224.996	0.0645497	224	225	
8	8.25	1	18	4	3	250	39247	250	39247	0.003	0	0.003	0.003	156.988	0.109104	156	157	
8	8.25	1	19	5	3	147	26019	148	26196	0.00787162	0.00323097	0.003	0.01	177	0	177	177	
8	8.25	1	20	3	3	228	40356	228	40356	0.00367544	0.00207139	0.003	0.01	177	0	177	177	
8.25	8.5	4	1	3	3	127	22479	130	23010	0.00967692	0.00147441	0.003	0.01	177	0	177	177	
8.25	8.5	4	2	1	3	250	71250	250	71250	0.003	0	0.003	0.003	285	0	285	285	
8.25	8.5	4	3	4	3	250	71250	250	71250	0.003	0	0.003	0.003	285	0	285	285	
8.25	8.5	4	4	2	3	205	36285	206	36462	0.00449514	0.00287588	0.003	0.01	177	0	177	177	
8.25	8.5	4	5	5	3	248	38934	249	39091	0.00305622	0.000626089	0.003	0.01	156.992	0.0894413	156	157	
8.25	8.5	2	6	3	3	150	26550	151	26727	0.0075894	0.00333721	0.003	0.01	177	0	177	177	
8.25	8.5	2	7	2	3	250	71250	250	71250	0.003	0	0.003	0.003	285	0	285	285	
8.25	8.5	2	8	5	3	250	56249	250	56249	0.003	0	0.003	0.003	224.996	0.0632456	224	225	
8.25	8.5	2	9	1	3	250	71250	250	71250	0.003	0	0.003	0.003	285	0	285	285	
8.25	8.5	2	10	4	3	250	85248	250	85248	0.003	0	0.003	0.003	340.992	0.126491	339	341	
8.25	8.5	3	11	1	3	250	39248	250	39248	0.003	0	0.003	0.003	156.992	0.0892629	156	157	
8.25	8.5	3	12	3	3	250	44250	250	44250	0.003	0	0.003	0.003	177	0	177	177	
8.25	8.5	3	13	2	3	250	29248	250	29248	0.003	0	0.003	0.003	116.992	0.0892629	116	117	
8.25	8.5	3	14	4	3	250	56249	250	56249	0.003	0	0.003	0.003	224.996	0.0632456	224	225	
8.25	8.5	3	15	5	3	247	55574	247	55574	0.00308502	0.000768312	0.003	0.01	224.996	0.0636285	224	225	
8.25	8.5	1	16	1	3	250	93244	250	93244	0.003	0	0.003	0.003	372.976	0.153356	372	373	
8.25	8.5	1	17	2	3	243	54673	243	54673	0.00320165	0.00117325	0.003	0.01	224.992	0.0905342	224	225	
8.25	8.5	1	18	4	3	250	39248	250	39248	0.003	0	0.003	0.003	156.992	0.0892629	156	157	
8.25	8.5	1	19	5	3	149	26373	149	26373	0.00774497	0.00328213	0.003	0.01	177	0	177	177	
8.25	8.5	1	20	3	3	224	39648	224	39648	0.0038125	0.0022472	0.003	0.01	177	0	177	177	
8.5	8.75	4	1	3	3	126	22302	124	21948	0.0098871	0.00088538	0.003	0.01	177	0	177	177	
8.5	8.75	4	2	1	3	250	71250	250	71250	0.003	0	0.003	0.003	285	0	285	285	
8.5	8.75	4	3	4	3	248	70680	248	70680	0.00305645	0.000627345	0.003	0.01	285	0	285	285	
8.5	8.75	4	4	2	3	212	37524	210	37170	0.0043	0.00272864	0.003	0.01	177	0	177	177	
8.5	8.75	4	5	5	3	248	38934	248	38934	0.00305645	0.000627345	0.003	0.01	156.992	0.0896207	156	157	
8.5	8.75	2	6	3	3	152	26904	153	27081	0.00752941	0.00335618	0.003	0.01	177	0	177	177	
8.5	8.75	2	7	2	3	250	71250	250	71250	0.003	0	0.003	0.003	285	0	285	285	
8.5	8.75	2	8	5	3	250	56248	250	56248	0.003	0	0.003	0.003	224.992	0.0892629	224	225	
8.5	8.75	2	9	1	3	250	71250	250	71250	0.003	0	0.003	0.003	285	0	285	285	
8.5	8.75	2	10	4	3	250	85250	250	85250	0.003	0	0.003	0.003	341	0	341	341	
8.5	8.75	3	11	1	3	250	39247	250	39248	0.003	0	0.003	0.003	156.992	0.0892629	156	157	
8.5	8.75	3	12	3	3	250	44250	250	44250	0.003	0	0.003	0.003	177	0	177	177	
8.5	8.75	3	13	2	3	250	29247	250	29247	0.003	0	0.003	0.003	116.988	0.109104	116	117	
8.5	8.75	3	14	4	3	250	56248	250	56248	0.003	0	0.003	0.003	224.992	0.0892629	224	225	
8.5	8.75	3	15	5	3	243	54673	243	54673	0.00320165	0.00117325	0.003	0.01	224.992	0.0905342	224	225	
8.5	8.75	1	16	1	3	250	93243	250	93243	0.003	0	0.003	0.003	372.972	0.165304	372	373	
8.5	8.75	1	17	2	3	243	54674	243	54674	0.00320165	0.00117325	0.003	0.01	224.996	0.06415	224	225	
8.5	8.75	1	18	4	3	250	39248	250	39248	0.003	0	0.003	0.003	156.992	0.0892629	156	157	
8.5	8.75	1	19	5	3	146	25842	145	25665	0.00797241	0.00318622	0.003	0.01	177	0	177	177	
8.5	8.75	1	20	3	3	221	39117	220	38940	0.00392273	0.00237345	0.003	0.01	177	0	177	177	
8.75	9	4	1	3	3	127	22479	125	22125	0.009944	0.000626099	0.003	0.01	177	0	177	177	
8.75	9	4	2	1	3	250	71250	250	71250	0.003	0	0.003	0.003	285	0	285	285	
8.75	9	4	3	4	3	250	71250	250	71250	0.003	0	0.003	0.003	285	0	285	285	
8.75	9	4	4	2	3	193	34161	193	34161	0.00506736	0.00320166	0.003	0.01	177	0	177	177	
8.75	9	4	5	5	3	249	39091	249	39091	0.00302811	0.000443607	0.003	0.01	156.992	0.0894413	156	157	
8.75	9	2	6	3	3	146	25842	143	25311	0.00804196	0.00315308	0.003	0.01	177	0	177	177	
8.75	9	2	7	2	3	250	71250	250	71250	0.003	0	0.003	0.003	285	0	285	285	
8.75	9	2	8	5	3	250	56249	250	56249	0.003	0	0.003	0.003	224.996	0.0632456	224	225	
8.75	9	2	9	1	3	248	70680	248	70680	0.00305645	0.000627345	0.003	0.01	285	0	285	285	
8.75	9	2	10	4	3	250	85248	250	85248	0.003	0	0.003	0.003	340.992	0.126491	339	341	
8.75	9	3	11	1	3	250	39248	250	39247	0.003	0	0.003	0.003	156.988	0.109104	156	157	
8.75	9	3	12	3	3	250	44250	250	44250	0.003	0	0.003	0.003	177	0	177	177	
8.75	9	3	13	2	3	250	29248	250	29248	0.003	0	0.003	0.003	116.992	0.0892629	116	117	
8.75	9	3	14	4	3	243	57734	243	57614	0.00320165	0.00117325	0.003	0.01	237.095	24.1256	224	285	
8.75	9	3	15	5	3	244	54899	244	54899	0.00317213	0.00108634	0.003	0.01	224.996	0.0640184	224	225	
8.75	9	1	16	1	3	250	93243	250	93243	0.003	0	0.003	0.003	372.972	0.165304	372	373	
8.75	9	1	17	2	3	240	53998	240	53998	0.00329167	0.00140171	0.003	0.01	224.992	0.0910959	224	225	
8.75	9	1	18	4	3	250	39247	250	39247	0.003	0	0.003	0.003	156.988	0.109104	156	157	
8.75	9	1	19	5	3	143	25311	143	25311	0.00823776	0.0030488	0.003	0.01	177	0	177	177	
8.75	9	1	20	3	3	214	37878	213	37701	0.00415023	0.00260007	0.003	0.01	177	0	177	177	
9	9.25	4	1	3	3	126	22302	127	22479	0.00988976	0.000874945	0.003	0.01	177	0	177	177	
9	9.25	4	2	1	3	250	71250	250	71250	0.003	0	0.003	0.003	285	0	285	285	
9	9.25	4	3	4	3	248	70680	247	70395	0.00305668	0.000628608	0.003	0.01	285	0	285	285	
9	9.25	4	4	2	3	190	33630	192	33984	0.0051875	0.00325307	0.003	0.01	177	0	177	177	
9	9.25	4	5	5	3	250	39247	250	39247	0.003	0	0.003	0.003	156.988	0.109104	156	157	
9	9.25	2	6	3	3	148	26196	148	26196	0.00782432	0.00325078	0.003	0.01	177	0	177	177	
9	9.25	2	7	2	3	250	71250	250	71250	0.003	0	0.003	0.003	285	0	285	285	
9	9.25	2	8	5	3	250	56248	250	56248	0.003	0	0.003	0.003	224.992	0.0892629	224	225	
9	9.25	2	9	1	3	250	71250	250	71250	0.003	0	0.003	0.003	285	0	285	285	
9	9.25	2	10	4	3	250	85248	250	85248	0.003	0	0.003	0.003	340.992	0.126491	339	341	
9	9.25	3	11	1	3	250	39248	250	39248	0.003	0	0.003	0.003	156.992	0.0892629	156	157	
9	9.25	3	12	3	3	250	44250	250	44250	0.003	0	0.003	0.003	177	0	177	177	
9	9.25	3	13	2	3	250	29247	250	29247	0.003	0	0.003	0.003	116.988	0.109104	116	117	
9	9.25	3	14	4	3	244	58738	244	58858	0.00317213	0.00108634	0.003	0.01	241.221	26.7129	223	285	
9	9.25	3	15	5	3	243	54673	243	54673	0.00320165	0.00117325	0.003	0.01	224.992	0.0905342	224	225	
9	9.25	1	16	1	3	250	93243	250	93243	0.003	0	0.003	0.003	372.972	0.165304	372	373	
9	9.25	1	17	2	3	245	55124	245	55124	0.00314286	0.000991769	0.003	0.01	224.996	0.0638877	224	225	
9	9.25	1	18	4	3	250	39248	250	39248	0.003	0	0.003	0.003	156.992	0.0892629	156	157	
9	9.25	1	19	5	3	140	24780	139	24603	0.00864029	0.00277934	0.003	0.01	177	0	177	177	
9	9.25	1	20	3	3	220	38940	221	39117	0.00391855	0.00236886	0.003	0.01	177	0	177	177	
9.25	9.5	4	1	3	3	126	22302	126	22302	0.00988889	0.000878382	0.003	0.01	177	0	177	177	
9.25	9.5	4	2	1	3	250	71250	250	71250	0.003	0	0.003	0.003	285	0	285	285	
9.25	9.5	4	3	4	3	246	70110	247	70395	0.00311336	0.00088535	0.003	0.01	285	0	285	285	
9.25	9.5	4	4	2	3	194	34338	192	33984	0.00500521	0.00317302	0.003	0.01	177	0	177	177	
9.25	9.5	4	5	5	3	249	39091	249	39091	0.00302811	0.000443607	0.003	0.01	156.992	0.0894413	156	157	
9.25	9.5	2	6	3	3	145	25665	146	25842	0.00803425	0.00315663	0.003	0.01	177	0	177	177	
9.25	9.5	2	7	2	3	250	71250	250	71250	0.003	0	0.003	0.003	285	0	285	285	
9.25	9.5	2	8	5	3	250	56249	250	56249	0.003	0	0.003	0.003	224.996	0.0632456	224	225	
9.25	9.5	2	9	1	3	250	71250	250	71250	0.003	0	0.003	0.003	285	0	285	285	
9.25	9.5	2	10	4	3	250	85248	250	85248	0.003	0	0.003	0.003	340.992	0.126491	339	341	
9.25	9.5	3	11	1	3	250	39248	250	39248	0.003	0	0.003	0.003	156.992	0.0892629	156	157	
9.25	9.5	3	12	3	3	250	44250	250	44250	0.003	0	0.003	0.003	177	0	177	177	
9.25	9.5	3	13	2	3	250	29248	250	29248	0.003	0	0.003	0.003	116.992	0.0892629	116	117	
9.25	9.5	3	14	4	3	250	56248	250	56248	0.003	0	0.003	0.003	224.992	0.0892629	224	225	
9.25	9.5	3	15	5	3	243	54673	243	54674	0.00320165	0.00117325	0.003	0.01	224.996	0.06415	224	225	
9.25	9.5	1	16	1	3	250	93244	250	93244	0.003	0	0.003	0.003	372.976	0.153356	372	373	
9.25	9.5	1	17	2	3	249	56023	249	56023	0.00302811	0.000443607	0.003	0.01	224.992	0.0894413	224	225	
9.25	9.5	1	18	4	3	250	39248	250	39248	0.003	0	0.003	0.003	156.992	0.0892629	156	157	
9.25	9.5	1	19	5	3	137	24249	138	24426	0.00868116	0.00274722	0.003	0.01	177	0	177	177	
9.25	9.5	1	20	3	3	223	39471	222	39294	0.00388288	0.00232919	0.003	0.01	177	0	177	177	
9.5	9.75	4	1	3	3	125	22125	126	22302	0.00994444	0.00062361	0.003	0.01	177	0	177	177	
9.5	9.75	4	2	1	3	250	71250	250	71250	0.003	0	0.003	0.003	285	0	285	285	
9.5	9.75	4	3	4	3	246	70110	246	70110	0.00311382	0.000887126	0.003	0.01	285	0	285	285	
9.5	9.75	4	4	2	3	195	34515	196	34692	0.00496428	0.00315314	0.003	0.01	177	0	177	177	
9.5	9.75	4	5	5	3	248	38934	248	38934	0.00305645	0.000627345	0.003	0.01	156.992	0.0896207	156	157	
9.5	9.75	2	6	3	3	148	26196	145	25665	0.00792414	0.00320824	0.003	0.01	177	0	177	177	
9.5	9.75	2	7	2	3	250	71250	250	71250	0.003	0	0.003	0.003	285	0	285	285	
9.5	9.75	2	8	5	3	250	56248	250	56248	0.003	0	0.003	0.003	224.992	0.0892629	224	225	
9.5	9.75	2	9	1	3	250	71250	250	71250	0.003	0	0.003	0.003	285	0	285	285	
9.5	9.75	2	10	4	3	250	85250	250	85250	0.003	0	0.003	0.003	341	0	341	341	
9.5	9.75	3	11	1	3	250	39247	250	39247	0.003	0	0.003	0.003	156.988	0.109104	156	157	
9.5	9.75	3	12	3	3	250	44250	250	44250	0.003	0	0.003	0.003	177	0	177	177	
9.5	9.75	3	13	2	3	250	29247	250	29247	0.003	0	0.003	0.003	116.988	0.109104	116	117	
9.5	9.75	3	14	4	3	250	56249	250	56249	0.003	0	0.003	0.003	224.996	0.0632456	224	225	
9.5	9.75	3	15	5	3	247	55574	247	55573	0.00308502	0.000768312	0.003	0.01	224.992	0.0898012	224	225	
9.5	9.75	1	16	1	3	250	93243	250	93243	0.003	0	0.003	0.003	372.972	0.165304	372	373	
9.5	9.75	1	17	2	3	238	53549	238	53549	0.00335294	0.0015349	0.003	0.01	224.996	0.0648204	224	225	
9.5	9.75	1	18	4	3	250	39248	250	39248	0.003	0	0.003	0.003	156.992	0.0892629	156	157	
9.5	9.75	1	19	5	3	137	24249	138	24426	0.00868116	0.00274722	0.003	0.01	177	0	177	177	
9.5	9.75	1	20	3	3	217	38409	217	38409	0.00406452	0.00251946	0.003	0.01	177	0	177	177	
9.75	10	4	1	3	3	126	22302	128	22656	0.00972656	0.00136153	0.003	0.01	177	0	177	177	
9.75	10	4	2	1	3	250	71250	250	71250	0.003	0	0.003	0.003	285	0	285	285	
9.75	10	4	3	4	3	250	71250	250	71250	0.003	0	0.003	0.003	285	0	285	285	
9.75	10	4	4	2	3	201	35577	202	35754	0.00473267	0.00302852	0.003	0.01	177	0	177	177	
9.75	10	4	5	5	3	250	39247	250	39247	0.003	0	0.003	0.003	156.988	0.109104	156	157	
9.75	10	2	6	3	3	140	24780	143	25311	0.00843357	0.00292767	0.003	0.01	177	0	177	177	
9.75	10	2	7	2	3	250	71250	250	71250	0.003	0	0.003	0.003	285	0	285	285	
9.75	10	2	8	5	3	250	56248	250	56248	0.003	0	0.003	0.003	224.992	0.0892629	224	225	
9.75	10	2	9	1	3	250	71250	250	71250	0.003	0	0.003	0.003	285	0	285	285	
9.75	10	2	10	4	3	250	85248	250	85248	0.003	0	0.003	0.003	340.992	0.126491	339	341	
9.75	10	3	11	1	3	250	39248	250	39248	0.003	0	0.003	0.003	156.992	0.0892629	156	157	
9.75	10	3	12	3	3	250	44250	250	44250	0.003	0	0.003	0.003	177	0	177	177	
9.75	10	3	13	2	3	250	29248	250	29248	0.003	0	0.003	0.003	116.992	0.0892629	116	117	
9.75	10	3	14	4	3	250	56248	250	56248	0.003	0	0.003	0.003	224.992	0.0892629	224	225	
9.75	10	3	15	5	3	239	53773	239	53773	0.00332217	0.00146985	0.003	0.01	224.992	0.0912855	224	225	
9.75	10	1	16	1	3	250	93243	250	93243	0.003	0	0.003	0.003	372.972	0.165304	372	373	
9.75	10	1	17	2	3	242	54448	241	54223	0.00323236	0.00125663	0.003	0.01	224.992	0.0909075	224	225	
9.75	10	1	18	4	3	250	39247	250	39247	0.003	0	0.003	0.003	156.988	0.109104	156	157	
9.75	10	1	19	5	3	140	24780	139	24603	0.00858993	0.00281768	0.003	0.01	177	0	177	177	
9.75	10	1	20	3	3	231	40887	232	41064	0.00360345	0.00196893	0.003	0.01	177	0	177	177	
