% start	end	CellId	IMSI	RNTI	LCID	nTxPDUs	TxBytes	nRxPDUs	RxBytes	delay	stdDev	min	max	PduSize	stdDev	min	max
0.5	0.75	4	1	5	3	227	40413	218	34226	0.003	0	0.003	0.003	157	0	157	157	
0.5	0.75	4	2	3	3	241	111875	239	110969	0.00320502	0.00118278	0.003	0.01	464.305	65.2218	453	839	
0.5	0.75	4	3	1	3	234	56948	232	56498	0.00342241	0.00240004	0.003	0.017	243.526	105.259	225	839	
0.5	0.75	4	4	4	3	248	209864	246	208186	0.003	0	0.003	0.003	846.285	42.6518	839	1095	
0.5	0.75	4	5	2	3	227	40413	218	34226	0.003	0	0.003	0.003	157	0	157	157	
0.5	0.75	2	6	1	3	234	56948	232	56498	0.00342241	0.00240004	0.003	0.017	243.526	105.259	225	839	
0.5	0.75	2	7	4	3	241	93939	239	93193	0.00320502	0.00118278	0.003	0.01	389.929	80.4244	373	839	
0.5	0.75	2	8	5	3	227	40413	218	34226	0.003	0	0.003	0.003	157	0	157	157	
0.5	0.75	2	9	2	3	223	44103	214	37876	0.00313084	0.000950257	0.003	0.01	176.991	0.136717	175	177	
0.5	0.75	2	10	3	3	229	69141	227	68571	0.0035859	0.00260961	0.003	0.017	302.075	95.9866	283	839	
0.5	0.75	3	11	1	3	234	70566	232	69996	0.00342241	0.00240004	0.003	0.017	301.707	94.9746	283	839	
0.5	0.75	3	12	3	3	241	145568	239	144374	0.00320502	0.00118278	0.003	0.01	604.075	40.8928	595	839	
0.5	0.75	3	13	5	3	227	31613	218	25506	0.003	0	0.003	0.003	117	0	117	117	
0.5	0.75	3	14	4	3	241	110275	239	109369	0.00320502	0.00118278	0.003	0.01	457.611	69.9907	373	839	
0.5	0.75	3	15	2	3	241	110275	239	109369	0.00320502	0.00118278	0.003	0.01	457.611	69.9907	373	839	
0.5	0.75	1	16	5	3	227	40333	218	34146	0.003	0	0.003	0.003	156.633	3.82247	117	157	
0.5	0.75	1	17	4	3	125	26719	115	20315	0.00914783	0.00229891	0.003	0.01	176.652	2.62593	157	177	
0.5	0.75	1	18	3	3	227	31613	218	25506	0.003	0	0.003	0.003	117	0	117	117	
0.5	0.75	1	19	2	3	224	44280	215	38053	0.00309767	0.000823001	0.003	0.01	176.991	0.136399	175	177	
0.5	0.75	1	20	1	3	231	70439	229	69871	0.00351965	0.00252805	0.003	0.017	305.114	96.6882	285	839	
0.75	1	4	1	5	3	250	39250	250	39250	0.003	0	0.003	0.003	157	0	157	157	
0.75	1	4	2	3	3	250	113250	250	113250	0.003	0	0.003	0.003	453	0	453	453	
0.75	1	4	3	1	3	250	56247	250	56247	0.003	0	0.003	0.003	224.988	0.141194	223	225	
0.75	1	4	4	4	3	250	209750	250	209750	0.003	0	0.003	0.003	839	0	839	839	
0.75	1	4	5	2	3	250	39250	250	39250	0.003	0	0.003	0.003	157	0	157	157	
0.75	1	2	6	1	3	250	56247	250	56247	0.003	0	0.003	0.003	224.988	0.141194	223	225	
0.75	1	2	7	4	3	250	93250	250	93250	0.003	0	0.003	0.003	373	0	373	373	
0.75	1	2	8	5	3	250	39250	250	39250	0.003	0	0.003	0.003	157	0	157	157	
0.75	1	2	9	2	3	245	43365	245	43365	0.00314286	0.000991769	0.003	0.01	177	0	177	177	
0.75	1	2	10	3	3	249	70965	249	70965	0.00302811	0.000443607	0.003	0.01	285	0	285	285	
0.75	1	3	11	1	3	250	71250	250	71250	0.003	0	0.003	0.003	285	0	285	285	
0.75	1	3	12	3	3	250	149249	250	149249	0.003	0	0.003	0.003	596.996	0.0632456	596	597	
0.75	1	3	13	5	3	250	29248	250	29248	0.003	0	0.003	0.003	116.992	0.126491	115	117	
0.75	1	3	14	4	3	250	94366	250	94526	0.003	0	0.003	0.003	378.104	19.6243	371	453	
0.75	1	3	15	2	3	250	113250	250	113250	0.003	0	0.003	0.003	453	0	453	453	
0.75	1	1	16	5	3	250	39250	250	39250	0.003	0	0.003	0.003	157	0	157	157	
0.75	1	1	17	4	3	132	23364	133	23541	0.00915789	0.0022858	0.003	0.01	177	0	177	177	
0.75	1	1	18	3	3	250	29248	250	29248	0.003	0	0.003	0.003	116.992	0.126491	115	117	
0.75	1	1	19	2	3	249	44073	249	44073	0.00302811	0.000443607	0.003	0.01	177	0	177	177	
0.75	1	1	20	1	3	248	70680	248	70678	0.00305645	0.000627345	0.003	0.01	284.992	0.127	283	285	
1	1.25	4	1	5	3	250	39250	250	39250	0.003	0	0.003	0.003	157	0	157	157	
1	1.25	4	2	3	3	250	113250	250	113250	0.003	0	0.003	0.003	453	0	453	453	
1	1.25	4	3	1	3	250	56249	250	56249	0.003	0	0.003	0.003	224.996	0.0632456	224	225	
1	1.25	4	4	4	3	250	209748	250	209748	0.003	0	0.003	0.003	838.992	0.126491	837	839	
1	1.25	4	5	2	3	250	39250	250	39250	0.003	0	0.003	0.003	157	0	157	157	
1	1.25	2	6	1	3	250	56249	250	56249	0.003	0	0.003	0.003	224.996	0.0632456	224	225	
1	1.25	2	7	4	3	250	93250	250	93250	0.003	0	0.003	0.003	373	0	373	373	
1	1.25	2	8	5	3	250	39250	250	39250	0.003	0	0.003	0.003	157	0	157	157	
1	1.25	2	9	2	3	246	43542	246	43542	0.00311382	0.000887126	0.003	0.01	177	0	177	177	
1	1.25	2	10	3	3	245	69825	245	69825	0.00314286	0.000991769	0.003	0.01	285	0	285	285	
1	1.25	3	11	1	3	250	71250	250	71250	0.003	0	0.003	0.003	285	0	285	285	
1	1.25	3	12	3	3	250	149249	250	149249	0.003	0	0.003	0.003	596.996	0.0632456	596	597	
1	1.25	3	13	5	3	250	29247	250	29247	0.003	0	0.003	0.003	116.988	0.109104	116	117	
1	1.25	3	14	4	3	250	93243	250	93243	0.003	0	0.003	0.003	372.972	0.165304	372	373	
1	1.25	3	15	2	3	250	113250	250	113250	0.003	0	0.003	0.003	453	0	453	453	
1	1.25	1	16	5	3	250	39247	250	39247	0.003	0	0.003	0.003	156.988	0.141194	155	157	
1	1.25	1	17	4	3	134	23718	131	23187	0.00925191	0.00217094	0.003	0.01	177	0	177	177	
1	1.25	1	18	3	3	250	29247	250	29247	0.003	0	0.003	0.003	116.988	0.109104	116	117	
1	1.25	1	19	2	3	246	43542	246	43542	0.00311382	0.000887126	0.003	0.01	177	0	177	177	
1	1.25	1	20	1	3	246	70110	246	70110	0.00311382	0.000887126	0.003	0.01	285	0	285	285	
1.25	1.5	4	1	5	3	250	39247	250	39247	0.003	0	0.003	0.003	156.988	0.141194	155	157	
1.25	1.5	4	2	3	3	250	113250	250	113250	0.003	0	0.003	0.003	453	0	453	453	
1.25	1.5	4	3	1	3	250	56248	250	56248	0.003	0	0.003	0.003	224.992	0.0892629	224	225	
1.25	1.5	4	4	4	3	250	209748	250	209748	0.003	0	0.003	0.003	838.992	0.126491	837	839	
1.25	1.5	4	5	2	3	250	39247	250	39247	0.003	0	0.003	0.003	156.988	0.141194	155	157	
1.25	1.5	2	6	1	3	250	56248	250	56248	0.003	0	0.003	0.003	224.992	0.0892629	224	225	
1.25	1.5	2	7	4	3	250	93243	250	93244	0.003	0	0.003	0.003	372.976	0.177624	371	373	
1.25	1.5	2	8	5	3	250	39247	250	39247	0.003	0	0.003	0.003	156.988	0.141194	155	157	
1.25	1.5	2	9	2	3	241	42657	241	42657	0.00326141	0.00132999	0.003	0.01	177	0	177	177	
1.25	1.5	2	10	3	3	247	70395	247	70395	0.00308502	0.000768312	0.003	0.01	285	0	285	285	
1.25	1.5	3	11	1	3	250	71250	250	71250	0.003	0	0.003	0.003	285	0	285	285	
1.25	1.5	3	12	3	3	250	149249	250	149249	0.003	0	0.003	0.003	596.996	0.0632456	596	597	
1.25	1.5	3	13	5	3	250	29248	250	29248	0.003	0	0.003	0.003	116.992	0.0892629	116	117	
1.25	1.5	3	14	4	3	250	93244	250	93244	0.003	0	0.003	0.003	372.976	0.153356	372	373	
1.25	1.5	3	15	2	3	250	113250	250	113250	0.003	0	0.003	0.003	453	0	453	453	
1.25	1.5	1	16	5	3	249	39091	249	39091	0.00302811	0.000443607	0.003	0.01	156.992	0.0894413	156	157	
1.25	1.5	1	17	4	3	129	22833	129	22833	0.00962015	0.00159194	0.003	0.01	177	0	177	177	
1.25	1.5	1	18	3	3	250	29248	250	29248	0.003	0	0.003	0.003	116.992	0.0892629	116	117	
1.25	1.5	1	19	2	3	250	44250	250	44250	0.003	0	0.003	0.003	177	0	177	177	
1.25	1.5	1	20	1	3	244	69540	244	69540	0.00317213	0.00108634	0.003	0.01	285	0	285	285	
1.5	1.75	4	1	5	3	250	39248	250	39248	0.003	0	0.003	0.003	156.992	0.0892629	156	157	
1.5	1.75	4	2	3	3	250	113250	250	113250	0.003	0	0.003	0.003	453	0	453	453	
1.5	1.75	4	3	1	3	250	56249	250	56249	0.003	0	0.003	0.003	224.996	0.0632456	224	225	
1.5	1.75	4	4	4	3	250	209750	250	209750	0.003	0	0.003	0.003	839	0	839	839	
1.5	1.75	4	5	2	3	250	39248	250	39248	0.003	0	0.003	0.003	156.992	0.0892629	156	157	
1.5	1.75	2	6	1	3	250	56249	250	56249	0.003	0	0.003	0.003	224.996	0.0632456	224	225	
1.5	1.75	2	7	4	3	250	93244	250	93243	0.003	0	0.003	0.003	372.972	0.165304	372	373	
1.5	1.75	2	8	5	3	250	39248	250	39248	0.003	0	0.003	0.003	156.992	0.0892629	156	157	
1.5	1.75	2	9	2	3	244	43188	243	43011	0.00317284	0.00108852	0.003	0.01	177	0	177	177	
1.5	1.75	2	10	3	3	248	70680	247	70395	0.00305668	0.000628608	0.003	0.01	285	0	285	285	
1.5	1.75	3	11	1	3	250	71250	250	71250	0.003	0	0.003	0.003	285	0	285	285	
1.5	1.75	3	12	3	3	250	149248	250	149248	0.003	0	0.003	0.003	596.992	0.0892629	596	597	
1.5	1.75	3	13	5	3	250	29247	250	29247	0.003	0	0.003	0.003	116.988	0.109104	116	117	
1.5	1.75	3	14	4	3	250	93243	250	93243	0.003	0	0.003	0.003	372.972	0.165304	372	373	
1.5	1.75	3	15	2	3	250	113250	250	113250	0.003	0	0.003	0.003	453	0	453	453	
1.5	1.75	1	16	5	3	248	38933	248	38933	0.00305645	0.000627345	0.003	0.01	156.988	0.109539	156	157	
1.5	1.75	1	17	4	3	128	22656	129	22833	0.00962015	0.00159194	0.003	0.01	177	0	177	177	
1.5	1.75	1	18	3	3	250	29247	250	29247	0.003	0	0.003	0.003	116.988	0.109104	116	117	
1.5	1.75	1	19	2	3	249	44073	249	44073	0.00302811	0.000443607	0.003	0.01	177	0	177	177	
1.5	1.75	1	20	1	3	240	68400	240	68400	0.00329167	0.00140171	0.003	0.01	285	0	285	285	
1.75	2	4	1	5	3	250	39247	250	39247	0.003	0	0.003	0.003	156.988	0.109104	156	157	
1.75	2	4	2	3	3	250	113250	250	113250	0.003	0	0.003	0.003	453	0	453	453	
1.75	2	4	3	1	3	250	56248	250	56248	0.003	0	0.003	0.003	224.992	0.0892629	224	225	
1.75	2	4	4	4	3	250	209748	250	209748	0.003	0	0.003	0.003	838.992	0.126491	837	839	
1.75	2	4	5	2	3	250	39247	250	39247	0.003	0	0.003	0.003	156.988	0.109104	156	157	
1.75	2	2	6	1	3	250	56248	250	56248	0.003	0	0.003	0.003	224.992	0.0892629	224	225	
1.75	2	2	7	4	3	250	93243	250	93243	0.003	0	0.003	0.003	372.972	0.165304	372	373	
1.75	2	2	8	5	3	250	39247	250	39247	0.003	0	0.003	0.003	156.988	0.109104	156	157	
1.75	2	2	9	2	3	236	41772	236	41772	0.00341525	0.0016571	0.003	0.01	177	0	177	177	
1.75	2	2	10	3	3	242	68970	243	69255	0.00323045	0.0012516	0.003	0.01	285	0	285	285	
1.75	2	3	11	1	3	250	71250	250	71250	0.003	0	0.003	0.003	285	0	285	285	
1.75	2	3	12	3	3	250	149249	250	149249	0.003	0	0.003	0.003	596.996	0.0632456	596	597	
1.75	2	3	13	5	3	250	29248	250	29248	0.003	0	0.003	0.003	116.992	0.0892629	116	117	
1.75	2	3	14	4	3	250	93243	250	93243	0.003	0	0.003	0.003	372.972	0.165304	372	373	
1.75	2	3	15	2	3	250	113250	250	113250	0.003	0	0.003	0.003	453	0	453	453	
1.75	2	1	16	5	3	249	39091	249	39091	0.00302811	0.000443607	0.003	0.01	156.992	0.0894413	156	157	
1.75	2	1	17	4	3	130	23010	128	22656	0.00950781	0.00179674	0.003	0.01	177	0	177	177	
1.75	2	1	18	3	3	250	29248	250	29248	0.003	0	0.003	0.003	116.992	0.0892629	116	117	
1.75	2	1	19	2	3	246	43542	246	43542	0.00311382	0.000887126	0.003	0.01	177	0	177	177	
1.75	2	1	20	1	3	243	69255	243	69255	0.00320165	0.00117325	0.003	0.01	285	0	285	285	
2	2.25	4	1	5	3	250	39248	250	39248	0.003	0	0.003	0.003	156.992	0.0892629	156	157	
2	2.25	4	2	3	3	250	113250	250	113250	0.003	0	0.003	0.003	453	0	453	453	
2	2.25	4	3	1	3	250	56249	250	56249	0.003	0	0.003	0.003	224.996	0.0632456	224	225	
2	2.25	4	4	4	3	250	209748	250	209748	0.003	0	0.003	0.003	838.992	0.126491	837	839	
2	2.25	4	5	2	3	250	39248	250	39248	0.003	0	0.003	0.003	156.992	0.0892629	156	157	
2	2.25	2	6	1	3	250	56249	250	56249	0.003	0	0.003	0.003	224.996	0.0632456	224	225	
2	2.25	2	7	4	3	250	93243	250	93243	0.003	0	0.003	0.003	372.972	0.165304	372	373	
2	2.25	2	8	5	3	250	39248	250	39248	0.003	0	0.003	0.003	156.992	0.0892629	156	157	
2	2.25	2	9	2	3	232	41064	233	41241	0.00354077	0.00187297	0.003	0.01	177	0	177	177	
2	2.25	2	10	3	3	248	70680	248	70680	0.00305645	0.000627345	0.003	0.01	285	0	285	285	
2	2.25	3	11	1	3	250	71250	250	71250	0.003	0	0.003	0.003	285	0	285	285	
2	2.25	3	12	3	3	250	149249	250	149249	0.003	0	0.003	0.003	596.996	0.0632456	596	597	
2	2.25	3	13	5	3	250	29247	250	29247	0.003	0	0.003	0.003	116.988	0.109104	116	117	
2	2.25	3	14	4	3	250	93243	250	93243	0.003	0	0.003	0.003	372.972	0.165304	372	373	
2	2.25	3	15	2	3	250	113250	250	113250	0.003	0	0.003	0.003	453	0	453	453	
2	2.25	1	16	5	3	247	38777	247	38777	0.00308502	0.000768312	0.003	0.01	156.992	0.0898012	156	157	
2	2.25	1	17	4	3	131	23187	133	23541	0.00926316	0.00215637	0.003	0.01	177	0	177	177	
2	2.25	1	18	3	3	250	29247	250	29247	0.003	0	0.003	0.003	116.988	0.109104	116	117	
2	2.25	1	19	2	3	244	43188	244	43188	0.00317213	0.00108634	0.003	0.01	177	0	177	177	
2	2.25	1	20	1	3	241	68685	241	68685	0.00326141	0.00132999	0.003	0.01	285	0	285	285	
2.25	2.5	4	1	5	3	250	39248	250	39248	0.003	0	0.003	0.003	156.992	0.0892629	156	157	
2.25	2.5	4	2	3	3	250	113250	250	113250	0.003	0	0.003	0.003	453	0	453	453	
2.25	2.5	4	3	1	3	250	56248	250	56248	0.003	0	0.003	0.003	224.992	0.0892629	224	225	
2.25	2.5	4	4	4	3	250	209748	250	209748	0.003	0	0.003	0.003	838.992	0.126491	837	839	
2.25	2.5	4	5	2	3	250	39248	250	39248	0.003	0	0.003	0.003	156.992	0.0892629	156	157	
2.25	2.5	2	6	1	3	250	56248	250	56248	0.003	0	0.003	0.003	224.992	0.0892629	224	225	
2.25	2.5	2	7	4	3	250	93243	250	93244	0.003	0	0.003	0.003	372.976	0.153356	372	373	
2.25	2.5	2	8	5	3	250	39248	250	39248	0.003	0	0.003	0.003	156.992	0.0892629	156	157	
2.25	2.5	2	9	2	3	233	41241	232	41064	0.00351293	0.00182807	0.003	0.01	177	0	177	177	
2.25	2.5	2	10	3	3	247	70395	247	70395	0.00308502	0.000768312	0.003	0.01	285	0	285	285	
2.25	2.5	3	11	1	3	250	71250	250	71250	0.003	0	0.003	0.003	285	0	285	285	
2.25	2.5	3	12	3	3	250	149249	250	149249	0.003	0	0.003	0.003	596.996	0.0632456	596	597	
2.25	2.5	3	13	5	3	250	29248	250	29248	0.003	0	0.003	0.003	116.992	0.0892629	116	117	
2.25	2.5	3	14	4	3	250	93244	250	93244	0.003	0	0.003	0.003	372.976	0.153356	372	373	
2.25	2.5	3	15	2	3	250	113250	250	113250	0.003	0	0.003	0.003	453	0	453	453	
2.25	2.5	1	16	5	3	249	39090	249	39090	0.00302811	0.000443607	0.003	0.01	156.988	0.109321	156	157	
2.25	2.5	1	17	4	3	130	23010	128	22656	0.00950781	0.00179674	0.003	0.01	177	0	177	177	
2.25	2.5	1	18	3	3	250	29248	250	29248	0.003	0	0.003	0.003	116.992	0.0892629	116	117	
2.25	2.5	1	19	2	3	247	43719	247	43719	0.00308502	0.000768312	0.003	0.01	177	0	177	177	
2.25	2.5	1	20	1	3	245	69825	243	69255	0.00314403	0.000995774	0.003	0.01	285	0	285	285	
2.5	2.75	4	1	5	3	250	39248	250	39248	0.003	0	0.003	0.003	156.992	0.0892629	156	157	
2.5	2.75	4	2	3	3	250	113250	250	113250	0.003	0	0.003	0.003	453	0	453	453	
2.5	2.75	4	3	1	3	250	56248	250	56248	0.003	0	0.003	0.003	224.992	0.0892629	224	225	
2.5	2.75	4	4	4	3	250	209750	250	209750	0.003	0	0.003	0.003	839	0	839	839	
2.5	2.75	4	5	2	3	250	39248	250	39248	0.003	0	0.003	0.003	156.992	0.0892629	156	157	
2.5	2.75	2	6	1	3	250	56248	250	56248	0.003	0	0.003	0.003	224.992	0.0892629	224	225	
2.5	2.75	2	7	4	3	250	93244	250	93243	0.003	0	0.003	0.003	372.972	0.165304	372	373	
2.5	2.75	2	8	5	3	250	39248	250	39248	0.003	0	0.003	0.003	156.992	0.0892629	156	157	
2.5	2.75	2	9	2	3	234	41418	235	41595	0.00347659	0.00176701	0.003	0.01	177	0	177	177	
2.5	2.75	2	10	3	3	249	70965	249	70965	0.00302811	0.000443607	0.003	0.01	285	0	285	285	
2.5	2.75	3	11	1	3	250	71250	250	71250	0.003	0	0.003	0.003	285	0	285	285	
2.5	2.75	3	12	3	3	250	149248	250	149248	0.003	0	0.003	0.003	596.992	0.0892629	596	597	
2.5	2.75	3	13	5	3	250	29247	250	29247	0.003	0	0.003	0.003	116.988	0.109104	116	117	
2.5	2.75	3	14	4	3	250	93243	250	93243	0.003	0	0.003	0.003	372.972	0.165304	372	373	
2.5	2.75	3	15	2	3	250	113250	250	113250	0.003	0	0.003	0.003	453	0	453	453	
2.5	2.75	1	16	5	3	249	39091	249	39091	0.00302811	0.000443607	0.003	0.01	156.992	0.0894413	156	157	
2.5	2.75	1	17	4	3	128	22656	130	23010	0.00962308	0.00158611	0.003	0.01	177	0	177	177	
2.5	2.75	1	18	3	3	250	29247	250	29247	0.003	0	0.003	0.003	116.988	0.109104	116	117	
2.5	2.75	1	19	2	3	246	43542	246	43542	0.00311382	0.000887126	0.003	0.01	177	0	177	177	
2.5	2.75	1	20	1	3	240	68400	242	68970	0.00326033	0.00132734	0.003	0.01	285	0	285	285	
2.75	3	4	1	5	3	250	39247	250	39247	0.003	0	0.003	0.003	156.988	0.109104	156	157	
2.75	3	4	2	3	3	250	113250	250	113250	0.003	0	0.003	0.003	453	0	453	453	
2.75	3	4	3	1	3	250	56249	250	56249	0.003	0	0.003	0.003	224.996	0.0632456	224	225	
2.75	3	4	4	4	3	250	209748	250	209748	0.003	0	0.003	0.003	838.992	0.126491	837	839	
2.75	3	4	5	2	3	250	39247	250	39247	0.003	0	0.003	0.003	156.988	0.109104	156	157	
2.75	3	2	6	1	3	250	56249	250	56249	0.003	0	0.003	0.003	224.996	0.0632456	224	225	
2.75	3	2	7	4	3	250	93243	250	93243	0.003	0	0.003	0.003	372.972	0.165304	372	373	
2.75	3	2	8	5	3	250	39247	250	39247	0.003	0	0.003	0.003	156.988	0.109104	156	157	
2.75	3	2	9	2	3	245	43365	245	43365	0.00314286	0.000991769	0.003	0.01	177	0	177	177	
2.75	3	2	10	3	3	250	71250	250	71250	0.003	0	0.003	0.003	285	0	285	285	
2.75	3	3	11	1	3	250	71250	250	71250	0.003	0	0.003	0.003	285	0	285	285	
2.75	3	3	12	3	3	250	149249	250	149249	0.003	0	0.003	0.003	596.996	0.0632456	596	597	
2.75	3	3	13	5	3	250	29248	250	29248	0.003	0	0.003	0.003	116.992	0.0892629	116	117	
2.75	3	3	14	4	3	250	93243	250	93243	0.003	0	0.003	0.003	372.972	0.165304	372	373	
2.75	3	3	15	2	3	250	113250	250	113250	0.003	0	0.003	0.003	453	0	453	453	
2.75	3	1	16	5	3	250	39248	250	39248	0.003	0	0.003	0.003	156.992	0.0892629	156	157	
2.75	3	1	17	4	3	128	22656	129	22833	0.00956589	0.00169487	0.003	0.01	177	0	177	177	
2.75	3	1	18	3	3	250	29248	250	29248	0.003	0	0.003	0.003	116.992	0.0892629	116	117	
2.75	3	1	19	2	3	249	44073	249	44073	0.00302811	0.000443607	0.003	0.01	177	0	177	177	
2.75	3	1	20	1	3	244	69540	243	69255	0.00320165	0.00117325	0.003	0.01	285	0	285	285	
3	3.25	4	1	5	3	250	39248	250	39248	0.003	0	0.003	0.003	156.992	0.0892629	156	157	
3	3.25	4	2	3	3	250	113250	250	113250	0.003	0	0.003	0.003	453	0	453	453	
3	3.25	4	3	1	3	250	56248	250	56248	0.003	0	0.003	0.003	224.992	0.0892629	224	225	
3	3.25	4	4	4	3	250	209748	250	209748	0.003	0	0.003	0.003	838.992	0.126491	837	839	
3	3.25	4	5	2	3	250	39248	250	39248	0.003	0	0.003	0.003	156.992	0.0892629	156	157	
3	3.25	2	6	1	3	250	56248	250	56248	0.003	0	0.003	0.003	224.992	0.0892629	224	225	
3	3.25	2	7	4	3	250	93243	250	93243	0.003	0	0.003	0.003	372.972	0.165304	372	373	
3	3.25	2	8	5	3	250	39248	250	39248	0.003	0	0.003	0.003	156.992	0.0892629	156	157	
3	3.25	2	9	2	3	242	42834	242	42834	0.0032314	0.00125411	0.003	0.01	177	0	177	177	
3	3.25	2	10	3	3	250	71250	250	71250	0.003	0	0.003	0.003	285	0	285	285	
3	3.25	3	11	1	3	250	71250	250	71250	0.003	0	0.003	0.003	285	0	285	285	
3	3.25	3	12	3	3	250	149249	250	149249	0.003	0	0.003	0.003	596.996	0.0632456	596	597	
3	3.25	3	13	5	3	250	29248	250	29248	0.003	0	0.003	0.003	116.992	0.0892629	116	117	
3	3.25	3	14	4	3	250	93243	250	93243	0.003	0	0.003	0.003	372.972	0.165304	372	373	
3	3.25	3	15	2	3	250	113250	250	113250	0.003	0	0.003	0.003	453	0	453	453	
3	3.25	1	16	5	3	250	39248	250	39248	0.003	0	0.003	0.003	156.992	0.0892629	156	157	
3	3.25	1	17	4	3	131	23187	131	23187	0.00946565	0.00186588	0.003	0.01	177	0	177	177	
3	3.25	1	18	3	3	250	29248	250	29248	0.003	0	0.003	0.003	116.992	0.0892629	116	117	
3	3.25	1	19	2	3	249	44073	249	44073	0.00302811	0.000443607	0.003	0.01	177	0	177	177	
3	3.25	1	20	1	3	246	70110	247	70395	0.00311336	0.00088535	0.003	0.01	285	0	285	285	
3.25	3.5	4	1	5	3	250	39248	250	39248	0.003	0	0.003	0.003	156.992	0.0892629	156	157	
3.25	3.5	4	2	3	3	250	113250	250	113250	0.003	0	0.003	0.003	453	0	453	453	
3.25	3.5	4	3	1	3	250	56249	250	56249	0.003	0	0.003	0.003	224.996	0.0632456	224	225	
3.25	3.5	4	4	4	3	250	209750	250	209750	0.003	0	0.003	0.003	839	0	839	839	
3.25	3.5	4	5	2	3	250	39248	250	39248	0.003	0	0.003	0.003	156.992	0.0892629	156	157	
3.25	3.5	2	6	1	3	250	56249	250	56249	0.003	0	0.003	0.003	224.996	0.0632456	224	225	
3.25	3.5	2	7	4	3	250	93243	250	93243	0.003	0	0.003	0.003	372.972	0.165304	372	373	
3.25	3.5	2	8	5	3	250	39248	250	39248	0.003	0	0.003	0.003	156.992	0.0892629	156	157	
3.25	3.5	2	9	2	3	245	43365	244	43188	0.00314344	0.000993766	0.003	0.01	177	0	177	177	
3.25	3.5	2	10	3	3	250	71250	250	71250	0.003	0	0.003	0.003	285	0	285	285	
3.25	3.5	3	11	1	3	250	71250	250	71250	0.003	0	0.003	0.003	285	0	285	285	
3.25	3.5	3	12	3	3	250	149248	250	149248	0.003	0	0.003	0.003	596.992	0.0892629	596	597	
3.25	3.5	3	13	5	3	250	29247	250	29247	0.003	0	0.003	0.003	116.988	0.109104	116	117	
3.25	3.5	3	14	4	3	250	93244	250	93244	0.003	0	0.003	0.003	372.976	0.153356	372	373	
3.25	3.5	3	15	2	3	250	113250	250	113250	0.003	0	0.003	0.003	453	0	453	453	
3.25	3.5	1	16	5	3	250	39247	250	39247	0.003	0	0.003	0.003	156.988	0.109104	156	157	
3.25	3.5	1	17	4	3	128	22656	126	22302	0.00966667	0.00149666	0.003	0.01	177	0	177	177	
3.25	3.5	1	18	3	3	250	29247	250	29247	0.003	0	0.003	0.003	116.988	0.109104	116	117	
3.25	3.5	1	19	2	3	245	43365	245	43365	0.00314286	0.000991769	0.003	0.01	177	0	177	177	
3.25	3.5	1	20	1	3	245	69825	245	69825	0.00314286	0.000991769	0.003	0.01	285	0	285	285	
3.5	3.75	4	1	5	3	250	39247	250	39247	0.003	0	0.003	0.003	156.988	0.109104	156	157	
3.5	3.75	4	2	3	3	250	113250	250	113250	0.003	0	0.003	0.003	453	0	453	453	
3.5	3.75	4	3	1	3	250	56248	250	56248	0.003	0	0.003	0.003	224.992	0.0892629	224	225	
3.5	3.75	4	4	4	3	250	209748	250	209748	0.003	0	0.003	0.003	838.992	0.126491	837	839	
3.5	3.75	4	5	2	3	250	39247	250	39247	0.003	0	0.003	0.003	156.988	0.109104	156	157	
3.5	3.75	2	6	1	3	250	56248	250	56248	0.003	0	0.003	0.003	224.992	0.0892629	224	225	
3.5	3.75	2	7	4	3	250	93244	250	93244	0.003	0	0.003	0.003	372.976	0.153356	372	373	
3.5	3.75	2	8	5	3	250	39247	250	39247	0.003	0	0.003	0.003	156.988	0.109104	156	157	
3.5	3.75	2	9	2	3	245	43365	246	43542	0.00314228	0.000989785	0.003	0.01	177	0	177	177	
3.5	3.75	2	10	3	3	250	71250	250	71250	0.003	0	0.003	0.003	285	0	285	285	
3.5	3.75	3	11	1	3	250	71250	250	71250	0.003	0	0.003	0.003	285	0	285	285	
3.5	3.75	3	12	3	3	250	149249	250	149249	0.003	0	0.003	0.003	596.996	0.0632456	596	597	
3.5	3.75	3	13	5	3	250	29248	250	29248	0.003	0	0.003	0.003	116.992	0.0892629	116	117	
3.5	3.75	3	14	4	3	250	93243	250	93243	0.003	0	0.003	0.003	372.972	0.165304	372	373	
3.5	3.75	3	15	2	3	250	113250	250	113250	0.003	0	0.003	0.003	453	0	453	453	
3.5	3.75	1	16	5	3	250	39248	250	39248	0.003	0	0.003	0.003	156.992	0.0892629	156	157	
3.5	3.75	1	17	4	3	128	22656	129	22833	0.00972868	0.00135642	0.003	0.01	177	0	177	177	
3.5	3.75	1	18	3	3	250	29248	250	29248	0.003	0	0.003	0.003	116.992	0.0892629	116	117	
3.5	3.75	1	19	2	3	249	44073	249	44073	0.00302811	0.000443607	0.003	0.01	177	0	177	177	
3.5	3.75	1	20	1	3	248	70680	248	70680	0.00305645	0.000627345	0.003	0.01	285	0	285	285	
3.75	4	4	1	5	3	250	39248	250	39248	0.003	0	0.003	0.003	156.992	0.0892629	156	157	
3.75	4	4	2	3	3	250	113250	250	113250	0.003	0	0.003	0.003	453	0	453	453	
3.75	4	4	3	1	3	250	56249	250	56249	0.003	0	0.003	0.003	224.996	0.0632456	224	225	
3.75	4	4	4	4	3	250	209748	250	209748	0.003	0	0.003	0.003	838.992	0.126491	837	839	
3.75	4	4	5	2	3	250	39248	250	39248	0.003	0	0.003	0.003	156.992	0.0892629	156	157	
3.75	4	2	6	1	3	250	56249	250	56249	0.003	0	0.003	0.003	224.996	0.0632456	224	225	
3.75	4	2	7	4	3	250	93243	250	93243	0.003	0	0.003	0.003	372.972	0.165304	372	373	
3.75	4	2	8	5	3	250	39248	250	39248	0.003	0	0.003	0.003	156.992	0.0892629	156	157	
3.75	4	2	9	2	3	247	43719	247	43719	0.00308502	0.000768312	0.003	0.01	177	0	177	177	
3.75	4	2	10	3	3	250	71250	250	71250	0.003	0	0.003	0.003	285	0	285	285	
3.75	4	3	11	1	3	250	71250	250	71250	0.003	0	0.003	0.003	285	0	285	285	
3.75	4	3	12	3	3	250	149249	250	149249	0.003	0	0.003	0.003	596.996	0.0632456	596	597	
3.75	4	3	13	5	3	250	29247	250	29247	0.003	0	0.003	0.003	116.988	0.109104	116	117	
3.75	4	3	14	4	3	250	93243	250	93243	0.003	0	0.003	0.003	372.972	0.165304	372	373	
3.75	4	3	15	2	3	250	113250	250	113250	0.003	0	0.003	0.003	453	0	453	453	
3.75	4	1	16	5	3	250	39248	250	39248	0.003	0	0.003	0.003	156.992	0.0892629	156	157	
3.75	4	1	17	4	3	132	23364	130	23010	0.00935385	0.00203406	0.003	0.01	177	0	177	177	
3.75	4	1	18	3	3	250	29247	250	29247	0.003	0	0.003	0.003	116.988	0.109104	116	117	
3.75	4	1	19	2	3	244	43188	244	43188	0.00317213	0.00108634	0.003	0.01	177	0	177	177	
3.75	4	1	20	1	3	248	70680	248	70680	0.00305645	0.000627345	0.003	0.01	285	0	285	285	
4	4.25	4	1	5	3	250	39248	250	39248	0.003	0	0.003	0.003	156.992	0.0892629	156	157	
4	4.25	4	2	3	3	250	113250	250	113250	0.003	0	0.003	0.003	453	0	453	453	
4	4.25	4	3	1	3	250	56248	250	56248	0.003	0	0.003	0.003	224.992	0.0892629	224	225	
4	4.25	4	4	4	3	250	209750	250	209750	0.003	0	0.003	0.003	839	0	839	839	
4	4.25	4	5	2	3	250	39248	250	39248	0.003	0	0.003	0.003	156.992	0.0892629	156	157	
4	4.25	2	6	1	3	250	56248	250	56248	0.003	0	0.003	0.003	224.992	0.0892629	224	225	
4	4.25	2	7	4	3	250	93243	250	93243	0.003	0	0.003	0.003	372.972	0.165304	372	373	
4	4.25	2	8	5	3	250	39248	250	39248	0.003	0	0.003	0.003	156.992	0.0892629	156	157	
4	4.25	2	9	2	3	245	43365	244	43188	0.00314344	0.000993766	0.003	0.01	177	0	177	177	
4	4.25	2	10	3	3	249	70965	249	70965	0.00302811	0.000443607	0.003	0.01	285	0	285	285	
4	4.25	3	11	1	3	250	71250	250	71250	0.003	0	0.003	0.003	285	0	285	285	
4	4.25	3	12	3	3	250	149249	250	149249	0.003	0	0.003	0.003	596.996	0.0632456	596	597	
4	4.25	3	13	5	3	250	29248	250	29248	0.003	0	0.003	0.003	116.992	0.0892629	116	117	
4	4.25	3	14	4	3	250	93243	250	93243	0.003	0	0.003	0.003	372.972	0.165304	372	373	
4	4.25	3	15	2	3	250	113250	250	113250	0.003	0	0.003	0.003	453	0	453	453	
4	4.25	1	16	5	3	250	39247	250	39247	0.003	0	0.003	0.003	156.988	0.109104	156	157	
4	4.25	1	17	4	3	126	22302	129	22833	0.00967442	0.00147988	0.003	0.01	177	0	177	177	
4	4.25	1	18	3	3	250	29248	250	29248	0.003	0	0.003	0.003	116.992	0.0892629	116	117	
4	4.25	1	19	2	3	245	43365	245	43365	0.00314286	0.000991769	0.003	0.01	177	0	177	177	
4	4.25	1	20	1	3	248	70680	248	70680	0.00305645	0.000627345	0.003	0.01	285	0	285	285	
4.25	4.5	4	1	5	3	250	39247	250	39247	0.003	0	0.003	0.003	156.988	0.109104	156	157	
4.25	4.5	4	2	3	3	250	113250	250	113250	0.003	0	0.003	0.003	453	0	453	453	
4.25	4.5	4	3	1	3	250	56249	250	56249	0.003	0	0.003	0.003	224.996	0.0632456	224	225	
4.25	4.5	4	4	4	3	250	209748	250	209748	0.003	0	0.003	0.003	838.992	0.126491	837	839	
4.25	4.5	4	5	2	3	250	39247	250	39247	0.003	0	0.003	0.003	156.988	0.109104	156	157	
4.25	4.5	2	6	1	3	250	56249	250	56249	0.003	0	0.003	0.003	224.996	0.0632456	224	225	
4.25	4.5	2	7	4	3	250	93243	250	93243	0.003	0	0.003	0.003	372.972	0.165304	372	373	
4.25	4.5	2	8	5	3	250	39247	250	39247	0.003	0	0.003	0.003	156.988	0.109104	156	157	
4.25	4.5	2	9	2	3	241	42657	242	42834	0.00326033	0.00132734	0.003	0.01	177	0	177	177	
4.25	4.5	2	10	3	3	250	71250	250	71250	0.003	0	0.003	0.003	285	0	285	285	
4.25	4.5	3	11	1	3	250	71250	250	71250	0.003	0	0.003	0.003	285	0	285	285	
4.25	4.5	3	12	3	3	250	149248	250	149248	0.003	0	0.003	0.003	596.992	0.0892629	596	597	
4.25	4.5	3	13	5	3	250	29247	250	29247	0.003	0	0.003	0.003	116.988	0.109104	116	117	
4.25	4.5	3	14	4	3	250	93244	250	93244	0.003	0	0.003	0.003	372.976	0.153356	372	373	
4.25	4.5	3	15	2	3	250	113250	250	113250	0.003	0	0.003	0.003	453	0	453	453	
4.25	4.5	1	16	5	3	250	39248	250	39248	0.003	0	0.003	0.003	156.992	0.0892629	156	157	
4.25	4.5	1	17	4	3	129	22833	129	22833	0.00956589	0.00169487	0.003	0.01	177	0	177	177	
4.25	4.5	1	18	3	3	250	29247	250	29247	0.003	0	0.003	0.003	116.988	0.109104	116	117	
4.25	4.5	1	19	2	3	244	43188	244	43188	0.00317213	0.00108634	0.003	0.01	177	0	177	177	
4.25	4.5	1	20	1	3	249	70965	249	70965	0.00302811	0.000443607	0.003	0.01	285	0	285	285	
4.5	4.75	4	1	5	3	250	39248	250	39248	0.003	0	0.003	0.003	156.992	0.0892629	156	157	
4.5	4.75	4	2	3	3	250	113250	250	113250	0.003	0	0.003	0.003	453	0	453	453	
4.5	4.75	4	3	1	3	250	56248	250	56248	0.003	0	0.003	0.003	224.992	0.0892629	224	225	
4.5	4.75	4	4	4	3	250	209748	250	209748	0.003	0	0.003	0.003	838.992	0.126491	837	839	
4.5	4.75	4	5	2	3	250	39248	250	39248	0.003	0	0.003	0.003	156.992	0.0892629	156	157	
4.5	4.75	2	6	1	3	250	56248	250	56248	0.003	0	0.003	0.003	224.992	0.0892629	224	225	
4.5	4.75	2	7	4	3	250	93244	250	93244	0.003	0	0.003	0.003	372.976	0.153356	372	373	
4.5	4.75	2	8	5	3	250	39248	250	39248	0.003	0	0.003	0.003	156.992	0.0892629	156	157	
4.5	4.75	2	9	2	3	244	43188	244	43188	0.00317213	0.00108634	0.003	0.01	177	0	177	177	
4.5	4.75	2	10	3	3	250	71250	250	71250	0.003	0	0.003	0.003	285	0	285	285	
4.5	4.75	3	11	1	3	250	71250	250	71250	0.003	0	0.003	0.003	285	0	285	285	
4.5	4.75	3	12	3	3	250	149249	250	149249	0.003	0	0.003	0.003	596.996	0.0632456	596	597	
4.5	4.75	3	13	5	3	250	29248	250	29248	0.003	0	0.003	0.003	116.992	0.0892629	116	117	
4.5	4.75	3	14	4	3	250	93243	250	93243	0.003	0	0.003	0.003	372.972	0.165304	372	373	
4.5	4.75	3	15	2	3	250	113250	250	113250	0.003	0	0.003	0.003	453	0	453	453	
4.5	4.75	1	16	5	3	250	39248	250	39248	0.003	0	0.003	0.003	156.992	0.0892629	156	157	
4.5	4.75	1	17	4	3	130	23010	130	23010	0.00940769	0.0019557	0.003	0.01	177	0	177	177	
4.5	4.75	1	18	3	3	250	29248	250	29248	0.003	0	0.003	0.003	116.992	0.0892629	116	117	
4.5	4.75	1	19	2	3	245	43365	245	43365	0.00314286	0.000991769	0.003	0.01	177	0	177	177	
4.5	4.75	1	20	1	3	250	71250	250	71250	0.003	0	0.003	0.003	285	0	285	285	
4.75	5	4	1	5	3	250	39248	250	39248	0.003	0	0.003	0.003	156.992	0.0892629	156	157	
4.75	5	4	2	3	3	250	113250	250	113250	0.003	0	0.003	0.003	453	0	453	453	
4.75	5	4	3	1	3	250	56248	250	56249	0.003	0	0.003	0.003	224.996	0.0632456	224	225	
4.75	5	4	4	4	3	250	209748	250	209748	0.003	0	0.003	0.003	838.992	0.126491	837	839	
4.75	5	4	5	2	3	250	39248	250	39248	0.003	0	0.003	0.003	156.992	0.0892629	156	157	
4.75	5	2	6	1	3	250	56248	250	56249	0.003	0	0.003	0.003	224.996	0.0632456	224	225	
4.75	5	2	7	4	3	250	93243	250	93243	0.003	0	0.003	0.003	372.972	0.165304	372	373	
4.75	5	2	8	5	3	250	39248	250	39248	0.003	0	0.003	0.003	156.992	0.0892629	156	157	
4.75	5	2	9	2	3	241	42657	240	42480	0.0032625	0.00133266	0.003	0.01	177	0	177	177	
4.75	5	2	10	3	3	250	71250	250	71250	0.003	0	0.003	0.003	285	0	285	285	
4.75	5	3	11	1	3	250	71250	250	71250	0.003	0	0.003	0.003	285	0	285	285	
4.75	5	3	12	3	3	250	149249	250	149249	0.003	0	0.003	0.003	596.996	0.0632456	596	597	
4.75	5	3	13	5	3	250	29247	250	29247	0.003	0	0.003	0.003	116.988	0.109104	116	117	
4.75	5	3	14	4	3	250	93243	250	93243	0.003	0	0.003	0.003	372.972	0.165304	372	373	
4.75	5	3	15	2	3	250	113250	250	113250	0.003	0	0.003	0.003	453	0	453	453	
4.75	5	1	16	5	3	250	39247	250	39247	0.003	0	0.003	0.003	156.988	0.109104	156	157	
4.75	5	1	17	4	3	133	23541	132	23364	0.00931061	0.00209373	0.003	0.01	177	0	177	177	
4.75	5	1	18	3	3	250	29247	250	29247	0.003	0	0.003	0.003	116.988	0.109104	116	117	
4.75	5	1	19	2	3	241	42657	241	42657	0.00326141	0.00132999	0.003	0.01	177	0	177	177	
4.75	5	1	20	1	3	250	71250	250	71250	0.003	0	0.003	0.003	285	0	285	285	
5	5.25	4	1	5	3	250	39248	250	39248	0.003	0	0.003	0.003	156.992	0.0892629	156	157	
5	5.25	4	2	3	3	250	113250	250	113250	0.003	0	0.003	0.003	453	0	453	453	
5	5.25	4	3	1	3	250	56249	250	56248	0.003	0	0.003	0.003	224.992	0.0892629	224	225	
5	5.25	4	4	4	3	250	209750	250	209750	0.003	0	0.003	0.003	839	0	839	839	
5	5.25	4	5	2	3	250	39248	250	39248	0.003	0	0.003	0.003	156.992	0.0892629	156	157	
5	5.25	2	6	1	3	250	56249	250	56248	0.003	0	0.003	0.003	224.992	0.0892629	224	225	
5	5.25	2	7	4	3	250	93243	250	93243	0.003	0	0.003	0.003	372.972	0.165304	372	373	
5	5.25	2	8	5	3	250	39248	250	39248	0.003	0	0.003	0.003	156.992	0.0892629	156	157	
5	5.25	2	9	2	3	241	42657	242	42834	0.00326033	0.00132734	0.003	0.01	177	0	177	177	
5	5.25	2	10	3	3	250	71250	250	71250	0.003	0	0.003	0.003	285	0	285	285	
5	5.25	3	11	1	3	250	71250	250	71250	0.003	0	0.003	0.003	285	0	285	285	
5	5.25	3	12	3	3	250	149249	250	149249	0.003	0	0.003	0.003	596.996	0.0632456	596	597	
5	5.25	3	13	5	3	250	29248	250	29248	0.003	0	0.003	0.003	116.992	0.0892629	116	117	
5	5.25	3	14	4	3	250	93243	250	93243	0.003	0	0.003	0.003	372.972	0.165304	372	373	
5	5.25	3	15	2	3	250	113250	250	113250	0.003	0	0.003	0.003	453	0	453	453	
5	5.25	1	16	5	3	250	39248	250	39248	0.003	0	0.003	0.003	156.992	0.0892629	156	157	
5	5.25	1	17	4	3	130	23010	129	22833	0.00945736	0.00187919	0.003	0.01	177	0	177	177	
5	5.25	1	18	3	3	250	29248	250	29248	0.003	0	0.003	0.003	116.992	0.0892629	116	117	
5	5.25	1	19	2	3	242	42834	241	42657	0.00323236	0.00125663	0.003	0.01	177	0	177	177	
5	5.25	1	20	1	3	248	70680	248	70680	0.00305645	0.000627345	0.003	0.01	285	0	285	285	
5.25	5.5	4	1	5	3	250	39247	250	39247	0.003	0	0.003	0.003	156.988	0.109104	156	157	
5.25	5.5	4	2	3	3	250	113250	250	113250	0.003	0	0.003	0.003	453	0	453	453	
5.25	5.5	4	3	1	3	250	56248	250	56248	0.003	0	0.003	0.003	224.992	0.0892629	224	225	
5.25	5.5	4	4	4	3	250	209748	250	209748	0.003	0	0.003	0.003	838.992	0.126491	837	839	
5.25	5.5	4	5	2	3	250	39247	250	39247	0.003	0	0.003	0.003	156.988	0.109104	156	157	
5.25	5.5	2	6	1	3	250	56248	250	56248	0.003	0	0.003	0.003	224.992	0.0892629	224	225	
5.25	5.5	2	7	4	3	250	93243	250	93243	0.003	0	0.003	0.003	372.972	0.165304	372	373	
5.25	5.5	2	8	5	3	250	39247	250	39247	0.003	0	0.003	0.003	156.988	0.109104	156	157	
5.25	5.5	2	9	2	3	242	42834	242	42834	0.0032314	0.00125411	0.003	0.01	177	0	177	177	
5.25	5.5	2	10	3	3	248	70680	248	70680	0.00305645	0.000627345	0.003	0.01	285	0	285	285	
5.25	5.5	3	11	1	3	250	71250	250	71250	0.003	0	0.003	0.003	285	0	285	285	
5.25	5.5	3	12	3	3	250	149248	250	149248	0.003	0	0.003	0.003	596.992	0.0892629	596	597	
5.25	5.5	3	13	5	3	250	29247	250	29247	0.003	0	0.003	0.003	116.988	0.109104	116	117	
5.25	5.5	3	14	4	3	250	93244	250	93244	0.003	0	0.003	0.003	372.976	0.153356	372	373	
5.25	5.5	3	15	2	3	250	113250	250	113250	0.003	0	0.003	0.003	453	0	453	453	
5.25	5.5	1	16	5	3	250	39248	250	39248	0.003	0	0.003	0.003	156.992	0.0892629	156	157	
5.25	5.5	1	17	4	3	128	22656	128	22656	0.00961719	0.00159784	0.003	0.01	177	0	177	177	
5.25	5.5	1	18	3	3	250	29247	250	29247	0.003	0	0.003	0.003	116.988	0.109104	116	117	
5.25	5.5	1	19	2	3	242	42834	243	43011	0.00323045	0.0012516	0.003	0.01	177	0	177	177	
5.25	5.5	1	20	1	3	247	70395	247	70395	0.00308502	0.000768312	0.003	0.01	285	0	285	285	
5.5	5.75	4	1	5	3	250	39248	250	39248	0.003	0	0.003	0.003	156.992	0.0892629	156	157	
5.5	5.75	4	2	3	3	250	113250	250	113250	0.003	0	0.003	0.003	453	0	453	453	
5.5	5.75	4	3	1	3	250	56249	250	56249	0.003	0	0.003	0.003	224.996	0.0632456	224	225	
5.5	5.75	4	4	4	3	250	209748	250	209748	0.003	0	0.003	0.003	838.992	0.126491	837	839	
5.5	5.75	4	5	2	3	250	39248	250	39248	0.003	0	0.003	0.003	156.992	0.0892629	156	157	
5.5	5.75	2	6	1	3	250	56249	250	56249	0.003	0	0.003	0.003	224.996	0.0632456	224	225	
5.5	5.75	2	7	4	3	250	93244	250	93244	0.003	0	0.003	0.003	372.976	0.153356	372	373	
5.5	5.75	2	8	5	3	250	39248	250	39248	0.003	0	0.003	0.003	156.992	0.0892629	156	157	
5.5	5.75	2	9	2	3	247	43719	247	43719	0.00308502	0.000768312	0.003	0.01	177	0	177	177	
5.5	5.75	2	10	3	3	248	70680	248	70680	0.00305645	0.000627345	0.003	0.01	285	0	285	285	
5.5	5.75	3	11	1	3	250	71250	250	71250	0.003	0	0.003	0.003	285	0	285	285	
5.5	5.75	3	12	3	3	250	149249	250	149249	0.003	0	0.003	0.003	596.996	0.0632456	596	597	
5.5	5.75	3	13	5	3	250	29248	250	29248	0.003	0	0.003	0.003	116.992	0.0892629	116	117	
5.5	5.75	3	14	4	3	250	93243	250	93243	0.003	0	0.003	0.003	372.972	0.165304	372	373	
5.5	5.75	3	15	2	3	250	99645	250	99805	0.003	0	0.003	0.003	399.22	37.6484	372	453	
5.5	5.75	1	16	5	3	250	39248	250	39248	0.003	0	0.003	0.003	156.992	0.0892629	156	157	
5.5	5.75	1	17	4	3	132	23364	133	23541	0.00926316	0.00215637	0.003	0.01	177	0	177	177	
5.5	5.75	1	18	3	3	250	29248	250	29248	0.003	0	0.003	0.003	116.992	0.0892629	116	117	
5.5	5.75	1	19	2	3	244	43188	244	43188	0.00317213	0.00108634	0.003	0.01	177	0	177	177	
5.5	5.75	1	20	1	3	249	70965	249	70965	0.00302811	0.000443607	0.003	0.01	285	0	285	285	
5.75	6	4	1	5	3	250	39248	250	39248	0.003	0	0.003	0.003	156.992	0.0892629	156	157	
5.75	6	4	2	3	3	250	113250	250	113250	0.003	0	0.003	0.003	453	0	453	453	
5.75	6	4	3	1	3	250	56248	250	56248	0.003	0	0.003	0.003	224.992	0.0892629	224	225	
5.75	6	4	4	4	3	250	209750	250	209750	0.003	0	0.003	0.003	839	0	839	839	
5.75	6	4	5	2	3	250	39248	250	39248	0.003	0	0.003	0.003	156.992	0.0892629	156	157	
5.75	6	2	6	1	3	250	56248	250	56248	0.003	0	0.003	0.003	224.992	0.0892629	224	225	
5.75	6	2	7	4	3	249	92870	249	92870	0.00302811	0.000443607	0.003	0.01	372.972	0.165627	372	373	
5.75	6	2	8	5	3	250	39248	250	39248	0.003	0	0.003	0.003	156.992	0.0892629	156	157	
5.75	6	2	9	2	3	247	43719	247	43719	0.00308502	0.000768312	0.003	0.01	177	0	177	177	
5.75	6	2	10	3	3	248	70680	248	70680	0.00305645	0.000627345	0.003	0.01	285	0	285	285	
5.75	6	3	11	1	3	250	71250	250	71250	0.003	0	0.003	0.003	285	0	285	285	
5.75	6	3	12	3	3	250	149249	250	149249	0.003	0	0.003	0.003	596.996	0.0632456	596	597	
5.75	6	3	13	5	3	250	29247	250	29247	0.003	0	0.003	0.003	116.988	0.109104	116	117	
5.75	6	3	14	4	3	250	93243	250	93243	0.003	0	0.003	0.003	372.972	0.165304	372	373	
5.75	6	3	15	2	3	250	93243	250	93244	0.003	0	0.003	0.003	372.976	0.153356	372	373	
5.75	6	1	16	5	3	250	39247	250	39247	0.003	0	0.003	0.003	156.988	0.109104	156	157	
5.75	6	1	17	4	3	134	23718	134	23718	0.0090597	0.00239599	0.003	0.01	177	0	177	177	
5.75	6	1	18	3	3	250	29247	250	29247	0.003	0	0.003	0.003	116.988	0.109104	116	117	
5.75	6	1	19	2	3	238	42126	237	41949	0.00335443	0.00153798	0.003	0.01	177	0	177	177	
5.75	6	1	20	1	3	248	70680	248	70680	0.00305645	0.000627345	0.003	0.01	285	0	285	285	
6	6.25	4	1	5	3	250	39247	250	39247	0.003	0	0.003	0.003	156.988	0.109104	156	157	
6	6.25	4	2	3	3	250	113250	250	113250	0.003	0	0.003	0.003	453	0	453	453	
6	6.25	4	3	1	3	250	56249	250	56249	0.003	0	0.003	0.003	224.996	0.0632456	224	225	
6	6.25	4	4	4	3	250	209748	250	209748	0.003	0	0.003	0.003	838.992	0.126491	837	839	
6	6.25	4	5	2	3	250	39247	250	39247	0.003	0	0.003	0.003	156.988	0.109104	156	157	
6	6.25	2	6	1	3	250	56249	250	56249	0.003	0	0.003	0.003	224.996	0.0632456	224	225	
6	6.25	2	7	4	3	249	92870	249	92870	0.00302811	0.000443607	0.003	0.01	372.972	0.165627	372	373	
6	6.25	2	8	5	3	250	39247	250	39247	0.003	0	0.003	0.003	156.988	0.109104	156	157	
6	6.25	2	9	2	3	246	43542	246	43542	0.00311382	0.000887126	0.003	0.01	177	0	177	177	
6	6.25	2	10	3	3	246	70110	246	70110	0.00311382	0.000887126	0.003	0.01	285	0	285	285	
6	6.25	3	11	1	3	250	71250	250	71250	0.003	0	0.003	0.003	285	0	285	285	
6	6.25	3	12	3	3	250	149248	250	149248	0.003	0	0.003	0.003	596.992	0.0892629	596	597	
6	6.25	3	13	5	3	250	29248	250	29248	0.003	0	0.003	0.003	116.992	0.0892629	116	117	
6	6.25	3	14	4	3	250	93243	250	93243	0.003	0	0.003	0.003	372.972	0.165304	372	373	
6	6.25	3	15	2	3	250	93244	250	93243	0.003	0	0.003	0.003	372.972	0.165304	372	373	
6	6.25	1	16	5	3	250	39248	250	39248	0.003	0	0.003	0.003	156.992	0.0892629	156	157	
6	6.25	1	17	4	3	131	23187	129	22833	0.00945736	0.00187919	0.003	0.01	177	0	177	177	
6	6.25	1	18	3	3	250	29248	250	29248	0.003	0	0.003	0.003	116.992	0.0892629	116	117	
6	6.25	1	19	2	3	242	42834	243	43011	0.00323045	0.0012516	0.003	0.01	177	0	177	177	
6	6.25	1	20	1	3	248	70680	248	70680	0.00305645	0.000627345	0.003	0.01	285	0	285	285	
6.25	6.5	4	1	5	3	250	39248	250	39248	0.003	0	0.003	0.003	156.992	0.0892629	156	157	
6.25	6.5	4	2	3	3	250	113250	250	113250	0.003	0	0.003	0.003	453	0	453	453	
6.25	6.5	4	3	1	3	250	56248	250	56248	0.003	0	0.003	0.003	224.992	0.0892629	224	225	
6.25	6.5	4	4	4	3	250	209748	250	209748	0.003	0	0.003	0.003	838.992	0.126491	837	839	
6.25	6.5	4	5	2	3	250	39248	250	39248	0.003	0	0.003	0.003	156.992	0.0892629	156	157	
6.25	6.5	2	6	1	3	250	56248	250	56248	0.003	0	0.003	0.003	224.992	0.0892629	224	225	
6.25	6.5	2	7	4	3	240	89514	240	89514	0.00329167	0.00140171	0.003	0.01	372.975	0.156451	372	373	
6.25	6.5	2	8	5	3	250	39248	250	39248	0.003	0	0.003	0.003	156.992	0.0892629	156	157	
6.25	6.5	2	9	2	3	245	43365	245	43365	0.00314286	0.000991769	0.003	0.01	177	0	177	177	
6.25	6.5	2	10	3	3	245	69825	245	69825	0.00314286	0.000991769	0.003	0.01	285	0	285	285	
6.25	6.5	3	11	1	3	250	71250	250	71250	0.003	0	0.003	0.003	285	0	285	285	
6.25	6.5	3	12	3	3	250	149249	250	149249	0.003	0	0.003	0.003	596.996	0.0632456	596	597	
6.25	6.5	3	13	5	3	250	29247	250	29247	0.003	0	0.003	0.003	116.988	0.109104	116	117	
6.25	6.5	3	14	4	3	250	93244	250	93244	0.003	0	0.003	0.003	372.976	0.153356	372	373	
6.25	6.5	3	15	2	3	250	93243	250	93243	0.003	0	0.003	0.003	372.972	0.165304	372	373	
6.25	6.5	1	16	5	3	249	39091	249	39091	0.00302811	0.000443607	0.003	0.01	156.992	0.0894413	156	157	
6.25	6.5	1	17	4	3	131	23187	132	23364	0.00931061	0.00209373	0.003	0.01	177	0	177	177	
6.25	6.5	1	18	3	3	250	29247	250	29247	0.003	0	0.003	0.003	116.988	0.109104	116	117	
6.25	6.5	1	19	2	3	240	42480	240	42480	0.0032625	0.00133266	0.003	0.01	177	0	177	177	
6.25	6.5	1	20	1	3	249	70965	248	70680	0.00302822	0.0004445	0.003	0.01	285	0	285	285	
6.5	6.75	4	1	5	3	250	39248	250	39248	0.003	0	0.003	0.003	156.992	0.0892629	156	157	
6.5	6.75	4	2	3	3	250	113250	250	113250	0.003	0	0.003	0.003	453	0	453	453	
6.5	6.75	4	3	1	3	250	56249	250	56249	0.003	0	0.003	0.003	224.996	0.0632456	224	225	
6.5	6.75	4	4	4	3	250	209748	250	209748	0.003	0	0.003	0.003	838.992	0.126491	837	839	
6.5	6.75	4	5	2	3	250	39248	250	39248	0.003	0	0.003	0.003	156.992	0.0892629	156	157	
6.5	6.75	2	6	1	3	250	56249	250	56249	0.003	0	0.003	0.003	224.996	0.0632456	224	225	
6.5	6.75	2	7	4	3	233	86902	232	86529	0.00345259	0.00172514	0.003	0.01	372.97	0.171431	372	373	
6.5	6.75	2	8	5	3	250	39248	250	39248	0.003	0	0.003	0.003	156.992	0.0892629	156	157	
6.5	6.75	2	9	2	3	248	43896	248	43896	0.00305645	0.000627345	0.003	0.01	177	0	177	177	
6.5	6.75	2	10	3	3	249	70965	249	70965	0.00302811	0.000443607	0.003	0.01	285	0	285	285	
6.5	6.75	3	11	1	3	250	71250	250	71250	0.003	0	0.003	0.003	285	0	285	285	
6.5	6.75	3	12	3	3	250	149249	250	149249	0.003	0	0.003	0.003	596.996	0.0632456	596	597	
6.5	6.75	3	13	5	3	250	29248	250	29248	0.003	0	0.003	0.003	116.992	0.0892629	116	117	
6.5	6.75	3	14	4	3	250	93243	250	93243	0.003	0	0.003	0.003	372.972	0.165304	372	373	
6.5	6.75	3	15	2	3	250	93243	250	93243	0.003	0	0.003	0.003	372.972	0.165304	372	373	
6.5	6.75	1	16	5	3	250	39247	250	39247	0.003	0	0.003	0.003	156.988	0.109104	156	157	
6.5	6.75	1	17	4	3	132	23364	133	23541	0.00921053	0.00222265	0.003	0.01	177	0	177	177	
6.5	6.75	1	18	3	3	250	29248	250	29248	0.003	0	0.003	0.003	116.992	0.0892629	116	117	
6.5	6.75	1	19	2	3	246	43542	245	43365	0.00314286	0.000991769	0.003	0.01	177	0	177	177	
6.5	6.75	1	20	1	3	248	70680	249	70965	0.00305622	0.000626089	0.003	0.01	285	0	285	285	
6.75	7	4	1	5	3	250	39248	250	39248	0.003	0	0.003	0.003	156.992	0.0892629	156	157	
6.75	7	4	2	3	3	250	113250	250	113250	0.003	0	0.003	0.003	453	0	453	453	
6.75	7	4	3	1	3	250	56248	250	56248	0.003	0	0.003	0.003	224.992	0.0892629	224	225	
6.75	7	4	4	4	3	250	209750	250	209750	0.003	0	0.003	0.003	839	0	839	839	
6.75	7	4	5	2	3	250	39248	250	39248	0.003	0	0.003	0.003	156.992	0.0892629	156	157	
6.75	7	2	6	1	3	250	56248	250	56248	0.003	0	0.003	0.003	224.992	0.0892629	224	225	
6.75	7	2	7	4	3	230	85784	231	86157	0.00366667	0.00205927	0.003	0.01	372.974	0.159403	372	373	
6.75	7	2	8	5	3	250	39248	250	39248	0.003	0	0.003	0.003	156.992	0.0892629	156	157	
6.75	7	2	9	2	3	243	43011	243	43011	0.00320165	0.00117325	0.003	0.01	177	0	177	177	
6.75	7	2	10	3	3	250	71250	250	71250	0.003	0	0.003	0.003	285	0	285	285	
6.75	7	3	11	1	3	250	71250	250	71250	0.003	0	0.003	0.003	285	0	285	285	
6.75	7	3	12	3	3	250	149249	250	149249	0.003	0	0.003	0.003	596.996	0.0632456	596	597	
6.75	7	3	13	5	3	250	29247	250	29247	0.003	0	0.003	0.003	116.988	0.109104	116	117	
6.75	7	3	14	4	3	250	93243	250	93243	0.003	0	0.003	0.003	372.972	0.165304	372	373	
6.75	7	3	15	2	3	250	93243	250	93243	0.003	0	0.003	0.003	372.972	0.165304	372	373	
6.75	7	1	16	5	3	249	39091	249	39091	0.00302811	0.000443607	0.003	0.01	156.992	0.0894413	156	157	
6.75	7	1	17	4	3	131	23187	129	22833	0.00945736	0.00187919	0.003	0.01	177	0	177	177	
6.75	7	1	18	3	3	250	29247	250	29247	0.003	0	0.003	0.003	116.988	0.109104	116	117	
6.75	7	1	19	2	3	245	43365	246	43542	0.00314228	0.000989785	0.003	0.01	177	0	177	177	
6.75	7	1	20	1	3	249	70965	249	70965	0.00302811	0.000443607	0.003	0.01	285	0	285	285	
7	7.25	4	1	5	3	250	39247	250	39247	0.003	0	0.003	0.003	156.988	0.109104	156	157	
7	7.25	4	2	3	3	250	113250	250	113250	0.003	0	0.003	0.003	453	0	453	453	
7	7.25	4	3	1	3	250	56249	250	56249	0.003	0	0.003	0.003	224.996	0.0632456	224	225	
7	7.25	4	4	4	3	250	209748	250	209748	0.003	0	0.003	0.003	838.992	0.126491	837	839	
7	7.25	4	5	2	3	250	39247	250	39247	0.003	0	0.003	0.003	156.988	0.109104	156	157	
7	7.25	2	6	1	3	250	56249	250	56249	0.003	0	0.003	0.003	224.996	0.0632456	224	225	
7	7.25	2	7	4	3	228	85038	227	84665	0.00367841	0.00207548	0.003	0.01	372.974	0.16077	372	373	
7	7.25	2	8	5	3	250	39247	250	39247	0.003	0	0.003	0.003	156.988	0.109104	156	157	
7	7.25	2	9	2	3	236	41772	234	41418	0.0034188	0.00166375	0.003	0.01	177	0	177	177	
7	7.25	2	10	3	3	246	70110	246	70110	0.00311382	0.000887126	0.003	0.01	285	0	285	285	
7	7.25	3	11	1	3	250	71250	250	71250	0.003	0	0.003	0.003	285	0	285	285	
7	7.25	3	12	3	3	250	149248	250	149248	0.003	0	0.003	0.003	596.992	0.0892629	596	597	
7	7.25	3	13	5	3	250	29248	250	29248	0.003	0	0.003	0.003	116.992	0.0892629	116	117	
7	7.25	3	14	4	3	250	93243	250	93243	0.003	0	0.003	0.003	372.972	0.165304	372	373	
7	7.25	3	15	2	3	250	93244	250	93244	0.003	0	0.003	0.003	372.976	0.153356	372	373	
7	7.25	1	16	5	3	250	39248	250	39248	0.003	0	0.003	0.003	156.992	0.0892629	156	157	
7	7.25	1	17	4	3	129	22833	131	23187	0.00946565	0.00186588	0.003	0.01	177	0	177	177	
7	7.25	1	18	3	3	250	29248	250	29248	0.003	0	0.003	0.003	116.992	0.0892629	116	117	
7	7.25	1	19	2	3	247	43719	247	43719	0.00308502	0.000768312	0.003	0.01	177	0	177	177	
7	7.25	1	20	1	3	249	70965	249	70965	0.00302811	0.000443607	0.003	0.01	285	0	285	285	
7.25	7.5	4	1	5	3	250	39248	250	39248	0.003	0	0.003	0.003	156.992	0.0892629	156	157	
7.25	7.5	4	2	3	3	250	113250	250	113250	0.003	0	0.003	0.003	453	0	453	453	
7.25	7.5	4	3	1	3	250	56248	250	56248	0.003	0	0.003	0.003	224.992	0.0892629	224	225	
7.25	7.5	4	4	4	3	250	209748	250	209748	0.003	0	0.003	0.003	838.992	0.126491	837	839	
7.25	7.5	4	5	2	3	250	39248	250	39248	0.003	0	0.003	0.003	156.992	0.0892629	156	157	
7.25	7.5	2	6	1	3	250	56248	250	56248	0.003	0	0.003	0.003	224.992	0.0892629	224	225	
7.25	7.5	2	7	4	3	239	89141	240	89514	0.00332083	0.00146692	0.003	0.01	372.975	0.156451	372	373	
7.25	7.5	2	8	5	3	250	39248	250	39248	0.003	0	0.003	0.003	156.992	0.0892629	156	157	
7.25	7.5	2	9	2	3	238	42126	240	42480	0.00335	0.0015288	0.003	0.01	177	0	177	177	
7.25	7.5	2	10	3	3	247	70395	247	70395	0.00308502	0.000768312	0.003	0.01	285	0	285	285	
7.25	7.5	3	11	1	3	250	71250	250	71250	0.003	0	0.003	0.003	285	0	285	285	
7.25	7.5	3	12	3	3	250	149249	250	149249	0.003	0	0.003	0.003	596.996	0.0632456	596	597	
7.25	7.5	3	13	5	3	250	29247	250	29247	0.003	0	0.003	0.003	116.988	0.109104	116	117	
7.25	7.5	3	14	4	3	250	93244	250	93244	0.003	0	0.003	0.003	372.976	0.153356	372	373	
7.25	7.5	3	15	2	3	250	93243	250	93243	0.003	0	0.003	0.003	372.972	0.165304	372	373	
7.25	7.5	1	16	5	3	250	39248	250	39248	0.003	0	0.003	0.003	156.992	0.0892629	156	157	
7.25	7.5	1	17	4	3	131	23187	129	22833	0.00945736	0.00187919	0.003	0.01	177	0	177	177	
7.25	7.5	1	18	3	3	250	29247	250	29247	0.003	0	0.003	0.003	116.988	0.109104	116	117	
7.25	7.5	1	19	2	3	240	42480	240	42480	0.00329167	0.00140171	0.003	0.01	177	0	177	177	
7.25	7.5	1	20	1	3	249	70965	249	70965	0.00302811	0.000443607	0.003	0.01	285	0	285	285	
7.5	7.75	4	1	5	3	250	39248	250	39248	0.003	0	0.003	0.003	156.992	0.0892629	156	157	
7.5	7.75	4	2	3	3	250	113250	250	113250	0.003	0	0.003	0.003	453	0	453	453	
7.5	7.75	4	3	1	3	250	56248	250	56248	0.003	0	0.003	0.003	224.992	0.0892629	224	225	
7.5	7.75	4	4	4	3	250	209750	250	209750	0.003	0	0.003	0.003	839	0	839	839	
7.5	7.75	4	5	2	3	250	39248	250	39248	0.003	0	0.003	0.003	156.992	0.0892629	156	157	
7.5	7.75	2	6	1	3	250	56248	250	56248	0.003	0	0.003	0.003	224.992	0.0892629	224	225	
7.5	7.75	2	7	4	3	243	90632	243	90632	0.00320165	0.00117325	0.003	0.01	372.971	0.167608	372	373	
7.5	7.75	2	8	5	3	250	39248	250	39248	0.003	0	0.003	0.003	156.992	0.0892629	156	157	
7.5	7.75	2	9	2	3	232	41064	232	41064	0.0035431	0.00187668	0.003	0.01	177	0	177	177	
7.5	7.75	2	10	3	3	245	69825	245	69825	0.00314286	0.000991769	0.003	0.01	285	0	285	285	
7.5	7.75	3	11	1	3	250	71250	250	71250	0.003	0	0.003	0.003	285	0	285	285	
7.5	7.75	3	12	3	3	250	149249	250	149249	0.003	0	0.003	0.003	596.996	0.0632456	596	597	
7.5	7.75	3	13	5	3	250	29248	250	29248	0.003	0	0.003	0.003	116.992	0.0892629	116	117	
7.5	7.75	3	14	4	3	250	93243	250	93243	0.003	0	0.003	0.003	372.972	0.165304	372	373	
7.5	7.75	3	15	2	3	250	93243	250	93243	0.003	0	0.003	0.003	372.972	0.165304	372	373	
7.5	7.75	1	16	5	3	250	39247	250	39247	0.003	0	0.003	0.003	156.988	0.109104	156	157	
7.5	7.75	1	17	4	3	126	22302	126	22302	0.00983333	0.00107145	0.003	0.01	177	0	177	177	
7.5	7.75	1	18	3	3	250	29248	250	29248	0.003	0	0.003	0.003	116.992	0.0892629	116	117	
7.5	7.75	1	19	2	3	245	43365	245	43365	0.00314286	0.000991769	0.003	0.01	177	0	177	177	
7.5	7.75	1	20	1	3	247	70395	247	70395	0.00308502	0.000768312	0.003	0.01	285	0	285	285	
7.75	8	4	1	5	3	250	39247	250	39247	0.003	0	0.003	0.003	156.988	0.109104	156	157	
7.75	8	4	2	3	3	250	113250	250	113250	0.003	0	0.003	0.003	453	0	453	453	
7.75	8	4	3	1	3	250	56249	250	56249	0.003	0	0.003	0.003	224.996	0.0632456	224	225	
7.75	8	4	4	4	3	250	209748	250	209748	0.003	0	0.003	0.003	838.992	0.126491	837	839	
7.75	8	4	5	2	3	250	39247	250	39247	0.003	0	0.003	0.003	156.988	0.109104	156	157	
7.75	8	2	6	1	3	250	56249	250	56249	0.003	0	0.003	0.003	224.996	0.0632456	224	225	
7.75	8	2	7	4	3	247	92124	247	92124	0.00308502	0.000768312	0.003	0.01	372.972	0.166279	372	373	
7.75	8	2	8	5	3	250	39247	250	39247	0.003	0	0.003	0.003	156.988	0.109104	156	157	
7.75	8	2	9	2	3	222	39294	222	39294	0.00388288	0.00232919	0.003	0.01	177	0	177	177	
7.75	8	2	10	3	3	245	69825	245	69825	0.00314286	0.000991769	0.003	0.01	285	0	285	285	
7.75	8	3	11	1	3	250	71250	250	71250	0.003	0	0.003	0.003	285	0	285	285	
7.75	8	3	12	3	3	250	149249	250	149249	0.003	0	0.003	0.003	596.996	0.0632456	596	597	
7.75	8	3	13	5	3	250	29247	250	29248	0.003	0	0.003	0.003	116.992	0.0892629	116	117	
7.75	8	3	14	4	3	250	93243	250	93243	0.003	0	0.003	0.003	372.972	0.165304	372	373	
7.75	8	3	15	2	3	250	93243	250	93243	0.003	0	0.003	0.003	372.972	0.165304	372	373	
7.75	8	1	16	5	3	250	39248	250	39248	0.003	0	0.003	0.003	156.992	0.0892629	156	157	
7.75	8	1	17	4	3	127	22479	128	22656	0.00983594	0.00106318	0.003	0.01	177	0	177	177	
7.75	8	1	18	3	3	250	29247	250	29248	0.003	0	0.003	0.003	116.992	0.0892629	116	117	
7.75	8	1	19	2	3	245	43365	245	43365	0.00314286	0.000991769	0.003	0.01	177	0	177	177	
7.75	8	1	20	1	3	249	70965	249	70965	0.00302811	0.000443607	0.003	0.01	285	0	285	285	
8	8.25	4	1	5	3	250	39248	250	39248	0.003	0	0.003	0.003	156.992	0.0892629	156	157	
8	8.25	4	2	3	3	250	113250	250	113250	0.003	0	0.003	0.003	453	0	453	453	
8	8.25	4	3	1	3	250	56248	250	56248	0.003	0	0.003	0.003	224.992	0.0892629	224	225	
8	8.25	4	4	4	3	250	209748	250	209748	0.003	0	0.003	0.003	838.992	0.126491	837	839	
8	8.25	4	5	2	3	250	39248	250	39248	0.003	0	0.003	0.003	156.992	0.0892629	156	157	
8	8.25	2	6	1	3	250	56248	250	56248	0.003	0	0.003	0.003	224.992	0.0892629	224	225	
8	8.25	2	7	4	3	246	91752	246	91752	0.00311382	0.000887126	0.003	0.01	372.976	0.154572	372	373	
8	8.25	2	8	5	3	250	39248	250	39248	0.003	0	0.003	0.003	156.992	0.0892629	156	157	
8	8.25	2	9	2	3	226	40002	225	39825	0.00374667	0.00216564	0.003	0.01	177	0	177	177	
8	8.25	2	10	3	3	249	70965	248	70680	0.00302822	0.0004445	0.003	0.01	285	0	285	285	
8	8.25	3	11	1	3	250	71250	250	71250	0.003	0	0.003	0.003	285	0	285	285	
8	8.25	3	12	3	3	250	149248	250	149248	0.003	0	0.003	0.003	596.992	0.0892629	596	597	
8	8.25	3	13	5	3	250	29248	250	29247	0.003	0	0.003	0.003	116.988	0.109104	116	117	
8	8.25	3	14	4	3	250	93243	250	93243	0.003	0	0.003	0.003	372.972	0.165304	372	373	
8	8.25	3	15	2	3	250	93244	250	93244	0.003	0	0.003	0.003	372.976	0.153356	372	373	
8	8.25	1	16	5	3	250	39248	250	39248	0.003	0	0.003	0.003	156.992	0.0892629	156	157	
8	8.25	1	17	4	3	127	22479	126	22302	0.00972222	0.00137194	0.003	0.01	177	0	177	177	
8	8.25	1	18	3	3	250	29248	250	29247	0.003	0	0.003	0.003	116.988	0.109104	116	117	
8	8.25	1	19	2	3	247	43719	247	43719	0.00308502	0.000768312	0.003	0.01	177	0	177	177	
8	8.25	1	20	1	3	250	71250	250	71250	0.003	0	0.003	0.003	285	0	285	285	
8.25	8.5	4	1	5	3	250	39248	250	39248	0.003	0	0.003	0.003	156.992	0.0892629	156	157	
8.25	8.5	4	2	3	3	250	113250	250	113250	0.003	0	0.003	0.003	453	0	453	453	
8.25	8.5	4	3	1	3	250	56249	250	56249	0.003	0	0.003	0.003	224.996	0.0632456	224	225	
8.25	8.5	4	4	4	3	250	209748	250	209748	0.003	0	0.003	0.003	838.992	0.126491	837	839	
8.25	8.5	4	5	2	3	250	39248	250	39248	0.003	0	0.003	0.003	156.992	0.0892629	156	157	
8.25	8.5	2	6	1	3	250	56249	250	56249	0.003	0	0.003	0.003	224.996	0.0632456	224	225	
8.25	8.5	2	7	4	3	243	90632	243	90632	0.00320165	0.00117325	0.003	0.01	372.971	0.167608	372	373	
8.25	8.5	2	8	5	3	250	39248	250	39248	0.003	0	0.003	0.003	156.992	0.0892629	156	157	
8.25	8.5	2	9	2	3	228	40356	229	40533	0.00364192	0.00202467	0.003	0.01	177	0	177	177	
8.25	8.5	2	10	3	3	245	69825	246	70110	0.00314228	0.000989785	0.003	0.01	285	0	285	285	
8.25	8.5	3	11	1	3	250	71250	250	71250	0.003	0	0.003	0.003	285	0	285	285	
8.25	8.5	3	12	3	3	250	149249	250	149249	0.003	0	0.003	0.003	596.996	0.0632456	596	597	
8.25	8.5	3	13	5	3	250	29248	250	29248	0.003	0	0.003	0.003	116.992	0.0892629	116	117	
8.25	8.5	3	14	4	3	250	93243	250	93244	0.003	0	0.003	0.003	372.976	0.153356	372	373	
8.25	8.5	3	15	2	3	250	93243	250	93243	0.003	0	0.003	0.003	372.972	0.165304	372	373	
8.25	8.5	1	16	5	3	250	39247	250	39247	0.003	0	0.003	0.003	156.988	0.109104	156	157	
8.25	8.5	1	17	4	3	126	22302	129	22833	0.00983721	0.00105912	0.003	0.01	177	0	177	177	
8.25	8.5	1	18	3	3	250	29248	250	29248	0.003	0	0.003	0.003	116.992	0.0892629	116	117	
8.25	8.5	1	19	2	3	245	43365	245	43365	0.00314286	0.000991769	0.003	0.01	177	0	177	177	
8.25	8.5	1	20	1	3	250	71250	250	71250	0.003	0	0.003	0.003	285	0	285	285	
8.5	8.75	4	1	5	3	250	39247	250	39248	0.003	0	0.003	0.003	156.992	0.0892629	156	157	
8.5	8.75	4	2	3	3	250	113250	250	113250	0.003	0	0.003	0.003	453	0	453	453	
8.5	8.75	4	3	1	3	250	56248	250	56248	0.003	0	0.003	0.003	224.992	0.0892629	224	225	
8.5	8.75	4	4	4	3	250	209750	250	209750	0.003	0	0.003	0.003	839	0	839	839	
8.5	8.75	4	5	2	3	250	39247	250	39248	0.003	0	0.003	0.003	156.992	0.0892629	156	157	
8.5	8.75	2	6	1	3	250	56248	250	56248	0.003	0	0.003	0.003	224.992	0.0892629	224	225	
8.5	8.75	2	7	4	3	240	89514	240	89514	0.00329167	0.00140171	0.003	0.01	372.975	0.156451	372	373	
8.5	8.75	2	8	5	3	250	39247	250	39248	0.003	0	0.003	0.003	156.992	0.0892629	156	157	
8.5	8.75	2	9	2	3	224	39648	224	39648	0.00384375	0.00228421	0.003	0.01	177	0	177	177	
8.5	8.75	2	10	3	3	247	70395	247	70395	0.00308502	0.000768312	0.003	0.01	285	0	285	285	
8.5	8.75	3	11	1	3	250	71250	250	71250	0.003	0	0.003	0.003	285	0	285	285	
8.5	8.75	3	12	3	3	250	149249	250	149249	0.003	0	0.003	0.003	596.996	0.0632456	596	597	
8.5	8.75	3	13	5	3	250	29247	250	29247	0.003	0	0.003	0.003	116.988	0.109104	116	117	
8.5	8.75	3	14	4	3	250	93244	250	93243	0.003	0	0.003	0.003	372.972	0.165304	372	373	
8.5	8.75	3	15	2	3	250	93243	250	93243	0.003	0	0.003	0.003	372.972	0.165304	372	373	
8.5	8.75	1	16	5	3	250	39248	250	39248	0.003	0	0.003	0.003	156.992	0.0892629	156	157	
8.5	8.75	1	17	4	3	128	22656	128	22656	0.00967187	0.00148541	0.003	0.01	177	0	177	177	
8.5	8.75	1	18	3	3	250	29247	250	29247	0.003	0	0.003	0.003	116.988	0.109104	116	117	
8.5	8.75	1	19	2	3	249	44073	249	44073	0.00302811	0.000443607	0.003	0.01	177	0	177	177	
8.5	8.75	1	20	1	3	249	70965	249	70965	0.00302811	0.000443607	0.003	0.01	285	0	285	285	
8.75	9	4	1	5	3	250	39248	250	39247	0.003	0	0.003	0.003	156.988	0.109104	156	157	
8.75	9	4	2	3	3	250	113250	250	113250	0.003	0	0.003	0.003	453	0	453	453	
8.75	9	4	3	1	3	250	56249	250	56249	0.003	0	0.003	0.003	224.996	0.0632456	224	225	
8.75	9	4	4	4	3	250	209748	250	209748	0.003	0	0.003	0.003	838.992	0.126491	837	839	
8.75	9	4	5	2	3	250	39248	250	39247	0.003	0	0.003	0.003	156.988	0.109104	156	157	
8.75	9	2	6	1	3	250	56249	250	56249	0.003	0	0.003	0.003	224.996	0.0632456	224	225	
8.75	9	2	7	4	3	230	85783	230	85783	0.00360869	0.0019767	0.003	0.01	372.97	0.172155	372	373	
8.75	9	2	8	5	3	250	39248	250	39247	0.003	0	0.003	0.003	156.988	0.109104	156	157	
8.75	9	2	9	2	3	238	42126	237	41949	0.00335443	0.00153798	0.003	0.01	177	0	177	177	
8.75	9	2	10	3	3	248	70680	248	70680	0.00305645	0.000627345	0.003	0.01	285	0	285	285	
8.75	9	3	11	1	3	250	71250	250	71250	0.003	0	0.003	0.003	285	0	285	285	
8.75	9	3	12	3	3	250	149249	250	149249	0.003	0	0.003	0.003	596.996	0.0632456	596	597	
8.75	9	3	13	5	3	250	29248	250	29248	0.003	0	0.003	0.003	116.992	0.0892629	116	117	
8.75	9	3	14	4	3	250	93243	250	93243	0.003	0	0.003	0.003	372.972	0.165304	372	373	
8.75	9	3	15	2	3	250	93243	250	93243	0.003	0	0.003	0.003	372.972	0.165304	372	373	
8.75	9	1	16	5	3	250	39248	250	39248	0.003	0	0.003	0.003	156.992	0.0892629	156	157	
8.75	9	1	17	4	3	126	22302	125	22125	0.009832	0.00107565	0.003	0.01	177	0	177	177	
8.75	9	1	18	3	3	250	29248	250	29248	0.003	0	0.003	0.003	116.992	0.0892629	116	117	
8.75	9	1	19	2	3	246	43542	246	43542	0.00311382	0.000887126	0.003	0.01	177	0	177	177	
8.75	9	1	20	1	3	250	71250	250	71250	0.003	0	0.003	0.003	285	0	285	285	
9	9.25	4	1	5	3	250	39248	250	39248	0.003	0	0.003	0.003	156.992	0.0892629	156	157	
9	9.25	4	2	3	3	250	113250	250	113250	0.003	0	0.003	0.003	453	0	453	453	
9	9.25	4	3	1	3	250	56248	250	56248	0.003	0	0.003	0.003	224.992	0.0892629	224	225	
9	9.25	4	4	4	3	250	209748	250	209748	0.003	0	0.003	0.003	838.992	0.126491	837	839	
9	9.25	4	5	2	3	250	39248	250	39248	0.003	0	0.003	0.003	156.992	0.0892629	156	157	
9	9.25	2	6	1	3	250	56248	250	56248	0.003	0	0.003	0.003	224.992	0.0892629	224	225	
9	9.25	2	7	4	3	217	80936	217	80936	0.00406452	0.00251946	0.003	0.01	372.977	0.150382	372	373	
9	9.25	2	8	5	3	250	39248	250	39248	0.003	0	0.003	0.003	156.992	0.0892629	156	157	
9	9.25	2	9	2	3	226	40002	227	40179	0.00370925	0.00211695	0.003	0.01	177	0	177	177	
9	9.25	2	10	3	3	249	70965	249	70965	0.00302811	0.000443607	0.003	0.01	285	0	285	285	
9	9.25	3	11	1	3	250	71250	250	71250	0.003	0	0.003	0.003	285	0	285	285	
9	9.25	3	12	3	3	250	149248	250	149248	0.003	0	0.003	0.003	596.992	0.0892629	596	597	
9	9.25	3	13	5	3	250	29247	250	29247	0.003	0	0.003	0.003	116.988	0.109104	116	117	
9	9.25	3	14	4	3	250	93243	250	93243	0.003	0	0.003	0.003	372.972	0.165304	372	373	
9	9.25	3	15	2	3	250	93244	250	93244	0.003	0	0.003	0.003	372.976	0.153356	372	373	
9	9.25	1	16	5	3	250	39248	250	39248	0.003	0	0.003	0.003	156.992	0.0892629	156	157	
9	9.25	1	17	4	3	127	22479	126	22302	0.00983333	0.00107145	0.003	0.01	177	0	177	177	
9	9.25	1	18	3	3	250	29247	250	29247	0.003	0	0.003	0.003	116.988	0.109104	116	117	
9	9.25	1	19	2	3	244	43188	244	43188	0.00317213	0.00108634	0.003	0.01	177	0	177	177	
9	9.25	1	20	1	3	249	70965	249	70965	0.00302811	0.000443607	0.003	0.01	285	0	285	285	
9.25	9.5	4	1	5	3	250	39248	250	39248	0.003	0	0.003	0.003	156.992	0.0892629	156	157	
9.25	9.5	4	2	3	3	250	113250	250	113250	0.003	0	0.003	0.003	453	0	453	453	
9.25	9.5	4	3	1	3	250	56249	250	56249	0.003	0	0.003	0.003	224.996	0.0632456	224	225	
9.25	9.5	4	4	4	3	250	209750	250	209750	0.003	0	0.003	0.003	839	0	839	839	
9.25	9.5	4	5	2	3	250	39248	250	39248	0.003	0	0.003	0.003	156.992	0.0892629	156	157	
9.25	9.5	2	6	1	3	250	56249	250	56249	0.003	0	0.003	0.003	224.996	0.0632456	224	225	
9.25	9.5	2	7	4	3	236	88021	236	88021	0.00338559	0.00160041	0.003	0.01	372.97	0.170011	372	373	
9.25	9.5	2	8	5	3	250	39248	250	39248	0.003	0	0.003	0.003	156.992	0.0892629	156	157	
9.25	9.5	2	9	2	3	225	39825	224	39648	0.0038125	0.0022472	0.003	0.01	177	0	177	177	
9.25	9.5	2	10	3	3	248	70680	248	70680	0.00305645	0.000627345	0.003	0.01	285	0	285	285	
9.25	9.5	3	11	1	3	250	71250	250	71250	0.003	0	0.003	0.003	285	0	285	285	
9.25	9.5	3	12	3	3	250	149249	250	149249	0.003	0	0.003	0.003	596.996	0.0632456	596	597	
9.25	9.5	3	13	5	3	250	29248	250	29248	0.003	0	0.003	0.003	116.992	0.0892629	116	117	
9.25	9.5	3	14	4	3	250	93243	250	93244	0.003	0	0.003	0.003	372.976	0.153356	372	373	
9.25	9.5	3	15	2	3	250	93243	250	93243	0.003	0	0.003	0.003	372.972	0.165304	372	373	
9.25	9.5	1	16	5	3	250	39247	250	39247	0.003	0	0.003	0.003	156.988	0.109104	156	157	
9.25	9.5	1	17	4	3	127	22479	126	22302	0.00988889	0.000878382	0.003	0.01	177	0	177	177	
9.25	9.5	1	18	3	3	250	29248	250	29248	0.003	0	0.003	0.003	116.992	0.0892629	116	117	
9.25	9.5	1	19	2	3	247	43719	247	43719	0.00308502	0.000768312	0.003	0.01	177	0	177	177	
9.25	9.5	1	20	1	3	250	71250	250	71250	0.003	0	0.003	0.003	285	0	285	285	
9.5	9.75	4	1	5	3	250	39247	250	39247	0.003	0	0.003	0.003	156.988	0.109104	156	157	
9.5	9.75	4	2	3	3	250	113250	250	113250	0.003	0	0.003	0.003	453	0	453	453	
9.5	9.75	4	3	1	3	250	56248	250	56248	0.003	0	0.003	0.003	224.992	0.0892629	224	225	
9.5	9.75	4	4	4	3	250	209748	250	209748	0.003	0	0.003	0.003	838.992	0.126491	837	839	
9.5	9.75	4	5	2	3	250	39247	250	39247	0.003	0	0.003	0.003	156.988	0.109104	156	157	
9.5	9.75	2	6	1	3	250	56248	250	56248	0.003	0	0.003	0.003	224.992	0.0892629	224	225	
9.5	9.75	2	7	4	3	240	89514	240	89514	0.00332083	0.00146692	0.003	0.01	372.975	0.156451	372	373	
9.5	9.75	2	8	5	3	250	39247	250	39247	0.003	0	0.003	0.003	156.988	0.109104	156	157	
9.5	9.75	2	9	2	3	212	37524	212	37524	0.00425472	0.00269126	0.003	0.01	177	0	177	177	
9.5	9.75	2	10	3	3	248	70680	248	70680	0.00305645	0.000627345	0.003	0.01	285	0	285	285	
9.5	9.75	3	11	1	3	250	71250	250	71250	0.003	0	0.003	0.003	285	0	285	285	
9.5	9.75	3	12	3	3	250	149249	250	149249	0.003	0	0.003	0.003	596.996	0.0632456	596	597	
9.5	9.75	3	13	5	3	250	29247	250	29247	0.003	0	0.003	0.003	116.988	0.109104	116	117	
9.5	9.75	3	14	4	3	250	93244	250	93243	0.003	0	0.003	0.003	372.972	0.165304	372	373	
9.5	9.75	3	15	2	3	250	93243	250	93243	0.003	0	0.003	0.003	372.972	0.165304	372	373	
9.5	9.75	1	16	5	3	250	39248	250	39248	0.003	0	0.003	0.003	156.992	0.0892629	156	157	
9.5	9.75	1	17	4	3	125	22125	127	22479	0.00988976	0.000874945	0.003	0.01	177	0	177	177	
9.5	9.75	1	18	3	3	250	29247	250	29247	0.003	0	0.003	0.003	116.988	0.109104	116	117	
9.5	9.75	1	19	2	3	247	43719	247	43719	0.00308502	0.000768312	0.003	0.01	177	0	177	177	
9.5	9.75	1	20	1	3	248	70680	248	70680	0.00305645	0.000627345	0.003	0.01	285	0	285	285	
9.75	10	4	1	5	3	250	39248	250	39248	0.003	0	0.003	0.003	156.992	0.0892629	156	157	
9.75	10	4	2	3	3	250	113250	250	113250	0.003	0	0.003	0.003	453	0	453	453	
9.75	10	4	3	1	3	250	56248	250	56248	0.003	0	0.003	0.003	224.992	0.0892629	224	225	
9.75	10	4	4	4	3	250	209748	250	209748	0.003	0	0.003	0.003	838.992	0.126491	837	839	
9.75	10	4	5	2	3	250	39248	250	39248	0.003	0	0.003	0.003	156.992	0.0892629	156	157	
9.75	10	2	6	1	3	250	56248	250	56248	0.003	0	0.003	0.003	224.992	0.0892629	224	225	
9.75	10	2	7	4	3	239	89140	239	89140	0.00332217	0.00146985	0.003	0.01	372.971	0.168968	372	373	
9.75	10	2	8	5	3	250	39248	250	39248	0.003	0	0.003	0.003	156.992	0.0892629	156	157	
9.75	10	2	9	2	3	213	37701	213	37701	0.0041831	0.00262953	0.003	0.01	177	0	177	177	
9.75	10	2	10	3	3	247	70395	247	70395	0.00308502	0.000768312	0.003	0.01	285	0	285	285	
9.75	10	3	11	1	3	250	71250	250	71250	0.003	0	0.003	0.003	285	0	285	285	
9.75	10	3	12	3	3	250	149248	250	149248	0.003	0	0.003	0.003	596.992	0.0892629	596	597	
9.75	10	3	13	5	3	250	29248	250	29248	0.003	0	0.003	0.003	116.992	0.0892629	116	117	
9.75	10	3	14	4	3	250	93243	250	93243	0.003	0	0.003	0.003	372.972	0.165304	372	373	
9.75	10	3	15	2	3	250	93243	250	93243	0.003	0	0.003	0.003	372.972	0.165304	372	373	
9.75	10	1	16	5	3	250	39248	250	39248	0.003	0	0.003	0.003	156.992	0.0892629	156	157	
9.75	10	1	17	4	3	127	22479	126	22302	0.00983333	0.00107145	0.003	0.01	177	0	177	177	
9.75	10	1	18	3	3	250	29248	250	29248	0.003	0	0.003	0.003	116.992	0.0892629	116	117	
9.75	10	1	19	2	3	248	43896	248	43896	0.00305645	0.000627345	0.003	0.01	177	0	177	177	
9.75	10	1	20	1	3	248	70680	248	70680	0.00305645	0.000627345	0.003	0.01	285	0	285	285	
