% start	end	CellId	IMSI	RNTI	LCID	nTxPDUs	TxBytes	nRxPDUs	RxBytes	delay	stdDev	min	max	PduSize	stdDev	min	max
0.5	0.75	4	1	3	3	241	145568	239	144374	0.00320502	0.00118278	0.003	0.01	604.075	40.8928	595	839	
0.5	0.75	4	2	5	3	174	35392	165	29165	0.00524848	0.00327854	0.003	0.01	176.758	2.1952	157	177	
0.5	0.75	4	3	1	3	226	44634	217	38407	0.00303226	0.000475191	0.003	0.01	176.991	0.135769	175	177	
0.5	0.75	4	4	4	3	119	25657	104	18368	0.00979808	0.00152888	0.003	0.017	176.615	2.76	157	177	
0.5	0.75	4	5	2	3	241	92899	239	92153	0.00320502	0.00118278	0.003	0.01	385.577	79.136	341	839	
0.5	0.75	2	6	5	3	227	31613	218	25506	0.003	0	0.003	0.003	117	0	117	117	
0.5	0.75	2	7	1	3	241	119891	239	118985	0.00320502	0.00118278	0.003	0.01	497.845	75.8987	453	839	
0.5	0.75	2	8	3	3	234	56948	232	56498	0.00342241	0.00240004	0.003	0.017	243.526	105.259	225	839	
0.5	0.75	2	9	2	3	234	70566	232	69996	0.00342241	0.00240004	0.003	0.017	301.707	94.9746	283	839	
0.5	0.75	2	10	4	3	227	40413	218	34226	0.003	0	0.003	0.003	157	0	157	157	
0.5	0.75	3	11	5	3	156	32244	147	26017	0.00633333	0.00350798	0.003	0.01	176.986	0.164957	175	177	
0.5	0.75	3	12	4	3	240	92526	237	91407	0.00323629	0.00126687	0.003	0.01	385.684	79.4621	341	839	
0.5	0.75	3	13	1	3	180	44414	175	43289	0.00572	0.00395614	0.003	0.017	247.366	121.529	177	839	
0.5	0.75	3	14	3	3	232	45696	229	44503	0.00339738	0.00246452	0.003	0.024	194.336	105.976	175	839	
0.5	0.75	3	15	2	3	241	93155	239	92409	0.00320502	0.00118278	0.003	0.01	386.649	78.7393	373	839	
0.5	0.75	1	16	2	3	225	44457	216	38230	0.00306481	0.000672007	0.003	0.01	176.991	0.136083	175	177	
0.5	0.75	1	17	1	3	241	93265	239	92519	0.00320502	0.00118278	0.003	0.01	387.109	78.9922	371	839	
0.5	0.75	1	18	5	3	241	110968	239	110062	0.00320502	0.00118278	0.003	0.01	460.51	72.4285	28	839	
0.5	0.75	1	19	4	3	225	44310	216	38083	0.00306481	0.000672007	0.003	0.01	176.31	10.1382	28	177	
0.5	0.75	1	20	3	3	227	31613	218	25506	0.003	0	0.003	0.003	117	0	117	117	
0.75	1	4	1	3	3	250	149249	250	149249	0.003	0	0.003	0.003	596.996	0.0632456	596	597	
0.75	1	4	2	5	3	181	32037	180	31860	0.00568333	0.00341288	0.003	0.01	177	0	177	177	
0.75	1	4	3	1	3	250	44250	250	44250	0.003	0	0.003	0.003	177	0	177	177	
0.75	1	4	4	4	3	126	22302	125	22125	0.009944	0.000626099	0.003	0.01	177	0	177	177	
0.75	1	4	5	2	3	250	93244	250	93245	0.003	0	0.003	0.003	372.98	0.166466	371	373	
0.75	1	2	6	5	3	250	29248	250	29248	0.003	0	0.003	0.003	116.992	0.126491	115	117	
0.75	1	2	7	1	3	250	113250	250	113250	0.003	0	0.003	0.003	453	0	453	453	
0.75	1	2	8	3	3	250	56247	250	56247	0.003	0	0.003	0.003	224.988	0.141194	223	225	
0.75	1	2	9	2	3	250	71250	250	71250	0.003	0	0.003	0.003	285	0	285	285	
0.75	1	2	10	4	3	250	39250	250	39250	0.003	0	0.003	0.003	157	0	157	157	
0.75	1	3	11	5	3	162	28674	162	28674	0.00684568	0.00349369	0.003	0.01	177	0	177	177	
0.75	1	3	12	4	3	245	91380	246	91753	0.00314228	0.000989785	0.003	0.01	372.98	0.167799	371	373	
0.75	1	3	13	1	3	207	42014	210	42785	0.00443333	0.00283144	0.003	0.01	203.738	23.8956	177	225	
0.75	1	3	14	3	3	237	44109	236	43788	0.00332627	0.00147875	0.003	0.01	185.542	18.3983	177	225	
0.75	1	3	15	2	3	250	93244	250	93244	0.003	0	0.003	0.003	372.976	0.177624	371	373	
0.75	1	1	16	2	3	248	43896	248	43896	0.00305645	0.000627345	0.003	0.01	177	0	177	177	
0.75	1	1	17	1	3	250	93243	250	93243	0.003	0	0.003	0.003	372.972	0.165304	372	373	
0.75	1	1	18	5	3	250	113250	250	113250	0.003	0	0.003	0.003	453	0	453	453	
0.75	1	1	19	4	3	250	44250	250	44250	0.003	0	0.003	0.003	177	0	177	177	
0.75	1	1	20	3	3	250	29248	250	29248	0.003	0	0.003	0.003	116.992	0.126491	115	117	
1	1.25	4	1	3	3	250	145569	250	145729	0.003	0	0.003	0.003	582.916	30.5249	517	597	
1	1.25	4	2	5	3	182	32214	183	32391	0.00560109	0.00339188	0.003	0.01	177	0	177	177	
1	1.25	4	3	1	3	248	43896	248	43896	0.00305645	0.000627345	0.003	0.01	177	0	177	177	
1	1.25	4	4	4	3	125	22125	126	22302	0.01	0	0.01	0.01	177	0	177	177	
1	1.25	4	5	2	3	250	93244	250	93243	0.003	0	0.003	0.003	372.972	0.165304	372	373	
1	1.25	2	6	5	3	250	29247	250	29247	0.003	0	0.003	0.003	116.988	0.109104	116	117	
1	1.25	2	7	1	3	250	113250	250	113250	0.003	0	0.003	0.003	453	0	453	453	
1	1.25	2	8	3	3	250	56249	250	56249	0.003	0	0.003	0.003	224.996	0.0632456	224	225	
1	1.25	2	9	2	3	250	71250	250	71250	0.003	0	0.003	0.003	285	0	285	285	
1	1.25	2	10	4	3	250	39250	250	39250	0.003	0	0.003	0.003	157	0	157	157	
1	1.25	3	11	5	3	181	32037	180	31860	0.00568333	0.00341288	0.003	0.01	177	0	177	177	
1	1.25	3	12	4	3	240	89513	240	89513	0.00329167	0.00140171	0.003	0.01	372.971	0.168625	372	373	
1	1.25	3	13	1	3	250	44250	250	44250	0.003	0	0.003	0.003	177	0	177	177	
1	1.25	3	14	3	3	191	42973	192	43198	0.0051875	0.00325307	0.003	0.01	224.99	0.144338	223	225	
1	1.25	3	15	2	3	250	93243	250	93243	0.003	0	0.003	0.003	372.972	0.165304	372	373	
1	1.25	1	16	2	3	249	44073	249	44073	0.00302811	0.000443607	0.003	0.01	177	0	177	177	
1	1.25	1	17	1	3	250	93244	250	93244	0.003	0	0.003	0.003	372.976	0.153356	372	373	
1	1.25	1	18	5	3	250	113250	250	113250	0.003	0	0.003	0.003	453	0	453	453	
1	1.25	1	19	4	3	250	44250	250	44250	0.003	0	0.003	0.003	177	0	177	177	
1	1.25	1	20	3	3	250	29247	250	29247	0.003	0	0.003	0.003	116.988	0.109104	116	117	
1.25	1.5	4	1	3	3	250	129250	250	129250	0.003	0	0.003	0.003	517	0	517	517	
1.25	1.5	4	2	5	3	189	33453	189	33453	0.00525926	0.00328139	0.003	0.01	177	0	177	177	
1.25	1.5	4	3	1	3	249	44073	249	44073	0.00302811	0.000443607	0.003	0.01	177	0	177	177	
1.25	1.5	4	4	4	3	126	22302	128	22656	0.00978125	0.00122273	0.003	0.01	177	0	177	177	
1.25	1.5	4	5	2	3	249	92870	249	92870	0.00302811	0.000443607	0.003	0.01	372.972	0.165627	372	373	
1.25	1.5	2	6	5	3	250	29248	250	29248	0.003	0	0.003	0.003	116.992	0.0892629	116	117	
1.25	1.5	2	7	1	3	250	113250	250	113250	0.003	0	0.003	0.003	453	0	453	453	
1.25	1.5	2	8	3	3	250	56248	250	56248	0.003	0	0.003	0.003	224.992	0.0892629	224	225	
1.25	1.5	2	9	2	3	250	71250	250	71250	0.003	0	0.003	0.003	285	0	285	285	
1.25	1.5	2	10	4	3	250	39247	250	39247	0.003	0	0.003	0.003	156.988	0.141194	155	157	
1.25	1.5	3	11	5	3	173	30621	171	30267	0.00615205	0.00349289	0.003	0.01	177	0	177	177	
1.25	1.5	3	12	4	3	249	92870	249	92870	0.00302811	0.000443607	0.003	0.01	372.972	0.165627	372	373	
1.25	1.5	3	13	1	3	250	44250	250	44250	0.003	0	0.003	0.003	177	0	177	177	
1.25	1.5	3	14	3	3	205	46124	205	46124	0.00453658	0.00290451	0.003	0.01	224.995	0.069843	224	225	
1.25	1.5	3	15	2	3	250	93243	250	93243	0.003	0	0.003	0.003	372.972	0.165304	372	373	
1.25	1.5	1	16	2	3	248	43896	248	43896	0.00302822	0.0004445	0.003	0.01	177	0	177	177	
1.25	1.5	1	17	1	3	250	93243	250	93243	0.003	0	0.003	0.003	372.972	0.165304	372	373	
1.25	1.5	1	18	5	3	250	113250	250	113250	0.003	0	0.003	0.003	453	0	453	453	
1.25	1.5	1	19	4	3	250	44250	250	44250	0.003	0	0.003	0.003	177	0	177	177	
1.25	1.5	1	20	3	3	250	29248	250	29248	0.003	0	0.003	0.003	116.992	0.0892629	116	117	
1.5	1.75	4	1	3	3	250	129250	250	129250	0.003	0	0.003	0.003	517	0	517	517	
1.5	1.75	4	2	5	3	201	35577	200	35400	0.004715	0.00301817	0.003	0.01	177	0	177	177	
1.5	1.75	4	3	1	3	250	44250	250	44250	0.003	0	0.003	0.003	177	0	177	177	
1.5	1.75	4	4	4	3	126	22302	126	22302	0.00988889	0.000878382	0.003	0.01	177	0	177	177	
1.5	1.75	4	5	2	3	250	93243	250	93243	0.003	0	0.003	0.003	372.972	0.165304	372	373	
1.5	1.75	2	6	5	3	250	29247	250	29247	0.003	0	0.003	0.003	116.988	0.109104	116	117	
1.5	1.75	2	7	1	3	250	113250	250	113250	0.003	0	0.003	0.003	453	0	453	453	
1.5	1.75	2	8	3	3	250	56249	250	56249	0.003	0	0.003	0.003	224.996	0.0632456	224	225	
1.5	1.75	2	9	2	3	250	71250	250	71250	0.003	0	0.003	0.003	285	0	285	285	
1.5	1.75	2	10	4	3	250	39248	250	39248	0.003	0	0.003	0.003	156.992	0.0892629	156	157	
1.5	1.75	3	11	5	3	177	31329	177	31329	0.00584746	0.00344839	0.003	0.01	177	0	177	177	
1.5	1.75	3	12	4	3	249	92871	249	92871	0.00302811	0.000443607	0.003	0.01	372.976	0.153657	372	373	
1.5	1.75	3	13	1	3	250	44250	250	44250	0.003	0	0.003	0.003	177	0	177	177	
1.5	1.75	3	14	3	3	188	42299	186	41849	0.00537097	0.00332184	0.003	0.01	224.995	0.0733236	224	225	
1.5	1.75	3	15	2	3	250	93243	250	93243	0.003	0	0.003	0.003	372.972	0.165304	372	373	
1.5	1.75	1	16	2	3	248	43896	248	43896	0.00308468	0.000766774	0.003	0.01	177	0	177	177	
1.5	1.75	1	17	1	3	250	93243	250	93243	0.003	0	0.003	0.003	372.972	0.165304	372	373	
1.5	1.75	1	18	5	3	250	113250	250	113250	0.003	0	0.003	0.003	453	0	453	453	
1.5	1.75	1	19	4	3	249	44073	249	44073	0.00302811	0.000443607	0.003	0.01	177	0	177	177	
1.5	1.75	1	20	3	3	250	29247	250	29247	0.003	0	0.003	0.003	116.988	0.109104	116	117	
1.75	2	4	1	3	3	250	129250	250	129250	0.003	0	0.003	0.003	517	0	517	517	
1.75	2	4	2	5	3	194	34338	194	34338	0.00498454	0.00316306	0.003	0.01	177	0	177	177	
1.75	2	4	3	1	3	248	43896	248	43896	0.00305645	0.000627345	0.003	0.01	177	0	177	177	
1.75	2	4	4	4	3	125	22125	126	22302	0.00994444	0.00062361	0.003	0.01	177	0	177	177	
1.75	2	4	5	2	3	248	92498	248	92498	0.00305645	0.000627345	0.003	0.01	372.976	0.15396	372	373	
1.75	2	2	6	5	3	250	29248	250	29248	0.003	0	0.003	0.003	116.992	0.0892629	116	117	
1.75	2	2	7	1	3	250	113250	250	113250	0.003	0	0.003	0.003	453	0	453	453	
1.75	2	2	8	3	3	250	56248	250	56248	0.003	0	0.003	0.003	224.992	0.0892629	224	225	
1.75	2	2	9	2	3	250	71250	250	71250	0.003	0	0.003	0.003	285	0	285	285	
1.75	2	2	10	4	3	250	39247	250	39247	0.003	0	0.003	0.003	156.988	0.109104	156	157	
1.75	2	3	11	5	3	176	31152	177	31329	0.0059661	0.00346885	0.003	0.01	177	0	177	177	
1.75	2	3	12	4	3	248	92497	248	92497	0.00305645	0.000627345	0.003	0.01	372.972	0.165952	372	373	
1.75	2	3	13	1	3	250	44250	250	44250	0.003	0	0.003	0.003	177	0	177	177	
1.75	2	3	14	3	3	206	46349	207	46574	0.00448792	0.00287078	0.003	0.01	224.995	0.0695048	224	225	
1.75	2	3	15	2	3	250	93244	250	93244	0.003	0	0.003	0.003	372.976	0.153356	372	373	
1.75	2	1	16	2	3	249	44073	249	44073	0.00302811	0.000443607	0.003	0.01	177	0	177	177	
1.75	2	1	17	1	3	250	93243	250	93243	0.003	0	0.003	0.003	372.972	0.165304	372	373	
1.75	2	1	18	5	3	250	113250	250	113250	0.003	0	0.003	0.003	453	0	453	453	
1.75	2	1	19	4	3	250	44250	250	44250	0.003	0	0.003	0.003	177	0	177	177	
1.75	2	1	20	3	3	250	29248	250	29248	0.003	0	0.003	0.003	116.992	0.0892629	116	117	
2	2.25	4	1	3	3	250	129250	250	129250	0.003	0	0.003	0.003	517	0	517	517	
2	2.25	4	2	5	3	199	35223	200	35400	0.00482	0.00307814	0.003	0.01	177	0	177	177	
2	2.25	4	3	1	3	246	43542	246	43542	0.00311382	0.000887126	0.003	0.01	177	0	177	177	
2	2.25	4	4	4	3	125	22125	125	22125	0.009944	0.000626099	0.003	0.01	177	0	177	177	
2	2.25	4	5	2	3	250	93243	250	93243	0.003	0	0.003	0.003	372.972	0.165304	372	373	
2	2.25	2	6	5	3	250	29247	250	29247	0.003	0	0.003	0.003	116.988	0.109104	116	117	
2	2.25	2	7	1	3	250	121697	250	121569	0.003	0	0.003	0.003	486.276	32.0347	453	517	
2	2.25	2	8	3	3	250	56249	250	56249	0.003	0	0.003	0.003	224.996	0.0632456	224	225	
2	2.25	2	9	2	3	250	71250	250	71250	0.003	0	0.003	0.003	285	0	285	285	
2	2.25	2	10	4	3	250	39248	250	39248	0.003	0	0.003	0.003	156.992	0.0892629	156	157	
2	2.25	3	11	5	3	180	31860	179	31683	0.00569832	0.00341651	0.003	0.01	177	0	177	177	
2	2.25	3	12	4	3	249	92870	249	92870	0.00302811	0.000443607	0.003	0.01	372.972	0.165627	372	373	
2	2.25	3	13	1	3	250	44250	250	44250	0.003	0	0.003	0.003	177	0	177	177	
2	2.25	3	14	3	3	195	43873	193	43423	0.00499482	0.00316803	0.003	0.01	224.99	0.101532	224	225	
2	2.25	3	15	2	3	250	93243	250	93243	0.003	0	0.003	0.003	372.972	0.165304	372	373	
2	2.25	1	16	2	3	248	43896	248	43896	0.00305645	0.000627345	0.003	0.01	177	0	177	177	
2	2.25	1	17	1	3	250	93244	250	93244	0.003	0	0.003	0.003	372.976	0.153356	372	373	
2	2.25	1	18	5	3	250	113250	250	113250	0.003	0	0.003	0.003	453	0	453	453	
2	2.25	1	19	4	3	249	44073	249	44073	0.00302811	0.000443607	0.003	0.01	177	0	177	177	
2	2.25	1	20	3	3	250	29247	250	29247	0.003	0	0.003	0.003	116.988	0.109104	116	117	
2.25	2.5	4	1	3	3	250	129250	250	129250	0.003	0	0.003	0.003	517	0	517	517	
2.25	2.5	4	2	5	3	200	35400	199	35223	0.00475879	0.00304381	0.003	0.01	177	0	177	177	
2.25	2.5	4	3	1	3	249	44073	249	44073	0.00302811	0.000443607	0.003	0.01	177	0	177	177	
2.25	2.5	4	4	4	3	125	22125	125	22125	0.01	0	0.01	0.01	177	0	177	177	
2.25	2.5	4	5	2	3	250	93243	250	93243	0.003	0	0.003	0.003	372.972	0.165304	372	373	
2.25	2.5	2	6	5	3	250	29248	250	29248	0.003	0	0.003	0.003	116.992	0.0892629	116	117	
2.25	2.5	2	7	1	3	250	129250	250	129250	0.003	0	0.003	0.003	517	0	517	517	
2.25	2.5	2	8	3	3	250	56248	250	56248	0.003	0	0.003	0.003	224.992	0.0892629	224	225	
2.25	2.5	2	9	2	3	250	71250	250	71250	0.003	0	0.003	0.003	285	0	285	285	
2.25	2.5	2	10	4	3	250	39248	250	39248	0.003	0	0.003	0.003	156.992	0.0892629	156	157	
2.25	2.5	3	11	5	3	170	30090	172	30444	0.00629651	0.00350428	0.003	0.01	177	0	177	177	
2.25	2.5	3	12	4	3	245	91379	245	91379	0.00314286	0.000991769	0.003	0.01	372.976	0.15488	372	373	
2.25	2.5	3	13	1	3	250	44250	250	44250	0.003	0	0.003	0.003	177	0	177	177	
2.25	2.5	3	14	3	3	219	43899	222	44670	0.00397748	0.00243177	0.003	0.01	201.216	24.0533	177	225	
2.25	2.5	3	15	2	3	250	93243	250	93243	0.003	0	0.003	0.003	372.972	0.165304	372	373	
2.25	2.5	1	16	2	3	250	44250	250	44250	0.003	0	0.003	0.003	177	0	177	177	
2.25	2.5	1	17	1	3	250	93243	250	93243	0.003	0	0.003	0.003	372.972	0.165304	372	373	
2.25	2.5	1	18	5	3	250	113250	250	113250	0.003	0	0.003	0.003	453	0	453	453	
2.25	2.5	1	19	4	3	250	44250	250	44250	0.003	0	0.003	0.003	177	0	177	177	
2.25	2.5	1	20	3	3	250	29248	250	29248	0.003	0	0.003	0.003	116.992	0.0892629	116	117	
2.5	2.75	4	1	3	3	250	129250	250	129250	0.003	0	0.003	0.003	517	0	517	517	
2.5	2.75	4	2	5	3	196	34692	196	34692	0.00489286	0.00311716	0.003	0.01	177	0	177	177	
2.5	2.75	4	3	1	3	246	43542	246	43542	0.00311382	0.000887126	0.003	0.01	177	0	177	177	
2.5	2.75	4	4	4	3	126	22302	124	21948	0.00994355	0.000628619	0.003	0.01	177	0	177	177	
2.5	2.75	4	5	2	3	250	93243	250	93243	0.003	0	0.003	0.003	372.972	0.165304	372	373	
2.5	2.75	2	6	5	3	250	29247	250	29247	0.003	0	0.003	0.003	116.988	0.109104	116	117	
2.5	2.75	2	7	1	3	250	129250	250	129250	0.003	0	0.003	0.003	517	0	517	517	
2.5	2.75	2	8	3	3	250	56248	250	56248	0.003	0	0.003	0.003	224.992	0.0892629	224	225	
2.5	2.75	2	9	2	3	250	71250	250	71250	0.003	0	0.003	0.003	285	0	285	285	
2.5	2.75	2	10	4	3	250	39248	250	39248	0.003	0	0.003	0.003	156.992	0.0892629	156	157	
2.5	2.75	3	11	5	3	178	31506	176	31152	0.00582386	0.00344387	0.003	0.01	177	0	177	177	
2.5	2.75	3	12	4	3	246	91751	245	91378	0.00311428	0.000888912	0.003	0.01	372.971	0.16694	372	373	
2.5	2.75	3	13	1	3	250	44250	250	44250	0.003	0	0.003	0.003	177	0	177	177	
2.5	2.75	3	14	3	3	250	44250	250	44250	0.003	0	0.003	0.003	177	0	177	177	
2.5	2.75	3	15	2	3	250	93243	250	93243	0.003	0	0.003	0.003	372.972	0.165304	372	373	
2.5	2.75	1	16	2	3	250	44250	250	44250	0.003	0	0.003	0.003	177	0	177	177	
2.5	2.75	1	17	1	3	250	93243	250	93243	0.003	0	0.003	0.003	372.972	0.165304	372	373	
2.5	2.75	1	18	5	3	250	113250	250	113250	0.003	0	0.003	0.003	453	0	453	453	
2.5	2.75	1	19	4	3	249	44073	249	44073	0.00302811	0.000443607	0.003	0.01	177	0	177	177	
2.5	2.75	1	20	3	3	250	29247	250	29247	0.003	0	0.003	0.003	116.988	0.109104	116	117	
2.75	3	4	1	3	3	250	129250	250	129250	0.003	0	0.003	0.003	517	0	517	517	
2.75	3	4	2	5	3	193	34161	191	33807	0.00512565	0.00322734	0.003	0.01	177	0	177	177	
2.75	3	4	3	1	3	247	43719	247	43719	0.00308502	0.000768312	0.003	0.01	177	0	177	177	
2.75	3	4	4	4	3	126	22302	125	22125	0.01	0	0.01	0.01	177	0	177	177	
2.75	3	4	5	2	3	250	93243	250	93244	0.003	0	0.003	0.003	372.976	0.153356	372	373	
2.75	3	2	6	5	3	250	29248	250	29248	0.003	0	0.003	0.003	116.992	0.0892629	116	117	
2.75	3	2	7	1	3	250	129250	250	129250	0.003	0	0.003	0.003	517	0	517	517	
2.75	3	2	8	3	3	250	56249	250	56249	0.003	0	0.003	0.003	224.996	0.0632456	224	225	
2.75	3	2	9	2	3	250	71250	250	71250	0.003	0	0.003	0.003	285	0	285	285	
2.75	3	2	10	4	3	250	39247	250	39247	0.003	0	0.003	0.003	156.988	0.109104	156	157	
2.75	3	3	11	5	3	173	30621	175	30975	0.00612	0.00348929	0.003	0.01	177	0	177	177	
2.75	3	3	12	4	3	242	90259	243	90632	0.00323045	0.0012516	0.003	0.01	372.971	0.167608	372	373	
2.75	3	3	13	1	3	237	43917	236	43596	0.00338559	0.00160041	0.003	0.01	184.729	17.6797	177	225	
2.75	3	3	14	3	3	250	44250	250	44250	0.003	0	0.003	0.003	177	0	177	177	
2.75	3	3	15	2	3	250	93244	250	93244	0.003	0	0.003	0.003	372.976	0.153356	372	373	
2.75	3	1	16	2	3	249	44073	249	44073	0.00302811	0.000443607	0.003	0.01	177	0	177	177	
2.75	3	1	17	1	3	250	93243	250	93243	0.003	0	0.003	0.003	372.972	0.165304	372	373	
2.75	3	1	18	5	3	250	113250	250	113250	0.003	0	0.003	0.003	453	0	453	453	
2.75	3	1	19	4	3	248	43896	248	43896	0.00305645	0.000627345	0.003	0.01	177	0	177	177	
2.75	3	1	20	3	3	250	29248	250	29248	0.003	0	0.003	0.003	116.992	0.0892629	116	117	
3	3.25	4	1	3	3	250	138049	250	137889	0.003	0	0.003	0.003	551.556	39.7033	517	597	
3	3.25	4	2	5	3	194	34338	195	34515	0.00497436	0.0031581	0.003	0.01	177	0	177	177	
3	3.25	4	3	1	3	246	43542	246	43542	0.00311382	0.000887126	0.003	0.01	177	0	177	177	
3	3.25	4	4	4	3	126	22302	127	22479	0.00988976	0.000874945	0.003	0.01	177	0	177	177	
3	3.25	4	5	2	3	250	93244	250	93243	0.003	0	0.003	0.003	372.972	0.165304	372	373	
3	3.25	2	6	5	3	250	29248	250	29248	0.003	0	0.003	0.003	116.992	0.0892629	116	117	
3	3.25	2	7	1	3	250	129250	250	129250	0.003	0	0.003	0.003	517	0	517	517	
3	3.25	2	8	3	3	250	56248	250	56248	0.003	0	0.003	0.003	224.992	0.0892629	224	225	
3	3.25	2	9	2	3	250	71250	250	71250	0.003	0	0.003	0.003	285	0	285	285	
3	3.25	2	10	4	3	250	39248	250	39248	0.003	0	0.003	0.003	156.992	0.0892629	156	157	
3	3.25	3	11	5	3	171	30267	169	29913	0.00623077	0.0035	0.003	0.01	177	0	177	177	
3	3.25	3	12	4	3	235	87649	235	87649	0.00344681	0.0017148	0.003	0.01	372.974	0.158071	372	373	
3	3.25	3	13	1	3	237	43869	238	44190	0.00338235	0.00159404	0.003	0.01	185.672	18.5067	177	225	
3	3.25	3	14	3	3	250	44250	250	44250	0.003	0	0.003	0.003	177	0	177	177	
3	3.25	3	15	2	3	250	93243	250	93243	0.003	0	0.003	0.003	372.972	0.165304	372	373	
3	3.25	1	16	2	3	250	44250	250	44250	0.003	0	0.003	0.003	177	0	177	177	
3	3.25	1	17	1	3	250	93244	250	93244	0.003	0	0.003	0.003	372.976	0.153356	372	373	
3	3.25	1	18	5	3	250	113250	250	113250	0.003	0	0.003	0.003	453	0	453	453	
3	3.25	1	19	4	3	250	44250	250	44250	0.003	0	0.003	0.003	177	0	177	177	
3	3.25	1	20	3	3	250	29248	250	29248	0.003	0	0.003	0.003	116.992	0.0892629	116	117	
3.25	3.5	4	1	3	3	250	149249	250	149249	0.003	0	0.003	0.003	596.996	0.0632456	596	597	
3.25	3.5	4	2	5	3	192	33984	193	34161	0.0051399	0.00323331	0.003	0.01	177	0	177	177	
3.25	3.5	4	3	1	3	248	43896	248	43896	0.00305645	0.000627345	0.003	0.01	177	0	177	177	
3.25	3.5	4	4	4	3	124	21948	125	22125	0.01	0	0.01	0.01	177	0	177	177	
3.25	3.5	4	5	2	3	250	93243	250	93243	0.003	0	0.003	0.003	372.972	0.165304	372	373	
3.25	3.5	2	6	5	3	250	29247	250	29247	0.003	0	0.003	0.003	116.988	0.109104	116	117	
3.25	3.5	2	7	1	3	250	129250	250	129250	0.003	0	0.003	0.003	517	0	517	517	
3.25	3.5	2	8	3	3	250	56249	250	56249	0.003	0	0.003	0.003	224.996	0.0632456	224	225	
3.25	3.5	2	9	2	3	250	71250	250	71250	0.003	0	0.003	0.003	285	0	285	285	
3.25	3.5	2	10	4	3	250	39248	250	39248	0.003	0	0.003	0.003	156.992	0.0892629	156	157	
3.25	3.5	3	11	5	3	178	31506	181	32037	0.00578453	0.0034356	0.003	0.01	177	0	177	177	
3.25	3.5	3	12	4	3	232	86530	230	85784	0.00354783	0.00188417	0.003	0.01	372.974	0.159742	372	373	
3.25	3.5	3	13	1	3	250	44250	250	44250	0.003	0	0.003	0.003	177	0	177	177	
3.25	3.5	3	14	3	3	250	44250	250	44250	0.003	0	0.003	0.003	177	0	177	177	
3.25	3.5	3	15	2	3	250	93243	250	93243	0.003	0	0.003	0.003	372.972	0.165304	372	373	
3.25	3.5	1	16	2	3	250	44250	250	44250	0.003	0	0.003	0.003	177	0	177	177	
3.25	3.5	1	17	1	3	250	93243	250	93243	0.003	0	0.003	0.003	372.972	0.165304	372	373	
3.25	3.5	1	18	5	3	250	113250	250	113250	0.003	0	0.003	0.003	453	0	453	453	
3.25	3.5	1	19	4	3	248	43896	248	43896	0.00305645	0.000627345	0.003	0.01	177	0	177	177	
3.25	3.5	1	20	3	3	250	29247	250	29247	0.003	0	0.003	0.003	116.988	0.109104	116	117	
3.5	3.75	4	1	3	3	250	149249	250	149249	0.003	0	0.003	0.003	596.996	0.0632456	596	597	
3.5	3.75	4	2	5	3	208	36816	208	36816	0.00441346	0.00281683	0.003	0.01	177	0	177	177	
3.5	3.75	4	3	1	3	248	43896	248	43896	0.00305645	0.000627345	0.003	0.01	177	0	177	177	
3.5	3.75	4	4	4	3	125	22125	125	22125	0.01	0	0.01	0.01	177	0	177	177	
3.5	3.75	4	5	2	3	250	93243	250	93243	0.003	0	0.003	0.003	372.972	0.165304	372	373	
3.5	3.75	2	6	5	3	250	29248	250	29248	0.003	0	0.003	0.003	116.992	0.0892629	116	117	
3.5	3.75	2	7	1	3	250	129250	250	129250	0.003	0	0.003	0.003	517	0	517	517	
3.5	3.75	2	8	3	3	250	56248	250	56248	0.003	0	0.003	0.003	224.992	0.0892629	224	225	
3.5	3.75	2	9	2	3	250	71250	250	71250	0.003	0	0.003	0.003	285	0	285	285	
3.5	3.75	2	10	4	3	250	39247	250	39247	0.003	0	0.003	0.003	156.988	0.109104	156	157	
3.5	3.75	3	11	5	3	178	31506	176	31152	0.00586364	0.00345148	0.003	0.01	177	0	177	177	
3.5	3.75	3	12	4	3	209	77951	211	78697	0.00436019	0.00277628	0.003	0.01	372.972	0.16661	372	373	
3.5	3.75	3	13	1	3	250	44250	250	44250	0.003	0	0.003	0.003	177	0	177	177	
3.5	3.75	3	14	3	3	250	44250	250	44250	0.003	0	0.003	0.003	177	0	177	177	
3.5	3.75	3	15	2	3	250	93243	250	93243	0.003	0	0.003	0.003	372.972	0.165304	372	373	
3.5	3.75	1	16	2	3	250	44250	250	44250	0.003	0	0.003	0.003	177	0	177	177	
3.5	3.75	1	17	1	3	250	93243	250	93243	0.003	0	0.003	0.003	372.972	0.165304	372	373	
3.5	3.75	1	18	5	3	250	113250	250	113250	0.003	0	0.003	0.003	453	0	453	453	
3.5	3.75	1	19	4	3	249	44073	249	44073	0.00302811	0.000443607	0.003	0.01	177	0	177	177	
3.5	3.75	1	20	3	3	250	29248	250	29248	0.003	0	0.003	0.003	116.992	0.0892629	116	117	
3.75	4	4	1	3	3	250	149248	250	149248	0.003	0	0.003	0.003	596.992	0.0892629	596	597	
3.75	4	4	2	5	3	199	35223	200	35400	0.004785	0.00305868	0.003	0.01	177	0	177	177	
3.75	4	4	3	1	3	247	43719	247	43719	0.00308502	0.000768312	0.003	0.01	177	0	177	177	
3.75	4	4	4	4	3	125	22125	125	22125	0.01	0	0.01	0.01	177	0	177	177	
3.75	4	4	5	2	3	250	93243	250	93244	0.003	0	0.003	0.003	372.976	0.153356	372	373	
3.75	4	2	6	5	3	250	29247	250	29247	0.003	0	0.003	0.003	116.988	0.109104	116	117	
3.75	4	2	7	1	3	250	129250	250	129250	0.003	0	0.003	0.003	517	0	517	517	
3.75	4	2	8	3	3	250	56249	250	56249	0.003	0	0.003	0.003	224.996	0.0632456	224	225	
3.75	4	2	9	2	3	250	71250	250	71250	0.003	0	0.003	0.003	285	0	285	285	
3.75	4	2	10	4	3	250	39248	250	39248	0.003	0	0.003	0.003	156.992	0.0892629	156	157	
3.75	4	3	11	5	3	167	29559	167	29559	0.00652096	0.00351046	0.003	0.01	177	0	177	177	
3.75	4	3	12	4	3	199	74222	199	74222	0.00479397	0.00306376	0.003	0.01	372.975	0.156901	372	373	
3.75	4	3	13	1	3	250	44250	250	44250	0.003	0	0.003	0.003	177	0	177	177	
3.75	4	3	14	3	3	250	44250	250	44250	0.003	0	0.003	0.003	177	0	177	177	
3.75	4	3	15	2	3	250	93244	250	93244	0.003	0	0.003	0.003	372.976	0.153356	372	373	
3.75	4	1	16	2	3	250	44250	250	44250	0.003	0	0.003	0.003	177	0	177	177	
3.75	4	1	17	1	3	250	93243	250	93243	0.003	0	0.003	0.003	372.972	0.165304	372	373	
3.75	4	1	18	5	3	250	113250	250	113250	0.003	0	0.003	0.003	453	0	453	453	
3.75	4	1	19	4	3	249	44073	249	44073	0.00302811	0.000443607	0.003	0.01	177	0	177	177	
3.75	4	1	20	3	3	250	29247	250	29247	0.003	0	0.003	0.003	116.988	0.109104	116	117	
4	4.25	4	1	3	3	250	149249	250	149249	0.003	0	0.003	0.003	596.996	0.0632456	596	597	
4	4.25	4	2	5	3	202	35754	202	35754	0.00466337	0.00298679	0.003	0.01	177	0	177	177	
4	4.25	4	3	1	3	250	44250	250	44250	0.003	0	0.003	0.003	177	0	177	177	
4	4.25	4	4	4	3	149	25353	151	25747	0.00772848	0.00328823	0.003	0.01	170.51	9.39494	157	177	
4	4.25	4	5	2	3	250	93244	250	93243	0.003	0	0.003	0.003	372.972	0.165304	372	373	
4	4.25	2	6	5	3	250	29248	250	29248	0.003	0	0.003	0.003	116.992	0.0892629	116	117	
4	4.25	2	7	1	3	250	129250	250	129250	0.003	0	0.003	0.003	517	0	517	517	
4	4.25	2	8	3	3	250	56248	250	56248	0.003	0	0.003	0.003	224.992	0.0892629	224	225	
4	4.25	2	9	2	3	250	71250	250	71250	0.003	0	0.003	0.003	285	0	285	285	
4	4.25	2	10	4	3	250	39248	250	39248	0.003	0	0.003	0.003	156.992	0.0892629	156	157	
4	4.25	3	11	5	3	167	29559	166	29382	0.0065	0.00351059	0.003	0.01	177	0	177	177	
4	4.25	3	12	4	3	246	84331	246	84395	0.00311382	0.000887126	0.003	0.01	343.069	7.89519	339	373	
4	4.25	3	13	1	3	250	44250	250	44250	0.003	0	0.003	0.003	177	0	177	177	
4	4.25	3	14	3	3	250	44250	250	44250	0.003	0	0.003	0.003	177	0	177	177	
4	4.25	3	15	2	3	250	93243	250	93243	0.003	0	0.003	0.003	372.972	0.165304	372	373	
4	4.25	1	16	2	3	250	44250	250	44250	0.003	0	0.003	0.003	177	0	177	177	
4	4.25	1	17	1	3	250	93244	250	93244	0.003	0	0.003	0.003	372.976	0.153356	372	373	
4	4.25	1	18	5	3	250	113250	250	113250	0.003	0	0.003	0.003	453	0	453	453	
4	4.25	1	19	4	3	247	43719	247	43719	0.00308502	0.000768312	0.003	0.01	177	0	177	177	
4	4.25	1	20	3	3	250	29248	250	29248	0.003	0	0.003	0.003	116.992	0.0892629	116	117	
4.25	4.5	4	1	3	3	250	149249	250	149249	0.003	0	0.003	0.003	596.996	0.0632456	596	597	
4.25	4.5	4	2	5	3	197	34869	196	34692	0.00485714	0.00309839	0.003	0.01	177	0	177	177	
4.25	4.5	4	3	1	3	250	44250	250	44250	0.003	0	0.003	0.003	177	0	177	177	
4.25	4.5	4	4	4	3	250	39248	250	39248	0.003	0	0.003	0.003	156.992	0.0892629	156	157	
4.25	4.5	4	5	2	3	250	93243	250	93243	0.003	0	0.003	0.003	372.972	0.165304	372	373	
4.25	4.5	2	6	5	3	250	29247	250	29247	0.003	0	0.003	0.003	116.988	0.109104	116	117	
4.25	4.5	2	7	1	3	250	129250	250	129250	0.003	0	0.003	0.003	517	0	517	517	
4.25	4.5	2	8	3	3	250	56249	250	56249	0.003	0	0.003	0.003	224.996	0.0632456	224	225	
4.25	4.5	2	9	2	3	250	71250	250	71250	0.003	0	0.003	0.003	285	0	285	285	
4.25	4.5	2	10	4	3	250	39247	250	39247	0.003	0	0.003	0.003	156.988	0.109104	156	157	
4.25	4.5	3	11	5	3	164	29028	166	29382	0.00662651	0.0035083	0.003	0.01	177	0	177	177	
4.25	4.5	3	12	4	3	250	85250	250	85250	0.003	0	0.003	0.003	341	0	341	341	
4.25	4.5	3	13	1	3	250	44250	250	44250	0.003	0	0.003	0.003	177	0	177	177	
4.25	4.5	3	14	3	3	250	44250	250	44250	0.003	0	0.003	0.003	177	0	177	177	
4.25	4.5	3	15	2	3	250	93243	250	93243	0.003	0	0.003	0.003	372.972	0.165304	372	373	
4.25	4.5	1	16	2	3	250	44250	250	44250	0.003	0	0.003	0.003	177	0	177	177	
4.25	4.5	1	17	1	3	250	93243	250	93243	0.003	0	0.003	0.003	372.972	0.165304	372	373	
4.25	4.5	1	18	5	3	250	113250	250	113250	0.003	0	0.003	0.003	453	0	453	453	
4.25	4.5	1	19	4	3	248	43896	248	43896	0.00305645	0.000627345	0.003	0.01	177	0	177	177	
4.25	4.5	1	20	3	3	250	29247	250	29247	0.003	0	0.003	0.003	116.988	0.109104	116	117	
4.5	4.75	4	1	3	3	250	149249	250	149249	0.003	0	0.003	0.003	596.996	0.0632456	596	597	
4.5	4.75	4	2	5	3	189	33453	190	33630	0.00524737	0.0032768	0.003	0.01	177	0	177	177	
4.5	4.75	4	3	1	3	250	44250	250	44250	0.003	0	0.003	0.003	177	0	177	177	
4.5	4.75	4	4	4	3	250	39247	250	39247	0.003	0	0.003	0.003	156.988	0.109104	156	157	
4.5	4.75	4	5	2	3	250	93243	250	93243	0.003	0	0.003	0.003	372.972	0.165304	372	373	
4.5	4.75	2	6	5	3	250	29248	250	29248	0.003	0	0.003	0.003	116.992	0.0892629	116	117	
4.5	4.75	2	7	1	3	250	129250	250	129250	0.003	0	0.003	0.003	517	0	517	517	
4.5	4.75	2	8	3	3	250	56248	250	56248	0.003	0	0.003	0.003	224.992	0.0892629	224	225	
4.5	4.75	2	9	2	3	250	71250	250	71250	0.003	0	0.003	0.003	285	0	285	285	
4.5	4.75	2	10	4	3	250	39248	250	39248	0.003	0	0.003	0.003	156.992	0.0892629	156	157	
4.5	4.75	3	11	5	3	160	28320	161	28497	0.00686956	0.00349129	0.003	0.01	177	0	177	177	
4.5	4.75	3	12	4	3	250	85248	250	85248	0.003	0	0.003	0.003	340.992	0.126491	339	341	
4.5	4.75	3	13	1	3	250	44250	250	44250	0.003	0	0.003	0.003	177	0	177	177	
4.5	4.75	3	14	3	3	250	44250	250	44250	0.003	0	0.003	0.003	177	0	177	177	
4.5	4.75	3	15	2	3	250	93243	250	93243	0.003	0	0.003	0.003	372.972	0.165304	372	373	
4.5	4.75	1	16	2	3	250	44250	250	44250	0.003	0	0.003	0.003	177	0	177	177	
4.5	4.75	1	17	1	3	250	93243	250	93243	0.003	0	0.003	0.003	372.972	0.165304	372	373	
4.5	4.75	1	18	5	3	250	113250	250	113250	0.003	0	0.003	0.003	453	0	453	453	
4.5	4.75	1	19	4	3	250	44250	250	44250	0.003	0	0.003	0.003	177	0	177	177	
4.5	4.75	1	20	3	3	250	29248	250	29248	0.003	0	0.003	0.003	116.992	0.0892629	116	117	
4.75	5	4	1	3	3	250	149248	250	149248	0.003	0	0.003	0.003	596.992	0.0892629	596	597	
4.75	5	4	2	5	3	178	31506	176	31152	0.00582386	0.00344387	0.003	0.01	177	0	177	177	
4.75	5	4	3	1	3	249	44073	249	44073	0.00302811	0.000443607	0.003	0.01	177	0	177	177	
4.75	5	4	4	4	3	250	39248	250	39248	0.003	0	0.003	0.003	156.992	0.0892629	156	157	
4.75	5	4	5	2	3	250	93243	250	93243	0.003	0	0.003	0.003	372.972	0.165304	372	373	
4.75	5	2	6	5	3	250	29247	250	29247	0.003	0	0.003	0.003	116.988	0.109104	116	117	
4.75	5	2	7	1	3	250	129250	250	129250	0.003	0	0.003	0.003	517	0	517	517	
4.75	5	2	8	3	3	250	56248	250	56249	0.003	0	0.003	0.003	224.996	0.0632456	224	225	
4.75	5	2	9	2	3	250	71250	250	71250	0.003	0	0.003	0.003	285	0	285	285	
4.75	5	2	10	4	3	250	39248	250	39248	0.003	0	0.003	0.003	156.992	0.0892629	156	157	
4.75	5	3	11	5	3	165	29205	163	28851	0.00665031	0.00350755	0.003	0.01	177	0	177	177	
4.75	5	3	12	4	3	250	85248	250	85248	0.003	0	0.003	0.003	340.992	0.126491	339	341	
4.75	5	3	13	1	3	250	44250	250	44250	0.003	0	0.003	0.003	177	0	177	177	
4.75	5	3	14	3	3	250	44250	250	44250	0.003	0	0.003	0.003	177	0	177	177	
4.75	5	3	15	2	3	250	93243	250	93244	0.003	0	0.003	0.003	372.976	0.153356	372	373	
4.75	5	1	16	2	3	250	44250	250	44250	0.003	0	0.003	0.003	177	0	177	177	
4.75	5	1	17	1	3	250	93243	250	93243	0.003	0	0.003	0.003	372.972	0.165304	372	373	
4.75	5	1	18	5	3	250	113250	250	113250	0.003	0	0.003	0.003	453	0	453	453	
4.75	5	1	19	4	3	248	43896	247	43719	0.00305668	0.000628608	0.003	0.01	177	0	177	177	
4.75	5	1	20	3	3	249	29130	249	29130	0.00302811	0.000443607	0.003	0.01	116.988	0.109321	116	117	
5	5.25	4	1	3	3	250	149249	250	149249	0.003	0	0.003	0.003	596.996	0.0632456	596	597	
5	5.25	4	2	5	3	180	31860	180	31860	0.00576111	0.00343066	0.003	0.01	177	0	177	177	
5	5.25	4	3	1	3	250	44250	250	44250	0.003	0	0.003	0.003	177	0	177	177	
5	5.25	4	4	4	3	250	39248	250	39248	0.003	0	0.003	0.003	156.992	0.0892629	156	157	
5	5.25	4	5	2	3	250	93244	250	93244	0.003	0	0.003	0.003	372.976	0.153356	372	373	
5	5.25	2	6	5	3	250	29248	250	29248	0.003	0	0.003	0.003	116.992	0.0892629	116	117	
5	5.25	2	7	1	3	250	129250	250	129250	0.003	0	0.003	0.003	517	0	517	517	
5	5.25	2	8	3	3	250	56249	250	56248	0.003	0	0.003	0.003	224.992	0.0892629	224	225	
5	5.25	2	9	2	3	250	71250	250	71250	0.003	0	0.003	0.003	285	0	285	285	
5	5.25	2	10	4	3	250	39248	250	39248	0.003	0	0.003	0.003	156.992	0.0892629	156	157	
5	5.25	3	11	5	3	160	28320	159	28143	0.00700629	0.00347413	0.003	0.01	177	0	177	177	
5	5.25	3	12	4	3	250	85250	250	85250	0.003	0	0.003	0.003	341	0	341	341	
5	5.25	3	13	1	3	250	44250	250	44250	0.003	0	0.003	0.003	177	0	177	177	
5	5.25	3	14	3	3	250	44250	250	44250	0.003	0	0.003	0.003	177	0	177	177	
5	5.25	3	15	2	3	250	93244	250	93243	0.003	0	0.003	0.003	372.972	0.165304	372	373	
5	5.25	1	16	2	3	250	44250	250	44250	0.003	0	0.003	0.003	177	0	177	177	
5	5.25	1	17	1	3	250	93244	250	93244	0.003	0	0.003	0.003	372.976	0.153356	372	373	
5	5.25	1	18	5	3	250	113250	250	113250	0.003	0	0.003	0.003	453	0	453	453	
5	5.25	1	19	4	3	248	43896	249	44073	0.00305622	0.000626089	0.003	0.01	177	0	177	177	
5	5.25	1	20	3	3	250	29248	250	29248	0.003	0	0.003	0.003	116.992	0.0892629	116	117	
5.25	5.5	4	1	3	3	250	149249	250	149249	0.003	0	0.003	0.003	596.996	0.0632456	596	597	
5.25	5.5	4	2	5	3	172	30444	172	30444	0.00617442	0.003495	0.003	0.01	177	0	177	177	
5.25	5.5	4	3	1	3	250	44250	250	44250	0.003	0	0.003	0.003	177	0	177	177	
5.25	5.5	4	4	4	3	250	39248	250	39248	0.003	0	0.003	0.003	156.992	0.0892629	156	157	
5.25	5.5	4	5	2	3	250	93243	250	93243	0.003	0	0.003	0.003	372.972	0.165304	372	373	
5.25	5.5	2	6	5	3	250	29247	250	29247	0.003	0	0.003	0.003	116.988	0.109104	116	117	
5.25	5.5	2	7	1	3	250	129250	250	129250	0.003	0	0.003	0.003	517	0	517	517	
5.25	5.5	2	8	3	3	250	56248	250	56248	0.003	0	0.003	0.003	224.992	0.0892629	224	225	
5.25	5.5	2	9	2	3	250	71250	250	71250	0.003	0	0.003	0.003	285	0	285	285	
5.25	5.5	2	10	4	3	250	39247	250	39247	0.003	0	0.003	0.003	156.988	0.109104	156	157	
5.25	5.5	3	11	5	3	158	27966	158	27966	0.00703164	0.00347039	0.003	0.01	177	0	177	177	
5.25	5.5	3	12	4	3	250	85248	250	85248	0.003	0	0.003	0.003	340.992	0.126491	339	341	
5.25	5.5	3	13	1	3	250	44250	250	44250	0.003	0	0.003	0.003	177	0	177	177	
5.25	5.5	3	14	3	3	250	44250	250	44250	0.003	0	0.003	0.003	177	0	177	177	
5.25	5.5	3	15	2	3	250	93243	250	93243	0.003	0	0.003	0.003	372.972	0.165304	372	373	
5.25	5.5	1	16	2	3	250	44250	250	44250	0.003	0	0.003	0.003	177	0	177	177	
5.25	5.5	1	17	1	3	250	93243	250	93243	0.003	0	0.003	0.003	372.972	0.165304	372	373	
5.25	5.5	1	18	5	3	250	113250	250	113250	0.003	0	0.003	0.003	453	0	453	453	
5.25	5.5	1	19	4	3	250	44250	250	44250	0.003	0	0.003	0.003	177	0	177	177	
5.25	5.5	1	20	3	3	250	29247	250	29247	0.003	0	0.003	0.003	116.988	0.109104	116	117	
5.5	5.75	4	1	3	3	250	149249	250	149249	0.003	0	0.003	0.003	596.996	0.0632456	596	597	
5.5	5.75	4	2	5	3	162	28674	163	28851	0.00677914	0.0034996	0.003	0.01	177	0	177	177	
5.5	5.75	4	3	1	3	249	44073	249	44073	0.00302811	0.000443607	0.003	0.01	177	0	177	177	
5.5	5.75	4	4	4	3	250	39247	250	39247	0.003	0	0.003	0.003	156.988	0.109104	156	157	
5.5	5.75	4	5	2	3	250	93243	250	93243	0.003	0	0.003	0.003	372.972	0.165304	372	373	
5.5	5.75	2	6	5	3	250	29248	250	29248	0.003	0	0.003	0.003	116.992	0.0892629	116	117	
5.5	5.75	2	7	1	3	250	129250	250	129250	0.003	0	0.003	0.003	517	0	517	517	
5.5	5.75	2	8	3	3	250	56249	250	56249	0.003	0	0.003	0.003	224.996	0.0632456	224	225	
5.5	5.75	2	9	2	3	250	71250	250	71250	0.003	0	0.003	0.003	285	0	285	285	
5.5	5.75	2	10	4	3	250	39248	250	39248	0.003	0	0.003	0.003	156.992	0.0892629	156	157	
5.5	5.75	3	11	5	3	160	28320	161	28497	0.00691304	0.00348639	0.003	0.01	177	0	177	177	
5.5	5.75	3	12	4	3	250	85248	250	85248	0.003	0	0.003	0.003	340.992	0.126491	339	341	
5.5	5.75	3	13	1	3	250	44250	250	44250	0.003	0	0.003	0.003	177	0	177	177	
5.5	5.75	3	14	3	3	250	44250	250	44250	0.003	0	0.003	0.003	177	0	177	177	
5.5	5.75	3	15	2	3	250	93243	250	93243	0.003	0	0.003	0.003	372.972	0.165304	372	373	
5.5	5.75	1	16	2	3	250	44250	250	44250	0.003	0	0.003	0.003	177	0	177	177	
5.5	5.75	1	17	1	3	250	93243	250	93243	0.003	0	0.003	0.003	372.972	0.165304	372	373	
5.5	5.75	1	18	5	3	250	113250	250	113250	0.003	0	0.003	0.003	453	0	453	453	
5.5	5.75	1	19	4	3	248	43896	248	43896	0.00305645	0.000627345	0.003	0.01	177	0	177	177	
5.5	5.75	1	20	3	3	250	29248	250	29248	0.003	0	0.003	0.003	116.992	0.0892629	116	117	
5.75	6	4	1	3	3	250	149248	250	149248	0.003	0	0.003	0.003	596.992	0.0892629	596	597	
5.75	6	4	2	5	3	157	27789	155	27435	0.00724516	0.00343084	0.003	0.01	177	0	177	177	
5.75	6	4	3	1	3	250	44250	250	44250	0.003	0	0.003	0.003	177	0	177	177	
5.75	6	4	4	4	3	250	39248	250	39248	0.003	0	0.003	0.003	156.992	0.0892629	156	157	
5.75	6	4	5	2	3	250	93243	250	93243	0.003	0	0.003	0.003	372.972	0.165304	372	373	
5.75	6	2	6	5	3	250	29247	250	29247	0.003	0	0.003	0.003	116.988	0.109104	116	117	
5.75	6	2	7	1	3	250	129250	250	129250	0.003	0	0.003	0.003	517	0	517	517	
5.75	6	2	8	3	3	250	56248	250	56248	0.003	0	0.003	0.003	224.992	0.0892629	224	225	
5.75	6	2	9	2	3	250	71250	250	71250	0.003	0	0.003	0.003	285	0	285	285	
5.75	6	2	10	4	3	250	39248	250	39248	0.003	0	0.003	0.003	156.992	0.0892629	156	157	
5.75	6	3	11	5	3	166	29382	166	29382	0.00658434	0.00350957	0.003	0.01	177	0	177	177	
5.75	6	3	12	4	3	250	85248	250	85250	0.003	0	0.003	0.003	341	0	341	341	
5.75	6	3	13	1	3	250	44250	250	44250	0.003	0	0.003	0.003	177	0	177	177	
5.75	6	3	14	3	3	250	44250	250	44250	0.003	0	0.003	0.003	177	0	177	177	
5.75	6	3	15	2	3	250	93243	250	93244	0.003	0	0.003	0.003	372.976	0.153356	372	373	
5.75	6	1	16	2	3	250	44250	250	44250	0.003	0	0.003	0.003	177	0	177	177	
5.75	6	1	17	1	3	250	93243	250	93243	0.003	0	0.003	0.003	372.972	0.165304	372	373	
5.75	6	1	18	5	3	249	112797	249	112797	0.00302811	0.000443607	0.003	0.01	453	0	453	453	
5.75	6	1	19	4	3	250	44250	250	44250	0.003	0	0.003	0.003	177	0	177	177	
5.75	6	1	20	3	3	250	29247	250	29247	0.003	0	0.003	0.003	116.988	0.109104	116	117	
6	6.25	4	1	3	3	250	149249	250	149249	0.003	0	0.003	0.003	596.996	0.0632456	596	597	
6	6.25	4	2	5	3	154	27258	156	27612	0.00726282	0.00342686	0.003	0.01	177	0	177	177	
6	6.25	4	3	1	3	249	44073	249	44073	0.00302811	0.000443607	0.003	0.01	177	0	177	177	
6	6.25	4	4	4	3	250	39248	250	39248	0.003	0	0.003	0.003	156.992	0.0892629	156	157	
6	6.25	4	5	2	3	250	93244	250	93244	0.003	0	0.003	0.003	372.976	0.153356	372	373	
6	6.25	2	6	5	3	250	29248	250	29248	0.003	0	0.003	0.003	116.992	0.0892629	116	117	
6	6.25	2	7	1	3	250	129250	250	129250	0.003	0	0.003	0.003	517	0	517	517	
6	6.25	2	8	3	3	250	56249	250	56249	0.003	0	0.003	0.003	224.996	0.0632456	224	225	
6	6.25	2	9	2	3	250	71250	250	71250	0.003	0	0.003	0.003	285	0	285	285	
6	6.25	2	10	4	3	250	39247	250	39247	0.003	0	0.003	0.003	156.988	0.109104	156	157	
6	6.25	3	11	5	3	165	29205	166	29382	0.0065	0.00351059	0.003	0.01	177	0	177	177	
6	6.25	3	12	4	3	250	85250	250	85248	0.003	0	0.003	0.003	340.992	0.126491	339	341	
6	6.25	3	13	1	3	250	44250	250	44250	0.003	0	0.003	0.003	177	0	177	177	
6	6.25	3	14	3	3	250	44250	250	44250	0.003	0	0.003	0.003	177	0	177	177	
6	6.25	3	15	2	3	250	93244	250	93243	0.003	0	0.003	0.003	372.972	0.165304	372	373	
6	6.25	1	16	2	3	250	44250	250	44250	0.003	0	0.003	0.003	177	0	177	177	
6	6.25	1	17	1	3	250	93244	250	93244	0.003	0	0.003	0.003	372.976	0.153356	372	373	
6	6.25	1	18	5	3	250	113250	250	113250	0.003	0	0.003	0.003	453	0	453	453	
6	6.25	1	19	4	3	249	44073	249	44073	0.00302811	0.000443607	0.003	0.01	177	0	177	177	
6	6.25	1	20	3	3	250	29248	250	29248	0.003	0	0.003	0.003	116.992	0.0892629	116	117	
6.25	6.5	4	1	3	3	250	149249	250	149249	0.003	0	0.003	0.003	596.996	0.0632456	596	597	
6.25	6.5	4	2	5	3	165	29205	164	29028	0.00667073	0.00350654	0.003	0.01	177	0	177	177	
6.25	6.5	4	3	1	3	250	44250	250	44250	0.003	0	0.003	0.003	177	0	177	177	
6.25	6.5	4	4	4	3	250	39247	250	39247	0.003	0	0.003	0.003	156.988	0.109104	156	157	
6.25	6.5	4	5	2	3	250	93243	250	93243	0.003	0	0.003	0.003	372.972	0.165304	372	373	
6.25	6.5	2	6	5	3	250	29247	250	29247	0.003	0	0.003	0.003	116.988	0.109104	116	117	
6.25	6.5	2	7	1	3	250	129250	250	129250	0.003	0	0.003	0.003	517	0	517	517	
6.25	6.5	2	8	3	3	250	56248	250	56248	0.003	0	0.003	0.003	224.992	0.0892629	224	225	
6.25	6.5	2	9	2	3	250	71250	250	71250	0.003	0	0.003	0.003	285	0	285	285	
6.25	6.5	2	10	4	3	250	39248	250	39248	0.003	0	0.003	0.003	156.992	0.0892629	156	157	
6.25	6.5	3	11	5	3	166	29382	167	29559	0.00656287	0.00350996	0.003	0.01	177	0	177	177	
6.25	6.5	3	12	4	3	250	85248	250	85248	0.003	0	0.003	0.003	340.992	0.126491	339	341	
6.25	6.5	3	13	1	3	250	44250	250	44250	0.003	0	0.003	0.003	177	0	177	177	
6.25	6.5	3	14	3	3	250	44250	250	44250	0.003	0	0.003	0.003	177	0	177	177	
6.25	6.5	3	15	2	3	250	93243	250	93243	0.003	0	0.003	0.003	372.972	0.165304	372	373	
6.25	6.5	1	16	2	3	250	44250	250	44250	0.003	0	0.003	0.003	177	0	177	177	
6.25	6.5	1	17	1	3	250	93243	250	93243	0.003	0	0.003	0.003	372.972	0.165304	372	373	
6.25	6.5	1	18	5	3	250	113250	250	113250	0.003	0	0.003	0.003	453	0	453	453	
6.25	6.5	1	19	4	3	250	44250	250	44250	0.003	0	0.003	0.003	177	0	177	177	
6.25	6.5	1	20	3	3	250	29247	250	29247	0.003	0	0.003	0.003	116.988	0.109104	116	117	
6.5	6.75	4	1	3	3	250	149249	250	149249	0.003	0	0.003	0.003	596.996	0.0632456	596	597	
6.5	6.75	4	2	5	3	174	30798	175	30975	0.00604	0.0034796	0.003	0.01	177	0	177	177	
6.5	6.75	4	3	1	3	250	44250	250	44250	0.003	0	0.003	0.003	177	0	177	177	
6.5	6.75	4	4	4	3	214	34437	209	33512	0.00417225	0.00262	0.003	0.01	160.344	7.48819	156	177	
6.5	6.75	4	5	2	3	250	93243	250	93243	0.003	0	0.003	0.003	372.972	0.165304	372	373	
6.5	6.75	2	6	5	3	250	29248	250	29248	0.003	0	0.003	0.003	116.992	0.0892629	116	117	
6.5	6.75	2	7	1	3	250	129250	250	129250	0.003	0	0.003	0.003	517	0	517	517	
6.5	6.75	2	8	3	3	250	56249	250	56249	0.003	0	0.003	0.003	224.996	0.0632456	224	225	
6.5	6.75	2	9	2	3	250	71250	250	71250	0.003	0	0.003	0.003	285	0	285	285	
6.5	6.75	2	10	4	3	250	39248	250	39248	0.003	0	0.003	0.003	156.992	0.0892629	156	157	
6.5	6.75	3	11	5	3	172	30444	169	29913	0.00627219	0.00350296	0.003	0.01	177	0	177	177	
6.5	6.75	3	12	4	3	250	85248	250	85248	0.003	0	0.003	0.003	340.992	0.126491	339	341	
6.5	6.75	3	13	1	3	250	44250	250	44250	0.003	0	0.003	0.003	177	0	177	177	
6.5	6.75	3	14	3	3	250	44250	250	44250	0.003	0	0.003	0.003	177	0	177	177	
6.5	6.75	3	15	2	3	250	93243	250	93243	0.003	0	0.003	0.003	372.972	0.165304	372	373	
6.5	6.75	1	16	2	3	250	44250	250	44250	0.003	0	0.003	0.003	177	0	177	177	
6.5	6.75	1	17	1	3	250	93243	250	93243	0.003	0	0.003	0.003	372.972	0.165304	372	373	
6.5	6.75	1	18	5	3	250	113250	250	113250	0.003	0	0.003	0.003	453	0	453	453	
6.5	6.75	1	19	4	3	248	43896	248	43896	0.00305645	0.000627345	0.003	0.01	177	0	177	177	
6.5	6.75	1	20	3	3	250	29248	250	29248	0.003	0	0.003	0.003	116.992	0.0892629	116	117	
6.75	7	4	1	3	3	250	149248	250	149248	0.003	0	0.003	0.003	596.992	0.0892629	596	597	
6.75	7	4	2	5	3	181	32037	179	31683	0.00565922	0.00340704	0.003	0.01	177	0	177	177	
6.75	7	4	3	1	3	250	44250	250	44250	0.003	0	0.003	0.003	177	0	177	177	
6.75	7	4	4	4	3	126	22302	128	22656	0.00978125	0.00122273	0.003	0.01	177	0	177	177	
6.75	7	4	5	2	3	249	92870	249	92870	0.00302811	0.000443607	0.003	0.01	372.972	0.165627	372	373	
6.75	7	2	6	5	3	250	29247	250	29247	0.003	0	0.003	0.003	116.988	0.109104	116	117	
6.75	7	2	7	1	3	250	129250	250	129250	0.003	0	0.003	0.003	517	0	517	517	
6.75	7	2	8	3	3	250	56248	250	56248	0.003	0	0.003	0.003	224.992	0.0892629	224	225	
6.75	7	2	9	2	3	250	71250	250	71250	0.003	0	0.003	0.003	285	0	285	285	
6.75	7	2	10	4	3	250	39248	250	39248	0.003	0	0.003	0.003	156.992	0.0892629	156	157	
6.75	7	3	11	5	3	177	31329	178	31506	0.00583146	0.00344525	0.003	0.01	177	0	177	177	
6.75	7	3	12	4	3	250	85250	250	85250	0.003	0	0.003	0.003	341	0	341	341	
6.75	7	3	13	1	3	250	44250	250	44250	0.003	0	0.003	0.003	177	0	177	177	
6.75	7	3	14	3	3	250	44250	250	44250	0.003	0	0.003	0.003	177	0	177	177	
6.75	7	3	15	2	3	250	93243	250	93243	0.003	0	0.003	0.003	372.972	0.165304	372	373	
6.75	7	1	16	2	3	250	44250	250	44250	0.003	0	0.003	0.003	177	0	177	177	
6.75	7	1	17	1	3	250	93243	250	93243	0.003	0	0.003	0.003	372.972	0.165304	372	373	
6.75	7	1	18	5	3	250	113250	250	113250	0.003	0	0.003	0.003	453	0	453	453	
6.75	7	1	19	4	3	249	44073	248	43896	0.00302822	0.0004445	0.003	0.01	177	0	177	177	
6.75	7	1	20	3	3	250	29247	250	29247	0.003	0	0.003	0.003	116.988	0.109104	116	117	
7	7.25	4	1	3	3	250	149249	250	149249	0.003	0	0.003	0.003	596.996	0.0632456	596	597	
7	7.25	4	2	5	3	182	32214	184	32568	0.005625	0.00339811	0.003	0.01	177	0	177	177	
7	7.25	4	3	1	3	249	44073	249	44073	0.00302811	0.000443607	0.003	0.01	177	0	177	177	
7	7.25	4	4	4	3	125	22125	126	22302	0.00994444	0.00062361	0.003	0.01	177	0	177	177	
7	7.25	4	5	2	3	250	93244	250	93244	0.003	0	0.003	0.003	372.976	0.153356	372	373	
7	7.25	2	6	5	3	250	29248	250	29248	0.003	0	0.003	0.003	116.992	0.0892629	116	117	
7	7.25	2	7	1	3	250	129250	250	129250	0.003	0	0.003	0.003	517	0	517	517	
7	7.25	2	8	3	3	250	56249	250	56249	0.003	0	0.003	0.003	224.996	0.0632456	224	225	
7	7.25	2	9	2	3	250	71250	250	71250	0.003	0	0.003	0.003	285	0	285	285	
7	7.25	2	10	4	3	250	39247	250	39247	0.003	0	0.003	0.003	156.988	0.109104	156	157	
7	7.25	3	11	5	3	177	31329	178	31506	0.00591011	0.00345966	0.003	0.01	177	0	177	177	
7	7.25	3	12	4	3	250	85248	250	85248	0.003	0	0.003	0.003	340.992	0.126491	339	341	
7	7.25	3	13	1	3	250	44250	250	44250	0.003	0	0.003	0.003	177	0	177	177	
7	7.25	3	14	3	3	250	44250	250	44250	0.003	0	0.003	0.003	177	0	177	177	
7	7.25	3	15	2	3	250	93244	250	93244	0.003	0	0.003	0.003	372.976	0.153356	372	373	
7	7.25	1	16	2	3	250	44250	250	44250	0.003	0	0.003	0.003	177	0	177	177	
7	7.25	1	17	1	3	250	93244	250	93244	0.003	0	0.003	0.003	372.976	0.153356	372	373	
7	7.25	1	18	5	3	249	112797	249	112797	0.00302811	0.000443607	0.003	0.01	453	0	453	453	
7	7.25	1	19	4	3	247	43719	248	43896	0.00308468	0.000766774	0.003	0.01	177	0	177	177	
7	7.25	1	20	3	3	250	29248	250	29248	0.003	0	0.003	0.003	116.992	0.0892629	116	117	
7.25	7.5	4	1	3	3	250	149249	250	149249	0.003	0	0.003	0.003	596.996	0.0632456	596	597	
7.25	7.5	4	2	5	3	196	34692	197	34869	0.00488325	0.00311212	0.003	0.01	177	0	177	177	
7.25	7.5	4	3	1	3	250	44250	250	44250	0.003	0	0.003	0.003	177	0	177	177	
7.25	7.5	4	4	4	3	125	22125	126	22302	0.00994444	0.00062361	0.003	0.01	177	0	177	177	
7.25	7.5	4	5	2	3	250	93243	250	93243	0.003	0	0.003	0.003	372.972	0.165304	372	373	
7.25	7.5	2	6	5	3	250	29247	250	29247	0.003	0	0.003	0.003	116.988	0.109104	116	117	
7.25	7.5	2	7	1	3	250	122721	250	122849	0.003	0	0.003	0.003	491.396	31.4213	452	517	
7.25	7.5	2	8	3	3	250	56248	250	56248	0.003	0	0.003	0.003	224.992	0.0892629	224	225	
7.25	7.5	2	9	2	3	250	71250	250	71250	0.003	0	0.003	0.003	285	0	285	285	
7.25	7.5	2	10	4	3	250	39248	250	39248	0.003	0	0.003	0.003	156.992	0.0892629	156	157	
7.25	7.5	3	11	5	3	175	30975	174	30798	0.00597701	0.00347069	0.003	0.01	177	0	177	177	
7.25	7.5	3	12	4	3	250	85248	250	85248	0.003	0	0.003	0.003	340.992	0.126491	339	341	
7.25	7.5	3	13	1	3	250	44250	250	44250	0.003	0	0.003	0.003	177	0	177	177	
7.25	7.5	3	14	3	3	250	44250	250	44250	0.003	0	0.003	0.003	177	0	177	177	
7.25	7.5	3	15	2	3	250	93243	250	93243	0.003	0	0.003	0.003	372.972	0.165304	372	373	
7.25	7.5	1	16	2	3	250	44250	250	44250	0.003	0	0.003	0.003	177	0	177	177	
7.25	7.5	1	17	1	3	250	93243	250	93243	0.003	0	0.003	0.003	372.972	0.165304	372	373	
7.25	7.5	1	18	5	3	250	113250	250	113250	0.003	0	0.003	0.003	453	0	453	453	
7.25	7.5	1	19	4	3	249	44073	249	44073	0.00302811	0.000443607	0.003	0.01	177	0	177	177	
7.25	7.5	1	20	3	3	250	29247	250	29247	0.003	0	0.003	0.003	116.988	0.109104	116	117	
7.5	7.75	4	1	3	3	250	149248	250	149248	0.003	0	0.003	0.003	596.992	0.0892629	596	597	
7.5	7.75	4	2	5	3	196	34692	196	34692	0.00492857	0.00313541	0.003	0.01	177	0	177	177	
7.5	7.75	4	3	1	3	249	44073	249	44073	0.00302811	0.000443607	0.003	0.01	177	0	177	177	
7.5	7.75	4	4	4	3	190	30990	191	31207	0.0052356	0.00327221	0.003	0.01	163.387	9.34917	157	177	
7.5	7.75	4	5	2	3	250	93243	250	93243	0.003	0	0.003	0.003	372.972	0.165304	372	373	
7.5	7.75	2	6	5	3	250	29248	250	29248	0.003	0	0.003	0.003	116.992	0.0892629	116	117	
7.5	7.75	2	7	1	3	250	113244	250	113244	0.003	0	0.003	0.003	452.976	0.218207	451	453	
7.5	7.75	2	8	3	3	250	56248	250	56248	0.003	0	0.003	0.003	224.992	0.0892629	224	225	
7.5	7.75	2	9	2	3	250	71250	250	71250	0.003	0	0.003	0.003	285	0	285	285	
7.5	7.75	2	10	4	3	250	39248	250	39248	0.003	0	0.003	0.003	156.992	0.0892629	156	157	
7.5	7.75	3	11	5	3	166	29382	166	29382	0.00654217	0.00351034	0.003	0.01	177	0	177	177	
7.5	7.75	3	12	4	3	250	85250	250	85250	0.003	0	0.003	0.003	341	0	341	341	
7.5	7.75	3	13	1	3	250	44250	250	44250	0.003	0	0.003	0.003	177	0	177	177	
7.5	7.75	3	14	3	3	250	44250	250	44250	0.003	0	0.003	0.003	177	0	177	177	
7.5	7.75	3	15	2	3	250	112284	250	112124	0.003	0	0.003	0.003	448.496	18.4261	373	453	
7.5	7.75	1	16	2	3	250	44250	250	44250	0.003	0	0.003	0.003	177	0	177	177	
7.5	7.75	1	17	1	3	250	93243	250	93243	0.003	0	0.003	0.003	372.972	0.165304	372	373	
7.5	7.75	1	18	5	3	250	113250	250	113250	0.003	0	0.003	0.003	453	0	453	453	
7.5	7.75	1	19	4	3	249	44073	249	44073	0.00302811	0.000443607	0.003	0.01	177	0	177	177	
7.5	7.75	1	20	3	3	250	29248	250	29248	0.003	0	0.003	0.003	116.992	0.0892629	116	117	
7.75	8	4	1	3	3	250	149249	250	149249	0.003	0	0.003	0.003	596.996	0.0632456	596	597	
7.75	8	4	2	5	3	205	36285	204	36108	0.00457843	0.00293253	0.003	0.01	177	0	177	177	
7.75	8	4	3	1	3	250	44250	250	44250	0.003	0	0.003	0.003	177	0	177	177	
7.75	8	4	4	4	3	250	39248	250	39248	0.003	0	0.003	0.003	156.992	0.126491	155	157	
7.75	8	4	5	2	3	250	93243	250	93243	0.003	0	0.003	0.003	372.972	0.165304	372	373	
7.75	8	2	6	5	3	250	29247	250	29248	0.003	0	0.003	0.003	116.992	0.0892629	116	117	
7.75	8	2	7	1	3	250	113246	250	113246	0.003	0	0.003	0.003	452.984	0.178526	451	453	
7.75	8	2	8	3	3	250	56249	250	56249	0.003	0	0.003	0.003	224.996	0.0632456	224	225	
7.75	8	2	9	2	3	250	71250	250	71250	0.003	0	0.003	0.003	285	0	285	285	
7.75	8	2	10	4	3	250	39247	250	39247	0.003	0	0.003	0.003	156.988	0.109104	156	157	
7.75	8	3	11	5	3	161	28497	162	28674	0.00680247	0.00349772	0.003	0.01	177	0	177	177	
7.75	8	3	12	4	3	250	85248	250	85248	0.003	0	0.003	0.003	340.992	0.126491	339	341	
7.75	8	3	13	1	3	245	44469	244	44148	0.00311475	0.000890709	0.003	0.01	180.934	13.1942	177	225	
7.75	8	3	14	3	3	250	44250	250	44250	0.003	0	0.003	0.003	177	0	177	177	
7.75	8	3	15	2	3	250	113246	250	113246	0.003	0	0.003	0.003	452.984	0.178526	451	453	
7.75	8	1	16	2	3	250	44250	250	44250	0.003	0	0.003	0.003	177	0	177	177	
7.75	8	1	17	1	3	250	93243	250	93243	0.003	0	0.003	0.003	372.972	0.165304	372	373	
7.75	8	1	18	5	3	250	113250	250	113250	0.003	0	0.003	0.003	453	0	453	453	
7.75	8	1	19	4	3	249	44073	249	44073	0.00302811	0.000443607	0.003	0.01	177	0	177	177	
7.75	8	1	20	3	3	249	29131	249	29131	0.00302811	0.000443607	0.003	0.01	116.992	0.0894413	116	117	
8	8.25	4	1	3	3	250	149249	250	149249	0.003	0	0.003	0.003	596.996	0.0632456	596	597	
8	8.25	4	2	5	3	206	36462	206	36462	0.00449514	0.00287588	0.003	0.01	177	0	177	177	
8	8.25	4	3	1	3	250	44250	250	44250	0.003	0	0.003	0.003	177	0	177	177	
8	8.25	4	4	4	3	250	39248	250	39248	0.003	0	0.003	0.003	156.992	0.0892629	156	157	
8	8.25	4	5	2	3	250	93244	250	93244	0.003	0	0.003	0.003	372.976	0.153356	372	373	
8	8.25	2	6	5	3	250	29248	250	29247	0.003	0	0.003	0.003	116.988	0.109104	116	117	
8	8.25	2	7	1	3	250	113244	250	113244	0.003	0	0.003	0.003	452.976	0.218207	451	453	
8	8.25	2	8	3	3	250	56248	250	56248	0.003	0	0.003	0.003	224.992	0.0892629	224	225	
8	8.25	2	9	2	3	250	71250	250	71250	0.003	0	0.003	0.003	285	0	285	285	
8	8.25	2	10	4	3	250	39248	250	39248	0.003	0	0.003	0.003	156.992	0.0892629	156	157	
8	8.25	3	11	5	3	160	28320	159	28143	0.00700629	0.00347413	0.003	0.01	177	0	177	177	
8	8.25	3	12	4	3	250	85248	250	85248	0.003	0	0.003	0.003	340.992	0.126491	339	341	
8	8.25	3	13	1	3	182	40950	182	40950	0.00557692	0.0033854	0.003	0.01	225	0	225	225	
8	8.25	3	14	3	3	226	43266	224	42720	0.00371875	0.00212953	0.003	0.01	190.714	21.7328	177	225	
8	8.25	3	15	2	3	250	113244	250	113244	0.003	0	0.003	0.003	452.976	0.218207	451	453	
8	8.25	1	16	2	3	250	44250	250	44250	0.003	0	0.003	0.003	177	0	177	177	
8	8.25	1	17	1	3	250	93243	250	93244	0.003	0	0.003	0.003	372.976	0.153356	372	373	
8	8.25	1	18	5	3	250	113250	250	113250	0.003	0	0.003	0.003	453	0	453	453	
8	8.25	1	19	4	3	250	44250	250	44250	0.003	0	0.003	0.003	177	0	177	177	
8	8.25	1	20	3	3	249	29130	249	29130	0.00302811	0.000443607	0.003	0.01	116.988	0.109321	116	117	
8.25	8.5	4	1	3	3	250	149249	250	149249	0.003	0	0.003	0.003	596.996	0.0632456	596	597	
8.25	8.5	4	2	5	3	214	37878	214	37878	0.00417757	0.0026246	0.003	0.01	177	0	177	177	
8.25	8.5	4	3	1	3	250	44250	250	44250	0.003	0	0.003	0.003	177	0	177	177	
8.25	8.5	4	4	4	3	250	39248	250	39248	0.003	0	0.003	0.003	156.992	0.0892629	156	157	
8.25	8.5	4	5	2	3	250	93243	250	93243	0.003	0	0.003	0.003	372.972	0.165304	372	373	
8.25	8.5	2	6	5	3	250	29248	250	29248	0.003	0	0.003	0.003	116.992	0.0892629	116	117	
8.25	8.5	2	7	1	3	250	113244	250	113244	0.003	0	0.003	0.003	452.976	0.218207	451	453	
8.25	8.5	2	8	3	3	250	56249	250	56249	0.003	0	0.003	0.003	224.996	0.0632456	224	225	
8.25	8.5	2	9	2	3	250	71250	250	71250	0.003	0	0.003	0.003	285	0	285	285	
8.25	8.5	2	10	4	3	250	39248	250	39248	0.003	0	0.003	0.003	156.992	0.0892629	156	157	
8.25	8.5	3	11	5	3	166	29382	167	29559	0.00652096	0.00351046	0.003	0.01	177	0	177	177	
8.25	8.5	3	12	4	3	250	85248	250	85248	0.003	0	0.003	0.003	340.992	0.126491	339	341	
8.25	8.5	3	13	1	3	186	41848	185	41623	0.00542162	0.00333877	0.003	0.01	224.989	0.103692	224	225	
8.25	8.5	3	14	3	3	196	44100	196	44100	0.00496428	0.00315314	0.003	0.01	225	0	225	225	
8.25	8.5	3	15	2	3	250	113244	250	113244	0.003	0	0.003	0.003	452.976	0.218207	451	453	
8.25	8.5	1	16	2	3	250	44250	250	44250	0.003	0	0.003	0.003	177	0	177	177	
8.25	8.5	1	17	1	3	250	93244	250	93243	0.003	0	0.003	0.003	372.972	0.165304	372	373	
8.25	8.5	1	18	5	3	250	113250	250	113250	0.003	0	0.003	0.003	453	0	453	453	
8.25	8.5	1	19	4	3	250	44250	250	44250	0.003	0	0.003	0.003	177	0	177	177	
8.25	8.5	1	20	3	3	250	29248	250	29248	0.003	0	0.003	0.003	116.992	0.0892629	116	117	
8.5	8.75	4	1	3	3	250	149248	250	149248	0.003	0	0.003	0.003	596.992	0.0892629	596	597	
8.5	8.75	4	2	5	3	215	38055	216	38232	0.00410185	0.00255521	0.003	0.01	177	0	177	177	
8.5	8.75	4	3	1	3	248	43896	248	43896	0.00305645	0.000627345	0.003	0.01	177	0	177	177	
8.5	8.75	4	4	4	3	250	39247	250	39247	0.003	0	0.003	0.003	156.988	0.109104	156	157	
8.5	8.75	4	5	2	3	250	93243	250	93243	0.003	0	0.003	0.003	372.972	0.165304	372	373	
8.5	8.75	2	6	5	3	250	29247	250	29247	0.003	0	0.003	0.003	116.988	0.109104	116	117	
8.5	8.75	2	7	1	3	250	123232	250	123104	0.003	0	0.003	0.003	492.416	31.1998	451	517	
8.5	8.75	2	8	3	3	250	56248	250	56248	0.003	0	0.003	0.003	224.992	0.0892629	224	225	
8.5	8.75	2	9	2	3	250	71250	250	71250	0.003	0	0.003	0.003	285	0	285	285	
8.5	8.75	2	10	4	3	250	39247	250	39248	0.003	0	0.003	0.003	156.992	0.0892629	156	157	
8.5	8.75	3	11	5	3	161	28497	161	28497	0.00686956	0.00349129	0.003	0.01	177	0	177	177	
8.5	8.75	3	12	4	3	250	85250	250	85250	0.003	0	0.003	0.003	341	0	341	341	
8.5	8.75	3	13	1	3	180	40499	180	40499	0.0058	0.00343885	0.003	0.01	224.994	0.0745356	224	225	
8.5	8.75	3	14	3	3	196	44097	196	44097	0.00492857	0.00313541	0.003	0.01	224.985	0.159391	223	225	
8.5	8.75	3	15	2	3	250	113246	250	113246	0.003	0	0.003	0.003	452.984	0.178526	451	453	
8.5	8.75	1	16	2	3	249	44073	249	44073	0.00302811	0.000443607	0.003	0.01	177	0	177	177	
8.5	8.75	1	17	1	3	250	93243	250	93243	0.003	0	0.003	0.003	372.972	0.165304	372	373	
8.5	8.75	1	18	5	3	250	113250	250	113250	0.003	0	0.003	0.003	453	0	453	453	
8.5	8.75	1	19	4	3	250	44250	250	44250	0.003	0	0.003	0.003	177	0	177	177	
8.5	8.75	1	20	3	3	248	29013	248	29013	0.00305645	0.000627345	0.003	0.01	116.988	0.109539	116	117	
8.75	9	4	1	3	3	250	149249	250	149249	0.003	0	0.003	0.003	596.996	0.0632456	596	597	
8.75	9	4	2	5	3	218	38586	217	38409	0.00406452	0.00251946	0.003	0.01	177	0	177	177	
8.75	9	4	3	1	3	250	44250	250	44250	0.003	0	0.003	0.003	177	0	177	177	
8.75	9	4	4	4	3	250	39248	250	39248	0.003	0	0.003	0.003	156.992	0.0892629	156	157	
8.75	9	4	5	2	3	250	93243	250	93243	0.003	0	0.003	0.003	372.972	0.165304	372	373	
8.75	9	2	6	5	3	250	29248	250	29248	0.003	0	0.003	0.003	116.992	0.0892629	116	117	
8.75	9	2	7	1	3	250	129250	250	129250	0.003	0	0.003	0.003	517	0	517	517	
8.75	9	2	8	3	3	250	56249	250	56249	0.003	0	0.003	0.003	224.996	0.0632456	224	225	
8.75	9	2	9	2	3	250	71250	250	71250	0.003	0	0.003	0.003	285	0	285	285	
8.75	9	2	10	4	3	250	39248	250	39247	0.003	0	0.003	0.003	156.988	0.109104	156	157	
8.75	9	3	11	5	3	173	30621	171	30267	0.00615205	0.00349289	0.003	0.01	177	0	177	177	
8.75	9	3	12	4	3	250	85248	250	85248	0.003	0	0.003	0.003	340.992	0.126491	339	341	
8.75	9	3	13	1	3	193	43424	193	43424	0.00503109	0.0031851	0.003	0.01	224.995	0.0719816	224	225	
8.75	9	3	14	3	3	202	45449	204	45899	0.00464706	0.00297658	0.003	0.01	224.995	0.070014	224	225	
8.75	9	3	15	2	3	250	113244	250	113244	0.003	0	0.003	0.003	452.976	0.218207	451	453	
8.75	9	1	16	2	3	250	44250	250	44250	0.003	0	0.003	0.003	177	0	177	177	
8.75	9	1	17	1	3	250	93243	250	93243	0.003	0	0.003	0.003	372.972	0.165304	372	373	
8.75	9	1	18	5	3	250	113250	250	113250	0.003	0	0.003	0.003	453	0	453	453	
8.75	9	1	19	4	3	249	44073	249	44073	0.00302811	0.000443607	0.003	0.01	177	0	177	177	
8.75	9	1	20	3	3	250	29248	250	29248	0.003	0	0.003	0.003	116.992	0.0892629	116	117	
9	9.25	4	1	3	3	250	149249	250	149249	0.003	0	0.003	0.003	596.996	0.0632456	596	597	
9	9.25	4	2	5	3	225	39825	224	39648	0.00375	0.00216991	0.003	0.01	177	0	177	177	
9	9.25	4	3	1	3	250	44250	249	44073	0.003	0	0.003	0.003	177	0	177	177	
9	9.25	4	4	4	3	215	34453	215	34413	0.00407442	0.00252909	0.003	0.01	160.06	7.23059	156	177	
9	9.25	4	5	2	3	250	93244	250	93244	0.003	0	0.003	0.003	372.976	0.153356	372	373	
9	9.25	2	6	5	3	250	29247	250	29247	0.003	0	0.003	0.003	116.988	0.109104	116	117	
9	9.25	2	7	1	3	250	129250	250	129250	0.003	0	0.003	0.003	517	0	517	517	
9	9.25	2	8	3	3	250	56248	250	56248	0.003	0	0.003	0.003	224.992	0.0892629	224	225	
9	9.25	2	9	2	3	250	71250	250	71250	0.003	0	0.003	0.003	285	0	285	285	
9	9.25	2	10	4	3	250	39248	250	39248	0.003	0	0.003	0.003	156.992	0.0892629	156	157	
9	9.25	3	11	5	3	170	30090	171	30267	0.00631579	0.00350541	0.003	0.01	177	0	177	177	
9	9.25	3	12	4	3	250	85248	250	85248	0.003	0	0.003	0.003	340.992	0.126491	339	341	
9	9.25	3	13	1	3	209	43376	211	43922	0.00439336	0.00280166	0.003	0.01	208.161	22.9563	177	225	
9	9.25	3	14	3	3	203	45674	201	45224	0.00463681	0.00297026	0.003	0.01	224.995	0.0705346	224	225	
9	9.25	3	15	2	3	250	113246	250	113246	0.003	0	0.003	0.003	452.984	0.178526	451	453	
9	9.25	1	16	2	3	249	44073	249	44073	0.00302811	0.000443607	0.003	0.01	177	0	177	177	
9	9.25	1	17	1	3	250	93243	250	93244	0.003	0	0.003	0.003	372.976	0.153356	372	373	
9	9.25	1	18	5	3	250	113250	250	113250	0.003	0	0.003	0.003	453	0	453	453	
9	9.25	1	19	4	3	250	44250	250	44250	0.003	0	0.003	0.003	177	0	177	177	
9	9.25	1	20	3	3	250	29247	250	29247	0.003	0	0.003	0.003	116.988	0.109104	116	117	
9.25	9.5	4	1	3	3	250	149249	250	149249	0.003	0	0.003	0.003	596.996	0.0632456	596	597	
9.25	9.5	4	2	5	3	229	40533	231	40887	0.00366667	0.00205927	0.003	0.01	177	0	177	177	
9.25	9.5	4	3	1	3	249	44073	250	44250	0.003028	0.000442719	0.003	0.01	177	0	177	177	
9.25	9.5	4	4	4	3	126	22302	125	22125	0.009944	0.000626099	0.003	0.01	177	0	177	177	
9.25	9.5	4	5	2	3	250	93243	250	93243	0.003	0	0.003	0.003	372.972	0.165304	372	373	
9.25	9.5	2	6	5	3	250	29248	250	29248	0.003	0	0.003	0.003	116.992	0.0892629	116	117	
9.25	9.5	2	7	1	3	250	129250	250	129250	0.003	0	0.003	0.003	517	0	517	517	
9.25	9.5	2	8	3	3	250	56249	250	56249	0.003	0	0.003	0.003	224.996	0.0632456	224	225	
9.25	9.5	2	9	2	3	250	71250	250	71250	0.003	0	0.003	0.003	285	0	285	285	
9.25	9.5	2	10	4	3	250	39248	250	39248	0.003	0	0.003	0.003	156.992	0.0892629	156	157	
9.25	9.5	3	11	5	3	174	30798	173	30621	0.00607514	0.0034842	0.003	0.01	177	0	177	177	
9.25	9.5	3	12	4	3	250	85250	250	85250	0.003	0	0.003	0.003	341	0	341	341	
9.25	9.5	3	13	1	3	250	44250	250	44250	0.003	0	0.003	0.003	177	0	177	177	
9.25	9.5	3	14	3	3	218	49048	219	49273	0.00402283	0.00247824	0.003	0.01	224.991	0.0953443	224	225	
9.25	9.5	3	15	2	3	250	113244	250	113244	0.003	0	0.003	0.003	452.976	0.218207	451	453	
9.25	9.5	1	16	2	3	248	43896	248	43896	0.00305645	0.000627345	0.003	0.01	177	0	177	177	
9.25	9.5	1	17	1	3	250	93244	250	93243	0.003	0	0.003	0.003	372.972	0.165304	372	373	
9.25	9.5	1	18	5	3	250	113250	250	113250	0.003	0	0.003	0.003	453	0	453	453	
9.25	9.5	1	19	4	3	250	44250	250	44250	0.003	0	0.003	0.003	177	0	177	177	
9.25	9.5	1	20	3	3	250	29248	250	29248	0.003	0	0.003	0.003	116.992	0.0892629	116	117	
9.5	9.75	4	1	3	3	250	149248	250	149248	0.003	0	0.003	0.003	596.992	0.0892629	596	597	
9.5	9.75	4	2	5	3	232	41064	232	41064	0.0035431	0.00187668	0.003	0.01	177	0	177	177	
9.5	9.75	4	3	1	3	250	44250	250	44250	0.003	0	0.003	0.003	177	0	177	177	
9.5	9.75	4	4	4	3	127	22479	124	21948	0.00994355	0.000628619	0.003	0.01	177	0	177	177	
9.5	9.75	4	5	2	3	249	92870	249	92870	0.00302811	0.000443607	0.003	0.01	372.972	0.165627	372	373	
9.5	9.75	2	6	5	3	250	29247	250	29247	0.003	0	0.003	0.003	116.988	0.109104	116	117	
9.5	9.75	2	7	1	3	250	129250	250	129250	0.003	0	0.003	0.003	517	0	517	517	
9.5	9.75	2	8	3	3	250	56248	250	56248	0.003	0	0.003	0.003	224.992	0.0892629	224	225	
9.5	9.75	2	9	2	3	250	71250	250	71250	0.003	0	0.003	0.003	285	0	285	285	
9.5	9.75	2	10	4	3	250	39247	250	39247	0.003	0	0.003	0.003	156.988	0.109104	156	157	
9.5	9.75	3	11	5	3	171	30267	172	30444	0.00621512	0.00349857	0.003	0.01	177	0	177	177	
9.5	9.75	3	12	4	3	250	85248	250	85248	0.003	0	0.003	0.003	340.992	0.126491	339	341	
9.5	9.75	3	13	1	3	250	44250	250	44250	0.003	0	0.003	0.003	177	0	177	177	
9.5	9.75	3	14	3	3	208	46799	207	46574	0.00442029	0.00282193	0.003	0.01	224.995	0.0695048	224	225	
9.5	9.75	3	15	2	3	249	110073	249	110233	0.00302811	0.000443607	0.003	0.01	442.703	26.8212	373	453	
9.5	9.75	1	16	2	3	249	44073	249	44073	0.00302811	0.000443607	0.003	0.01	177	0	177	177	
9.5	9.75	1	17	1	3	250	93243	250	93243	0.003	0	0.003	0.003	372.972	0.165304	372	373	
9.5	9.75	1	18	5	3	250	113250	250	113250	0.003	0	0.003	0.003	453	0	453	453	
9.5	9.75	1	19	4	3	249	44073	249	44073	0.00302811	0.000443607	0.003	0.01	177	0	177	177	
9.5	9.75	1	20	3	3	248	29013	248	29013	0.00305645	0.000627345	0.003	0.01	116.988	0.109539	116	117	
9.75	10	4	1	3	3	250	149249	250	149249	0.003	0	0.003	0.003	596.996	0.0632456	596	597	
9.75	10	4	2	5	3	239	42303	238	42126	0.00332353	0.0014728	0.003	0.01	177	0	177	177	
9.75	10	4	3	1	3	250	44250	250	44250	0.003	0	0.003	0.003	177	0	177	177	
9.75	10	4	4	4	3	126	22302	126	22302	0.00994444	0.00062361	0.003	0.01	177	0	177	177	
9.75	10	4	5	2	3	250	93243	250	93243	0.003	0	0.003	0.003	372.972	0.165304	372	373	
9.75	10	2	6	5	3	250	29248	250	29248	0.003	0	0.003	0.003	116.992	0.0892629	116	117	
9.75	10	2	7	1	3	250	129250	250	129250	0.003	0	0.003	0.003	517	0	517	517	
9.75	10	2	8	3	3	250	56248	250	56248	0.003	0	0.003	0.003	224.992	0.0892629	224	225	
9.75	10	2	9	2	3	250	71250	250	71250	0.003	0	0.003	0.003	285	0	285	285	
9.75	10	2	10	4	3	250	39248	250	39248	0.003	0	0.003	0.003	156.992	0.0892629	156	157	
9.75	10	3	11	5	3	176	31152	177	31329	0.005887	0.00345568	0.003	0.01	177	0	177	177	
9.75	10	3	12	4	3	250	85248	250	85248	0.003	0	0.003	0.003	340.992	0.126491	339	341	
9.75	10	3	13	1	3	250	44250	250	44250	0.003	0	0.003	0.003	177	0	177	177	
9.75	10	3	14	3	3	219	49274	221	49724	0.0039819	0.0024364	0.003	0.01	224.995	0.0672673	224	225	
9.75	10	3	15	2	3	250	93244	250	93244	0.003	0	0.003	0.003	372.976	0.153356	372	373	
9.75	10	1	16	2	3	250	44250	250	44250	0.003	0	0.003	0.003	177	0	177	177	
9.75	10	1	17	1	3	250	93243	250	93243	0.003	0	0.003	0.003	372.972	0.165304	372	373	
9.75	10	1	18	5	3	250	113250	250	113250	0.003	0	0.003	0.003	453	0	453	453	
9.75	10	1	19	4	3	248	43896	248	43896	0.00305645	0.000627345	0.003	0.01	177	0	177	177	
9.75	10	1	20	3	3	249	29131	249	29131	0.00302811	0.000443607	0.003	0.01	116.992	0.0894413	116	117	
