% start	end	CellId	IMSI	RNTI	LCID	nTxPDUs	TxBytes	nRxPDUs	RxBytes	delay	stdDev	min	max	PduSize	stdDev	min	max
0.5	0.75	4	1	5	3	117	25532	105	19988	0.00453333	0.00475368	0.003	0.024	190.362	59.797	23	467	
0.5	0.75	4	2	3	3	125	25552	106	15223	0.00445283	0.00508618	0.003	0.024	143.613	93.3576	28	596	
0.5	0.75	4	3	2	3	113	25528	102	20170	0.00794118	0.00642832	0.003	0.024	197.745	92.1135	28	658	
0.5	0.75	4	4	1	3	116	25532	107	20368	0.00594392	0.00666423	0.003	0.024	190.355	99.1216	6	726	
0.5	0.75	4	5	4	3	109	25514	107	25186	0.0048972	0.00403039	0.003	0.017	235.383	129.564	28	839	
0.5	0.75	2	6	4	3	80	25456	80	25456	0.0036125	0.00199044	0.003	0.01	318.2	136.32	7	839	
0.5	0.75	2	7	5	3	114	25524	98	18632	0.00428571	0.00453395	0.003	0.024	190.122	71.9939	28	539	
0.5	0.75	2	8	2	3	113	25522	109	24758	0.00556881	0.00568847	0.003	0.024	227.138	128.77	9	839	
0.5	0.75	2	9	3	3	115	25526	98	17301	0.00421428	0.00438425	0.003	0.024	176.541	87.8228	28	619	
0.5	0.75	2	10	1	3	78	25452	78	25452	0.0036282	0.00201365	0.003	0.01	326.308	127.841	28	839	
0.5	0.75	3	11	5	3	131	25562	119	18274	0.004	0.00439761	0.003	0.024	153.563	109.586	27	675	
0.5	0.75	3	12	3	3	103	25504	94	20189	0.00828723	0.00577838	0.003	0.024	214.777	120.559	28	746	
0.5	0.75	3	13	1	3	103	25502	103	25502	0.00429126	0.00349967	0.003	0.017	247.592	122.716	28	839	
0.5	0.75	3	14	4	3	110	25516	108	25264	0.00436111	0.00376273	0.003	0.017	233.926	118.749	17	839	
0.5	0.75	3	15	2	3	89	25474	89	25474	0.00402247	0.00342775	0.003	0.017	286.225	136.949	28	839	
0.5	0.75	1	16	3	3	106	25508	104	25180	0.00501923	0.00432644	0.003	0.017	242.115	129.106	28	839	
0.5	0.75	1	17	2	3	118	25532	103	17660	0.00408738	0.0040125	0.003	0.024	171.456	72.4422	28	503	
0.5	0.75	1	18	4	3	110	25516	108	25092	0.00552778	0.00492269	0.003	0.024	232.333	123.095	28	839	
0.5	0.75	1	19	5	3	89	25474	89	25474	0.00433708	0.00393106	0.003	0.017	286.225	144.377	28	839	
0.5	0.75	1	20	1	3	110	25516	96	18983	0.00686458	0.00573378	0.003	0.024	197.74	99.2876	9	650	
0.75	1	4	1	5	3	134	26618	134	26558	0.00529851	0.00587083	0.003	0.024	198.194	71.6636	117	531	
0.75	1	4	2	3	3	145	26640	131	19437	0.00476336	0.00530578	0.003	0.024	148.374	84.3396	75	597	
0.75	1	4	3	2	3	131	26616	129	25703	0.00804651	0.00618575	0.003	0.024	199.248	93.6026	36	551	
0.75	1	4	4	1	3	133	26616	131	25688	0.00561832	0.00622088	0.003	0.024	196.092	96.1463	101	591	
0.75	1	4	5	4	3	124	26598	125	26686	0.004624	0.00334245	0.003	0.017	213.488	33.9572	73	387	
0.75	1	2	6	4	3	88	26526	88	26526	0.00315909	0.00104921	0.003	0.01	301.432	98.1512	7	373	
0.75	1	2	7	5	3	125	26600	108	20956	0.00403704	0.00380586	0.003	0.024	194.037	59.5971	157	384	
0.75	1	2	8	2	3	125	26600	120	25400	0.00539167	0.00548228	0.003	0.024	211.667	47.08	177	293	
0.75	1	2	9	3	3	125	26600	108	19432	0.00410185	0.00384742	0.003	0.024	179.926	80.0371	117	440	
0.75	1	2	10	1	3	88	26526	88	26526	0.003	0	0.003	0.003	301.432	97.5846	121	373	
0.75	1	3	11	5	3	155	26660	153	25657	0.00423529	0.00469009	0.003	0.024	167.693	113.452	58	634	
0.75	1	3	12	3	3	129	26612	122	25572	0.00753279	0.00531827	0.003	0.024	209.607	96.9264	101	746	
0.75	1	3	13	1	3	113	26576	113	26576	0.00343363	0.00169493	0.003	0.01	235.186	68.2365	44	285	
0.75	1	3	14	4	3	126	26602	128	26854	0.00365625	0.00255163	0.003	0.017	209.797	38.1725	88	301	
0.75	1	3	15	2	3	100	26550	100	26550	0.003	0	0.003	0.003	265.5	114.364	39	341	
0.75	1	1	16	3	3	124	26598	125	26838	0.004736	0.00383983	0.003	0.017	214.704	48.1548	73	387	
0.75	1	1	17	2	3	137	26624	129	22782	0.00441085	0.00440811	0.003	0.024	176.605	72.8746	49	436	
0.75	1	1	18	4	3	122	26594	123	26814	0.00510569	0.00400167	0.003	0.017	218	55.7484	57	435	
0.75	1	1	19	5	3	101	26552	101	26552	0.00334653	0.00207092	0.003	0.017	262.891	108.114	39	341	
0.75	1	1	20	1	3	119	26588	120	25882	0.00801667	0.00545876	0.003	0.024	215.683	124.302	8	706	
1	1.25	4	1	5	3	136	26622	133	25614	0.00489474	0.00538975	0.003	0.024	192.586	68.1098	16	517	
1	1.25	4	2	3	3	150	26652	135	18942	0.00434815	0.00456515	0.003	0.024	140.311	63.4369	43	517	
1	1.25	4	3	2	3	131	26616	128	25071	0.007375	0.00589274	0.003	0.024	195.867	90.8577	5	551	
1	1.25	4	4	1	3	136	26622	131	24498	0.0051374	0.00575227	0.003	0.024	187.008	92.7604	25	591	
1	1.25	4	5	4	3	124	26598	123	26510	0.00447967	0.00338354	0.003	0.017	215.528	34.7686	48	387	
1	1.25	2	6	4	3	91	26532	91	26532	0.003	0	0.003	0.003	291.56	114.398	7	373	
1	1.25	2	7	5	3	129	26608	114	21679	0.00392105	0.00354776	0.003	0.024	190.167	58.8831	73	384	
1	1.25	2	8	2	3	126	26602	122	25582	0.00558197	0.00598323	0.003	0.024	209.689	56.6265	9	453	
1	1.25	2	9	3	3	131	26612	115	19659	0.0037913	0.00304209	0.003	0.017	170.948	73.4012	37	485	
1	1.25	2	10	1	3	89	26528	89	26528	0.003	0	0.003	0.003	298.067	100.127	75	373	
1	1.25	3	11	5	3	150	26650	142	22181	0.0041338	0.00461455	0.003	0.024	156.204	102.676	51	634	
1	1.25	3	12	3	3	127	26608	126	25340	0.00761111	0.00546988	0.003	0.024	201.111	102.803	49	746	
1	1.25	3	13	1	3	121	26592	120	26548	0.00410833	0.00314308	0.003	0.017	221.233	78.5332	16	285	
1	1.25	3	14	4	3	126	26602	125	26438	0.003952	0.00299423	0.003	0.017	211.504	38.2875	73	316	
1	1.25	3	15	2	3	100	26550	100	26550	0.003	0	0.003	0.003	265.5	113.862	39	341	
1	1.25	1	16	3	3	127	26604	127	26528	0.00470866	0.00410982	0.003	0.017	208.882	46.5759	12	316	
1	1.25	1	17	2	3	138	26626	125	20310	0.003672	0.00287025	0.003	0.024	162.48	74.767	33	516	
1	1.25	1	18	4	3	127	26604	127	26548	0.00514961	0.00454096	0.003	0.024	209.039	47.512	57	380	
1	1.25	1	19	5	3	100	26550	100	26550	0.003	0	0.003	0.003	265.5	96.5277	39	453	
1	1.25	1	20	1	3	128	26610	119	22708	0.00658823	0.00489623	0.003	0.024	190.824	77.2644	49	650	
1.25	1.5	4	1	5	3	135	26620	133	25733	0.00510526	0.00558307	0.003	0.024	193.481	75.2352	57	591	
1.25	1.5	4	2	3	3	146	26644	136	20121	0.00500735	0.00583539	0.003	0.024	147.949	92.7698	7	596	
1.25	1.5	4	3	2	3	129	26612	123	24634	0.0073252	0.00598015	0.003	0.024	200.276	99.7299	32	597	
1.25	1.5	4	4	1	3	133	26616	130	25308	0.00569231	0.00624791	0.003	0.024	194.677	103.435	6	597	
1.25	1.5	4	5	4	3	125	26600	126	26764	0.0045	0.00338408	0.003	0.017	212.413	47.209	17	463	
1.25	1.5	2	6	4	3	89	26528	89	26528	0.00307865	0.000741999	0.003	0.01	298.067	111.128	7	373	
1.25	1.5	2	7	5	3	129	26608	113	21036	0.00386726	0.00325824	0.003	0.017	186.159	57.5671	73	384	
1.25	1.5	2	8	2	3	125	26600	122	25880	0.0052377	0.00549388	0.003	0.024	212.131	47.9485	177	300	
1.25	1.5	2	9	3	3	129	26608	113	19160	0.00386726	0.00351655	0.003	0.024	169.558	63.8454	117	440	
1.25	1.5	2	10	1	3	88	26526	88	26526	0.003	0	0.003	0.003	301.432	97.5846	121	373	
1.25	1.5	3	11	5	3	154	26658	149	23230	0.00389262	0.00417221	0.003	0.024	155.906	96.7832	75	596	
1.25	1.5	3	12	3	3	128	26610	125	24730	0.007088	0.00488417	0.003	0.024	197.84	87.6841	5	591	
1.25	1.5	3	13	1	3	114	26578	115	26622	0.00391304	0.00314717	0.003	0.017	231.496	69.2156	44	327	
1.25	1.5	3	14	4	3	129	26608	129	26608	0.00397674	0.0032439	0.003	0.017	206.264	51.2944	17	301	
1.25	1.5	3	15	2	3	101	26552	101	26552	0.003	0	0.003	0.003	262.891	114.235	4	341	
1.25	1.5	1	16	3	3	126	26602	126	26602	0.00444444	0.00346538	0.003	0.017	211.127	60.9279	12	387	
1.25	1.5	1	17	2	3	143	26636	135	23143	0.00393333	0.00317688	0.003	0.024	171.43	76.8237	49	516	
1.25	1.5	1	18	4	3	122	26594	122	26690	0.00529508	0.00396824	0.003	0.017	218.77	68.2931	48	453	
1.25	1.5	1	19	5	3	99	26548	99	26548	0.00342424	0.00219504	0.003	0.017	268.162	102.676	39	453	
1.25	1.5	1	20	1	3	134	26620	126	23167	0.00622222	0.00430607	0.003	0.024	183.865	77.1496	9	453	
1.5	1.75	4	1	5	3	135	26620	131	24786	0.00487023	0.00497439	0.003	0.024	189.206	52.1822	9	356	
1.5	1.75	4	2	3	3	143	26638	129	19024	0.00495349	0.00580256	0.003	0.024	147.473	68.245	81	517	
1.5	1.75	4	3	2	3	130	26610	123	23706	0.00721138	0.00557843	0.003	0.024	192.732	75.1439	56	597	
1.5	1.75	4	4	1	3	134	26618	129	24072	0.00511628	0.00543661	0.003	0.024	186.605	75.434	97	436	
1.5	1.75	4	5	4	3	126	26602	126	26602	0.00444444	0.00346538	0.003	0.017	211.127	41.3918	17	387	
1.5	1.75	2	6	4	3	90	26530	89	26157	0.003	0	0.003	0.003	293.899	109.668	7	373	
1.5	1.75	2	7	5	3	125	26600	109	21080	0.00415596	0.00387101	0.003	0.017	193.394	59.4724	157	384	
1.5	1.75	2	8	2	3	125	26600	121	25580	0.00571901	0.00608718	0.003	0.024	211.405	47.3956	177	300	
1.5	1.75	2	9	3	3	125	26600	109	19040	0.00415596	0.00387101	0.003	0.017	174.679	86.9873	117	480	
1.5	1.75	2	10	1	3	90	26530	90	26530	0.003	0	0.003	0.003	294.778	101.225	121	373	
1.5	1.75	3	11	5	3	150	26650	144	22671	0.00426389	0.00480237	0.003	0.024	157.438	104.456	20	638	
1.5	1.75	3	12	3	3	127	26606	126	25494	0.00761111	0.00554108	0.003	0.024	202.333	107.257	29	746	
1.5	1.75	3	13	1	3	114	26578	114	26578	0.00349123	0.00202308	0.003	0.017	233.14	69.0325	5	389	
1.5	1.75	3	14	4	3	127	26604	127	26604	0.00382677	0.00273454	0.003	0.017	209.48	53.2258	17	387	
1.5	1.75	3	15	2	3	103	26556	103	26556	0.00313592	0.00137946	0.003	0.017	257.825	116.331	39	341	
1.5	1.75	1	16	3	3	124	26598	124	26598	0.00458064	0.00377001	0.003	0.017	214.5	50.8522	73	387	
1.5	1.75	1	17	2	3	142	26634	135	22469	0.00408889	0.00361478	0.003	0.024	166.437	79.441	26	453	
1.5	1.75	1	18	4	3	124	26598	124	26598	0.00520161	0.00431481	0.003	0.024	214.5	69.8349	12	485	
1.5	1.75	1	19	5	3	101	26552	101	26552	0.00327723	0.0019602	0.003	0.017	262.891	102.953	39	341	
1.5	1.75	1	20	1	3	124	26598	117	23958	0.00647008	0.00417417	0.003	0.017	204.769	97.0489	29	595	
1.75	2	4	1	5	3	149	26648	149	27185	0.00455033	0.00397362	0.003	0.024	182.45	64.5232	9	416	
1.75	2	4	2	3	3	162	26682	153	22924	0.00533333	0.00595487	0.003	0.024	149.83	80.2975	32	513	
1.75	2	4	3	2	3	131	26614	130	26546	0.00757692	0.00498504	0.003	0.024	204.2	90.714	13	597	
1.75	2	4	4	1	3	147	26644	144	26773	0.00528472	0.00481499	0.003	0.024	185.924	79.7836	25	591	
1.75	2	4	5	4	3	130	26610	130	26534	0.00413077	0.00258615	0.003	0.01	204.108	62.3269	16	373	
1.75	2	2	6	4	3	92	26534	93	26907	0.00307527	0.000725866	0.003	0.01	289.323	116.4	7	373	
1.75	2	2	7	5	3	130	26610	116	21702	0.0042069	0.00435694	0.003	0.024	187.086	58.6252	73	384	
1.75	2	2	8	2	3	127	26604	125	26004	0.005184	0.00513901	0.003	0.024	208.032	52.8192	9	300	
1.75	2	2	9	3	3	132	26614	119	20454	0.00429412	0.00427121	0.003	0.024	171.882	84.5413	117	560	
1.75	2	2	10	1	3	87	26524	87	26524	0.003	0	0.003	0.003	304.874	95.4624	121	373	
1.75	2	3	11	5	3	159	26668	157	26375	0.00464968	0.00489488	0.003	0.024	167.994	104.789	75	634	
1.75	2	3	12	3	3	136	26624	134	26544	0.00676119	0.00512576	0.003	0.024	198.09	99.0162	33	746	
1.75	2	3	13	1	3	116	26582	115	26473	0.00366956	0.00226616	0.003	0.017	230.2	69.7464	44	343	
1.75	2	3	14	4	3	131	26612	132	26776	0.00358333	0.00229517	0.003	0.017	202.848	63.6989	5	389	
1.75	2	3	15	2	3	102	26554	102	26554	0.00354902	0.00189124	0.003	0.01	260.333	112.969	4	373	
1.75	2	1	16	3	3	124	26598	124	26598	0.00441129	0.00356818	0.003	0.017	214.5	54.1063	73	389	
1.75	2	1	17	2	3	145	26640	138	23352	0.00447101	0.00435	0.003	0.024	169.217	86.1857	10	631	
1.75	2	1	18	4	3	125	26600	122	25890	0.00518033	0.00422902	0.003	0.017	212.213	72.591	48	531	
1.75	2	1	19	5	3	103	26556	103	26556	0.00320388	0.00153622	0.003	0.017	257.825	95.1855	39	341	
1.75	2	1	20	1	3	128	26606	128	25762	0.0069375	0.00546823	0.003	0.024	201.266	96.9675	5	571	
2	2.25	4	1	5	3	138	26626	135	25252	0.0044	0.00434381	0.003	0.024	187.052	56.3027	10	531	
2	2.25	4	2	3	3	149	26650	137	20647	0.00463504	0.00518181	0.003	0.024	150.708	79.4904	75	596	
2	2.25	4	3	2	3	129	26608	123	22882	0.00652845	0.00460279	0.003	0.024	186.033	69.2432	16	517	
2	2.25	4	4	1	3	137	26624	133	23909	0.00457895	0.0041873	0.003	0.024	179.767	63.0615	6	436	
2	2.25	4	5	4	3	124	26598	124	26451	0.00469355	0.00361158	0.003	0.017	213.315	28.2239	88	301	
2	2.25	2	6	4	3	91	26532	90	26159	0.003	0	0.003	0.003	290.656	118.475	7	373	
2	2.25	2	7	5	3	125	26600	115	23228	0.00494783	0.00512449	0.003	0.024	201.983	71.2367	157	384	
2	2.25	2	8	2	3	125	26600	121	25640	0.0056033	0.0057958	0.003	0.024	211.901	48.2254	177	300	
2	2.25	2	9	3	3	125	26600	111	19920	0.00463964	0.005079	0.003	0.024	179.459	95.5799	117	520	
2	2.25	2	10	1	3	92	26534	92	26534	0.003	0	0.003	0.003	288.413	104.186	121	373	
2	2.25	3	11	5	3	152	26654	145	22731	0.00401379	0.00428496	0.003	0.024	156.766	82.0436	75	596	
2	2.25	3	12	3	3	133	26618	129	24761	0.00679845	0.00419706	0.003	0.024	191.946	96.7252	33	694	
2	2.25	3	13	1	3	118	26586	119	26695	0.00370588	0.00264047	0.003	0.017	224.328	76.3712	16	285	
2	2.25	3	14	4	3	132	26614	132	26614	0.00384848	0.00287257	0.003	0.017	201.621	64.6721	17	387	
2	2.25	3	15	2	3	100	26550	100	26550	0.00321	0.00120013	0.003	0.01	265.5	104.479	7	373	
2	2.25	1	16	3	3	123	26596	123	26373	0.00465041	0.00401633	0.003	0.017	214.415	53.9989	5	389	
2	2.25	1	17	2	3	146	26642	137	22361	0.00386861	0.00299465	0.003	0.024	163.219	70.6109	26	516	
2	2.25	1	18	4	3	124	26598	127	27037	0.00553543	0.00496303	0.003	0.024	212.89	62.6445	36	389	
2	2.25	1	19	5	3	101	26552	100	26457	0.00307	0.0007	0.003	0.01	264.57	92.1463	39	341	
2	2.25	1	20	1	3	131	26612	124	23805	0.00621774	0.00440908	0.003	0.024	191.976	74.2003	9	531	
2.25	2.5	4	1	5	3	133	26616	132	26375	0.00549242	0.00568042	0.003	0.024	199.811	73.5301	73	531	
2.25	2.5	4	2	3	3	146	26646	131	17629	0.00412214	0.00405543	0.003	0.024	134.573	66.6883	75	596	
2.25	2.5	4	3	2	3	127	26610	121	24833	0.0078595	0.0065068	0.003	0.024	205.231	103.842	16	597	
2.25	2.5	4	4	1	3	136	26622	131	24975	0.00545801	0.00637575	0.003	0.024	190.649	96.1392	6	591	
2.25	2.5	4	5	4	3	125	26600	125	26823	0.004568	0.00354086	0.003	0.017	214.584	37.5014	17	387	
2.25	2.5	2	6	4	3	89	26528	90	26901	0.00315555	0.00103762	0.003	0.01	298.9	106.83	7	373	
2.25	2.5	2	7	5	3	128	26606	112	21138	0.0039375	0.00381623	0.003	0.024	188.732	58.7747	73	384	
2.25	2.5	2	8	2	3	125	26600	120	25340	0.00515833	0.00542945	0.003	0.024	211.167	47.4472	177	300	
2.25	2.5	2	9	3	3	128	26606	109	17914	0.0036422	0.00261592	0.003	0.017	164.349	57.9601	117	480	
2.25	2.5	2	10	1	3	87	26524	87	26524	0.003	0	0.003	0.003	304.874	95.4624	121	373	
2.25	2.5	3	11	5	3	149	26648	143	22811	0.00407692	0.00409582	0.003	0.024	159.517	114.658	32	634	
2.25	2.5	3	12	3	3	124	26600	122	25621	0.0079918	0.00520727	0.003	0.024	210.008	105.345	16	694	
2.25	2.5	3	13	1	3	116	26582	116	26582	0.00432759	0.00331735	0.003	0.017	229.155	76.7388	16	387	
2.25	2.5	3	14	4	3	127	26604	127	26604	0.00382677	0.00287323	0.003	0.017	209.48	39.6022	17	301	
2.25	2.5	3	15	2	3	100	26550	100	26550	0.003	0	0.003	0.003	265.5	119.412	39	341	
2.25	2.5	1	16	3	3	128	26606	128	26900	0.00442187	0.00355299	0.003	0.017	210.156	52.4356	16	387	
2.25	2.5	1	17	2	3	139	26628	132	22899	0.0042197	0.00410234	0.003	0.024	173.477	90.8346	36	516	
2.25	2.5	1	18	4	3	126	26602	125	26342	0.005016	0.00424641	0.003	0.024	210.736	47.4634	57	435	
2.25	2.5	1	19	5	3	100	26550	101	26645	0.00334653	0.00207092	0.003	0.017	263.812	102.835	39	341	
2.25	2.5	1	20	1	3	134	26620	130	25120	0.00682308	0.00558856	0.003	0.024	193.231	76.2473	9	551	
2.5	2.75	4	1	5	3	131	26612	128	25194	0.00513281	0.00508877	0.003	0.024	196.828	80.8934	10	597	
2.5	2.75	4	2	3	3	148	26571	133	19416	0.00468421	0.00525179	0.003	0.024	145.985	92.318	6	596	
2.5	2.75	4	3	2	3	123	26600	122	25046	0.00816393	0.00595626	0.003	0.024	205.295	106.949	27	597	
2.5	2.75	4	4	1	3	133	26616	128	24405	0.00546094	0.00593124	0.003	0.024	190.664	93.6952	6	517	
2.5	2.75	4	5	4	3	123	26596	123	26520	0.00459349	0.00344949	0.003	0.017	215.61	41.7097	17	387	
2.5	2.75	2	6	4	3	93	26536	93	26536	0.00322581	0.0012435	0.003	0.01	285.333	121.672	7	373	
2.5	2.75	2	7	5	3	127	26604	113	21847	0.00436283	0.00456904	0.003	0.024	193.336	65.4635	73	384	
2.5	2.75	2	8	2	3	125	26600	123	26060	0.00595935	0.00627433	0.003	0.024	211.87	46.8106	177	300	
2.5	2.75	2	9	3	3	128	26606	111	17639	0.00394594	0.00383249	0.003	0.024	158.91	97.8119	37	560	
2.5	2.75	2	10	1	3	92	26534	92	26534	0.003	0	0.003	0.003	288.413	104.767	75	373	
2.5	2.75	3	11	5	3	157	26664	152	23640	0.003875	0.00388973	0.003	0.024	155.526	95.0503	45	517	
2.5	2.75	3	12	3	3	130	26612	127	25058	0.00691338	0.00446685	0.003	0.024	197.307	88.1576	29	519	
2.5	2.75	3	13	1	3	120	26590	120	26590	0.00381667	0.002596	0.003	0.017	221.583	71.9408	33	301	
2.5	2.75	3	14	4	3	132	26614	132	26614	0.0035303	0.00238775	0.003	0.017	201.621	52.5879	17	316	
2.5	2.75	3	15	2	3	103	26556	103	26556	0.003	0	0.003	0.003	257.825	108.766	20	341	
2.5	2.75	1	16	3	3	122	26594	122	26447	0.00506557	0.0042867	0.003	0.017	216.779	55.3118	16	387	
2.5	2.75	1	17	2	3	143	26636	135	23328	0.00414074	0.00364909	0.003	0.024	172.8	87.5755	65	631	
2.5	2.75	1	18	4	3	121	26592	119	26107	0.00541176	0.00450501	0.003	0.024	219.387	68.76	37	531	
2.5	2.75	1	19	5	3	101	26552	101	26552	0.00327723	0.00169186	0.003	0.017	262.891	96.5165	39	341	
2.5	2.75	1	20	1	3	127	26610	121	23367	0.00676033	0.00487002	0.003	0.024	193.116	92.7756	9	650	
2.75	3	4	1	5	3	158	26666	158	26666	0.00335443	0.00205986	0.003	0.024	168.772	43.0239	10	285	
2.75	3	4	2	3	3	172	26779	173	27143	0.00530636	0.00528972	0.003	0.024	156.896	71.4412	41	517	
2.75	3	4	3	2	3	129	26608	129	26719	0.00674419	0.00350508	0.003	0.01	207.124	79.9413	9	389	
2.75	3	4	4	1	3	148	26646	149	26803	0.00445637	0.00285099	0.003	0.01	179.886	47.5884	69	308	
2.75	3	4	5	4	3	127	26604	127	26680	0.00410236	0.00255987	0.003	0.01	210.079	36.9757	17	285	
2.75	3	2	6	4	3	92	26534	92	26534	0.00315217	0.00102641	0.003	0.01	288.413	120.184	7	373	
2.75	3	2	7	5	3	125	26600	121	25164	0.00542975	0.0053242	0.003	0.017	207.967	79.9039	117	424	
2.75	3	2	8	2	3	125	26600	125	26720	0.005912	0.00563545	0.003	0.017	213.76	48.8771	177	300	
2.75	3	2	9	3	3	125	26600	116	21800	0.00493103	0.00484853	0.003	0.017	187.931	139.237	117	560	
2.75	3	2	10	1	3	94	26538	94	26538	0.003	0	0.003	0.003	282.319	106.584	121	373	
2.75	3	3	11	5	3	154	26658	152	25973	0.00525658	0.00589814	0.003	0.024	170.875	103.519	16	560	
2.75	3	3	12	3	3	133	26618	131	26392	0.00738168	0.00544548	0.003	0.024	201.466	94.0002	6	642	
2.75	3	3	13	1	3	116	26582	116	26582	0.00342241	0.0016741	0.003	0.01	229.155	75.5435	44	389	
2.75	3	3	14	4	3	129	26608	128	26323	0.00338281	0.00202396	0.003	0.017	205.648	64.7773	16	373	
2.75	3	3	15	2	3	102	26554	102	26554	0.00327451	0.00136546	0.003	0.01	260.333	110.616	4	453	
2.75	3	1	16	3	3	123	26596	121	26463	0.00473554	0.00329335	0.003	0.017	218.702	74.2355	5	389	
2.75	3	1	17	2	3	155	26660	149	25043	0.00492617	0.00545014	0.003	0.024	168.074	53.4629	59	389	
2.75	3	1	18	4	3	123	26596	121	26260	0.0056033	0.0039528	0.003	0.017	217.025	87.9402	36	389	
2.75	3	1	19	5	3	104	26558	102	26122	0.00430392	0.00273875	0.003	0.01	256.098	94.8024	7	373	
2.75	3	1	20	1	3	131	26612	124	24247	0.00768548	0.00569605	0.003	0.024	195.54	83.3247	28	531	
3	3.25	4	1	5	3	145	26640	138	24183	0.00381159	0.00268424	0.003	0.024	175.239	41.4187	9	376	
3	3.25	4	2	3	3	151	26654	146	22328	0.00510959	0.00547612	0.003	0.024	152.932	70.6869	6	389	
3	3.25	4	3	2	3	112	26574	106	22203	0.00735849	0.00354344	0.003	0.017	209.462	72.6921	57	389	
3	3.25	4	4	1	3	137	26624	132	24010	0.00459091	0.00330384	0.003	0.024	181.894	66.1416	5	591	
3	3.25	4	5	4	3	128	26606	127	26442	0.00437795	0.00353201	0.003	0.017	208.205	43.0545	48	341	
3	3.25	2	6	4	3	94	26538	94	26538	0.00314894	0.00101555	0.003	0.01	282.319	124.875	7	373	
3	3.25	2	7	5	3	125	26600	111	21588	0.00445045	0.00443896	0.003	0.024	194.486	66.0461	117	424	
3	3.25	2	8	2	3	125	26600	125	26600	0.006304	0.00656754	0.003	0.024	212.8	46.6334	177	300	
3	3.25	2	9	3	3	125	26600	109	18080	0.00415596	0.00387101	0.003	0.017	165.872	112.664	117	560	
3	3.25	2	10	1	3	93	26536	93	26536	0.003	0	0.003	0.003	285.333	105.45	121	373	
3	3.25	3	11	5	3	149	26648	140	21190	0.0045	0.00480782	0.003	0.024	151.357	85.946	51	487	
3	3.25	3	12	3	3	133	26616	129	24377	0.00636434	0.00382414	0.003	0.017	188.969	89.9014	26	485	
3	3.25	3	13	1	3	119	26588	119	26588	0.00323529	0.00126696	0.003	0.01	223.429	72.9265	5	341	
3	3.25	3	14	4	3	134	26618	133	26727	0.00410526	0.00331951	0.003	0.017	200.955	73.0429	16	387	
3	3.25	3	15	2	3	108	26566	108	26566	0.00338889	0.00161091	0.003	0.01	245.981	99.0326	9	373	
3	3.25	1	16	3	3	124	26598	125	26643	0.005296	0.00476889	0.003	0.017	213.144	66.1076	5	389	
3	3.25	1	17	2	3	141	26632	132	22360	0.00448485	0.00497088	0.003	0.024	169.394	71.1707	75	556	
3	3.25	1	18	4	3	122	26594	123	26862	0.00601626	0.00499669	0.003	0.017	218.39	76.544	41	531	
3	3.25	1	19	5	3	102	26554	104	26990	0.00374038	0.00237297	0.003	0.017	259.519	106.941	7	453	
3	3.25	1	20	1	3	112	26576	109	23284	0.00807339	0.00578425	0.003	0.024	213.615	122.31	29	706	
3.25	3.5	4	1	5	3	124	26598	105	19659	0.00433333	0.0049588	0.003	0.024	187.229	41.7479	177	356	
3.25	3.5	4	2	3	3	125	26600	100	11700	0.003	0	0.003	0.003	117	0	117	117	
3.25	3.5	4	3	2	3	92	26534	72	15043	0.009125	0.00550272	0.003	0.024	208.931	115.655	111	706	
3.25	3.5	4	4	1	3	125	26600	103	17008	0.00361165	0.00354863	0.003	0.024	165.126	47.1461	157	436	
3.25	3.5	4	5	4	3	125	26600	125	26600	0.005632	0.00538297	0.003	0.017	212.8	24.4982	164	225	
3.25	3.5	2	6	4	3	87	26524	86	26151	0.00316279	0.00106119	0.003	0.01	304.081	95.7342	121	373	
3.25	3.5	2	7	5	3	125	26600	100	18300	0.003	0	0.003	0.003	183	45.2602	157	261	
3.25	3.5	2	8	2	3	125	26600	124	26360	0.0063871	0.00711201	0.003	0.024	212.581	47.2559	177	293	
3.25	3.5	2	9	3	3	125	26600	100	13600	0.003	0	0.003	0.003	136	33.0748	117	193	
3.25	3.5	2	10	1	3	88	26526	88	26526	0.003	0	0.003	0.003	301.432	97.5846	121	373	
3.25	3.5	3	11	5	3	127	26604	109	16597	0.00422018	0.00484263	0.003	0.024	152.266	102.982	75	560	
3.25	3.5	3	12	3	3	125	26600	115	23160	0.00823478	0.00661117	0.003	0.024	201.391	58.1527	157	344	
3.25	3.5	3	13	1	3	101	26552	101	26552	0.00334653	0.00152601	0.003	0.01	262.891	31.7099	76	285	
3.25	3.5	3	14	4	3	125	26600	125	26600	0.00496	0.00422626	0.003	0.017	212.8	69.2716	88	301	
3.25	3.5	3	15	2	3	100	26550	100	26550	0.003	0	0.003	0.003	265.5	93.0443	113	341	
3.25	3.5	1	16	3	3	125	26600	125	26600	0.005128	0.00455252	0.003	0.017	212.8	24.4982	164	225	
3.25	3.5	1	17	2	3	125	26600	112	20932	0.00475	0.00535665	0.003	0.024	186.893	86.6811	157	436	
3.25	3.5	1	18	4	3	120	26590	121	26815	0.00618182	0.00511208	0.003	0.024	221.612	50.3081	164	610	
3.25	3.5	1	19	5	3	100	26550	100	26550	0.003	0	0.003	0.003	265.5	131.429	39	341	
3.25	3.5	1	20	1	3	82	26514	73	21039	0.011726	0.00592373	0.003	0.024	288.205	206.892	177	706	
3.5	3.75	4	1	5	3	126	26602	114	22155	0.00490351	0.00520886	0.003	0.024	194.342	62.5867	117	531	
3.5	3.75	4	2	3	3	131	26614	109	14443	0.00377064	0.00373084	0.003	0.024	132.505	72.3581	75	596	
3.5	3.75	4	3	2	3	111	26574	95	18233	0.00690526	0.00537542	0.003	0.024	191.926	77.384	36	597	
3.5	3.75	4	4	1	3	127	26604	112	19853	0.0045	0.00518313	0.003	0.024	177.259	74.7719	49	492	
3.5	3.75	4	5	4	3	124	26598	124	26598	0.00520161	0.00483715	0.003	0.017	214.5	29.4167	149	387	
3.5	3.75	2	6	4	3	88	26526	89	26899	0.0031573	0.00104337	0.003	0.01	302.236	98.8603	7	373	
3.5	3.75	2	7	5	3	125	26600	105	19908	0.00386667	0.00396636	0.003	0.024	189.6	54.0498	157	332	
3.5	3.75	2	8	2	3	125	26600	123	26120	0.00647154	0.00730184	0.003	0.024	212.358	47.3318	177	300	
3.5	3.75	2	9	3	3	125	26600	105	16240	0.00386667	0.00372121	0.003	0.024	154.667	88.0446	117	520	
3.5	3.75	2	10	1	3	88	26526	88	26526	0.003	0	0.003	0.003	301.432	97.5846	121	373	
3.5	3.75	3	11	5	3	137	26624	120	17329	0.00346667	0.0028312	0.003	0.024	144.408	77.8613	75	560	
3.5	3.75	3	12	3	3	127	26606	115	22075	0.00707826	0.00499148	0.003	0.024	191.957	55.3073	85	396	
3.5	3.75	3	13	1	3	111	26572	110	26528	0.00401818	0.00281862	0.003	0.017	241.164	63.4257	44	285	
3.5	3.75	3	14	4	3	125	26600	126	26612	0.00461111	0.0041684	0.003	0.017	211.206	55.3318	88	301	
3.5	3.75	3	15	2	3	100	26550	100	26550	0.003	0	0.003	0.003	265.5	94.721	39	341	
3.5	3.75	1	16	3	3	122	26594	123	26758	0.00527642	0.00469967	0.003	0.017	217.545	50.9111	88	610	
3.5	3.75	1	17	2	3	131	26612	119	20710	0.00447059	0.00463557	0.003	0.024	174.034	85.8122	26	516	
3.5	3.75	1	18	4	3	119	26588	119	26431	0.00617647	0.00488624	0.003	0.017	222.109	64.9075	76	658	
3.5	3.75	1	19	5	3	100	26550	100	26550	0.00314	0.0014	0.003	0.017	265.5	116.065	39	343	
3.5	3.75	1	20	1	3	103	26558	93	20718	0.00864516	0.00528872	0.003	0.024	222.774	136.942	101	726	
3.75	4	4	1	5	3	133	26616	129	25192	0.00500775	0.00480803	0.003	0.024	195.287	85.5905	16	591	
3.75	4	4	2	3	3	150	26617	137	20290	0.00489051	0.00533534	0.003	0.024	148.102	78.162	32	463	
3.75	4	4	3	2	3	129	26503	122	23675	0.00707377	0.00546237	0.003	0.024	194.057	87.8897	36	551	
3.75	4	4	4	1	3	137	26624	131	24721	0.00535114	0.00553301	0.003	0.024	188.71	96.7833	30	591	
3.75	4	4	5	4	3	124	26598	125	26762	0.004624	0.00357108	0.003	0.017	214.096	42.4599	17	387	
3.75	4	2	6	4	3	91	26532	91	26532	0.00315385	0.00103197	0.003	0.01	291.56	114.94	7	373	
3.75	4	2	7	5	3	125	26600	114	22740	0.00496491	0.0053908	0.003	0.024	199.474	66.4804	157	384	
3.75	4	2	8	2	3	125	26600	122	25880	0.00569672	0.0057235	0.003	0.024	212.131	47.8967	177	300	
3.75	4	2	9	3	3	125	26600	112	19640	0.0046875	0.00499375	0.003	0.024	175.357	124.335	117	560	
3.75	4	2	10	1	3	91	26532	91	26532	0.003	0	0.003	0.003	291.56	102.783	121	373	
3.75	4	3	11	5	3	152	26654	148	23929	0.00404054	0.00403029	0.003	0.024	161.682	110.718	32	634	
3.75	4	3	12	3	3	137	26626	138	27045	0.00700725	0.00470051	0.003	0.024	195.978	93.8497	9	619	
3.75	4	3	13	1	3	124	26598	125	26642	0.00412	0.00286694	0.003	0.017	213.136	83.5438	12	389	
3.75	4	3	14	4	3	130	26610	131	26774	0.00358779	0.00230341	0.003	0.017	204.382	49.4619	17	301	
3.75	4	3	15	2	3	102	26554	102	26554	0.00306863	0.000693103	0.003	0.01	260.333	99.5181	39	341	
3.75	4	1	16	3	3	126	26602	125	26296	0.004568	0.00342744	0.003	0.017	210.368	69.2808	12	389	
3.75	4	1	17	2	3	147	26644	144	25080	0.00460417	0.00458825	0.003	0.024	174.167	98.8557	32	631	
3.75	4	1	18	4	3	127	26604	128	26804	0.00507812	0.00365998	0.003	0.017	209.406	72.2249	32	453	
3.75	4	1	19	5	3	103	26556	102	26360	0.00327451	0.00168368	0.003	0.017	258.431	100.87	4	453	
3.75	4	1	20	1	3	134	26138	133	25921	0.00705263	0.00518494	0.003	0.024	194.895	84.9545	9	551	
4	4.25	4	1	5	3	142	26634	141	25983	0.00468794	0.00441933	0.003	0.024	184.277	59.2018	10	416	
4	4.25	4	2	3	3	147	26685	142	22600	0.0052676	0.00574878	0.003	0.024	159.155	88.7538	32	460	
4	4.25	4	3	2	3	119	26703	117	24372	0.00754701	0.00453244	0.003	0.024	208.308	88.144	29	571	
4	4.25	4	4	1	3	135	26620	133	24570	0.005	0.00427112	0.003	0.024	184.737	74.3729	6	517	
4	4.25	4	5	4	3	126	26602	125	26438	0.004288	0.00325233	0.003	0.017	211.504	38.6697	17	316	
4	4.25	2	6	4	3	95	26540	95	26540	0.00307368	0.000718185	0.003	0.01	279.368	129.356	7	373	
4	4.25	2	7	5	3	125	26600	114	22480	0.0048421	0.00501957	0.003	0.024	197.193	67.7534	157	384	
4	4.25	2	8	2	3	125	26600	123	26060	0.00578862	0.0059275	0.003	0.024	211.87	47.8702	177	300	
4	4.25	2	9	3	3	125	26600	111	18920	0.00451351	0.00466294	0.003	0.024	170.45	123.713	117	560	
4	4.25	2	10	1	3	95	26540	95	26540	0.003	0	0.003	0.003	279.368	107.6	121	373	
4	4.25	3	11	5	3	144	26638	139	22852	0.00516547	0.00588981	0.003	0.024	164.403	110.256	27	597	
4	4.25	3	12	3	3	121	26594	115	23157	0.0072	0.00488858	0.003	0.024	201.365	109.204	21	694	
4	4.25	3	13	1	3	121	26592	119	26264	0.00388235	0.00296069	0.003	0.017	220.706	76.5301	17	610	
4	4.25	3	14	4	3	123	26596	121	26268	0.00380992	0.00288477	0.003	0.017	217.091	67.3911	17	610	
4	4.25	3	15	2	3	103	26556	103	26556	0.00354369	0.00253515	0.003	0.017	257.825	88.9943	16	434	
4	4.25	1	16	3	3	119	26588	119	26730	0.00511765	0.00392553	0.003	0.017	224.622	77.1169	17	479	
4	4.25	1	17	2	3	142	26634	135	23015	0.0045037	0.00404614	0.003	0.024	170.481	84.6762	33	561	
4	4.25	1	18	4	3	123	26596	122	26409	0.00535246	0.0040857	0.003	0.017	216.467	79.5955	52	483	
4	4.25	1	19	5	3	106	26562	107	26758	0.00378505	0.00241859	0.003	0.017	250.075	102.583	12	453	
4	4.25	1	20	1	3	127	27088	123	23840	0.00704065	0.00439149	0.003	0.024	193.821	92.1376	48	651	
4.25	4.5	4	1	5	3	130	26610	125	24319	0.00496	0.00491771	0.003	0.024	194.552	66.7347	57	531	
4.25	4.5	4	2	3	3	147	26644	130	18650	0.00423846	0.00456784	0.003	0.024	143.462	84.7385	32	597	
4.25	4.5	4	3	2	3	131	26612	123	22973	0.00686992	0.00546668	0.003	0.024	186.772	73.538	49	597	
4.25	4.5	4	4	1	3	133	26616	123	22070	0.00459349	0.00481091	0.003	0.024	179.431	70.9398	49	544	
4.25	4.5	4	5	4	3	122	26594	123	26535	0.00470732	0.0038384	0.003	0.017	215.732	39.9863	73	463	
4.25	4.5	2	6	4	3	90	26530	90	26530	0.00323333	0.00126358	0.003	0.01	294.778	104.561	7	373	
4.25	4.5	2	7	5	3	129	26608	113	21343	0.00380531	0.00346889	0.003	0.024	188.876	58.0686	73	384	
4.25	4.5	2	8	2	3	127	26604	120	24924	0.004925	0.00504961	0.003	0.024	207.7	52.3522	9	300	
4.25	4.5	2	9	3	3	129	26608	114	18801	0.00410526	0.00401406	0.003	0.024	164.921	100.703	75	520	
4.25	4.5	2	10	1	3	88	26526	88	26526	0.003	0	0.003	0.003	301.432	98.8764	75	373	
4.25	4.5	3	11	5	3	153	26656	148	23785	0.00375676	0.00375368	0.003	0.024	160.709	110.345	32	596	
4.25	4.5	3	12	3	3	126	26606	121	24638	0.00739669	0.00479319	0.003	0.024	203.62	92.1641	9	694	
4.25	4.5	3	13	1	3	126	26602	128	26930	0.00392969	0.00308969	0.003	0.017	210.391	35.7342	73	301	
4.25	4.5	3	14	4	3	126	26602	128	26930	0.003875	0.003043	0.003	0.017	210.391	35.2193	17	301	
4.25	4.5	3	15	2	3	101	26552	101	26552	0.003	0	0.003	0.003	262.891	102.847	39	341	
4.25	4.5	1	16	3	3	121	26592	122	26533	0.00483606	0.00400487	0.003	0.017	217.484	49.4765	88	387	
4.25	4.5	1	17	2	3	139	26628	131	22859	0.00422901	0.00411669	0.003	0.024	174.496	93.4905	75	631	
4.25	4.5	1	18	4	3	123	26596	124	26585	0.00491935	0.00402552	0.003	0.017	214.395	40.8586	149	435	
4.25	4.5	1	19	5	3	100	26550	99	26455	0.00314141	0.00140705	0.003	0.017	267.222	92.4465	39	341	
4.25	4.5	1	20	1	3	129	26614	122	23826	0.0072459	0.00521332	0.003	0.024	195.295	79.6925	34	726	
4.5	4.75	4	1	5	3	145	26640	146	27097	0.00453425	0.00353537	0.003	0.024	185.596	71.2851	9	531	
4.5	4.75	4	2	3	3	159	26668	155	24461	0.00561935	0.006238	0.003	0.024	157.813	80.099	41	421	
4.5	4.75	4	3	2	3	140	26630	140	26862	0.0061	0.00476996	0.003	0.024	191.871	78.1521	57	571	
4.5	4.75	4	4	1	3	140	26630	142	27744	0.00546479	0.00487527	0.003	0.024	195.38	95.0099	22	746	
4.5	4.75	4	5	4	3	128	26606	128	26976	0.00425781	0.00283745	0.003	0.017	210.75	57.0213	21	463	
4.5	4.75	2	6	4	3	94	26538	94	26538	0.003	0	0.003	0.003	282.319	125.832	7	373	
4.5	4.75	2	7	5	3	125	26600	112	21717	0.0045625	0.00457526	0.003	0.024	193.902	62.8666	157	384	
4.5	4.75	2	8	2	3	125	26600	122	25760	0.00558197	0.00556233	0.003	0.024	211.148	47.2429	177	300	
4.5	4.75	2	9	3	3	125	26600	107	16880	0.00391589	0.00347802	0.003	0.017	157.757	96.8174	117	520	
4.5	4.75	2	10	1	3	94	26538	94	26538	0.003	0	0.003	0.003	282.319	106.584	121	373	
4.5	4.75	3	11	5	3	157	26664	152	24750	0.00447368	0.00438533	0.003	0.024	162.829	100.39	64	711	
4.5	4.75	3	12	3	3	126	26604	126	26581	0.00711111	0.00436206	0.003	0.024	210.96	109.823	28	597	
4.5	4.75	3	13	1	3	128	26606	128	26606	0.00360156	0.00215662	0.003	0.017	207.859	68.7038	17	446	
4.5	4.75	3	14	4	3	129	26608	129	26608	0.00381395	0.00257016	0.003	0.017	206.264	69.829	12	389	
4.5	4.75	3	15	2	3	107	26564	107	26564	0.00345794	0.00173901	0.003	0.01	248.262	101.061	20	341	
4.5	4.75	1	16	3	3	123	26596	121	26610	0.00502479	0.00418422	0.003	0.017	219.917	62.0784	33	387	
4.5	4.75	1	17	2	3	140	26630	131	22410	0.00444275	0.0041383	0.003	0.024	171.069	91.5431	36	631	
4.5	4.75	1	18	4	3	126	26602	124	26520	0.00514516	0.00429727	0.003	0.017	213.871	79.8996	36	531	
4.5	4.75	1	19	5	3	105	26560	104	26163	0.00374038	0.00256562	0.003	0.017	251.567	105.492	4	373	
4.5	4.75	1	20	1	3	123	26600	120	25149	0.00743333	0.00512816	0.003	0.024	209.575	120.872	29	706	
4.75	5	4	1	5	3	157	26664	155	26370	0.00349677	0.00180322	0.003	0.01	170.129	44.5422	9	301	
4.75	5	4	2	3	3	168	26686	166	26241	0.00531928	0.00536096	0.003	0.024	158.078	67.3606	46	389	
4.75	5	4	3	2	3	136	26622	135	26385	0.0059037	0.00376527	0.003	0.024	195.444	71.6222	25	389	
4.75	5	4	4	1	3	145	26640	145	26580	0.00488276	0.00342682	0.003	0.024	183.31	62.7986	25	368	
4.75	5	4	5	4	3	130	26610	130	26311	0.00386154	0.00230857	0.003	0.01	202.392	51.4394	17	341	
4.75	5	2	6	4	3	93	26536	93	26536	0.003	0	0.003	0.003	285.333	123.038	7	373	
4.75	5	2	7	5	3	125	26600	117	23860	0.00509402	0.00497231	0.003	0.017	203.932	74.592	157	384	
4.75	5	2	8	2	3	125	26600	123	26180	0.00573171	0.00564245	0.003	0.024	212.846	48.2211	177	300	
4.75	5	2	9	3	3	125	26600	112	19640	0.0045625	0.00437804	0.003	0.017	175.357	125.21	117	560	
4.75	5	2	10	1	3	94	26538	94	26538	0.003	0	0.003	0.003	282.319	106.584	121	373	
4.75	5	3	11	5	3	158	26666	155	25557	0.00525806	0.00596618	0.003	0.024	164.884	101.132	32	530	
4.75	5	3	12	3	3	130	26576	128	26273	0.00753906	0.00573277	0.003	0.024	205.258	93.5663	28	650	
4.75	5	3	13	1	3	125	26600	124	26259	0.00328226	0.00138259	0.003	0.01	211.766	58.563	17	327	
4.75	5	3	14	4	3	131	26612	130	26327	0.00364615	0.00203406	0.003	0.01	202.515	65.3749	16	373	
4.75	5	3	15	2	3	102	26554	101	26231	0.00341584	0.00166293	0.003	0.01	259.713	91.6224	39	373	
4.75	5	1	16	3	3	121	26592	122	26713	0.00535246	0.00427934	0.003	0.017	218.959	71.3905	16	389	
4.75	5	1	17	2	3	150	26650	141	23627	0.0046383	0.00539878	0.003	0.024	167.567	54.8058	38	412	
4.75	5	1	18	4	3	124	26598	125	26815	0.005856	0.00454139	0.003	0.017	214.52	73.6256	36	389	
4.75	5	1	19	5	3	105	26560	107	27052	0.00463551	0.00297598	0.003	0.01	252.822	93.2838	31	453	
4.75	5	1	20	1	3	132	26614	126	24461	0.00683333	0.00520884	0.003	0.024	194.135	95.3641	49	706	
5	5.25	4	1	5	3	146	26642	147	26580	0.00480952	0.0032862	0.003	0.017	180.816	63.3604	9	356	
5	5.25	4	2	3	3	160	26670	156	24577	0.00582692	0.00668958	0.003	0.024	157.545	86.5871	10	428	
5	5.25	4	3	2	3	135	26338	133	25825	0.00652631	0.00427569	0.003	0.024	194.173	68.4569	49	396	
5	5.25	4	4	1	3	138	26626	136	25882	0.00516176	0.00385904	0.003	0.024	190.309	77.0939	29	436	
5	5.25	4	5	4	3	126	26602	127	26918	0.00437795	0.00293022	0.003	0.017	211.953	43.6993	33	316	
5	5.25	2	6	4	3	92	26534	92	26534	0.003	0	0.003	0.003	288.413	120.962	7	373	
5	5.25	2	7	5	3	125	26600	106	19928	0.00392453	0.00387347	0.003	0.024	188	55.2987	157	384	
5	5.25	2	8	2	3	125	26600	121	25700	0.00566116	0.00594356	0.003	0.024	212.397	48.8932	177	300	
5	5.25	2	9	3	3	125	26600	103	15080	0.00347573	0.00245287	0.003	0.017	146.408	64.8914	117	520	
5	5.25	2	10	1	3	92	26534	92	26534	0.003	0	0.003	0.003	288.413	104.186	121	373	
5	5.25	3	11	5	3	150	26650	149	25523	0.00516107	0.00526727	0.003	0.024	171.295	110.094	22	602	
5	5.25	3	12	3	3	145	26678	146	26795	0.00669178	0.00501386	0.003	0.024	183.527	102.785	5	504	
5	5.25	3	13	1	3	133	26616	134	26957	0.00378358	0.002668	0.003	0.017	201.172	72.9992	5	389	
5	5.25	3	14	4	3	136	26622	137	26907	0.00381752	0.0025559	0.003	0.017	196.401	68.9115	5	389	
5	5.25	3	15	2	3	112	26574	113	26897	0.00411504	0.0027378	0.003	0.017	238.027	104.45	4	373	
5	5.25	1	16	3	3	122	26594	124	26846	0.00559677	0.00508612	0.003	0.017	216.5	54.6311	73	389	
5	5.25	1	17	2	3	137	26624	125	21063	0.004288	0.00420602	0.003	0.024	168.504	77.3672	75	476	
5	5.25	1	18	4	3	123	26596	124	26624	0.00576613	0.00511352	0.003	0.017	214.71	54.0832	57	389	
5	5.25	1	19	5	3	101	26552	101	26552	0.003	0	0.003	0.003	262.891	91.2745	39	341	
5	5.25	1	20	1	3	104	26176	97	22327	0.00826804	0.00495294	0.003	0.024	230.175	151.684	49	706	
5.25	5.5	4	1	5	3	146	26642	143	25928	0.00466433	0.00469633	0.003	0.024	181.315	72.7632	10	517	
5.25	5.5	4	2	3	3	155	26547	150	23416	0.00552	0.00602981	0.003	0.024	156.107	80.9204	25	517	
5.25	5.5	4	3	2	3	139	26914	136	25653	0.00624265	0.00465951	0.003	0.024	188.625	81.2417	29	504	
5.25	5.5	4	4	1	3	142	26636	138	25326	0.00502898	0.00464812	0.003	0.024	183.522	79.1713	6	517	
5.25	5.5	4	5	4	3	126	26602	125	26438	0.004456	0.00324162	0.003	0.017	211.504	55.8784	17	468	
5.25	5.5	2	6	4	3	89	26528	89	26528	0.003	0	0.003	0.003	298.067	104.264	7	373	
5.25	5.5	2	7	5	3	125	26600	112	22284	0.004625	0.00478949	0.003	0.024	198.964	65.6941	157	384	
5.25	5.5	2	8	2	3	125	26600	121	25640	0.00566116	0.00580453	0.003	0.024	211.901	47.6098	177	300	
5.25	5.5	2	9	3	3	125	26600	109	18240	0.0042844	0.0043824	0.003	0.024	167.339	106.966	117	560	
5.25	5.5	2	10	1	3	89	26528	89	26528	0.003	0	0.003	0.003	298.067	99.4986	121	373	
5.25	5.5	3	11	5	3	153	26656	145	22989	0.00430345	0.00466566	0.003	0.024	158.545	93.9207	75	596	
5.25	5.5	3	12	3	3	128	26608	124	25223	0.00729032	0.00502639	0.003	0.024	203.411	105.594	45	669	
5.25	5.5	3	13	1	3	126	26602	126	26602	0.00366667	0.0025706	0.003	0.017	211.127	49.9037	44	387	
5.25	5.5	3	14	4	3	131	26612	131	26612	0.00353435	0.00239646	0.003	0.017	203.145	52.3186	28	301	
5.25	5.5	3	15	2	3	103	26556	103	26556	0.003	0	0.003	0.003	257.825	106.102	4	341	
5.25	5.5	1	16	3	3	123	26596	122	26311	0.00454918	0.00365699	0.003	0.017	215.664	64.6098	16	463	
5.25	5.5	1	17	2	3	141	26632	132	21950	0.0042197	0.00381903	0.003	0.024	166.288	77.2473	75	572	
5.25	5.5	1	18	4	3	123	26596	122	26534	0.00512295	0.00401357	0.003	0.017	217.492	80.0033	25	559	
5.25	5.5	1	19	5	3	105	26560	104	26465	0.00347115	0.0020143	0.003	0.017	254.471	85.1835	40	341	
5.25	5.5	1	20	1	3	134	26908	132	26307	0.00708333	0.00512	0.003	0.024	199.295	105.197	8	631	
5.5	5.75	4	1	5	3	130	26610	131	26492	0.0060458	0.00638612	0.003	0.024	202.229	95.9498	16	597	
5.5	5.75	4	2	3	3	147	26765	131	18267	0.00417557	0.00452426	0.003	0.024	139.443	87.8581	25	517	
5.5	5.75	4	3	2	3	130	26616	127	25115	0.00796063	0.00654702	0.003	0.024	197.756	93.9658	17	532	
5.5	5.75	4	4	1	3	133	26616	132	25157	0.00570454	0.00639386	0.003	0.024	190.583	100.718	6	548	
5.5	5.75	4	5	4	3	125	26600	125	26448	0.004568	0.00331014	0.003	0.017	211.584	38.9398	73	316	
5.5	5.75	2	6	4	3	89	26528	89	26528	0.003	0	0.003	0.003	298.067	101.734	7	373	
5.5	5.75	2	7	5	3	125	26600	109	21236	0.00415596	0.00387101	0.003	0.017	194.826	60.4573	157	384	
5.5	5.75	2	8	2	3	125	26600	121	25640	0.00566116	0.00594356	0.003	0.024	211.901	47.788	177	300	
5.5	5.75	2	9	3	3	125	26600	106	16680	0.00385849	0.00357621	0.003	0.024	157.358	96.1685	117	560	
5.5	5.75	2	10	1	3	88	26526	88	26526	0.003	0	0.003	0.003	301.432	97.5846	121	373	
5.5	5.75	3	11	5	3	155	26660	149	22626	0.00337584	0.00267237	0.003	0.024	151.852	84.0705	75	596	
5.5	5.75	3	12	3	3	125	26604	119	23361	0.00694118	0.00452356	0.003	0.024	196.311	71.78	94	551	
5.5	5.75	3	13	1	3	125	26600	125	26600	0.00384	0.00327847	0.003	0.017	212.8	26.9976	149	240	
5.5	5.75	3	14	4	3	125	26600	125	26600	0.003896	0.00332348	0.003	0.017	212.8	29.6381	88	301	
5.5	5.75	3	15	2	3	100	26550	100	26550	0.003	0	0.003	0.003	265.5	94.7193	39	341	
5.5	5.75	1	16	3	3	125	26600	125	26797	0.004848	0.00345957	0.003	0.017	214.376	64.8451	16	387	
5.5	5.75	1	17	2	3	141	26632	137	24301	0.00458394	0.00415799	0.003	0.024	177.38	91.9296	62	556	
5.5	5.75	1	18	4	3	125	26600	126	26778	0.00516667	0.00359277	0.003	0.017	212.524	62.2376	57	483	
5.5	5.75	1	19	5	3	102	26554	103	26649	0.00347573	0.00177037	0.003	0.01	258.728	93.1942	4	341	
5.5	5.75	1	20	1	3	134	26718	130	25321	0.00698461	0.00468874	0.003	0.024	194.777	80.7511	9	571	
5.75	6	4	1	5	3	141	26632	141	26767	0.00533333	0.00513485	0.003	0.024	189.837	90.943	9	597	
5.75	6	4	2	3	3	158	26672	150	22984	0.00500667	0.00546065	0.003	0.024	153.227	91.7731	18	597	
5.75	6	4	3	2	3	142	26638	143	26997	0.00686713	0.00567579	0.003	0.024	188.79	103.405	9	597	
5.75	6	4	4	1	3	144	26638	142	26594	0.00516901	0.00521859	0.003	0.024	187.282	94.9553	49	597	
5.75	6	4	5	4	3	126	26602	126	26825	0.00394444	0.00240102	0.003	0.01	212.897	55.0255	48	463	
5.75	6	2	6	4	3	90	26530	90	26530	0.003	0	0.003	0.003	294.778	110.563	7	373	
5.75	6	2	7	5	3	130	26610	119	22750	0.00417647	0.0037926	0.003	0.017	191.176	62.0025	73	384	
5.75	6	2	8	2	3	127	26604	126	26244	0.00511111	0.00502987	0.003	0.017	208.286	50.5912	9	300	
5.75	6	2	9	3	3	132	26614	117	19463	0.00407692	0.0035139	0.003	0.017	166.35	100.567	117	560	
5.75	6	2	10	1	3	89	26528	89	26528	0.003	0	0.003	0.003	298.067	100.127	75	373	
5.75	6	3	11	5	3	159	26668	156	25790	0.00452564	0.00479038	0.003	0.024	165.321	100.465	26	596	
5.75	6	3	12	3	3	134	26618	135	26930	0.00678518	0.0051142	0.003	0.024	199.481	99.2709	25	694	
5.75	6	3	13	1	3	128	26606	128	26606	0.00316406	0.00106318	0.003	0.01	207.859	54.0782	17	387	
5.75	6	3	14	4	3	132	26614	132	26614	0.00321212	0.00120451	0.003	0.01	201.621	54.3457	17	316	
5.75	6	3	15	2	3	103	26556	103	26556	0.003	0	0.003	0.003	257.825	96.8263	4	341	
5.75	6	1	16	3	3	125	26600	126	26688	0.00455555	0.00329983	0.003	0.017	211.81	71.0102	12	550	
5.75	6	1	17	2	3	153	26656	149	25082	0.00426846	0.00390708	0.003	0.024	168.336	76.7223	10	516	
5.75	6	1	18	4	3	133	26616	134	26820	0.00435821	0.00315133	0.003	0.017	200.149	69.0542	10	483	
5.75	6	1	19	5	3	104	26558	104	26558	0.00360577	0.00220511	0.003	0.017	255.365	89.9654	12	373	
5.75	6	1	20	1	3	141	26632	143	26978	0.00681818	0.00482458	0.003	0.024	188.657	82.2078	29	571	
6	6.25	4	1	5	3	146	26642	136	23917	0.00505882	0.00584841	0.003	0.024	175.86	31.3832	57	356	
6	6.25	4	2	3	3	147	26644	133	19814	0.0048421	0.00590049	0.003	0.024	148.977	101.049	41	481	
6	6.25	4	3	2	3	140	26634	132	23935	0.00724242	0.00662994	0.003	0.024	181.326	57.5991	49	416	
6	6.25	4	4	1	3	147	26644	140	24057	0.0053	0.0063639	0.003	0.024	171.836	42.6096	74	308	
6	6.25	4	5	4	3	129	26608	128	26373	0.00338281	0.00220637	0.003	0.017	206.039	45.0212	17	316	
6	6.25	2	6	4	3	79	26508	79	26508	0.00308861	0.000787562	0.003	0.01	335.544	65.6015	7	373	
6	6.25	2	7	5	3	146	26642	142	25262	0.00314789	0.00176228	0.003	0.024	177.901	63.3914	73	261	
6	6.25	2	8	2	3	125	26600	123	26120	0.00351219	0.00299553	0.003	0.024	212.358	47.4563	177	300	
6	6.25	2	9	3	3	165	26680	162	24582	0.00399383	0.00279862	0.003	0.024	151.741	82.1752	22	447	
6	6.25	2	10	1	3	78	26506	78	26506	0.003	0	0.003	0.003	339.821	61.0852	75	373	
6	6.25	3	11	5	3	150	26650	142	22486	0.00502113	0.00610251	0.003	0.024	158.352	96.428	75	445	
6	6.25	3	12	3	3	138	26626	134	24879	0.00785821	0.00709034	0.003	0.024	185.664	53.2311	57	421	
6	6.25	3	13	1	3	126	26602	124	26274	0.00328226	0.00187218	0.003	0.017	211.887	28.9867	73	240	
6	6.25	3	14	4	3	125	26600	123	26272	0.00328455	0.00187966	0.003	0.017	213.593	24.2696	149	240	
6	6.25	3	15	2	3	101	26552	101	26552	0.003	0	0.003	0.003	262.891	90.8969	40	341	
6	6.25	1	16	3	3	134	26618	132	26290	0.00331818	0.00209441	0.003	0.017	199.167	49.0068	17	240	
6	6.25	1	17	2	3	148	26646	135	21373	0.00414074	0.00437797	0.003	0.024	158.319	58.9372	58	556	
6	6.25	1	18	4	3	144	26638	142	26118	0.00388732	0.00287098	0.003	0.017	183.93	62.2292	6	308	
6	6.25	1	19	5	3	102	26554	102	26554	0.003	0	0.003	0.003	260.333	88.1035	40	341	
6	6.25	1	20	1	3	130	26610	127	25402	0.00845669	0.0068831	0.003	0.024	200.016	57.7773	57	416	
6.25	6.5	4	1	5	3	138	26626	137	25934	0.00504379	0.00481399	0.003	0.024	189.299	84.1033	16	597	
6.25	6.5	4	2	3	3	150	26652	136	20868	0.00480147	0.00532057	0.003	0.024	153.441	88.537	25	517	
6.25	6.5	4	3	2	3	135	26624	133	25879	0.00778947	0.00593022	0.003	0.024	194.579	90.7792	21	517	
6.25	6.5	4	4	1	3	140	26630	137	25648	0.00535036	0.00571195	0.003	0.024	187.212	92.6894	6	517	
6.25	6.5	4	5	4	3	123	26596	125	26924	0.004344	0.00304033	0.003	0.017	215.392	39.2338	93	387	
6.25	6.5	2	6	4	3	89	26528	89	26528	0.003	0	0.003	0.003	298.067	107.05	7	373	
6.25	6.5	2	7	5	3	125	26600	110	21464	0.0044	0.00452759	0.003	0.024	195.127	60.9708	157	384	
6.25	6.5	2	8	2	3	125	26600	123	26060	0.00573171	0.00564245	0.003	0.024	211.87	46.9469	177	300	
6.25	6.5	2	9	3	3	125	26600	112	19800	0.004625	0.00478949	0.003	0.024	176.786	122.07	117	560	
6.25	6.5	2	10	1	3	90	26530	90	26530	0.003	0	0.003	0.003	294.778	101.225	121	373	
6.25	6.5	3	11	5	3	155	26660	153	25717	0.00418954	0.00415609	0.003	0.024	168.085	107.849	75	596	
6.25	6.5	3	12	3	3	139	26630	140	27026	0.007	0.00476045	0.003	0.024	193.043	86.7306	29	571	
6.25	6.5	3	13	1	3	128	26606	130	26934	0.00375385	0.0025029	0.003	0.017	207.185	44.7764	33	316	
6.25	6.5	3	14	4	3	129	26608	131	26936	0.00364122	0.0023699	0.003	0.017	205.618	48.4038	17	316	
6.25	6.5	3	15	2	3	105	26560	105	26560	0.00306667	0.00068313	0.003	0.01	252.952	105.504	5	341	
6.25	6.5	1	16	3	3	125	26600	126	26764	0.0045	0.00314388	0.003	0.017	212.413	53.9434	73	387	
6.25	6.5	1	17	2	3	146	26642	145	25971	0.0045931	0.00464802	0.003	0.024	179.11	100.102	49	556	
6.25	6.5	1	18	4	3	125	26600	126	26860	0.00472222	0.00339326	0.003	0.017	213.175	66.5436	36	483	
6.25	6.5	1	19	5	3	102	26554	102	26554	0.00320588	0.00154368	0.003	0.017	260.333	89.514	39	341	
6.25	6.5	1	20	1	3	135	26465	134	26057	0.00733582	0.00506342	0.003	0.024	194.455	88.643	29	504	
6.5	6.75	4	1	5	3	142	26634	143	27151	0.00466433	0.00439261	0.003	0.024	189.867	69.3284	9	531	
6.5	6.75	4	2	3	3	156	26664	145	21844	0.00464138	0.00459419	0.003	0.024	150.648	76.0038	43	517	
6.5	6.75	4	3	2	3	141	26632	140	26631	0.0066	0.00547302	0.003	0.024	190.221	82.8702	25	571	
6.5	6.75	4	4	1	3	139	26628	137	26470	0.00550365	0.00535109	0.003	0.024	193.212	87.5063	25	591	
6.5	6.75	4	5	4	3	126	26602	125	26317	0.004176	0.00277391	0.003	0.017	210.536	44.0991	17	387	
6.5	6.75	2	6	4	3	88	26526	88	26526	0.003	0	0.003	0.003	301.432	97.6006	7	373	
6.5	6.75	2	7	5	3	125	26600	112	22284	0.004625	0.00478949	0.003	0.024	198.964	63.9158	157	384	
6.5	6.75	2	8	2	3	125	26600	122	25940	0.0057541	0.00587094	0.003	0.024	212.623	48.0582	177	300	
6.5	6.75	2	9	3	3	125	26600	109	18280	0.00422018	0.00390953	0.003	0.017	167.706	109.456	117	520	
6.5	6.75	2	10	1	3	88	26526	88	26526	0.003	0	0.003	0.003	301.432	97.5846	121	373	
6.5	6.75	3	11	5	3	149	26648	142	23590	0.00438028	0.00427052	0.003	0.024	166.127	107.444	26	560	
6.5	6.75	3	12	3	3	139	26630	137	26117	0.00718978	0.00452856	0.003	0.024	190.635	106.275	9	746	
6.5	6.75	3	13	1	3	136	26622	136	26622	0.00346323	0.00212187	0.003	0.017	195.75	63.082	17	316	
6.5	6.75	3	14	4	3	129	26608	129	26608	0.00386822	0.00262613	0.003	0.017	206.264	71.1442	5	389	
6.5	6.75	3	15	2	3	106	26562	106	26562	0.00313207	0.000956934	0.003	0.01	250.585	116.68	4	341	
6.5	6.75	1	16	3	3	126	26602	126	26481	0.00455555	0.0036388	0.003	0.017	210.167	61.9534	5	408	
6.5	6.75	1	17	2	3	149	26648	138	21944	0.00365942	0.00303627	0.003	0.024	159.014	68.3767	26	516	
6.5	6.75	1	18	4	3	127	26604	127	26579	0.0048189	0.00376369	0.003	0.017	209.283	68.0149	57	591	
6.5	6.75	1	19	5	3	103	26556	102	26405	0.00320588	0.00118854	0.003	0.01	258.873	80.5118	52	373	
6.5	6.75	1	20	1	3	133	26779	126	23422	0.00644444	0.00449276	0.003	0.024	185.889	67.3594	9	416	
6.75	7	4	1	5	3	159	26668	159	26668	0.00348428	0.00274174	0.003	0.024	167.723	45.5713	10	233	
6.75	7	4	2	3	3	168	26692	169	26725	0.00536095	0.00522983	0.003	0.024	158.136	63.6133	43	305	
6.75	7	4	3	2	3	146	26642	147	26767	0.00580952	0.00406848	0.003	0.024	182.088	49.2363	49	379	
6.75	7	4	4	1	3	149	26648	152	27019	0.00493421	0.00396286	0.003	0.024	177.757	52.8901	9	301	
6.75	7	4	5	4	3	129	26608	130	26893	0.00402308	0.00248239	0.003	0.01	206.869	47.5866	17	285	
6.75	7	2	6	4	3	88	26526	88	26526	0.003	0	0.003	0.003	301.432	95.9799	7	373	
6.75	7	2	7	5	3	125	26600	118	24224	0.00519491	0.00507088	0.003	0.017	205.288	67.4437	157	332	
6.75	7	2	8	2	3	125	26600	125	26600	0.0058	0.00562254	0.003	0.017	212.8	47.0775	177	300	
6.75	7	2	9	3	3	125	26600	116	21920	0.00493103	0.00484853	0.003	0.017	188.966	133.585	117	520	
6.75	7	2	10	1	3	88	26526	88	26526	0.003	0	0.003	0.003	301.432	97.5846	121	373	
6.75	7	3	11	5	3	165	26680	165	26722	0.00478182	0.00486785	0.003	0.024	161.952	80.5629	75	487	
6.75	7	3	12	3	3	138	26626	139	26743	0.0063741	0.00424311	0.003	0.024	192.396	82.4479	8	539	
6.75	7	3	13	1	3	127	26604	127	26604	0.00327559	0.00136671	0.003	0.01	209.48	61.4347	17	387	
6.75	7	3	14	4	3	134	26618	134	26618	0.00310448	0.000851965	0.003	0.01	198.642	55.8186	17	301	
6.75	7	3	15	2	3	101	26552	101	26552	0.00320792	0.00119429	0.003	0.01	262.891	109.949	4	373	
6.75	7	1	16	3	3	129	26608	128	26319	0.00485937	0.00377671	0.003	0.017	205.617	79.8667	5	389	
6.75	7	1	17	2	3	155	26660	149	24076	0.00483221	0.00523554	0.003	0.024	161.584	54.478	12	311	
6.75	7	1	18	4	3	132	26614	131	26238	0.00535114	0.00403623	0.003	0.017	200.29	91.8028	25	389	
6.75	7	1	19	5	3	109	26568	110	26719	0.00420909	0.00265819	0.003	0.01	242.9	95.5826	8	378	
6.75	7	1	20	1	3	139	26628	136	25400	0.00691176	0.00516609	0.003	0.024	186.765	79.7479	29	504	
7	7.25	4	1	5	3	152	26654	150	25997	0.00356	0.00263044	0.003	0.024	173.313	43.171	10	356	
7	7.25	4	2	3	3	163	26676	160	24693	0.00523125	0.00498832	0.003	0.024	154.331	65.8492	32	428	
7	7.25	4	3	2	3	143	26638	140	25370	0.0058	0.00382946	0.003	0.024	181.214	54.8676	49	396	
7	7.25	4	4	1	3	146	26642	143	25402	0.00437063	0.00313696	0.003	0.024	177.636	52.4111	69	436	
7	7.25	4	5	4	3	130	26610	129	26517	0.00381395	0.00257016	0.003	0.017	205.558	46.0003	17	285	
7	7.25	2	6	4	3	88	26526	88	26526	0.003	0	0.003	0.003	301.432	97.4875	7	373	
7	7.25	2	7	5	3	125	26600	116	23612	0.00499138	0.00503983	0.003	0.024	203.552	67.361	157	384	
7	7.25	2	8	2	3	125	26600	123	26120	0.00573171	0.00578306	0.003	0.024	212.358	47.4563	177	300	
7	7.25	2	9	3	3	125	26600	116	21920	0.00493103	0.00484853	0.003	0.017	188.966	136.493	117	560	
7	7.25	2	10	1	3	88	26526	88	26526	0.003	0	0.003	0.003	301.432	97.5846	121	373	
7	7.25	3	11	5	3	161	26672	158	24764	0.00424051	0.00436464	0.003	0.024	156.734	86.5834	26	596	
7	7.25	3	12	3	3	133	26618	130	25876	0.00671538	0.00470895	0.003	0.024	199.046	86.3462	28	694	
7	7.25	3	13	1	3	125	26600	125	26600	0.003504	0.00238146	0.003	0.017	212.8	43.5088	17	316	
7	7.25	3	14	4	3	129	26608	129	26608	0.00348837	0.0023456	0.003	0.017	206.264	52.8352	17	301	
7	7.25	3	15	2	3	100	26550	100	26550	0.00328	0.00137862	0.003	0.01	265.5	118.471	4	373	
7	7.25	1	16	3	3	126	26602	127	27088	0.00487401	0.00398806	0.003	0.017	213.291	71.0065	33	389	
7	7.25	1	17	2	3	150	26650	142	23335	0.00423239	0.00419332	0.003	0.024	164.331	60.9605	5	421	
7	7.25	1	18	4	3	127	26604	126	26758	0.00527778	0.00423063	0.003	0.017	212.365	83.0805	37	483	
7	7.25	1	19	5	3	107	26564	107	26564	0.00371963	0.00213592	0.003	0.01	248.262	92.1323	60	373	
7	7.25	1	20	1	3	134	26618	133	25919	0.00694737	0.0051232	0.003	0.024	194.88	86.0525	29	571	
7.25	7.5	4	1	5	3	134	26618	134	26794	0.00540298	0.00563571	0.003	0.024	199.955	92.933	16	591	
7.25	7.5	4	2	3	3	150	26654	135	19673	0.00486667	0.00542218	0.003	0.024	145.726	85.2394	27	517	
7.25	7.5	4	3	2	3	128	26616	129	26773	0.00858915	0.00668559	0.003	0.024	207.543	118.977	8	597	
7.25	7.5	4	4	1	3	135	26620	135	26775	0.00616296	0.00693273	0.003	0.024	198.333	117.824	6	597	
7.25	7.5	4	5	4	3	122	26594	122	26523	0.00431967	0.0027492	0.003	0.01	217.402	52.9118	73	463	
7.25	7.5	2	6	4	3	88	26526	88	26526	0.003	0	0.003	0.003	301.432	96.936	113	373	
7.25	7.5	2	7	5	3	125	26600	109	21288	0.00422018	0.00413512	0.003	0.024	195.303	59.7922	157	332	
7.25	7.5	2	8	2	3	125	26600	115	24200	0.00482609	0.00473557	0.003	0.017	210.435	48.4296	177	293	
7.25	7.5	2	9	3	3	125	26600	107	17280	0.00398131	0.00377924	0.003	0.024	161.495	100.519	117	520	
7.25	7.5	2	10	1	3	87	26524	87	26524	0.003	0	0.003	0.003	304.874	95.4624	121	373	
7.25	7.5	3	11	5	3	155	26660	149	23509	0.00384564	0.00389512	0.003	0.024	157.779	103.889	26	596	
7.25	7.5	3	12	3	3	126	26604	127	26143	0.00707874	0.00470327	0.003	0.024	205.85	94.8752	49	746	
7.25	7.5	3	13	1	3	127	26604	127	26604	0.00344094	0.0021144	0.003	0.017	209.48	36.7093	17	301	
7.25	7.5	3	14	4	3	126	26602	126	26602	0.00361111	0.00234597	0.003	0.017	211.127	36.6499	73	301	
7.25	7.5	3	15	2	3	100	26550	100	26550	0.003	0	0.003	0.003	265.5	113.273	39	341	
7.25	7.5	1	16	3	3	124	26598	124	26593	0.00435484	0.00291671	0.003	0.017	214.46	60.5779	16	387	
7.25	7.5	1	17	2	3	146	26642	141	23686	0.00404255	0.00289056	0.003	0.024	167.986	84.6384	36	516	
7.25	7.5	1	18	4	3	121	26592	123	26731	0.00482114	0.00321123	0.003	0.017	217.325	64.2494	57	483	
7.25	7.5	1	19	5	3	103	26556	103	26556	0.00361165	0.00261306	0.003	0.017	257.825	96.0758	4	341	
7.25	7.5	1	20	1	3	133	26618	133	26073	0.00763158	0.00478868	0.003	0.024	196.038	93.5077	9	571	
7.5	7.75	4	1	5	3	157	26664	158	26789	0.00348734	0.00195405	0.003	0.017	169.551	44.0404	10	233	
7.5	7.75	4	2	3	3	166	26682	166	26683	0.00553012	0.00545802	0.003	0.024	160.741	69.3694	46	421	
7.5	7.75	4	3	2	3	144	26638	145	27011	0.0058	0.00344117	0.003	0.01	186.283	61.696	29	373	
7.5	7.75	4	4	1	3	149	26648	149	26684	0.00455033	0.00291649	0.003	0.01	179.087	50.4109	69	368	
7.5	7.75	4	5	4	3	130	26610	130	26610	0.00413077	0.00258615	0.003	0.01	204.692	44.508	17	285	
7.5	7.75	2	6	4	3	87	26524	87	26524	0.003	0	0.003	0.003	304.874	93.3916	113	373	
7.5	7.75	2	7	5	3	125	26600	118	24276	0.00513559	0.00505511	0.003	0.017	205.729	68.0284	157	332	
7.5	7.75	2	8	2	3	125	26600	122	25880	0.00552459	0.00540464	0.003	0.017	212.131	47.5121	177	293	
7.5	7.75	2	9	3	3	125	26600	117	22440	0.00503419	0.00495485	0.003	0.017	191.795	138.395	117	520	
7.5	7.75	2	10	1	3	88	26526	88	26526	0.003	0	0.003	0.003	301.432	97.5846	121	373	
7.5	7.75	3	11	5	3	160	26670	160	26697	0.00505625	0.00547291	0.003	0.024	166.856	91.5103	75	451	
7.5	7.75	3	12	3	3	137	26624	136	26716	0.00675735	0.00481279	0.003	0.024	196.441	93.6808	24	694	
7.5	7.75	3	13	1	3	131	26612	131	26612	0.00342748	0.00208301	0.003	0.017	203.145	66.4077	17	387	
7.5	7.75	3	14	4	3	133	26616	133	26616	0.00321053	0.00147737	0.003	0.017	200.12	59.6176	17	301	
7.5	7.75	3	15	2	3	101	26552	101	26552	0.003	0	0.003	0.003	262.891	109.394	20	341	
7.5	7.75	1	16	3	3	122	26594	121	26282	0.00583471	0.00448023	0.003	0.017	217.207	83.4434	33	389	
7.5	7.75	1	17	2	3	158	26666	149	24409	0.00450335	0.00478402	0.003	0.024	163.819	54.7191	12	421	
7.5	7.75	1	18	4	3	126	26602	125	26441	0.005856	0.00445353	0.003	0.017	211.528	82.9943	36	389	
7.5	7.75	1	19	5	3	109	26568	108	26417	0.00442592	0.0028324	0.003	0.01	244.602	101.767	16	373	
7.5	7.75	1	20	1	3	134	26620	128	24304	0.00704687	0.00509262	0.003	0.024	189.875	83.6081	22	531	
7.75	8	4	1	5	3	150	26650	148	26069	0.00404054	0.00368464	0.003	0.024	176.142	51.3069	10	517	
7.75	8	4	2	3	3	157	26664	153	24117	0.00542484	0.0052849	0.003	0.024	157.627	67.7314	74	421	
7.75	8	4	3	2	3	139	26630	135	24746	0.00595555	0.00357409	0.003	0.017	183.304	55.1794	29	443	
7.75	8	4	4	1	3	143	26636	141	25465	0.00453901	0.00325031	0.003	0.024	180.603	53.1659	69	436	
7.75	8	4	5	4	3	129	26608	129	26532	0.00424806	0.00308735	0.003	0.017	205.674	47.5469	17	373	
7.75	8	2	6	4	3	88	26526	88	26526	0.003	0	0.003	0.003	301.432	96.8278	121	373	
7.75	8	2	7	5	3	125	26600	114	22948	0.0047193	0.0046153	0.003	0.017	201.298	64.865	157	332	
7.75	8	2	8	2	3	125	26600	121	25640	0.00554545	0.00564358	0.003	0.024	211.901	47.6413	177	293	
7.75	8	2	9	3	3	125	26600	116	21960	0.00499138	0.00503983	0.003	0.024	189.31	136.35	117	520	
7.75	8	2	10	1	3	87	26524	87	26524	0.003	0	0.003	0.003	304.874	95.0033	113	373	
7.75	8	3	11	5	3	159	26668	154	24408	0.00436364	0.00438926	0.003	0.024	158.494	85.3125	75	596	
7.75	8	3	12	3	3	131	26614	128	25336	0.00660937	0.00439082	0.003	0.024	197.937	83.7373	41	746	
7.75	8	3	13	1	3	127	26604	127	26604	0.0036063	0.00249812	0.003	0.017	209.48	47.9399	73	389	
7.75	8	3	14	4	3	128	26606	127	26217	0.00344094	0.00229095	0.003	0.017	206.433	42.2255	17	301	
7.75	8	3	15	2	3	100	26550	100	26550	0.003	0	0.003	0.003	265.5	113.996	39	341	
7.75	8	1	16	3	3	123	26596	124	26913	0.00469355	0.00372025	0.003	0.017	217.04	67.1982	21	389	
7.75	8	1	17	2	3	151	26652	149	25446	0.00473825	0.00500998	0.003	0.024	170.779	69.0304	5	464	
7.75	8	1	18	4	3	126	26602	127	27026	0.00476378	0.00373838	0.003	0.017	212.803	77.1851	48	435	
7.75	8	1	19	5	3	104	26558	105	26709	0.0038	0.00223779	0.003	0.01	254.371	91.5943	28	453	
7.75	8	1	20	1	3	130	26612	129	24959	0.00712403	0.00491968	0.003	0.024	193.481	87.4783	49	650	
8	8.25	4	1	5	3	132	26614	131	26358	0.00545801	0.00562174	0.003	0.024	201.206	80.0913	111	597	
8	8.25	4	2	3	3	144	26638	131	18825	0.00460305	0.00503018	0.003	0.024	143.702	80.0182	9	596	
8	8.25	4	3	2	3	131	26616	125	23941	0.006976	0.00557567	0.003	0.024	191.528	88.9961	49	591	
8	8.25	4	4	1	3	132	26616	126	24080	0.00666667	0.00571874	0.003	0.024	191.111	89.8642	5	571	
8	8.25	4	5	4	3	124	26598	124	26674	0.00469355	0.00361158	0.003	0.017	215.113	48.5166	16	387	
8	8.25	2	6	4	3	87	26524	87	26524	0.003	0	0.003	0.003	304.874	95.4624	121	373	
8	8.25	2	7	5	3	125	26600	109	21288	0.00434862	0.00461555	0.003	0.024	195.303	59.7922	157	332	
8	8.25	2	8	2	3	125	26600	121	25640	0.00566116	0.00594356	0.003	0.024	211.901	47.6413	177	293	
8	8.25	2	9	3	3	125	26600	109	18320	0.00434862	0.00461555	0.003	0.024	168.073	109.473	117	520	
8	8.25	2	10	1	3	88	26526	88	26526	0.003	0	0.003	0.003	301.432	97.1407	113	373	
8	8.25	3	11	5	3	150	26650	144	22892	0.00382639	0.00336234	0.003	0.024	158.972	100.129	26	596	
8	8.25	3	12	3	3	131	26616	129	25605	0.00712403	0.00499689	0.003	0.024	198.488	90.7983	29	693	
8	8.25	3	13	1	3	125	26600	124	26436	0.00390322	0.0029561	0.003	0.017	213.194	38.3842	73	387	
8	8.25	3	14	4	3	124	26598	125	26987	0.004008	0.00304137	0.003	0.017	215.896	42.2469	73	389	
8	8.25	3	15	2	3	101	26552	101	26552	0.00320792	0.00155124	0.003	0.017	262.891	119.496	39	341	
8	8.25	1	16	3	3	123	26596	123	26373	0.00470732	0.0038384	0.003	0.017	214.415	56.9354	16	463	
8	8.25	1	17	2	3	138	26626	133	23750	0.00431579	0.00414577	0.003	0.024	178.571	79.6879	36	548	
8	8.25	1	18	4	3	121	26592	121	26039	0.00502479	0.00398427	0.003	0.017	215.198	62.2259	57	495	
8	8.25	1	19	5	3	99	26548	99	26548	0.00321212	0.0015667	0.003	0.017	268.162	88.8918	95	453	
8	8.25	1	20	1	3	123	26602	117	23745	0.00760684	0.0044236	0.003	0.024	202.949	101.312	15	694	
8.25	8.5	4	1	5	3	157	26664	157	27065	0.00353503	0.00217659	0.003	0.017	172.389	46.0576	10	356	
8.25	8.5	4	2	3	3	165	26417	159	25201	0.00533333	0.00543741	0.003	0.024	158.497	74.7825	25	517	
8.25	8.5	4	3	2	3	148	26646	148	27207	0.00588513	0.00439159	0.003	0.024	183.831	62.6205	29	416	
8.25	8.5	4	4	1	3	148	26646	148	27108	0.00607432	0.00426039	0.003	0.024	183.162	60.9887	29	416	
8.25	8.5	4	5	4	3	132	26614	132	26493	0.00400757	0.00246656	0.003	0.01	200.705	50.0338	17	285	
8.25	8.5	2	6	4	3	88	26526	88	26526	0.003	0	0.003	0.003	301.432	97.2788	121	373	
8.25	8.5	2	7	5	3	125	26600	114	22948	0.0047193	0.0046153	0.003	0.017	201.298	64.865	157	332	
8.25	8.5	2	8	2	3	125	26600	122	25880	0.00558197	0.00556233	0.003	0.024	212.131	47.5121	177	293	
8.25	8.5	2	9	3	3	125	26600	113	20400	0.00461062	0.00448695	0.003	0.017	180.531	125.79	117	520	
8.25	8.5	2	10	1	3	87	26524	87	26524	0.003	0	0.003	0.003	304.874	93.9656	113	373	
8.25	8.5	3	11	5	3	160	26670	156	25419	0.00492949	0.00548442	0.003	0.024	162.942	79.9046	75	445	
8.25	8.5	3	12	3	3	143	26638	142	26533	0.00635211	0.00469525	0.003	0.024	186.852	77.4714	45	421	
8.25	8.5	3	13	1	3	133	26616	134	26780	0.00331343	0.00145312	0.003	0.01	199.851	70.946	16	389	
8.25	8.5	3	14	4	3	138	26626	138	26626	0.00310145	0.00083962	0.003	0.01	192.942	69.2334	17	387	
8.25	8.5	3	15	2	3	100	26550	100	26550	0.003	0	0.003	0.003	265.5	105.54	39	341	
8.25	8.5	1	16	3	3	124	26598	123	26504	0.00510569	0.00390001	0.003	0.017	215.48	75.646	16	389	
8.25	8.5	1	17	2	3	155	26660	147	24013	0.00461905	0.00505495	0.003	0.024	163.354	57.4322	32	389	
8.25	8.5	1	18	4	3	126	26602	125	26715	0.00524	0.00393577	0.003	0.017	213.72	87.0207	57	658	
8.25	8.5	1	19	5	3	109	26568	109	26568	0.00422018	0.00266791	0.003	0.01	243.743	91.0802	16	373	
8.25	8.5	1	20	1	3	138	26626	134	25109	0.00691791	0.00532698	0.003	0.024	187.381	81.5866	9	670	
8.5	8.75	4	1	5	3	158	26666	159	26676	0.00322012	0.00122551	0.003	0.01	167.774	38.6364	10	233	
8.5	8.75	4	2	3	3	169	26957	167	26323	0.00513772	0.00490256	0.003	0.017	157.623	64.3736	74	459	
8.5	8.75	4	3	2	3	144	26515	144	26492	0.00557639	0.00338772	0.003	0.01	183.972	53.1622	57	373	
8.5	8.75	4	4	1	3	145	26517	145	26593	0.00575172	0.00343093	0.003	0.01	183.4	59.1486	8	373	
8.5	8.75	4	5	4	3	134	26618	134	26618	0.00378358	0.00221533	0.003	0.01	198.642	55.9607	17	285	
8.5	8.75	2	6	4	3	87	26524	87	26524	0.003	0	0.003	0.003	304.874	94.7915	113	373	
8.5	8.75	2	7	5	3	125	26600	117	23944	0.00503419	0.00495485	0.003	0.017	204.65	67.2988	157	332	
8.5	8.75	2	8	2	3	125	26600	124	26360	0.00570968	0.00555354	0.003	0.017	212.581	47.2559	177	293	
8.5	8.75	2	9	3	3	125	26600	122	25000	0.00558197	0.00541476	0.003	0.017	204.918	146.546	117	520	
8.5	8.75	2	10	1	3	88	26526	88	26526	0.003	0	0.003	0.003	301.432	92.9278	113	373	
8.5	8.75	3	11	5	3	163	26676	163	27023	0.00506135	0.00555077	0.003	0.024	165.785	89.3715	75	445	
8.5	8.75	3	12	3	3	135	26620	136	26754	0.00696323	0.00501909	0.003	0.024	196.721	70.9302	5	421	
8.5	8.75	3	13	1	3	127	26604	127	26604	0.00311024	0.000874945	0.003	0.01	209.48	47.3194	17	301	
8.5	8.75	3	14	4	3	127	26604	127	26604	0.003	0	0.003	0.003	209.48	39.5869	73	301	
8.5	8.75	3	15	2	3	98	26546	98	26546	0.00321428	0.00121205	0.003	0.01	270.878	112.861	7	373	
8.5	8.75	1	16	3	3	123	26596	124	26897	0.00559677	0.00441527	0.003	0.017	216.911	75.6448	44	389	
8.5	8.75	1	17	2	3	151	26652	144	24388	0.00504167	0.00578747	0.003	0.024	169.361	51.8463	75	424	
8.5	8.75	1	18	4	3	129	26608	130	27056	0.00542308	0.00433279	0.003	0.017	208.123	76.0858	57	380	
8.5	8.75	1	19	5	3	106	26562	106	26562	0.00465094	0.00298582	0.003	0.01	250.585	99.0512	4	373	
8.5	8.75	1	20	1	3	126	26602	122	24608	0.00770492	0.00579354	0.003	0.024	201.705	94.0901	49	706	
8.75	9	4	1	5	3	158	26666	158	26666	0.00348734	0.00178721	0.003	0.01	168.772	50.6714	9	301	
8.75	9	4	2	3	3	170	26692	169	26746	0.00544379	0.00567457	0.003	0.024	158.26	71.1677	41	389	
8.75	9	4	3	2	3	143	26759	143	26615	0.00623077	0.0040502	0.003	0.024	186.119	66.8762	29	389	
8.75	9	4	4	1	3	142	26757	143	26806	0.00613287	0.00386796	0.003	0.024	187.455	60.0149	49	389	
8.75	9	4	5	4	3	130	26610	130	26731	0.00407692	0.00253538	0.003	0.01	205.623	52.3803	17	316	
8.75	9	2	6	4	3	89	26528	89	26528	0.003	0	0.003	0.003	298.067	98.3314	113	373	
8.75	9	2	7	5	3	125	26600	117	23840	0.00503419	0.00495485	0.003	0.017	203.761	66.8873	157	332	
8.75	9	2	8	2	3	125	26600	122	25880	0.00552459	0.00540464	0.003	0.017	212.131	47.658	177	300	
8.75	9	2	9	3	3	125	26600	113	20548	0.00467257	0.00451276	0.003	0.017	181.841	117.426	117	520	
8.75	9	2	10	1	3	88	26526	88	26526	0.003	0	0.003	0.003	301.432	98.2045	7	373	
8.75	9	3	11	5	3	156	26662	156	26122	0.00546795	0.00599292	0.003	0.024	167.449	97.6383	20	487	
8.75	9	3	12	3	3	143	26636	141	26457	0.00682269	0.00525667	0.003	0.024	187.638	89.6846	9	469	
8.75	9	3	13	1	3	129	26608	129	26608	0.00337984	0.00159194	0.003	0.01	206.264	60.1021	17	387	
8.75	9	3	14	4	3	133	26616	133	26616	0.00342105	0.00187976	0.003	0.017	200.12	68.4415	5	453	
8.75	9	3	15	2	3	103	26556	103	26556	0.00313592	0.000970633	0.003	0.01	257.825	110.156	9	341	
8.75	9	1	16	3	3	122	26594	122	26518	0.00495082	0.0038459	0.003	0.017	217.361	65.9575	16	389	
8.75	9	1	17	2	3	151	26652	144	23876	0.00440972	0.00442563	0.003	0.024	165.806	61.9863	62	476	
8.75	9	1	18	4	3	127	26604	126	26195	0.00522222	0.00402371	0.003	0.017	207.897	81.5304	41	483	
8.75	9	1	19	5	3	106	26562	106	26562	0.00392453	0.00238127	0.003	0.01	250.585	91.4026	8	373	
8.75	9	1	20	1	3	136	26622	132	24301	0.00660606	0.00469653	0.003	0.024	184.098	81.7082	13	515	
9	9.25	4	1	5	3	146	26642	143	25808	0.00427273	0.00348878	0.003	0.024	180.476	52.768	9	531	
9	9.25	4	2	3	3	149	26652	145	23676	0.00575172	0.00645877	0.003	0.024	163.283	90.2858	32	592	
9	9.25	4	3	2	3	136	26425	132	24909	0.00660606	0.00410131	0.003	0.024	188.705	61.6392	5	396	
9	9.25	4	4	1	3	139	26429	135	24897	0.00637037	0.0040881	0.003	0.024	184.422	59.4685	5	396	
9	9.25	4	5	4	3	128	26606	128	26485	0.00447656	0.00324575	0.003	0.017	206.914	53.3758	17	387	
9	9.25	2	6	4	3	87	26524	87	26524	0.003	0	0.003	0.003	304.874	96.0278	75	373	
9	9.25	2	7	5	3	130	26610	115	21578	0.00385217	0.00372578	0.003	0.024	187.635	57.2577	73	332	
9	9.25	2	8	2	3	126	26602	124	26122	0.00542742	0.0055775	0.003	0.024	210.661	50.5237	9	300	
9	9.25	2	9	3	3	131	26612	114	18815	0.00379824	0.00357766	0.003	0.024	165.044	74.3641	82	520	
9	9.25	2	10	1	3	88	26526	88	26526	0.003	0	0.003	0.003	301.432	102.283	7	373	
9	9.25	3	11	5	3	151	26652	146	23618	0.00458219	0.00477747	0.003	0.024	161.767	99.8899	12	560	
9	9.25	3	12	3	3	136	26624	136	25550	0.00655147	0.00450813	0.003	0.024	187.868	99.7125	9	453	
9	9.25	3	13	1	3	123	26596	123	26596	0.00413821	0.00315274	0.003	0.017	216.228	67.233	73	392	
9	9.25	3	14	4	3	126	26602	126	26602	0.00433333	0.00327902	0.003	0.017	211.127	80.0243	21	539	
9	9.25	3	15	2	3	111	26572	111	26572	0.0035045	0.00204883	0.003	0.017	239.387	117.632	4	373	
9	9.25	1	16	3	3	127	26604	127	26696	0.00520472	0.00488655	0.003	0.017	210.205	44.6845	73	387	
9	9.25	1	17	2	3	138	26626	129	21581	0.00430232	0.00444164	0.003	0.024	167.295	92.8977	50	556	
9	9.25	1	18	4	3	128	26606	130	27112	0.00531538	0.00488319	0.003	0.017	208.554	57.3656	57	435	
9	9.25	1	19	5	3	103	26556	103	26556	0.00306796	0.00068973	0.003	0.01	257.825	86.8623	39	341	
9	9.25	1	20	1	3	118	26590	109	23250	0.00711009	0.00468714	0.003	0.017	213.303	135.434	49	746	
9.25	9.5	4	1	5	3	153	26656	153	27114	0.00377778	0.00295631	0.003	0.024	177.216	69.2387	10	531	
9.25	9.5	4	2	3	3	160	26672	157	25992	0.00594267	0.00599064	0.003	0.024	165.554	79.8594	75	517	
9.25	9.5	4	3	2	3	142	26833	144	27214	0.00659722	0.00437942	0.003	0.024	188.986	84.8425	9	571	
9.25	9.5	4	4	1	3	144	26837	144	26816	0.0065	0.0046092	0.003	0.024	186.222	75.7631	9	571	
9.25	9.5	4	5	4	3	127	26604	127	26604	0.00415748	0.0026108	0.003	0.01	209.48	50.9034	33	387	
9.25	9.5	2	6	4	3	87	26524	87	26524	0.003	0	0.003	0.003	304.874	93.0284	75	373	
9.25	9.5	2	7	5	3	128	26606	114	22057	0.00422807	0.00397789	0.003	0.017	193.482	61.9145	73	332	
9.25	9.5	2	8	2	3	125	26600	122	25880	0.00535246	0.0052945	0.003	0.024	212.131	47.3867	177	293	
9.25	9.5	2	9	3	3	128	26606	115	20259	0.0044	0.00426902	0.003	0.024	176.165	90.7903	101	520	
9.25	9.5	2	10	1	3	87	26524	87	26524	0.003	0	0.003	0.003	304.874	93.2181	75	373	
9.25	9.5	3	11	5	3	162	26674	156	24534	0.00452564	0.00504745	0.003	0.024	157.269	90.4818	32	487	
9.25	9.5	3	12	3	3	129	26610	129	26841	0.0076124	0.00498797	0.003	0.024	208.07	104.961	8	650	
9.25	9.5	3	13	1	3	130	26610	130	26610	0.00343077	0.00190038	0.003	0.017	204.692	65.2689	12	389	
9.25	9.5	3	14	4	3	136	26622	136	26622	0.00310294	0.000845725	0.003	0.01	195.75	64.888	17	301	
9.25	9.5	3	15	2	3	99	26548	99	26548	0.00321212	0.00120605	0.003	0.01	268.162	103.067	39	378	
9.25	9.5	1	16	3	3	121	26592	121	26576	0.00514049	0.00370879	0.003	0.017	219.636	69.1152	16	387	
9.25	9.5	1	17	2	3	158	26666	153	25162	0.00469281	0.00468379	0.003	0.024	164.458	76.7374	6	525	
9.25	9.5	1	18	4	3	127	26604	125	26126	0.005296	0.00374817	0.003	0.017	209.008	80.4869	17	483	
9.25	9.5	1	19	5	3	109	26568	109	26568	0.00454128	0.00291399	0.003	0.01	243.743	95.7005	17	373	
9.25	9.5	1	20	1	3	142	26636	142	25817	0.00694366	0.0049648	0.003	0.024	181.81	80.9208	9	517	
9.5	9.75	4	1	5	3	138	26626	138	25639	0.00477536	0.00507896	0.003	0.024	185.79	72.9514	10	531	
9.5	9.75	4	2	3	3	144	26642	132	19625	0.00512121	0.00539724	0.003	0.024	148.674	69.9705	41	428	
9.5	9.75	4	3	2	3	133	26336	129	24601	0.00696124	0.00552325	0.003	0.024	190.705	88.6001	36	517	
9.5	9.75	4	4	1	3	133	26336	130	24826	0.00676923	0.00552309	0.003	0.024	190.969	83.974	56	517	
9.5	9.75	4	5	4	3	125	26600	125	26721	0.004344	0.00316764	0.003	0.017	213.768	54.7172	17	463	
9.5	9.75	2	6	4	3	87	26524	87	26524	0.003	0	0.003	0.003	304.874	92.8662	113	373	
9.5	9.75	2	7	5	3	126	26602	112	22213	0.0045	0.00464409	0.003	0.024	198.33	62.0064	157	332	
9.5	9.75	2	8	2	3	125	26600	123	26120	0.00578862	0.00612741	0.003	0.024	212.358	47.3837	177	293	
9.5	9.75	2	9	3	3	126	26602	112	20393	0.0045625	0.00467075	0.003	0.024	182.08	97.5723	117	520	
9.5	9.75	2	10	1	3	88	26526	88	26526	0.003	0	0.003	0.003	301.432	96.8335	113	373	
9.5	9.75	3	11	5	3	154	26658	151	24255	0.0045298	0.00504091	0.003	0.024	160.629	103.971	43	597	
9.5	9.75	3	12	3	3	120	26592	116	24470	0.00710345	0.00471331	0.003	0.024	210.948	100.98	48	650	
9.5	9.75	3	13	1	3	124	26598	124	26598	0.00379032	0.00285211	0.003	0.017	214.5	51.5264	73	610	
9.5	9.75	3	14	4	3	126	26602	126	26602	0.00377778	0.00283094	0.003	0.017	211.127	52.9247	17	539	
9.5	9.75	3	15	2	3	99	26548	99	26548	0.00328283	0.00170856	0.003	0.017	268.162	108.244	39	378	
9.5	9.75	1	16	3	3	120	26590	121	26694	0.00485124	0.00391506	0.003	0.017	220.612	67.5293	5	463	
9.5	9.75	1	17	2	3	143	26636	139	24423	0.00486331	0.00502631	0.003	0.024	175.705	99.752	36	614	
9.5	9.75	1	18	4	3	123	26596	125	27074	0.005072	0.00397812	0.003	0.017	216.592	78.1822	36	483	
9.5	9.75	1	19	5	3	102	26554	102	26554	0.00354902	0.00213239	0.003	0.017	260.333	84.1729	68	373	
9.5	9.75	1	20	1	3	128	26610	121	23985	0.00745454	0.00511208	0.003	0.024	198.223	103.896	36	846	
9.75	10	4	1	5	3	160	26670	159	26445	0.00339623	0.00180372	0.003	0.017	166.321	43.3792	10	233	
9.75	10	4	2	3	3	157	26465	154	25081	0.00572727	0.00573291	0.003	0.024	162.864	72.2082	34	481	
9.75	10	4	3	2	3	142	26918	140	26433	0.00655	0.00440295	0.003	0.024	188.807	69.2773	7	455	
9.75	10	4	4	1	3	143	26920	141	26744	0.00627659	0.00406045	0.003	0.024	189.674	69.5031	7	455	
9.75	10	4	5	4	3	135	26620	136	26784	0.00366912	0.00206579	0.003	0.01	196.941	59.2496	17	285	
9.75	10	2	6	4	3	87	26524	87	26524	0.003	0	0.003	0.003	304.874	101.24	7	373	
9.75	10	2	7	5	3	131	26612	127	24893	0.00487401	0.00470392	0.003	0.017	196.008	74.5599	73	424	
9.75	10	2	8	2	3	126	26602	125	26362	0.005072	0.00495166	0.003	0.017	210.896	48.0703	117	300	
9.75	10	2	9	3	3	131	26612	123	23236	0.00465041	0.00439818	0.003	0.017	188.911	92.8836	117	560	
9.75	10	2	10	1	3	87	26524	87	26524	0.003	0	0.003	0.003	304.874	94.2147	75	373	
9.75	10	3	11	5	3	155	26560	148	23891	0.00512838	0.00609146	0.003	0.024	161.426	95.2933	75	487	
9.75	10	3	12	3	3	128	26606	124	25270	0.00802419	0.0066534	0.003	0.024	203.79	89.4371	8	650	
9.75	10	3	13	1	3	125	26600	124	26512	0.00356452	0.00211169	0.003	0.017	213.806	56.0787	17	387	
9.75	10	3	14	4	3	129	26608	129	26608	0.00321705	0.0014998	0.003	0.017	206.264	49.7198	17	301	
9.75	10	3	15	2	3	101	26552	101	26552	0.00327723	0.001372	0.003	0.01	262.891	112.218	39	373	
9.75	10	1	16	3	3	126	26602	124	26137	0.00559677	0.00459218	0.003	0.017	210.782	79.4087	17	389	
9.75	10	1	17	2	3	153	26656	137	21903	0.00407299	0.00431931	0.003	0.024	159.876	44.3236	18	329	
9.75	10	1	18	4	3	130	26610	128	26097	0.00567969	0.00457472	0.003	0.017	203.883	77.4824	36	389	
9.75	10	1	19	5	3	104	26558	103	26347	0.00456311	0.00292946	0.003	0.01	255.796	99.954	31	389	
9.75	10	1	20	1	3	129	26608	119	21505	0.007	0.00503883	0.003	0.024	180.714	65.7445	12	485	
