% start	end	CellId	IMSI	RNTI	LCID	nTxPDUs	TxBytes	nRxPDUs	RxBytes	delay	stdDev	min	max	PduSize	stdDev	min	max
0.5	0.75	4	1	3	3	70	25436	67	24376	0.00947761	0.00476845	0.003	0.017	363.821	112.061	28	839	
0.5	0.75	4	2	1	3	71	25438	67	24064	0.00937313	0.00467694	0.003	0.017	359.164	119.296	28	839	
0.5	0.75	4	3	2	3	48	25392	48	25392	0.003	0	0.003	0.003	529	318.732	28	1056	
0.5	0.75	4	4	5	3	74	25444	70	24006	0.0096	0.00474998	0.003	0.017	342.943	141.041	7	839	
0.5	0.75	4	5	4	3	77	25450	73	23780	0.010863	0.00451022	0.003	0.024	325.753	192.64	28	839	
0.5	0.75	2	6	5	3	92	25480	89	25045	0.00724719	0.00544452	0.003	0.017	281.404	154.353	16	839	
0.5	0.75	2	7	1	3	95	25486	88	21689	0.00880682	0.00781519	0.003	0.024	246.466	171.787	21	839	
0.5	0.75	2	8	2	3	88	25472	87	25019	0.00501149	0.00336014	0.003	0.017	287.575	155.787	28	839	
0.5	0.75	2	9	4	3	73	25442	72	24925	0.00494444	0.00315732	0.003	0.01	346.181	156.576	28	839	
0.5	0.75	2	10	3	3	93	25482	85	21315	0.00909412	0.00821094	0.003	0.024	250.765	148.979	28	839	
0.5	0.75	3	11	5	3	50	25396	50	25396	0.00398	0.00245357	0.003	0.01	507.92	140.878	58	839	
0.5	0.75	3	12	1	3	49	25394	49	25394	0.003	0	0.003	0.003	518.245	312.368	28	839	
0.5	0.75	3	13	3	3	54	25404	53	24799	0.00603773	0.00350254	0.003	0.01	467.906	157.007	26	839	
0.5	0.75	3	14	2	3	54	25404	53	24799	0.00603773	0.00350254	0.003	0.01	467.906	157.007	26	839	
0.5	0.75	3	15	4	3	69	25434	66	23630	0.00618182	0.00445804	0.003	0.017	358.03	288.333	64	901	
0.5	0.75	1	16	4	3	76	25448	74	24822	0.00744594	0.00457253	0.003	0.017	335.432	137.479	28	839	
0.5	0.75	1	17	3	3	76	25448	74	24822	0.00772973	0.00450357	0.003	0.017	335.432	133.996	28	839	
0.5	0.75	1	18	5	3	96	25488	92	24622	0.00847826	0.00517067	0.003	0.024	267.63	158.501	15	839	
0.5	0.75	1	19	1	3	58	25412	56	24354	0.007375	0.00341953	0.003	0.01	434.893	178.681	10	839	
0.5	0.75	1	20	2	3	81	25458	80	25173	0.0065875	0.00445425	0.003	0.017	314.663	138.092	28	839	
0.75	1	4	1	3	3	75	26500	74	26186	0.0114189	0.00306105	0.003	0.017	353.865	27.4587	314	378	
0.75	1	4	2	1	3	75	26500	75	26500	0.0115867	0.00295046	0.01	0.017	353.333	28.0002	314	373	
0.75	1	4	3	2	3	50	26450	50	26450	0.003	0	0.003	0.003	529	313.147	219	839	
0.75	1	4	4	5	3	75	26500	76	26878	0.0115658	0.00293637	0.01	0.017	353.658	17.67	341	378	
0.75	1	4	5	4	3	75	26500	75	26500	0.0123333	0.00332205	0.01	0.017	353.333	182.713	225	610	
0.75	1	2	6	5	3	100	26550	101	26581	0.00715841	0.00455573	0.003	0.017	263.178	142.004	31	373	
0.75	1	2	7	1	3	100	26550	100	26550	0.00972	0.00825977	0.003	0.024	265.5	140.349	117	495	
0.75	1	2	8	2	3	100	26550	100	26550	0.00475	0.00304636	0.003	0.01	265.5	138.829	113	453	
0.75	1	2	9	4	3	75	26500	75	26500	0.00533333	0.00332205	0.003	0.01	353.333	143.302	170	517	
0.75	1	2	10	3	3	100	26550	100	26550	0.00993	0.00852952	0.003	0.024	265.5	113.444	157	455	
0.75	1	3	11	5	3	50	26450	50	26450	0.003	0	0.003	0.003	529	68.6904	461	597	
0.75	1	3	12	1	3	50	26450	50	26450	0.003	0	0.003	0.003	529	313.147	219	839	
0.75	1	3	13	3	3	50	26450	50	26450	0.0065	0.00353553	0.003	0.01	529	76.7716	453	605	
0.75	1	3	14	2	3	50	26450	50	26450	0.0065	0.00353553	0.003	0.01	529	76.7716	453	605	
0.75	1	3	15	4	3	75	26500	75	26500	0.00533333	0.00332205	0.003	0.01	353.333	279.527	157	746	
0.75	1	1	16	4	3	75	26500	75	26500	0.00766667	0.00332205	0.003	0.01	353.333	62.3279	285	453	
0.75	1	1	17	3	3	75	26500	75	26500	0.00766667	0.00332205	0.003	0.01	353.333	62.3279	285	453	
0.75	1	1	18	5	3	100	26550	100	26550	0.00825	0.00304636	0.003	0.01	265.5	86.5432	59	389	
0.75	1	1	19	1	3	51	26452	51	26452	0.00931372	0.00210229	0.003	0.01	518.667	53.6856	250	597	
0.75	1	1	20	2	3	87	26524	86	26183	0.00609302	0.00349665	0.003	0.01	304.453	84.3245	135	453	
1	1.25	4	1	3	3	75	26500	75	26500	0.0114	0.00325493	0.003	0.017	353.333	27.3122	314	378	
1	1.25	4	2	1	3	75	26500	76	26814	0.0115658	0.00293637	0.01	0.017	352.816	28.1764	314	373	
1	1.25	4	3	2	3	50	26450	50	26450	0.003	0	0.003	0.003	529	313.147	219	839	
1	1.25	4	4	5	3	75	26500	74	26122	0.0115135	0.00290131	0.01	0.017	353	17.4387	341	378	
1	1.25	4	5	4	3	75	26500	75	26500	0.0123333	0.00332205	0.01	0.017	353.333	182.713	225	610	
1	1.25	2	6	5	3	100	26550	101	26581	0.00715841	0.00476599	0.003	0.017	263.178	139.936	31	373	
1	1.25	2	7	1	3	102	26554	104	27544	0.00959615	0.00832416	0.003	0.024	264.846	140.18	75	495	
1	1.25	2	8	2	3	100	26550	100	26550	0.00475	0.00304636	0.003	0.01	265.5	139.398	43	453	
1	1.25	2	9	4	3	75	26500	75	26571	0.00533333	0.00332205	0.003	0.01	354.28	142.305	170	517	
1	1.25	2	10	3	3	100	26550	101	27081	0.00979208	0.00830941	0.003	0.024	268.129	114.407	157	455	
1	1.25	3	11	5	3	50	26450	50	26450	0.003	0	0.003	0.003	529	68.6904	461	597	
1	1.25	3	12	1	3	50	26450	50	26450	0.003	0	0.003	0.003	529	313.147	219	839	
1	1.25	3	13	3	3	50	26450	50	26450	0.0065	0.00353553	0.003	0.01	529	76.7716	453	605	
1	1.25	3	14	2	3	50	26450	50	26450	0.0065	0.00353553	0.003	0.01	529	76.7716	453	605	
1	1.25	3	15	4	3	75	26500	75	26500	0.00533333	0.00332205	0.003	0.01	353.333	279.527	157	746	
1	1.25	1	16	4	3	75	26500	75	26500	0.00766667	0.00332205	0.003	0.01	353.333	62.7876	285	453	
1	1.25	1	17	3	3	75	26500	75	26500	0.00757333	0.00335379	0.003	0.01	353.333	62.7876	285	453	
1	1.25	1	18	5	3	100	26550	100	26550	0.00825	0.00304636	0.003	0.01	265.5	89.2444	59	389	
1	1.25	1	19	1	3	55	26460	55	26460	0.00821818	0.00307734	0.003	0.01	481.091	118.691	90	597	
1	1.25	1	20	2	3	89	26528	89	26528	0.00583146	0.00345502	0.003	0.01	298.067	81.5306	135	453	
1.25	1.5	4	1	3	3	75	26500	76	26814	0.0115658	0.00293637	0.01	0.017	352.816	28.1764	314	373	
1.25	1.5	4	2	1	3	75	26500	74	26186	0.0115135	0.00290131	0.01	0.017	353.865	27.8077	314	373	
1.25	1.5	4	3	2	3	50	26450	50	26450	0.003	0	0.003	0.003	529	313.147	219	839	
1.25	1.5	4	4	5	3	75	26500	75	26500	0.0115867	0.00295046	0.01	0.017	353.333	17.5594	341	378	
1.25	1.5	4	5	4	3	75	26500	75	26500	0.0123333	0.00332205	0.01	0.017	353.333	182.713	225	610	
1.25	1.5	2	6	5	3	100	26550	98	26488	0.00742857	0.00516331	0.003	0.017	270.286	135.902	31	373	
1.25	1.5	2	7	1	3	101	26552	99	25562	0.00936364	0.00806789	0.003	0.024	258.202	136.62	75	495	
1.25	1.5	2	8	2	3	76	26502	76	26502	0.00530263	0.00331067	0.003	0.01	348.711	85.3496	43	453	
1.25	1.5	2	9	4	3	98	26546	98	26475	0.00478571	0.00306712	0.003	0.01	270.153	185.976	51	517	
1.25	1.5	2	10	3	3	100	26550	99	26019	0.00957576	0.00823518	0.003	0.024	262.818	110.242	157	455	
1.25	1.5	3	11	5	3	50	26450	50	26450	0.003	0	0.003	0.003	529	68.6904	461	597	
1.25	1.5	3	12	1	3	50	26450	50	26450	0.003	0	0.003	0.003	529	313.147	219	839	
1.25	1.5	3	13	3	3	50	26450	50	26450	0.0065	0.00353553	0.003	0.01	529	76.7716	453	605	
1.25	1.5	3	14	2	3	50	26450	50	26450	0.0065	0.00353553	0.003	0.01	529	76.7716	453	605	
1.25	1.5	3	15	4	3	75	26500	75	26500	0.00533333	0.00332205	0.003	0.01	353.333	279.527	157	746	
1.25	1.5	1	16	4	3	78	26506	78	26506	0.00739743	0.00358692	0.003	0.017	339.821	66.9582	207	434	
1.25	1.5	1	17	3	3	78	26506	78	26506	0.00748718	0.00356295	0.003	0.017	339.821	66.9582	207	434	
1.25	1.5	1	18	5	3	100	26550	100	26550	0.00839	0.00342568	0.003	0.024	265.5	82.2106	163	389	
1.25	1.5	1	19	1	3	54	26458	54	26458	0.00883333	0.00263324	0.003	0.01	489.963	120.766	26	541	
1.25	1.5	1	20	2	3	87	26524	87	26524	0.00613793	0.00366051	0.003	0.017	304.874	82.2053	95	434	
1.5	1.75	4	1	3	3	75	26500	74	26186	0.0113243	0.00321004	0.003	0.017	353.865	27.1052	314	378	
1.5	1.75	4	2	1	3	75	26500	75	26500	0.0115867	0.00295046	0.01	0.017	353.333	28.0002	314	373	
1.5	1.75	4	3	2	3	50	26450	50	26450	0.003	0	0.003	0.003	529	313.147	219	839	
1.5	1.75	4	4	5	3	75	26500	76	26878	0.0116579	0.00299579	0.01	0.017	353.658	17.67	341	378	
1.5	1.75	4	5	4	3	75	26500	75	26500	0.0123333	0.00332205	0.01	0.017	353.333	182.713	225	610	
1.5	1.75	2	6	5	3	100	26550	101	26581	0.00757426	0.00508989	0.003	0.017	263.178	142.004	31	373	
1.5	1.75	2	7	1	3	100	26550	100	26550	0.00993	0.00852952	0.003	0.024	265.5	140.349	117	495	
1.5	1.75	2	8	2	3	75	26500	75	26500	0.00533333	0.00332205	0.003	0.01	353.333	77.3564	266	453	
1.5	1.75	2	9	4	3	100	26550	100	26550	0.00475	0.00304636	0.003	0.01	265.5	189.163	51	517	
1.5	1.75	2	10	3	3	100	26550	100	26550	0.00972	0.00825977	0.003	0.024	265.5	113.444	157	455	
1.5	1.75	3	11	5	3	50	26450	50	26450	0.003	0	0.003	0.003	529	68.6904	461	597	
1.5	1.75	3	12	1	3	50	26450	50	26450	0.003	0	0.003	0.003	529	313.147	219	839	
1.5	1.75	3	13	3	3	50	26450	50	26450	0.0065	0.00353553	0.003	0.01	529	76.7716	453	605	
1.5	1.75	3	14	2	3	50	26450	50	26450	0.0065	0.00353553	0.003	0.01	529	76.7716	453	605	
1.5	1.75	3	15	4	3	75	26500	75	26500	0.00533333	0.00332205	0.003	0.01	353.333	279.527	157	746	
1.5	1.75	1	16	4	3	75	26500	75	26500	0.00766667	0.00332205	0.003	0.01	353.333	62.7876	285	453	
1.5	1.75	1	17	3	3	75	26500	75	26500	0.00748	0.00338263	0.003	0.01	353.333	62.7876	285	453	
1.5	1.75	1	18	5	3	100	26550	100	26550	0.00825	0.00304636	0.003	0.01	265.5	89.2444	59	389	
1.5	1.75	1	19	1	3	53	26456	53	26907	0.00815094	0.00311569	0.003	0.01	507.679	72.5351	250	597	
1.5	1.75	1	20	2	3	91	26532	92	26873	0.00551087	0.00337572	0.003	0.01	292.098	83.015	135	453	
1.75	2	4	1	3	3	75	26500	75	26500	0.0115867	0.00295046	0.01	0.017	353.333	27.6583	314	378	
1.75	2	4	2	1	3	75	26500	76	26814	0.0115658	0.00293637	0.01	0.017	352.816	28.1764	314	373	
1.75	2	4	3	2	3	50	26450	50	26450	0.003	0	0.003	0.003	529	313.147	219	839	
1.75	2	4	4	5	3	75	26500	74	26122	0.0115135	0.00290131	0.01	0.017	353	17.4387	341	378	
1.75	2	4	5	4	3	75	26500	75	26500	0.0123333	0.00332205	0.01	0.017	353.333	182.713	225	610	
1.75	2	2	6	5	3	100	26550	100	26550	0.00741	0.00494024	0.003	0.017	265.5	140.78	31	373	
1.75	2	2	7	1	3	100	26550	100	26550	0.00965	0.00816667	0.003	0.024	265.5	140.349	117	495	
1.75	2	2	8	2	3	75	26500	75	26500	0.00533333	0.00332205	0.003	0.01	353.333	77.3564	266	453	
1.75	2	2	9	4	3	100	26550	100	26550	0.00475	0.00304636	0.003	0.01	265.5	189.163	51	517	
1.75	2	2	10	3	3	100	26550	100	26550	0.00965	0.00816667	0.003	0.024	265.5	113.444	157	455	
1.75	2	3	11	5	3	50	26450	50	26450	0.003	0	0.003	0.003	529	68.6904	461	597	
1.75	2	3	12	1	3	50	26450	50	26450	0.003	0	0.003	0.003	529	313.147	219	839	
1.75	2	3	13	3	3	50	26450	50	26450	0.0065	0.00353553	0.003	0.01	529	76.7716	453	605	
1.75	2	3	14	2	3	50	26450	50	26450	0.0065	0.00353553	0.003	0.01	529	76.7716	453	605	
1.75	2	3	15	4	3	75	26500	75	26500	0.00533333	0.00332205	0.003	0.01	353.333	279.527	157	746	
1.75	2	1	16	4	3	75	26500	75	26500	0.00766667	0.00332205	0.003	0.01	353.333	62.3279	285	453	
1.75	2	1	17	3	3	75	26500	75	26500	0.00748	0.00338263	0.003	0.01	353.333	62.3279	285	453	
1.75	2	1	18	5	3	101	26552	101	26552	0.00812871	0.0031134	0.003	0.01	262.891	89.9093	8	389	
1.75	2	1	19	1	3	51	26452	51	26001	0.00917647	0.00227777	0.003	0.01	509.824	80.4208	90	597	
1.75	2	1	20	2	3	88	26526	87	26185	0.00581609	0.00345243	0.003	0.01	300.977	83.6393	135	453	
2	2.25	4	1	3	3	75	26500	76	26814	0.0115658	0.00293637	0.01	0.017	352.816	28.1764	314	373	
2	2.25	4	2	1	3	75	26500	74	26186	0.0115135	0.00290131	0.01	0.017	353.865	27.8077	314	373	
2	2.25	4	3	2	3	50	26450	50	26450	0.003	0	0.003	0.003	529	313.147	219	839	
2	2.25	4	4	5	3	75	26500	75	26500	0.0115867	0.00295046	0.01	0.017	353.333	17.5594	341	378	
2	2.25	4	5	4	3	75	26500	75	26500	0.0123333	0.00332205	0.01	0.017	353.333	182.713	225	610	
2	2.25	2	6	5	3	100	26550	99	26519	0.00745454	0.00504525	0.003	0.017	267.869	139.479	31	373	
2	2.25	2	7	1	3	100	26550	100	26550	0.00972	0.00825977	0.003	0.024	265.5	140.349	117	495	
2	2.25	2	8	2	3	75	26500	75	26500	0.00533333	0.00332205	0.003	0.01	353.333	77.3564	266	453	
2	2.25	2	9	4	3	100	26550	100	26550	0.00475	0.00304636	0.003	0.01	265.5	189.163	51	517	
2	2.25	2	10	3	3	100	26550	100	26550	0.00986	0.00844115	0.003	0.024	265.5	113.444	157	455	
2	2.25	3	11	5	3	50	26450	50	26450	0.003	0	0.003	0.003	529	68.6904	461	597	
2	2.25	3	12	1	3	50	26450	50	26450	0.003	0	0.003	0.003	529	313.147	219	839	
2	2.25	3	13	3	3	50	26450	50	26450	0.0065	0.00353553	0.003	0.01	529	76.7716	453	605	
2	2.25	3	14	2	3	50	26450	50	26450	0.0065	0.00353553	0.003	0.01	529	76.7716	453	605	
2	2.25	3	15	4	3	75	26500	75	26500	0.00533333	0.00332205	0.003	0.01	353.333	279.527	157	746	
2	2.25	1	16	4	3	75	26500	75	26500	0.00766667	0.00332205	0.003	0.01	353.333	61.8648	285	434	
2	2.25	1	17	3	3	75	26500	75	26500	0.00766667	0.00332205	0.003	0.01	353.333	61.8648	285	434	
2	2.25	1	18	5	3	100	26550	100	26550	0.00825	0.00304636	0.003	0.01	265.5	83.755	163	389	
2	2.25	1	19	1	3	51	26452	51	26452	0.00917647	0.00227777	0.003	0.01	518.667	63.2625	90	541	
2	2.25	1	20	2	3	87	26524	88	26865	0.00602273	0.00348718	0.003	0.01	305.284	82.5829	135	434	
2.25	2.5	4	1	3	3	75	26500	74	26122	0.0114189	0.00306105	0.003	0.017	353	27.695	314	373	
2.25	2.5	4	2	1	3	75	26500	75	26500	0.0115867	0.00295046	0.01	0.017	353.333	28.0002	314	373	
2.25	2.5	4	3	2	3	50	26450	50	26450	0.003	0	0.003	0.003	529	313.147	219	839	
2.25	2.5	4	4	5	3	75	26500	76	26878	0.0115658	0.00293637	0.01	0.017	353.658	17.67	341	378	
2.25	2.5	4	5	4	3	75	26500	75	26500	0.0123333	0.00332205	0.01	0.017	353.333	182.713	225	610	
2.25	2.5	2	6	5	3	100	26550	101	26581	0.00757426	0.00508989	0.003	0.017	263.178	142.004	31	373	
2.25	2.5	2	7	1	3	100	26550	100	26550	0.00993	0.00852952	0.003	0.024	265.5	140.349	117	495	
2.25	2.5	2	8	2	3	75	26500	75	26500	0.00533333	0.00332205	0.003	0.01	353.333	77.3564	266	453	
2.25	2.5	2	9	4	3	100	26550	100	26550	0.00475	0.00304636	0.003	0.01	265.5	189.163	51	517	
2.25	2.5	2	10	3	3	100	26550	100	26550	0.00972	0.00825977	0.003	0.024	265.5	113.444	157	455	
2.25	2.5	3	11	5	3	50	26450	50	26450	0.003	0	0.003	0.003	529	68.6904	461	597	
2.25	2.5	3	12	1	3	50	26450	50	26450	0.003	0	0.003	0.003	529	313.147	219	839	
2.25	2.5	3	13	3	3	50	26450	50	26450	0.0065	0.00353553	0.003	0.01	529	76.7716	453	605	
2.25	2.5	3	14	2	3	50	26450	50	26450	0.0065	0.00353553	0.003	0.01	529	76.7716	453	605	
2.25	2.5	3	15	4	3	75	26500	75	26500	0.00533333	0.00332205	0.003	0.01	353.333	279.527	157	746	
2.25	2.5	1	16	4	3	75	26500	75	26500	0.00766667	0.00332205	0.003	0.01	353.333	62.3279	285	453	
2.25	2.5	1	17	3	3	75	26500	75	26500	0.00748	0.00338263	0.003	0.01	353.333	62.3279	285	453	
2.25	2.5	1	18	5	3	100	26550	100	26550	0.00825	0.00304636	0.003	0.01	265.5	86.5432	59	389	
2.25	2.5	1	19	1	3	52	26454	52	26454	0.00905769	0.0024125	0.003	0.01	508.731	80.0174	90	597	
2.25	2.5	1	20	2	3	88	26526	88	26526	0.00586364	0.00346139	0.003	0.01	301.432	83.2666	135	453	
2.5	2.75	4	1	3	3	75	26500	75	26564	0.0115867	0.00295046	0.01	0.017	354.187	27.7594	314	378	
2.5	2.75	4	2	1	3	75	26500	76	26814	0.0115658	0.00293637	0.01	0.017	352.816	28.1764	314	373	
2.5	2.75	4	3	2	3	50	26450	50	26450	0.003	0	0.003	0.003	529	313.147	219	839	
2.5	2.75	4	4	5	3	75	26500	74	26122	0.0115135	0.00290131	0.01	0.017	353	17.4387	341	378	
2.5	2.75	4	5	4	3	75	26500	75	26500	0.0123333	0.00332205	0.01	0.017	353.333	182.713	225	610	
2.5	2.75	2	6	5	3	100	26550	99	26519	0.00717172	0.00468179	0.003	0.017	267.869	139.479	31	373	
2.5	2.75	2	7	1	3	100	26550	100	26550	0.00979	0.00835125	0.003	0.024	265.5	140.349	117	495	
2.5	2.75	2	8	2	3	75	26500	75	26500	0.00533333	0.00332205	0.003	0.01	353.333	77.3564	266	453	
2.5	2.75	2	9	4	3	100	26550	100	26550	0.00475	0.00304636	0.003	0.01	265.5	189.163	51	517	
2.5	2.75	2	10	3	3	100	26550	100	26550	0.00979	0.00835125	0.003	0.024	265.5	113.444	157	455	
2.5	2.75	3	11	5	3	50	26450	50	26450	0.003	0	0.003	0.003	529	68.6904	461	597	
2.5	2.75	3	12	1	3	50	26450	50	26450	0.003	0	0.003	0.003	529	313.147	219	839	
2.5	2.75	3	13	3	3	50	26450	50	26450	0.0065	0.00353553	0.003	0.01	529	76.7716	453	605	
2.5	2.75	3	14	2	3	50	26450	50	26450	0.0065	0.00353553	0.003	0.01	529	76.7716	453	605	
2.5	2.75	3	15	4	3	75	26500	75	26500	0.00533333	0.00332205	0.003	0.01	353.333	279.527	157	746	
2.5	2.75	1	16	4	3	75	26500	75	26500	0.00757333	0.00335379	0.003	0.01	353.333	61.8648	285	434	
2.5	2.75	1	17	3	3	75	26500	75	26500	0.00757333	0.00335379	0.003	0.01	353.333	61.8648	285	434	
2.5	2.75	1	18	5	3	101	26552	101	26552	0.00812871	0.0031134	0.003	0.01	262.891	87.2559	8	389	
2.5	2.75	1	19	1	3	50	26450	50	26450	0.01	0	0.01	0.01	529	12.1218	517	541	
2.5	2.75	1	20	2	3	96	26542	95	26201	0.00513684	0.00324073	0.003	0.01	275.8	81.2288	135	434	
2.75	3	4	1	3	3	75	26500	76	26814	0.0110132	0.00373985	0.003	0.017	352.816	26.4584	314	378	
2.75	3	4	2	1	3	75	26500	74	26186	0.0115135	0.00290131	0.01	0.017	353.865	27.8077	314	373	
2.75	3	4	3	2	3	50	26450	50	26450	0.003	0	0.003	0.003	529	313.147	219	839	
2.75	3	4	4	5	3	75	26500	75	26500	0.01168	0.00300971	0.01	0.017	353.333	17.5594	341	378	
2.75	3	4	5	4	3	75	26500	75	26500	0.0123333	0.00332205	0.01	0.017	353.333	182.713	225	610	
2.75	3	2	6	5	3	100	26550	101	26581	0.00757426	0.00508989	0.003	0.017	263.178	142.004	31	373	
2.75	3	2	7	1	3	100	26550	100	26550	0.00972	0.00825977	0.003	0.024	265.5	138.785	117	495	
2.75	3	2	8	2	3	75	26500	75	26500	0.00533333	0.00332205	0.003	0.01	353.333	77.3564	266	453	
2.75	3	2	9	4	3	100	26550	100	26550	0.00475	0.00304636	0.003	0.01	265.5	189.163	51	517	
2.75	3	2	10	3	3	100	26550	100	26550	0.00958	0.00807187	0.003	0.024	265.5	113.444	157	455	
2.75	3	3	11	5	3	50	26450	50	26450	0.003	0	0.003	0.003	529	68.6904	461	597	
2.75	3	3	12	1	3	50	26450	50	26450	0.003	0	0.003	0.003	529	313.147	219	839	
2.75	3	3	13	3	3	50	26450	50	26450	0.0065	0.00353553	0.003	0.01	529	76.7716	453	605	
2.75	3	3	14	2	3	50	26450	50	26450	0.0065	0.00353553	0.003	0.01	529	76.7716	453	605	
2.75	3	3	15	4	3	75	26500	75	26500	0.00533333	0.00332205	0.003	0.01	353.333	279.527	157	746	
2.75	3	1	16	4	3	76	26502	76	26390	0.00778947	0.00346916	0.003	0.017	347.237	68.9471	95	453	
2.75	3	1	17	3	3	76	26502	76	26390	0.00760526	0.003533	0.003	0.017	347.237	68.9471	95	453	
2.75	3	1	18	5	3	102	26554	102	26554	0.00814706	0.00354154	0.003	0.024	260.333	100.796	8	389	
2.75	3	1	19	1	3	60	26470	61	27067	0.00713115	0.00347119	0.003	0.01	443.721	148.18	26	597	
2.75	3	1	20	2	3	87	26524	88	26865	0.00586364	0.00346139	0.003	0.01	305.284	84.4306	99	453	
3	3.25	4	1	3	3	75	26500	74	26122	0.01	0.00463459	0.003	0.017	353	23.5552	314	378	
3	3.25	4	2	1	3	75	26500	75	26500	0.0115867	0.00295046	0.01	0.017	353.333	28.0002	314	373	
3	3.25	4	3	2	3	50	26450	50	26450	0.003	0	0.003	0.003	529	313.147	219	839	
3	3.25	4	4	5	3	75	26500	76	26878	0.0119342	0.00315102	0.01	0.017	353.658	17.67	341	378	
3	3.25	4	5	4	3	75	26500	75	26500	0.0123333	0.00332205	0.01	0.017	353.333	182.713	225	610	
3	3.25	2	6	5	3	100	26550	99	26519	0.00752525	0.00512963	0.003	0.017	267.869	139.479	31	373	
3	3.25	2	7	1	3	100	26550	100	26550	0.00993	0.00852952	0.003	0.024	265.5	140.349	117	495	
3	3.25	2	8	2	3	75	26500	75	26500	0.00533333	0.00332205	0.003	0.01	353.333	77.3564	266	453	
3	3.25	2	9	4	3	100	26550	100	26550	0.00475	0.00304636	0.003	0.01	265.5	189.163	51	517	
3	3.25	2	10	3	3	100	26550	97	25185	0.00920618	0.00788318	0.003	0.024	259.639	110.067	157	455	
3	3.25	3	11	5	3	50	26450	50	26450	0.003	0	0.003	0.003	529	68.6904	461	597	
3	3.25	3	12	1	3	50	26450	50	26450	0.003	0	0.003	0.003	529	313.147	219	839	
3	3.25	3	13	3	3	50	26450	50	26450	0.0065	0.00353553	0.003	0.01	529	76.7716	453	605	
3	3.25	3	14	2	3	50	26450	50	26450	0.0065	0.00353553	0.003	0.01	529	81.5563	373	685	
3	3.25	3	15	4	3	75	26500	75	26500	0.00533333	0.00332205	0.003	0.01	353.333	279.527	157	746	
3	3.25	1	16	4	3	85	26520	84	26425	0.00866667	0.0042747	0.003	0.017	314.583	94.756	95	453	
3	3.25	1	17	3	3	85	26520	84	26425	0.00841667	0.00439388	0.003	0.017	314.583	94.756	95	453	
3	3.25	1	18	5	3	102	26554	101	26287	0.00944554	0.00565946	0.003	0.024	260.267	106.15	8	389	
3	3.25	1	19	1	3	63	26476	63	26476	0.00566667	0.00342665	0.003	0.01	420.254	195.305	26	597	
3	3.25	1	20	2	3	86	26522	85	26291	0.00901176	0.004602	0.003	0.017	309.306	133.969	31	485	
3.25	3.5	4	1	3	3	75	26500	75	26500	0.0100933	0.0046736	0.003	0.017	353.333	23.9731	314	378	
3.25	3.5	4	2	1	3	75	26500	76	26814	0.0115658	0.00293637	0.01	0.017	352.816	28.1764	314	373	
3.25	3.5	4	3	2	3	50	26450	50	26450	0.003	0	0.003	0.003	529	313.147	219	839	
3.25	3.5	4	4	5	3	75	26500	74	26122	0.0118919	0.00312992	0.01	0.017	353	17.4387	341	378	
3.25	3.5	4	5	4	3	75	26500	75	26500	0.0123333	0.00332205	0.01	0.017	353.333	182.713	225	610	
3.25	3.5	2	6	5	3	100	26550	100	26550	0.00699	0.00469363	0.003	0.017	265.5	136.531	31	373	
3.25	3.5	2	7	1	3	103	26556	103	26556	0.00938835	0.00832341	0.003	0.024	257.825	135.008	75	495	
3.25	3.5	2	8	2	3	77	26504	77	26504	0.00527273	0.00329927	0.003	0.01	344.208	92.2456	43	453	
3.25	3.5	2	9	4	3	97	26544	97	26544	0.00480412	0.0030776	0.003	0.01	273.649	184.964	51	517	
3.25	3.5	2	10	3	3	100	26550	98	25640	0.00907143	0.0076969	0.003	0.024	261.633	109.072	157	455	
3.25	3.5	3	11	5	3	50	26450	50	26450	0.003	0	0.003	0.003	529	68.6904	461	597	
3.25	3.5	3	12	1	3	50	26450	50	26450	0.003	0	0.003	0.003	529	313.147	219	839	
3.25	3.5	3	13	3	3	50	26450	50	26450	0.0065	0.00353553	0.003	0.01	529	76.7716	453	605	
3.25	3.5	3	14	2	3	50	26450	50	26450	0.0065	0.00353553	0.003	0.01	529	76.7716	453	605	
3.25	3.5	3	15	4	3	75	26500	75	26500	0.00533333	0.00332205	0.003	0.01	353.333	279.527	157	746	
3.25	3.5	1	16	4	3	89	26528	89	26528	0.00866292	0.00458492	0.003	0.017	298.067	97.4967	95	453	
3.25	3.5	1	17	3	3	89	26528	89	26528	0.00850562	0.00465668	0.003	0.017	298.067	97.4967	95	453	
3.25	3.5	1	18	5	3	101	26552	101	26552	0.00979208	0.00581088	0.003	0.024	262.891	99.9656	8	389	
3.25	3.5	1	19	1	3	64	26478	64	26478	0.00573437	0.00344223	0.003	0.01	413.719	204.449	26	597	
3.25	3.5	1	20	2	3	89	26528	88	26243	0.00888636	0.00473294	0.003	0.017	298.216	138.036	31	485	
3.5	3.75	4	1	3	3	75	26500	76	26878	0.0106447	0.00414955	0.003	0.017	353.658	31.8046	285	490	
3.5	3.75	4	2	1	3	75	26500	74	26186	0.0112297	0.0033497	0.003	0.017	353.865	33.2563	285	490	
3.5	3.75	4	3	2	3	50	26450	50	26450	0.003	0	0.003	0.003	529	313.147	219	839	
3.5	3.75	4	4	5	3	75	26500	75	26500	0.0114933	0.00350819	0.003	0.017	353.333	32.2626	285	490	
3.5	3.75	4	5	4	3	75	26500	75	26500	0.01224	0.00348293	0.003	0.017	353.333	185.929	177	706	
3.5	3.75	2	6	5	3	100	26550	102	26612	0.00739216	0.00501514	0.003	0.017	260.902	141.603	31	373	
3.5	3.75	2	7	1	3	102	26554	101	26740	0.0101386	0.00804118	0.003	0.024	264.752	127.067	117	495	
3.5	3.75	2	8	2	3	75	26500	75	26575	0.00533333	0.00332205	0.003	0.01	354.333	76.6941	266	453	
3.5	3.75	2	9	4	3	99	26548	99	26751	0.00476768	0.0030567	0.003	0.01	270.212	188.059	51	517	
3.5	3.75	2	10	3	3	102	26554	100	25947	0.00916	0.00803869	0.003	0.024	259.47	109.888	157	455	
3.5	3.75	3	11	5	3	61	26472	60	26446	0.00416667	0.00263076	0.003	0.01	440.767	192.909	26	597	
3.5	3.75	3	12	1	3	50	26450	50	26450	0.003	0	0.003	0.003	529	313.147	219	839	
3.5	3.75	3	13	3	3	52	26454	52	26454	0.00609615	0.00351054	0.003	0.01	508.731	103.723	154	605	
3.5	3.75	3	14	2	3	52	26454	52	26454	0.00609615	0.00351054	0.003	0.01	508.731	114.121	234	685	
3.5	3.75	3	15	4	3	75	26500	75	26500	0.00645333	0.00556362	0.003	0.024	353.333	279.527	157	746	
3.5	3.75	1	16	4	3	81	26512	82	26719	0.00795122	0.0041867	0.003	0.017	325.841	97.0486	43	453	
3.5	3.75	1	17	3	3	80	26510	81	26717	0.00818518	0.00410826	0.003	0.017	329.84	96.2104	43	453	
3.5	3.75	1	18	5	3	104	26558	105	26825	0.00866667	0.00514532	0.003	0.024	255.476	104.104	8	389	
3.5	3.75	1	19	1	3	71	26492	72	26953	0.00397222	0.0024378	0.003	0.01	374.347	220.186	10	597	
3.5	3.75	1	20	2	3	78	26506	79	26732	0.00902532	0.00415401	0.003	0.017	338.38	108.207	31	485	
3.75	4	4	1	3	3	75	26500	74	26186	0.0108514	0.00383453	0.003	0.017	353.865	26.016	314	378	
3.75	4	4	2	1	3	75	26500	75	26500	0.0114	0.00325493	0.003	0.017	353.333	26.9616	314	378	
3.75	4	4	3	2	3	50	26450	50	26450	0.003	0	0.003	0.003	529	313.147	219	839	
3.75	4	4	4	5	3	75	26500	76	26878	0.0116579	0.00320646	0.003	0.017	353.658	37.3683	285	490	
3.75	4	4	5	4	3	75	26500	75	26500	0.0123333	0.00332205	0.01	0.017	353.333	182.713	225	610	
3.75	4	2	6	5	3	100	26550	98	26488	0.00764286	0.00531338	0.003	0.017	270.286	138.096	31	373	
3.75	4	2	7	1	3	100	26550	99	25454	0.0102828	0.00767588	0.003	0.024	257.111	110.291	117	495	
3.75	4	2	8	2	3	75	26500	75	26425	0.00533333	0.00332205	0.003	0.01	352.333	76.5309	266	453	
3.75	4	2	9	4	3	99	26548	99	26345	0.00476768	0.0030567	0.003	0.01	266.111	185.347	51	517	
3.75	4	2	10	3	3	100	26550	93	23062	0.00872043	0.00765047	0.003	0.024	247.978	102.741	152	455	
3.75	4	3	11	5	3	75	26500	75	26500	0.00533333	0.00332205	0.003	0.01	353.333	233.018	26	517	
3.75	4	3	12	1	3	50	26450	50	26450	0.003	0	0.003	0.003	529	313.147	219	839	
3.75	4	3	13	3	3	53	26456	53	26456	0.00590566	0.00348218	0.003	0.01	499.17	112.96	154	605	
3.75	4	3	14	2	3	53	26456	53	26456	0.00590566	0.00348218	0.003	0.01	499.17	116.592	234	685	
3.75	4	3	15	4	3	75	26500	74	25754	0.00782432	0.0071354	0.003	0.024	348.027	277.606	157	746	
3.75	4	1	16	4	3	79	26508	79	26508	0.00760759	0.00386443	0.003	0.017	335.544	87.2372	43	453	
3.75	4	1	17	3	3	79	26508	79	26508	0.00725316	0.00394991	0.003	0.017	335.544	87.2372	43	453	
3.75	4	1	18	5	3	103	26556	103	26556	0.00870874	0.00487617	0.003	0.024	257.825	96.5225	8	389	
3.75	4	1	19	1	3	75	26500	75	26500	0.003	0	0.003	0.003	353.333	234.818	10	597	
3.75	4	1	20	2	3	77	26504	77	26504	0.008	0.00391018	0.003	0.017	344.208	81.545	88	485	
4	4.25	4	1	3	3	75	26500	75	26500	0.0113067	0.00339305	0.003	0.017	353.333	26.6064	314	378	
4	4.25	4	2	1	3	75	26500	76	26814	0.0112895	0.00337369	0.003	0.017	352.816	27.1587	314	378	
4	4.25	4	3	2	3	50	26450	50	26450	0.003	0	0.003	0.003	529	313.147	219	839	
4	4.25	4	4	5	3	75	26500	74	26122	0.0112297	0.0033497	0.003	0.017	353	42.2996	285	490	
4	4.25	4	5	4	3	75	26500	75	26500	0.0123333	0.00332205	0.01	0.017	353.333	182.713	225	610	
4	4.25	2	6	5	3	100	26550	101	26581	0.00743564	0.00521232	0.003	0.017	263.178	139.936	31	373	
4	4.25	2	7	1	3	102	26554	101	26728	0.01	0.00779487	0.003	0.024	264.634	110.533	101	495	
4	4.25	2	8	2	3	76	26502	76	26502	0.00530263	0.00331067	0.003	0.01	348.711	85.3496	43	453	
4	4.25	2	9	4	3	98	26546	98	26546	0.00478571	0.00306712	0.003	0.01	270.878	185.222	51	517	
4	4.25	2	10	3	3	100	26550	96	24730	0.00905208	0.00784235	0.003	0.024	257.604	107.656	157	455	
4	4.25	3	11	5	3	75	26500	75	26500	0.00533333	0.00332205	0.003	0.01	353.333	233.018	26	517	
4	4.25	3	12	1	3	50	26450	50	26450	0.003	0	0.003	0.003	529	313.147	219	839	
4	4.25	3	13	3	3	53	26456	53	26456	0.00590566	0.00348218	0.003	0.01	499.17	112.96	154	605	
4	4.25	3	14	2	3	53	26456	53	26456	0.00590566	0.00348218	0.003	0.01	499.17	110.3	234	685	
4	4.25	3	15	4	3	75	26500	76	27246	0.00806579	0.00719321	0.003	0.024	358.5	281.287	157	746	
4	4.25	1	16	4	3	81	26512	81	26512	0.00758025	0.00401517	0.003	0.017	327.309	92.8442	43	453	
4	4.25	1	17	3	3	80	26510	80	26510	0.00755	0.00403121	0.003	0.017	331.375	92.4812	43	453	
4	4.25	1	18	5	3	103	26556	103	26556	0.00850485	0.00445429	0.003	0.024	257.825	95.1616	8	389	
4	4.25	1	19	1	3	75	26500	75	26500	0.003	0	0.003	0.003	353.333	232.414	10	597	
4	4.25	1	20	2	3	79	26508	79	26457	0.00734177	0.00376858	0.003	0.017	334.899	82.5332	88	485	
4.25	4.5	4	1	3	3	75	26500	76	26814	0.0112895	0.00337369	0.003	0.017	352.816	26.8108	314	378	
4.25	4.5	4	2	1	3	75	26500	74	26186	0.0115135	0.00290131	0.01	0.017	353.865	27.8077	314	373	
4.25	4.5	4	3	2	3	50	26450	50	26450	0.003	0	0.003	0.003	529	313.147	219	839	
4.25	4.5	4	4	5	3	75	26500	75	26500	0.0114933	0.00331407	0.003	0.017	353.333	42.1119	285	490	
4.25	4.5	4	5	4	3	75	26500	75	26500	0.0123333	0.00332205	0.01	0.017	353.333	182.713	225	610	
4.25	4.5	2	6	5	3	99	26548	98	26517	0.007	0.00482049	0.003	0.017	270.582	132.202	31	402	
4.25	4.5	2	7	1	3	102	26554	99	25414	0.00978788	0.00751362	0.003	0.024	256.707	114.28	84	678	
4.25	4.5	2	8	2	3	77	26504	77	26504	0.00527273	0.00329927	0.003	0.01	344.208	91.0395	43	453	
4.25	4.5	2	9	4	3	95	26540	95	26540	0.0048421	0.00309878	0.003	0.01	279.368	181.557	51	517	
4.25	4.5	2	10	3	3	100	26550	96	24730	0.00876042	0.00766777	0.003	0.024	257.604	112.806	152	678	
4.25	4.5	3	11	5	3	75	26500	75	26500	0.00533333	0.00332205	0.003	0.01	353.333	233.018	26	517	
4.25	4.5	3	12	1	3	50	26450	50	26450	0.003	0	0.003	0.003	529	313.147	219	839	
4.25	4.5	3	13	3	3	50	26450	50	26450	0.0065	0.00353553	0.003	0.01	529	76.7716	453	605	
4.25	4.5	3	14	2	3	50	26450	50	26450	0.0065	0.00353553	0.003	0.01	529	76.7716	453	605	
4.25	4.5	3	15	4	3	75	26500	75	26500	0.00766667	0.00664411	0.003	0.017	353.333	279.527	157	746	
4.25	4.5	1	16	4	3	80	26510	80	26398	0.0074625	0.00373469	0.003	0.017	329.975	75.7314	103	453	
4.25	4.5	1	17	3	3	80	26510	80	26398	0.0072875	0.00377599	0.003	0.017	329.975	75.7314	103	453	
4.25	4.5	1	18	5	3	105	26560	105	26560	0.0078	0.00354206	0.003	0.017	252.952	105.467	8	389	
4.25	4.5	1	19	1	3	71	26492	70	26031	0.0048	0.0030815	0.003	0.01	371.871	180.863	10	597	
4.25	4.5	1	20	2	3	93	26536	94	26877	0.00530851	0.0033086	0.003	0.01	285.926	73.8955	93	453	
4.5	4.75	4	1	3	3	75	26500	74	26186	0.0105676	0.0041383	0.003	0.017	353.865	25.2637	314	378	
4.5	4.75	4	2	1	3	75	26500	75	26500	0.0115867	0.00295046	0.01	0.017	353.333	28.0002	314	373	
4.5	4.75	4	3	2	3	50	26450	50	26450	0.003	0	0.003	0.003	529	313.147	219	839	
4.5	4.75	4	4	5	3	75	26500	76	26878	0.0115658	0.00335196	0.003	0.017	353.658	53.3098	285	490	
4.5	4.75	4	5	4	3	75	26500	75	26500	0.0123333	0.00332205	0.01	0.017	353.333	182.713	225	610	
4.5	4.75	2	6	5	3	100	26550	101	26581	0.00743564	0.00492223	0.003	0.017	263.178	142.004	31	373	
4.5	4.75	2	7	1	3	100	26550	100	26550	0.01035	0.00810583	0.003	0.024	265.5	113.444	157	455	
4.5	4.75	2	8	2	3	75	26500	75	26500	0.00533333	0.00332205	0.003	0.01	353.333	77.3564	266	453	
4.5	4.75	2	9	4	3	100	26550	99	26177	0.00476768	0.0030567	0.003	0.01	264.414	189.812	51	517	
4.5	4.75	2	10	3	3	100	26550	96	24730	0.00876042	0.00732371	0.003	0.024	257.604	108.795	157	455	
4.5	4.75	3	11	5	3	75	26500	75	26500	0.00533333	0.00332205	0.003	0.01	353.333	233.018	26	517	
4.5	4.75	3	12	1	3	50	26450	50	26450	0.003	0	0.003	0.003	529	313.147	219	839	
4.5	4.75	3	13	3	3	50	26450	50	26450	0.0065	0.00353553	0.003	0.01	529	76.7716	453	605	
4.5	4.75	3	14	2	3	50	26450	50	26370	0.0065	0.00353553	0.003	0.01	527.4	148.925	373	685	
4.5	4.75	3	15	4	3	75	26500	75	26500	0.00766667	0.00664411	0.003	0.017	353.333	279.527	157	746	
4.5	4.75	1	16	4	3	75	26500	75	26612	0.00729333	0.00343186	0.003	0.01	354.827	65.5916	285	453	
4.5	4.75	1	17	3	3	75	26500	75	26612	0.00738667	0.00340863	0.003	0.01	354.827	65.5916	285	453	
4.5	4.75	1	18	5	3	102	26554	102	26554	0.0080098	0.0031732	0.003	0.01	260.333	106.013	59	389	
4.5	4.75	1	19	1	3	69	26488	69	26432	0.00553623	0.00338934	0.003	0.01	383.072	167.599	90	597	
4.5	4.75	1	20	2	3	94	26538	94	26538	0.00530851	0.0033086	0.003	0.01	282.319	71.4578	149	453	
4.75	5	4	1	3	3	75	26500	75	26500	0.0110267	0.00376317	0.003	0.017	353.333	26.2464	314	378	
4.75	5	4	2	1	3	75	26500	76	26814	0.0115658	0.00293637	0.01	0.017	352.816	28.1764	314	373	
4.75	5	4	3	2	3	50	26450	50	26450	0.003	0	0.003	0.003	529	313.147	219	839	
4.75	5	4	4	5	3	75	26500	74	26122	0.0115135	0.00352775	0.003	0.017	353	46.4817	285	490	
4.75	5	4	5	4	3	75	26500	75	26500	0.0123333	0.00332205	0.01	0.017	353.333	182.713	225	610	
4.75	5	2	6	5	3	100	26550	100	26550	0.00713	0.00456967	0.003	0.017	265.5	140.78	31	373	
4.75	5	2	7	1	3	100	26550	100	26550	0.00993	0.00792803	0.003	0.024	265.5	113.444	157	455	
4.75	5	2	8	2	3	75	26500	75	26500	0.00533333	0.00332205	0.003	0.01	353.333	77.3564	266	453	
4.75	5	2	9	4	3	100	26550	101	26923	0.00494059	0.00314904	0.003	0.01	266.564	188.518	51	517	
4.75	5	2	10	3	3	100	26550	92	22910	0.00855435	0.00752193	0.003	0.024	249.022	102.807	157	455	
4.75	5	3	11	5	3	75	26500	75	26500	0.00533333	0.00332205	0.003	0.01	353.333	233.018	26	517	
4.75	5	3	12	1	3	50	26450	50	26450	0.003	0	0.003	0.003	529	313.147	219	839	
4.75	5	3	13	3	3	50	26450	50	26450	0.0065	0.00353553	0.003	0.01	529	76.7716	453	605	
4.75	5	3	14	2	3	50	26450	50	26450	0.0065	0.00353553	0.003	0.01	529	157.584	373	685	
4.75	5	3	15	4	3	75	26500	75	26500	0.00766667	0.00664411	0.003	0.017	353.333	279.527	157	746	
4.75	5	1	16	4	3	75	26500	75	26500	0.00766667	0.00332205	0.003	0.01	353.333	64.1469	285	453	
4.75	5	1	17	3	3	75	26500	75	26500	0.00766667	0.00332205	0.003	0.01	353.333	64.1469	285	453	
4.75	5	1	18	5	3	102	26554	102	26554	0.0080098	0.0031732	0.003	0.01	260.333	102.539	8	389	
4.75	5	1	19	1	3	62	26474	61	25933	0.00678688	0.00351717	0.003	0.01	425.131	155.412	90	597	
4.75	5	1	20	2	3	90	26530	89	26189	0.00575281	0.00343869	0.003	0.01	294.258	78.9782	135	453	
5	5.25	4	1	3	3	75	26500	76	26814	0.0115658	0.00293637	0.01	0.017	352.816	28.1764	314	373	
5	5.25	4	2	1	3	75	26500	74	26186	0.0115135	0.00290131	0.01	0.017	353.865	27.8077	314	373	
5	5.25	4	3	2	3	50	26450	50	26450	0.003	0	0.003	0.003	529	313.147	219	839	
5	5.25	4	4	5	3	75	26500	75	26500	0.0115867	0.00295046	0.01	0.017	353.333	17.5594	341	378	
5	5.25	4	5	4	3	75	26500	75	26500	0.0123333	0.00332205	0.01	0.017	353.333	182.713	225	610	
5	5.25	2	6	5	3	100	26550	100	26550	0.00713	0.00456967	0.003	0.017	265.5	140.78	31	373	
5	5.25	2	7	1	3	100	26550	100	26550	0.01049	0.00752839	0.003	0.024	265.5	113.444	157	455	
5	5.25	2	8	2	3	75	26500	75	26500	0.00533333	0.00332205	0.003	0.01	353.333	77.3564	266	453	
5	5.25	2	9	4	3	100	26550	99	26177	0.0049798	0.00316866	0.003	0.01	264.414	189.812	51	517	
5	5.25	2	10	3	3	100	26550	93	23365	0.00864516	0.00753203	0.003	0.024	251.237	104.454	157	455	
5	5.25	3	11	5	3	75	26500	75	26500	0.00533333	0.00332205	0.003	0.01	353.333	233.018	26	517	
5	5.25	3	12	1	3	50	26450	50	26450	0.003	0	0.003	0.003	529	313.147	219	839	
5	5.25	3	13	3	3	50	26450	50	26450	0.0065	0.00353553	0.003	0.01	529	76.7716	453	605	
5	5.25	3	14	2	3	50	26450	50	26450	0.0065	0.00353553	0.003	0.01	529	157.584	373	685	
5	5.25	3	15	4	3	75	26500	75	26500	0.00766667	0.00664411	0.003	0.017	353.333	279.527	157	746	
5	5.25	1	16	4	3	75	26500	75	26500	0.00748	0.00338263	0.003	0.01	353.333	61.8648	285	434	
5	5.25	1	17	3	3	75	26500	75	26500	0.00748	0.00338263	0.003	0.01	353.333	61.8648	285	434	
5	5.25	1	18	5	3	103	26556	103	26711	0.0078932	0.00322646	0.003	0.01	259.33	90.6118	8	389	
5	5.25	1	19	1	3	50	26450	50	26450	0.01	0	0.01	0.01	529	12.1218	517	541	
5	5.25	1	20	2	3	86	26522	88	27148	0.00610227	0.00349726	0.003	0.01	308.5	79.7286	135	434	
5.25	5.5	4	1	3	3	75	26500	74	26186	0.0112297	0.0033497	0.003	0.017	353.865	27.1052	314	378	
5.25	5.5	4	2	1	3	75	26500	75	26500	0.0115867	0.00295046	0.01	0.017	353.333	28.0002	314	373	
5.25	5.5	4	3	2	3	50	26450	50	26450	0.003	0	0.003	0.003	529	313.147	219	839	
5.25	5.5	4	4	5	3	75	26500	76	26878	0.0113816	0.00323715	0.003	0.017	353.658	32.1714	285	490	
5.25	5.5	4	5	4	3	75	26500	75	26500	0.0123333	0.00332205	0.01	0.017	353.333	182.713	225	610	
5.25	5.5	2	6	5	3	100	26550	100	26550	0.00713	0.00456967	0.003	0.017	265.5	140.78	31	373	
5.25	5.5	2	7	1	3	100	26550	101	26707	0.0102772	0.00772673	0.003	0.024	264.426	113.39	157	455	
5.25	5.5	2	8	2	3	75	26500	75	26500	0.00533333	0.00332205	0.003	0.01	353.333	77.3564	266	453	
5.25	5.5	2	9	4	3	100	26550	101	26923	0.0050099	0.00318275	0.003	0.01	266.564	187.506	51	517	
5.25	5.5	2	10	3	3	100	26550	89	21545	0.00826966	0.00733262	0.003	0.024	242.079	97.1316	157	455	
5.25	5.5	3	11	5	3	75	26500	75	26500	0.00533333	0.00332205	0.003	0.01	353.333	233.018	26	517	
5.25	5.5	3	12	1	3	50	26450	50	26450	0.003	0	0.003	0.003	529	313.147	219	839	
5.25	5.5	3	13	3	3	50	26450	50	26450	0.0065	0.00353553	0.003	0.01	529	76.7716	453	605	
5.25	5.5	3	14	2	3	50	26450	50	26450	0.0065	0.00353553	0.003	0.01	529	157.584	373	685	
5.25	5.5	3	15	4	3	75	26500	75	26500	0.00766667	0.00664411	0.003	0.017	353.333	279.527	157	746	
5.25	5.5	1	16	4	3	76	26502	76	26502	0.00778947	0.00346916	0.003	0.017	348.711	68.3604	95	453	
5.25	5.5	1	17	3	3	76	26502	76	26502	0.00778947	0.00346916	0.003	0.017	348.711	68.3604	95	453	
5.25	5.5	1	18	5	3	105	26560	105	26405	0.00773333	0.00343138	0.003	0.017	251.476	104.519	8	389	
5.25	5.5	1	19	1	3	62	26474	63	27015	0.00711111	0.00347392	0.003	0.01	428.81	165.482	26	597	
5.25	5.5	1	20	2	3	92	26534	90	25908	0.00564444	0.00357051	0.003	0.017	287.867	77.3395	95	453	
5.5	5.75	4	1	3	3	75	26500	75	26500	0.0107467	0.00408058	0.003	0.017	353.333	25.1355	314	378	
5.5	5.75	4	2	1	3	75	26500	76	26814	0.0115658	0.00293637	0.01	0.017	352.816	28.1764	314	373	
5.5	5.75	4	3	2	3	50	26450	50	26450	0.003	0	0.003	0.003	529	313.147	219	839	
5.5	5.75	4	4	5	3	75	26500	74	26122	0.0108514	0.00416996	0.003	0.017	353	57.2225	285	490	
5.5	5.75	4	5	4	3	75	26500	75	26500	0.0123333	0.00332205	0.01	0.017	353.333	182.713	225	610	
5.5	5.75	2	6	5	3	100	26550	99	26519	0.00731313	0.00486899	0.003	0.017	267.869	139.479	31	373	
5.5	5.75	2	7	1	3	100	26550	100	26550	0.01014	0.00783288	0.003	0.024	265.5	113.444	157	455	
5.5	5.75	2	8	2	3	75	26500	75	26500	0.00533333	0.00332205	0.003	0.01	353.333	77.3564	266	453	
5.5	5.75	2	9	4	3	100	26550	100	26550	0.0051	0.00322396	0.003	0.01	265.5	185.051	51	517	
5.5	5.75	2	10	3	3	100	26550	89	21545	0.00842697	0.00744356	0.003	0.024	242.079	97.1316	157	455	
5.5	5.75	3	11	5	3	75	26500	75	26500	0.00533333	0.00332205	0.003	0.01	353.333	233.018	26	517	
5.5	5.75	3	12	1	3	50	26450	50	26450	0.003	0	0.003	0.003	529	313.147	219	839	
5.5	5.75	3	13	3	3	50	26450	50	26450	0.0065	0.00353553	0.003	0.01	529	76.7716	453	605	
5.5	5.75	3	14	2	3	50	26450	50	26450	0.0065	0.00353553	0.003	0.01	529	157.584	373	685	
5.5	5.75	3	15	4	3	75	26500	75	26500	0.00766667	0.00664411	0.003	0.017	353.333	279.527	157	746	
5.5	5.75	1	16	4	3	75	26500	75	26388	0.00757333	0.00335379	0.003	0.01	351.84	64.8879	285	453	
5.5	5.75	1	17	3	3	75	26500	75	26388	0.00766667	0.00332205	0.003	0.01	351.84	64.8879	285	453	
5.5	5.75	1	18	5	3	107	26564	107	26564	0.0074486	0.00338485	0.003	0.01	248.262	117.766	8	389	
5.5	5.75	1	19	1	3	66	26482	66	26538	0.00565151	0.00342162	0.003	0.01	402.091	160.496	90	597	
5.5	5.75	1	20	2	3	89	26528	90	26869	0.00564444	0.00341283	0.003	0.01	298.544	78.6113	149	453	
5.75	6	4	1	3	3	75	26500	78	27496	0.0105385	0.00418622	0.003	0.017	352.513	24.7437	314	378	
5.75	6	4	2	1	3	75	26500	74	26186	0.0115135	0.00290131	0.01	0.017	353.865	27.8077	314	373	
5.75	6	4	3	2	3	50	26450	50	26450	0.003	0	0.003	0.003	529	313.147	219	839	
5.75	6	4	4	5	3	75	26500	75	26500	0.01168	0.00342155	0.003	0.017	353.333	32.2626	285	490	
5.75	6	4	5	4	3	75	26500	75	26500	0.0123333	0.00332205	0.01	0.017	353.333	182.713	225	610	
5.75	6	2	6	5	3	100	26550	101	26581	0.00715841	0.00455573	0.003	0.017	263.178	142.004	31	373	
5.75	6	2	7	1	3	100	26550	99	26393	0.00978788	0.00777525	0.003	0.024	266.596	113.488	157	455	
5.75	6	2	8	2	3	75	26500	75	26500	0.00533333	0.00332205	0.003	0.01	353.333	77.3564	266	453	
5.75	6	2	9	4	3	100	26550	100	26550	0.00503	0.00319234	0.003	0.01	265.5	184.009	51	517	
5.75	6	2	10	3	3	100	26550	87	20635	0.00790804	0.00717008	0.003	0.024	237.184	92.6035	157	455	
5.75	6	3	11	5	3	75	26500	75	26500	0.00533333	0.00332205	0.003	0.01	353.333	233.018	26	517	
5.75	6	3	12	1	3	50	26450	50	26450	0.003	0	0.003	0.003	529	313.147	219	839	
5.75	6	3	13	3	3	50	26450	50	26450	0.0065	0.00353553	0.003	0.01	529	76.7716	453	605	
5.75	6	3	14	2	3	50	26450	50	26450	0.0065	0.00353553	0.003	0.01	529	157.584	373	685	
5.75	6	3	15	4	3	75	26500	75	26500	0.00766667	0.00664411	0.003	0.017	353.333	279.527	157	746	
5.75	6	1	16	4	3	75	26500	75	26612	0.00766667	0.00332205	0.003	0.01	354.827	66.8939	285	453	
5.75	6	1	17	3	3	75	26500	75	26612	0.00757333	0.00335379	0.003	0.01	354.827	66.8939	285	453	
5.75	6	1	18	5	3	101	26552	101	26552	0.00812871	0.0031134	0.003	0.01	262.891	110.97	8	389	
5.75	6	1	19	1	3	66	26482	66	26426	0.00565151	0.00342162	0.003	0.01	400.394	153.16	90	597	
5.75	6	1	20	2	3	91	26532	91	26532	0.00538461	0.0033359	0.003	0.01	291.56	78.3193	149	453	
6	6.25	4	1	3	3	75	26500	73	25845	0.0106712	0.00406904	0.003	0.017	354.041	25.0047	314	378	
6	6.25	4	2	1	3	75	26500	75	26500	0.0115867	0.00295046	0.01	0.017	353.333	28.0002	314	373	
6	6.25	4	3	2	3	50	26450	50	26450	0.003	0	0.003	0.003	529	313.147	219	839	
6	6.25	4	4	5	3	75	26500	75	26500	0.0117733	0.00306494	0.01	0.017	353.333	17.5594	341	378	
6	6.25	4	5	4	3	75	26500	75	26500	0.0123333	0.00332205	0.01	0.017	353.333	182.713	225	610	
6	6.25	2	6	5	3	100	26550	100	26550	0.00706	0.00446947	0.003	0.017	265.5	140.78	31	373	
6	6.25	2	7	1	3	100	26550	101	26707	0.0104158	0.00778366	0.003	0.024	264.426	113.39	157	455	
6	6.25	2	8	2	3	75	26500	75	26500	0.00533333	0.00332205	0.003	0.01	353.333	77.3564	266	453	
6	6.25	2	9	4	3	100	26550	100	26550	0.00503	0.00319234	0.003	0.01	265.5	185.051	51	517	
6	6.25	2	10	3	3	100	26550	86	20180	0.00755814	0.00668555	0.003	0.024	234.651	90.0647	157	455	
6	6.25	3	11	5	3	75	26500	75	26500	0.00533333	0.00332205	0.003	0.01	353.333	233.018	26	517	
6	6.25	3	12	1	3	50	26450	50	26450	0.003	0	0.003	0.003	529	313.147	219	839	
6	6.25	3	13	3	3	50	26450	50	26450	0.0065	0.00353553	0.003	0.01	529	76.7716	453	605	
6	6.25	3	14	2	3	50	26450	50	26450	0.0065	0.00353553	0.003	0.01	529	157.584	373	685	
6	6.25	3	15	4	3	75	26500	75	26500	0.00766667	0.00664411	0.003	0.017	353.333	279.527	157	746	
6	6.25	1	16	4	3	78	26506	77	26411	0.00790909	0.00360256	0.003	0.017	343	74.6439	95	453	
6	6.25	1	17	3	3	78	26506	77	26411	0.00790909	0.00360256	0.003	0.017	343	74.6439	95	453	
6	6.25	1	18	5	3	106	26562	106	26458	0.00775472	0.00368475	0.003	0.017	249.604	113.487	8	389	
6	6.25	1	19	1	3	67	26484	67	26484	0.00550746	0.00338165	0.003	0.01	395.284	178.04	26	597	
6	6.25	1	20	2	3	87	26524	85	26120	0.00678823	0.0039764	0.003	0.017	307.294	94.6186	31	485	
6.25	6.5	4	1	3	3	75	26500	75	26500	0.01056	0.00426881	0.003	0.017	353.333	23.9731	314	378	
6.25	6.5	4	2	1	3	75	26500	76	26814	0.0114737	0.00309181	0.003	0.017	352.816	27.8413	314	378	
6.25	6.5	4	3	2	3	50	26450	50	26450	0.003	0	0.003	0.003	529	313.147	219	839	
6.25	6.5	4	4	5	3	75	26500	75	26500	0.01112	0.00382368	0.003	0.017	353.333	53.5931	285	490	
6.25	6.5	4	5	4	3	75	26500	75	26500	0.0123333	0.00332205	0.01	0.017	353.333	182.713	225	610	
6.25	6.5	2	6	5	3	100	26550	100	26550	0.00692	0.00425851	0.003	0.017	265.5	140.78	31	373	
6.25	6.5	2	7	1	3	100	26550	100	26550	0.01	0.00814391	0.003	0.024	265.5	114.641	117	495	
6.25	6.5	2	8	2	3	75	26500	75	26500	0.00533333	0.00332205	0.003	0.01	353.333	77.3564	266	453	
6.25	6.5	2	9	4	3	100	26550	100	26550	0.00475	0.00304636	0.003	0.01	265.5	177.085	51	517	
6.25	6.5	2	10	3	3	100	26550	81	17905	0.00654321	0.0054361	0.003	0.024	221.049	73.4622	157	455	
6.25	6.5	3	11	5	3	75	26500	75	26500	0.00533333	0.00332205	0.003	0.01	353.333	233.018	26	517	
6.25	6.5	3	12	1	3	50	26450	50	26450	0.003	0	0.003	0.003	529	313.147	219	839	
6.25	6.5	3	13	3	3	51	26452	51	26452	0.00629412	0.00352871	0.003	0.01	518.667	92.0847	154	605	
6.25	6.5	3	14	2	3	51	26452	51	26452	0.00629412	0.00352871	0.003	0.01	518.667	158.593	314	685	
6.25	6.5	3	15	4	3	75	26500	74	25754	0.00763513	0.00678349	0.003	0.024	348.027	277.606	157	746	
6.25	6.5	1	16	4	3	84	26518	85	26613	0.0086	0.00442719	0.003	0.017	313.094	96.5297	95	453	
6.25	6.5	1	17	3	3	84	26518	85	26613	0.00851765	0.00446577	0.003	0.017	313.094	96.5297	95	453	
6.25	6.5	1	18	5	3	106	26562	105	26724	0.00826667	0.00463321	0.003	0.024	254.514	108.923	8	389	
6.25	6.5	1	19	1	3	65	26480	65	26480	0.00569231	0.00343203	0.003	0.01	407.385	194.376	26	597	
6.25	6.5	1	20	2	3	84	26518	84	26459	0.009	0.004499	0.003	0.017	314.988	131.435	31	485	
6.5	6.75	4	1	3	3	75	26500	75	26473	0.0106533	0.00417681	0.003	0.017	352.973	30.6704	285	490	
6.5	6.75	4	2	1	3	75	26500	74	26186	0.0112297	0.0033497	0.003	0.017	353.865	32.6712	285	490	
6.5	6.75	4	3	2	3	50	26450	50	26450	0.003	0	0.003	0.003	529	313.147	219	839	
6.5	6.75	4	4	5	3	75	26500	76	26785	0.0116579	0.00359092	0.003	0.017	352.434	68.5733	285	490	
6.5	6.75	4	5	4	3	75	26500	75	26500	0.0121467	0.00363427	0.003	0.017	353.333	185.929	177	706	
6.5	6.75	2	6	5	3	100	26550	100	26550	0.00685	0.00414723	0.003	0.017	265.5	140.78	31	373	
6.5	6.75	2	7	1	3	100	26550	98	25560	0.00978571	0.00806961	0.003	0.024	260.816	109.561	117	495	
6.5	6.75	2	8	2	3	75	26500	75	26500	0.00533333	0.00332205	0.003	0.01	353.333	77.3564	266	453	
6.5	6.75	2	9	4	3	100	26550	100	26550	0.00475	0.00304636	0.003	0.01	265.5	175.996	91	517	
6.5	6.75	2	10	3	3	100	26550	86	20180	0.00747674	0.00652367	0.003	0.024	234.651	90.0647	157	455	
6.5	6.75	3	11	5	3	75	26500	75	26500	0.00533333	0.00332205	0.003	0.01	353.333	233.018	26	517	
6.5	6.75	3	12	1	3	50	26450	50	26450	0.003	0	0.003	0.003	529	313.147	219	839	
6.5	6.75	3	13	3	3	54	26458	54	26458	0.00572222	0.00344453	0.003	0.01	489.963	120.456	154	605	
6.5	6.75	3	14	2	3	54	26458	54	26458	0.00572222	0.00344453	0.003	0.01	489.963	157.78	314	685	
6.5	6.75	3	15	4	3	75	26500	76	27246	0.00815789	0.00735219	0.003	0.024	358.5	281.287	157	746	
6.5	6.75	1	16	4	3	83	26516	82	26421	0.00803658	0.00429885	0.003	0.017	322.207	103.22	43	453	
6.5	6.75	1	17	3	3	83	26516	82	26421	0.00795122	0.00432878	0.003	0.017	322.207	103.22	43	453	
6.5	6.75	1	18	5	3	109	26568	107	25760	0.00803738	0.00478781	0.003	0.024	240.748	120.962	8	389	
6.5	6.75	1	19	1	3	66	26482	66	26482	0.00490909	0.00314142	0.003	0.01	401.242	187.921	10	597	
6.5	6.75	1	20	2	3	82	26514	82	26573	0.00880488	0.00423227	0.003	0.017	324.061	122.453	31	485	
6.75	7	4	1	3	3	75	26500	76	26756	0.00963158	0.00483554	0.003	0.017	352.053	31.8102	285	490	
6.75	7	4	2	1	3	75	26500	77	27070	0.0111818	0.00348201	0.003	0.017	351.558	34.6792	285	490	
6.75	7	4	3	2	3	50	26450	50	26450	0.003	0	0.003	0.003	529	313.147	219	839	
6.75	7	4	4	5	3	75	26500	75	26500	0.01112	0.00415562	0.003	0.017	353.333	68.5826	285	490	
6.75	7	4	5	4	3	75	26500	76	26677	0.0121184	0.00361835	0.003	0.017	351.013	185.79	177	706	
6.75	7	2	6	5	3	100	26550	99	26519	0.00681818	0.00415605	0.003	0.017	267.869	139.479	31	373	
6.75	7	2	7	1	3	100	26550	99	26015	0.0102121	0.00815197	0.003	0.024	262.778	113.003	117	495	
6.75	7	2	8	2	3	75	26500	75	26500	0.00533333	0.00332205	0.003	0.01	353.333	77.3564	266	453	
6.75	7	2	9	4	3	100	26550	100	26550	0.00475	0.00304636	0.003	0.01	265.5	175.996	91	517	
6.75	7	2	10	3	3	100	26550	87	20595	0.00758621	0.0065655	0.003	0.024	236.724	93.1042	117	455	
6.75	7	3	11	5	3	75	26500	75	26500	0.00533333	0.00332205	0.003	0.01	353.333	233.018	26	517	
6.75	7	3	12	1	3	50	26450	50	26450	0.003	0	0.003	0.003	529	313.147	219	839	
6.75	7	3	13	3	3	53	26456	54	27061	0.00598148	0.00349388	0.003	0.01	501.13	112.812	154	605	
6.75	7	3	14	2	3	53	26456	54	27141	0.00598148	0.00349388	0.003	0.01	502.611	159.137	314	685	
6.75	7	3	15	4	3	75	26500	75	26500	0.00794667	0.00716578	0.003	0.024	353.333	279.527	157	746	
6.75	7	1	16	4	3	87	26524	88	26749	0.00872727	0.00457059	0.003	0.017	303.966	101.265	43	453	
6.75	7	1	17	3	3	87	26524	88	26749	0.00864773	0.00460894	0.003	0.017	303.966	101.265	43	453	
6.75	7	1	18	5	3	102	26554	100	26020	0.00881	0.00445561	0.003	0.024	260.2	104.062	8	389	
6.75	7	1	19	1	3	64	26478	65	26995	0.00547692	0.00337318	0.003	0.01	415.308	202.163	10	597	
6.75	7	1	20	2	3	87	26524	86	26151	0.00869767	0.00461983	0.003	0.017	304.081	131.408	31	485	
7	7.25	4	1	3	3	75	26500	73	25930	0.0106712	0.00423299	0.003	0.017	355.205	30.2007	314	490	
7	7.25	4	2	1	3	75	26500	74	26244	0.0116081	0.00296471	0.01	0.017	354.649	32.222	314	490	
7	7.25	4	3	2	3	50	26450	50	26450	0.003	0	0.003	0.003	529	313.147	219	839	
7	7.25	4	4	5	3	75	26500	74	26215	0.0115135	0.00371315	0.003	0.017	354.257	53.3549	285	490	
7	7.25	4	5	4	3	75	26500	74	26323	0.0123649	0.00333341	0.01	0.017	355.716	186.042	177	706	
7	7.25	2	6	5	3	100	26550	101	26581	0.00688119	0.00413833	0.003	0.017	263.178	142.004	31	373	
7	7.25	2	7	1	3	100	26550	99	26433	0.0102121	0.0080904	0.003	0.024	267	114.234	157	495	
7	7.25	2	8	2	3	75	26500	75	26500	0.00533333	0.00332205	0.003	0.01	353.333	77.3564	266	453	
7	7.25	2	9	4	3	100	26550	100	26550	0.00475	0.00304636	0.003	0.01	265.5	175.996	91	517	
7	7.25	2	10	3	3	100	26550	86	20220	0.00747674	0.00652367	0.003	0.024	235.116	91.3106	157	495	
7	7.25	3	11	5	3	75	26500	75	26500	0.00533333	0.00332205	0.003	0.01	353.333	233.018	26	517	
7	7.25	3	12	1	3	50	26450	50	26450	0.003	0	0.003	0.003	529	313.147	219	839	
7	7.25	3	13	3	3	50	26450	49	25845	0.00642857	0.00353553	0.003	0.01	527.449	76.7716	453	605	
7	7.25	3	14	2	3	50	26450	49	25765	0.00642857	0.00353553	0.003	0.01	525.816	157.584	373	685	
7	7.25	3	15	4	3	75	26500	75	26500	0.00766667	0.00664411	0.003	0.017	353.333	279.527	157	746	
7	7.25	1	16	4	3	80	26510	80	26380	0.0083375	0.00405326	0.003	0.017	329.75	87.2093	95	453	
7	7.25	1	17	3	3	80	26510	80	26380	0.0083375	0.00405326	0.003	0.017	329.75	87.2093	95	453	
7	7.25	1	18	5	3	103	26556	103	26660	0.00850485	0.00411805	0.003	0.017	258.835	100.757	8	389	
7	7.25	1	19	1	3	69	26488	69	26488	0.00421739	0.00267268	0.003	0.01	383.884	222.821	10	597	
7	7.25	1	20	2	3	80	26510	82	26997	0.00854878	0.00436358	0.003	0.017	329.232	114.804	31	485	
7.25	7.5	4	1	3	3	75	26500	76	26814	0.0111053	0.00362428	0.003	0.017	352.816	26.8108	314	378	
7.25	7.5	4	2	1	3	75	26500	74	26186	0.0113243	0.00321004	0.003	0.017	353.865	26.7471	314	378	
7.25	7.5	4	3	2	3	50	26450	50	26450	0.003	0	0.003	0.003	529	313.147	219	839	
7.25	7.5	4	4	5	3	75	26500	75	26500	0.0113067	0.00358289	0.003	0.017	353.333	42.1119	285	490	
7.25	7.5	4	5	4	3	75	26500	75	26500	0.0123333	0.00332205	0.01	0.017	353.333	182.713	225	610	
7.25	7.5	2	6	5	3	100	26550	100	26550	0.00643	0.00404084	0.003	0.017	265.5	135.883	31	373	
7.25	7.5	2	7	1	3	103	26556	102	25763	0.00903921	0.00750435	0.003	0.024	252.578	106.648	117	495	
7.25	7.5	2	8	2	3	90	26530	90	26530	0.00494444	0.00315289	0.003	0.01	294.778	126.574	113	453	
7.25	7.5	2	9	4	3	80	26510	80	26510	0.0051875	0.00326506	0.003	0.01	331.375	141.379	91	517	
7.25	7.5	2	10	3	3	105	26560	101	24740	0.00847525	0.00757838	0.003	0.024	244.95	104.926	84	455	
7.25	7.5	3	11	5	3	75	26500	75	26500	0.00533333	0.00332205	0.003	0.01	353.333	233.018	26	517	
7.25	7.5	3	12	1	3	50	26450	50	26450	0.003	0	0.003	0.003	529	313.147	219	839	
7.25	7.5	3	13	3	3	53	26456	53	26456	0.00590566	0.00348218	0.003	0.01	499.17	112.96	154	605	
7.25	7.5	3	14	2	3	53	26456	53	26456	0.00590566	0.00348218	0.003	0.01	499.17	158.619	314	685	
7.25	7.5	3	15	4	3	75	26500	75	26500	0.00794667	0.0072576	0.003	0.024	353.333	279.527	157	746	
7.25	7.5	1	16	4	3	83	26516	83	26516	0.00755422	0.00415332	0.003	0.017	319.47	94.5572	43	453	
7.25	7.5	1	17	3	3	83	26516	83	26516	0.0073012	0.00421014	0.003	0.017	319.47	94.5572	43	453	
7.25	7.5	1	18	5	3	105	26560	103	26234	0.00843689	0.0049915	0.003	0.024	254.699	100.58	8	389	
7.25	7.5	1	19	1	3	75	26500	75	26500	0.003	0	0.003	0.003	353.333	224.874	10	597	
7.25	7.5	1	20	2	3	80	26510	79	26225	0.00805063	0.00418452	0.003	0.017	331.962	98.1572	88	485	
7.5	7.75	4	1	3	3	75	26500	74	26186	0.0111351	0.00348116	0.003	0.017	353.865	32.965	285	490	
7.5	7.75	4	2	1	3	75	26500	75	26500	0.0114	0.00325493	0.003	0.017	353.333	33.35	285	490	
7.5	7.75	4	3	2	3	50	26450	50	26450	0.003	0	0.003	0.003	529	313.147	219	839	
7.5	7.75	4	4	5	3	75	26500	76	26878	0.0112895	0.00356208	0.003	0.017	353.658	37.3683	285	490	
7.5	7.75	4	5	4	3	75	26500	75	26500	0.01224	0.00348293	0.003	0.017	353.333	185.929	177	706	
7.5	7.75	2	6	5	3	100	26550	99	26519	0.00632323	0.00416454	0.003	0.017	267.869	131.048	31	373	
7.5	7.75	2	7	1	3	106	26562	105	26067	0.00853333	0.00737338	0.003	0.024	248.257	108.105	72	495	
7.5	7.75	2	8	2	3	81	26512	81	26512	0.00516049	0.00325368	0.003	0.01	327.309	102.517	113	453	
7.5	7.75	2	9	4	3	87	26524	87	26524	0.00501149	0.00318607	0.003	0.01	304.874	154.061	91	517	
7.5	7.75	2	10	3	3	106	26562	96	22310	0.00759375	0.00687571	0.003	0.024	232.396	98.0489	84	523	
7.5	7.75	3	11	5	3	75	26500	75	26500	0.00533333	0.00332205	0.003	0.01	353.333	233.018	26	517	
7.5	7.75	3	12	1	3	50	26450	50	26450	0.003	0	0.003	0.003	529	313.147	219	839	
7.5	7.75	3	13	3	3	52	26454	52	26454	0.00609615	0.00351054	0.003	0.01	508.731	103.723	154	605	
7.5	7.75	3	14	2	3	52	26454	52	26454	0.00609615	0.00351054	0.003	0.01	508.731	158.911	314	685	
7.5	7.75	3	15	4	3	75	26500	75	26500	0.00776	0.00682373	0.003	0.024	353.333	279.527	157	746	
7.5	7.75	1	16	4	3	84	26518	85	26803	0.00711765	0.00408368	0.003	0.017	315.329	87.7523	43	453	
7.5	7.75	1	17	3	3	84	26518	84	26518	0.00725	0.00406832	0.003	0.017	315.69	88.2158	43	453	
7.5	7.75	1	18	5	3	104	26558	105	26721	0.00853333	0.00462449	0.003	0.024	254.486	99.2047	8	389	
7.5	7.75	1	19	1	3	75	26500	75	26500	0.003	0	0.003	0.003	353.333	219.643	10	597	
7.5	7.75	1	20	2	3	80	26510	81	26795	0.00818518	0.00410826	0.003	0.017	330.802	91.7428	93	485	
7.75	8	4	1	3	3	75	26500	75	26500	0.0110267	0.00376317	0.003	0.017	353.333	32.483	285	490	
7.75	8	4	2	1	3	75	26500	76	26814	0.0113816	0.00323715	0.003	0.017	352.816	32.8665	285	490	
7.75	8	4	3	2	3	50	26450	50	26450	0.003	0	0.003	0.003	529	313.147	219	839	
7.75	8	4	4	5	3	75	26500	74	26122	0.0114189	0.003273	0.003	0.017	353	42.2996	285	490	
7.75	8	4	5	4	3	75	26500	75	26500	0.01224	0.00348293	0.003	0.017	353.333	185.929	177	706	
7.75	8	2	6	5	3	100	26550	101	26581	0.00667327	0.00403264	0.003	0.017	263.178	140.421	31	373	
7.75	8	2	7	1	3	101	26552	99	25562	0.00957576	0.0077986	0.003	0.024	258.202	109.241	117	495	
7.75	8	2	8	2	3	93	26536	93	26536	0.00488172	0.00312023	0.003	0.01	285.333	132.141	113	453	
7.75	8	2	9	4	3	80	26510	80	26510	0.0051875	0.00326506	0.003	0.01	331.375	145.693	91	517	
7.75	8	2	10	3	3	102	26554	98	24436	0.00878571	0.00772231	0.003	0.024	249.347	105.907	84	455	
7.75	8	3	11	5	3	75	26500	75	26500	0.00533333	0.00332205	0.003	0.01	353.333	233.018	26	517	
7.75	8	3	12	1	3	50	26450	50	26450	0.003	0	0.003	0.003	529	313.147	219	839	
7.75	8	3	13	3	3	54	26458	54	26458	0.00572222	0.00344453	0.003	0.01	489.963	120.456	154	605	
7.75	8	3	14	2	3	54	26458	54	26458	0.00572222	0.00344453	0.003	0.01	489.963	157.78	314	685	
7.75	8	3	15	4	3	75	26500	75	26500	0.00804	0.00732902	0.003	0.024	353.333	279.527	157	746	
7.75	8	1	16	4	3	81	26512	80	26227	0.007725	0.00413376	0.003	0.017	327.838	94.2895	43	453	
7.75	8	1	17	3	3	81	26512	82	26797	0.00760976	0.00414775	0.003	0.017	326.793	93.3553	43	453	
7.75	8	1	18	5	3	106	26562	105	26351	0.0084	0.00497416	0.003	0.024	250.962	102.402	8	389	
7.75	8	1	19	1	3	76	26502	76	26502	0.0030921	0.000802955	0.003	0.01	348.711	220.683	10	597	
7.75	8	1	20	2	3	79	26508	79	26457	0.00831645	0.00422612	0.003	0.017	334.899	89.9066	91	485	
8	8.25	4	1	3	3	75	26500	77	27155	0.0114545	0.00307599	0.003	0.017	352.662	28.0228	314	373	
8	8.25	4	2	1	3	75	26500	74	26186	0.0115135	0.00290131	0.01	0.017	353.865	27.8077	314	373	
8	8.25	4	3	2	3	50	26450	50	26450	0.003	0	0.003	0.003	529	313.147	219	839	
8	8.25	4	4	5	3	75	26500	75	26500	0.0115867	0.00295046	0.01	0.017	353.333	17.5594	341	378	
8	8.25	4	5	4	3	75	26500	75	26500	0.0123333	0.00332205	0.01	0.017	353.333	182.713	225	610	
8	8.25	2	6	5	3	100	26550	100	26550	0.00713	0.00456967	0.003	0.017	265.5	140.78	31	373	
8	8.25	2	7	1	3	100	26550	100	26510	0.00986	0.00783288	0.003	0.024	265.1	113.9	117	455	
8	8.25	2	8	2	3	100	26550	100	26550	0.00475	0.00304636	0.003	0.01	265.5	138.829	113	453	
8	8.25	2	9	4	3	75	26500	75	26500	0.00533333	0.00332205	0.003	0.01	353.333	129.762	202	517	
8	8.25	2	10	3	3	100	26550	100	26550	0.01	0.0086164	0.003	0.024	265.5	113.444	157	455	
8	8.25	3	11	5	3	75	26500	75	26500	0.00533333	0.00332205	0.003	0.01	353.333	233.018	26	517	
8	8.25	3	12	1	3	50	26450	50	26450	0.003	0	0.003	0.003	529	313.147	219	839	
8	8.25	3	13	3	3	51	26452	52	27057	0.00636538	0.00353153	0.003	0.01	520.327	91.9601	154	605	
8	8.25	3	14	2	3	51	26452	52	27137	0.00636538	0.00353153	0.003	0.01	521.865	158.715	314	685	
8	8.25	3	15	4	3	75	26500	75	26500	0.00776	0.00682373	0.003	0.024	353.333	279.527	157	746	
8	8.25	1	16	4	3	76	26502	76	26744	0.00760526	0.00334297	0.003	0.01	351.895	63.5563	225	453	
8	8.25	1	17	3	3	76	26502	75	26459	0.00757333	0.00335379	0.003	0.01	352.787	63.5036	225	453	
8	8.25	1	18	5	3	102	26554	102	26554	0.00814706	0.00354154	0.003	0.024	260.333	90.4826	8	389	
8	8.25	1	19	1	3	75	26500	75	26500	0.003	0	0.003	0.003	353.333	237.364	10	597	
8	8.25	1	20	2	3	77	26504	78	26757	0.00739743	0.00358692	0.003	0.017	343.038	62.5654	179	485	
8.25	8.5	4	1	3	3	75	26500	73	25781	0.0113425	0.00343276	0.003	0.017	353.164	32.4701	285	490	
8.25	8.5	4	2	1	3	75	26500	75	26436	0.0113067	0.00339305	0.003	0.017	352.48	32.6664	285	490	
8.25	8.5	4	3	2	3	50	26450	50	26450	0.003	0	0.003	0.003	529	313.147	219	839	
8.25	8.5	4	4	5	3	75	26500	76	26878	0.0111974	0.00350246	0.003	0.017	353.658	46.0344	285	490	
8.25	8.5	4	5	4	3	75	26500	75	26500	0.0123333	0.00332205	0.01	0.017	353.333	185.929	177	706	
8.25	8.5	2	6	5	3	100	26550	100	26550	0.00678	0.00403164	0.003	0.017	265.5	140.78	31	373	
8.25	8.5	2	7	1	3	100	26550	98	25560	0.00964286	0.00774497	0.003	0.024	260.816	111.575	117	495	
8.25	8.5	2	8	2	3	100	26550	100	26550	0.00475	0.00304636	0.003	0.01	265.5	138.829	113	453	
8.25	8.5	2	9	4	3	75	26500	75	26564	0.00533333	0.00332205	0.003	0.01	354.187	116.584	202	517	
8.25	8.5	2	10	3	3	100	26550	97	25145	0.00956701	0.00825872	0.003	0.024	259.227	110.529	117	455	
8.25	8.5	3	11	5	3	75	26500	75	26500	0.00533333	0.00332205	0.003	0.01	353.333	233.018	26	517	
8.25	8.5	3	12	1	3	50	26450	50	26450	0.003	0	0.003	0.003	529	313.147	219	839	
8.25	8.5	3	13	3	3	54	26458	53	25853	0.00564151	0.00342555	0.003	0.01	487.792	120.538	154	605	
8.25	8.5	3	14	2	3	54	26458	53	25773	0.00564151	0.00342555	0.003	0.01	486.283	156.933	314	685	
8.25	8.5	3	15	4	3	75	26500	75	26500	0.00804	0.00732902	0.003	0.024	353.333	279.527	157	746	
8.25	8.5	1	16	4	3	79	26508	78	26223	0.00766667	0.00401512	0.003	0.017	336.192	91.419	43	453	
8.25	8.5	1	17	3	3	79	26508	78	26223	0.00766667	0.00401512	0.003	0.017	336.192	91.419	43	453	
8.25	8.5	1	18	5	3	104	26558	102	26210	0.00835294	0.00474216	0.003	0.024	256.961	100.014	8	389	
8.25	8.5	1	19	1	3	75	26500	75	26500	0.003	0	0.003	0.003	353.333	233.761	10	597	
8.25	8.5	1	20	2	3	76	26502	74	26015	0.00867567	0.00395906	0.003	0.017	351.554	80.4808	91	485	
8.5	8.75	4	1	3	3	75	26500	75	26500	0.0112133	0.00352326	0.003	0.017	353.333	33.35	285	490	
8.5	8.75	4	2	1	3	75	26500	76	26878	0.0113816	0.00323715	0.003	0.017	353.658	33.5287	285	490	
8.5	8.75	4	3	2	3	50	26450	50	26450	0.003	0	0.003	0.003	529	313.147	219	839	
8.5	8.75	4	4	5	3	75	26500	74	26122	0.0115135	0.00333205	0.003	0.017	353	25.9884	285	490	
8.5	8.75	4	5	4	3	75	26500	75	26500	0.0121467	0.00363427	0.003	0.017	353.333	185.929	177	706	
8.5	8.75	2	6	5	3	100	26550	100	26550	0.00685	0.00414723	0.003	0.017	265.5	140.78	31	373	
8.5	8.75	2	7	1	3	100	26550	100	26550	0.01014	0.00808168	0.003	0.024	265.5	115.826	117	495	
8.5	8.75	2	8	2	3	100	26550	100	26550	0.00475	0.00304636	0.003	0.01	265.5	138.829	113	453	
8.5	8.75	2	9	4	3	75	26500	75	26500	0.00533333	0.00332205	0.003	0.01	353.333	77.3564	266	453	
8.5	8.75	2	10	3	3	100	26550	98	25640	0.01	0.00822744	0.003	0.024	261.633	111.262	157	455	
8.5	8.75	3	11	5	3	75	26500	75	26500	0.00533333	0.00332205	0.003	0.01	353.333	233.018	26	517	
8.5	8.75	3	12	1	3	50	26450	50	26450	0.003	0	0.003	0.003	529	313.147	219	839	
8.5	8.75	3	13	3	3	51	26452	51	26452	0.00629412	0.00352871	0.003	0.01	518.667	92.0847	154	605	
8.5	8.75	3	14	2	3	51	26452	51	26452	0.00629412	0.00352871	0.003	0.01	518.667	158.593	314	685	
8.5	8.75	3	15	4	3	75	26500	75	26500	0.00776	0.00682373	0.003	0.024	353.333	279.527	157	746	
8.5	8.75	1	16	4	3	77	26504	79	26832	0.00751899	0.00372401	0.003	0.017	339.646	75.8414	43	453	
8.5	8.75	1	17	3	3	76	26502	78	26830	0.00766667	0.00368453	0.003	0.017	343.974	74.4153	43	453	
8.5	8.75	1	18	5	3	109	26568	107	26374	0.00757944	0.00409103	0.003	0.017	246.486	105.822	8	389	
8.5	8.75	1	19	1	3	74	26498	73	25981	0.00328767	0.0013992	0.003	0.01	355.904	216.705	10	597	
8.5	8.75	1	20	2	3	76	26502	76	26502	0.00852631	0.00417125	0.003	0.017	348.711	83.6837	90	485	
8.75	9	4	1	3	3	75	26500	76	26878	0.0105526	0.00424074	0.003	0.017	353.658	23.9803	314	378	
8.75	9	4	2	1	3	75	26500	74	26186	0.0115135	0.00290131	0.01	0.017	353.865	27.8077	314	373	
8.75	9	4	3	2	3	50	26450	50	26450	0.003	0	0.003	0.003	529	313.147	219	839	
8.75	9	4	4	5	3	75	26500	75	26500	0.01196	0.00316416	0.01	0.017	353.333	17.5594	341	378	
8.75	9	4	5	4	3	75	26500	75	26500	0.0123333	0.00332205	0.01	0.017	353.333	182.713	225	610	
8.75	9	2	6	5	3	100	26550	100	26550	0.00664	0.00378599	0.003	0.017	265.5	140.78	31	373	
8.75	9	2	7	1	3	100	26550	100	26550	0.01	0.00814391	0.003	0.024	265.5	125.992	117	495	
8.75	9	2	8	2	3	100	26550	100	26550	0.00475	0.00304636	0.003	0.01	265.5	138.829	113	453	
8.75	9	2	9	4	3	75	26500	75	26500	0.00533333	0.00332205	0.003	0.01	353.333	77.3564	266	453	
8.75	9	2	10	3	3	100	26550	100	26550	0.01	0.0086164	0.003	0.024	265.5	113.444	157	455	
8.75	9	3	11	5	3	75	26500	75	26500	0.00533333	0.00332205	0.003	0.01	353.333	233.018	26	517	
8.75	9	3	12	1	3	50	26450	50	26450	0.003	0	0.003	0.003	529	313.147	219	839	
8.75	9	3	13	3	3	50	26450	50	26450	0.0065	0.00353553	0.003	0.01	529	76.7716	453	605	
8.75	9	3	14	2	3	50	26450	50	26450	0.0065	0.00353553	0.003	0.01	529	157.584	373	685	
8.75	9	3	15	4	3	75	26500	75	26500	0.00766667	0.00664411	0.003	0.017	353.333	279.527	157	746	
8.75	9	1	16	4	3	84	26518	82	26026	0.00846341	0.00426353	0.003	0.017	317.39	92.3356	95	453	
8.75	9	1	17	3	3	84	26518	82	26026	0.00854878	0.00422267	0.003	0.017	317.39	92.3356	95	453	
8.75	9	1	18	5	3	104	26558	102	25788	0.00814706	0.00405262	0.003	0.017	252.824	114.662	8	389	
8.75	9	1	19	1	3	63	26476	63	26532	0.00577778	0.00345218	0.003	0.01	421.143	193.354	26	597	
8.75	9	1	20	2	3	84	26518	84	26577	0.00875	0.00450134	0.003	0.017	316.393	123.669	31	485	
9	9.25	4	1	3	3	75	26500	74	26122	0.0101892	0.00448338	0.003	0.017	353	23.9612	314	378	
9	9.25	4	2	1	3	75	26500	75	26500	0.0115867	0.00295046	0.01	0.017	353.333	28.0002	314	373	
9	9.25	4	3	2	3	50	26450	50	26450	0.003	0	0.003	0.003	529	313.147	219	839	
9	9.25	4	4	5	3	75	26500	76	26878	0.0118421	0.00310291	0.01	0.017	353.658	17.67	341	378	
9	9.25	4	5	4	3	75	26500	75	26500	0.0123333	0.00332205	0.01	0.017	353.333	182.713	225	610	
9	9.25	2	6	5	3	100	26550	100	26550	0.00664	0.00378599	0.003	0.017	265.5	140.78	31	373	
9	9.25	2	7	1	3	100	26550	99	26393	0.0102121	0.00796584	0.003	0.024	266.596	126.153	117	495	
9	9.25	2	8	2	3	100	26550	100	26550	0.00475	0.00304636	0.003	0.01	265.5	138.829	113	453	
9	9.25	2	9	4	3	75	26500	75	26500	0.00533333	0.00332205	0.003	0.01	353.333	77.3564	266	453	
9	9.25	2	10	3	3	100	26550	100	26550	0.01021	0.00852719	0.003	0.024	265.5	113.444	157	455	
9	9.25	3	11	5	3	75	26500	75	26500	0.00533333	0.00332205	0.003	0.01	353.333	233.018	26	517	
9	9.25	3	12	1	3	50	26450	50	26450	0.003	0	0.003	0.003	529	313.147	219	839	
9	9.25	3	13	3	3	50	26450	50	26450	0.0065	0.00353553	0.003	0.01	529	76.7716	453	605	
9	9.25	3	14	2	3	50	26450	50	26450	0.0065	0.00353553	0.003	0.01	529	157.584	373	685	
9	9.25	3	15	4	3	75	26500	75	26500	0.00766667	0.00664411	0.003	0.017	353.333	279.527	157	746	
9	9.25	1	16	4	3	83	26516	83	26516	0.00856626	0.00419986	0.003	0.017	319.47	93.5677	95	453	
9	9.25	1	17	3	3	83	26516	84	26801	0.00841667	0.00425741	0.003	0.017	319.06	93.0783	95	453	
9	9.25	1	18	5	3	106	26562	102	25372	0.0080098	0.00410625	0.003	0.017	248.745	115.134	8	389	
9	9.25	1	19	1	3	64	26478	64	26478	0.005625	0.00341565	0.003	0.01	413.719	190.009	26	597	
9	9.25	1	20	2	3	83	26516	83	26516	0.00873494	0.00439258	0.003	0.017	319.47	122.05	31	485	
9.25	9.5	4	1	3	3	75	26500	76	26905	0.0109211	0.00384972	0.003	0.017	354.013	26.2203	314	378	
9.25	9.5	4	2	1	3	75	26500	76	26814	0.0115658	0.00293637	0.01	0.017	352.816	27.8413	314	378	
9.25	9.5	4	3	2	3	50	26450	50	26450	0.003	0	0.003	0.003	529	313.147	219	839	
9.25	9.5	4	4	5	3	75	26500	74	26122	0.0114189	0.003273	0.003	0.017	353	25.9884	285	490	
9.25	9.5	4	5	4	3	75	26500	75	26500	0.0123333	0.00332205	0.01	0.017	353.333	182.713	225	610	
9.25	9.5	2	6	5	3	99	26548	99	26548	0.00674747	0.00403895	0.003	0.017	268.162	140.03	31	453	
9.25	9.5	2	7	1	3	100	26550	100	26332	0.01021	0.00823186	0.003	0.024	263.32	117.438	117	495	
9.25	9.5	2	8	2	3	99	26548	99	26548	0.00476768	0.0030567	0.003	0.01	268.162	138.207	113	453	
9.25	9.5	2	9	4	3	75	26500	75	26500	0.00533333	0.00332205	0.003	0.01	353.333	80.1135	202	517	
9.25	9.5	2	10	3	3	100	26550	99	26095	0.00992929	0.0085144	0.003	0.024	263.586	112.386	157	455	
9.25	9.5	3	11	5	3	75	26500	75	26500	0.00533333	0.00332205	0.003	0.01	353.333	233.018	26	517	
9.25	9.5	3	12	1	3	50	26450	50	26450	0.003	0	0.003	0.003	529	313.147	219	839	
9.25	9.5	3	13	3	3	51	26452	51	26452	0.00629412	0.00352871	0.003	0.01	518.667	92.0847	154	605	
9.25	9.5	3	14	2	3	51	26452	51	26452	0.00629412	0.00352871	0.003	0.01	518.667	158.593	314	685	
9.25	9.5	3	15	4	3	75	26500	75	26500	0.00776	0.00682373	0.003	0.024	353.333	279.527	157	746	
9.25	9.5	1	16	4	3	80	26510	81	26955	0.00809876	0.00399251	0.003	0.017	332.778	88.7685	43	453	
9.25	9.5	1	17	3	3	80	26510	80	26670	0.008075	0.00401193	0.003	0.017	333.375	89.1647	43	453	
9.25	9.5	1	18	5	3	107	26564	109	27155	0.00833027	0.00484778	0.003	0.024	249.128	105.846	8	389	
9.25	9.5	1	19	1	3	73	26496	74	26957	0.00356757	0.00192376	0.003	0.01	364.284	216.597	10	597	
9.25	9.5	1	20	2	3	78	26506	80	27041	0.0093	0.00425575	0.003	0.017	338.012	108.74	31	485	
9.5	9.75	4	1	3	3	75	26500	75	26473	0.0113067	0.00339305	0.003	0.017	352.973	26.9559	314	378	
9.5	9.75	4	2	1	3	75	26500	74	26186	0.0115135	0.00290131	0.01	0.017	353.865	27.1052	314	378	
9.5	9.75	4	3	2	3	50	26450	50	26450	0.003	0	0.003	0.003	529	313.147	219	839	
9.5	9.75	4	4	5	3	75	26500	75	26500	0.0114933	0.00331407	0.003	0.017	353.333	32.2626	285	490	
9.5	9.75	4	5	4	3	75	26500	75	26500	0.0123333	0.00332205	0.01	0.017	353.333	182.713	225	610	
9.5	9.75	2	6	5	3	96	26542	96	26542	0.00628125	0.00418192	0.003	0.017	276.479	130.29	31	453	
9.5	9.75	2	7	1	3	105	26560	103	25753	0.00932039	0.00781177	0.003	0.024	250.029	100.076	84	495	
9.5	9.75	2	8	2	3	83	26516	83	26516	0.00510843	0.00323099	0.003	0.01	319.47	110.221	113	453	
9.5	9.75	2	9	4	3	82	26514	82	26514	0.00513415	0.00324232	0.003	0.01	323.341	119.118	91	517	
9.5	9.75	2	10	3	3	106	26562	102	25045	0.00821569	0.00754607	0.003	0.024	245.539	105.523	84	455	
9.5	9.75	3	11	5	3	75	26500	75	26500	0.00533333	0.00332205	0.003	0.01	353.333	233.018	26	517	
9.5	9.75	3	12	1	3	50	26450	50	26450	0.003	0	0.003	0.003	529	313.147	219	839	
9.5	9.75	3	13	3	3	53	26456	54	27061	0.00598148	0.00349388	0.003	0.01	501.13	112.812	154	605	
9.5	9.75	3	14	2	3	53	26456	54	27141	0.00598148	0.00349388	0.003	0.01	502.611	159.137	314	685	
9.5	9.75	3	15	4	3	75	26500	75	26500	0.00794667	0.00716578	0.003	0.024	353.333	279.527	157	746	
9.5	9.75	1	16	4	3	90	26530	90	26652	0.00727778	0.00441404	0.003	0.017	296.133	90.9712	43	453	
9.5	9.75	1	17	3	3	90	26530	90	26652	0.0072	0.00442719	0.003	0.017	296.133	90.9712	43	453	
9.5	9.75	1	18	5	3	104	26558	102	26226	0.00862745	0.00502651	0.003	0.024	257.118	97.1704	8	389	
9.5	9.75	1	19	1	3	77	26504	77	26504	0.003	0	0.003	0.003	344.208	213.585	10	597	
9.5	9.75	1	20	2	3	81	26512	80	26227	0.0078125	0.00395255	0.003	0.017	327.837	91.0268	88	485	
9.75	10	4	1	3	3	75	26500	74	26186	0.0115135	0.00290131	0.01	0.017	353.865	27.4587	314	378	
9.75	10	4	2	1	3	75	26500	75	26500	0.0115867	0.00295046	0.01	0.017	353.333	27.6583	314	378	
9.75	10	4	3	2	3	50	26450	50	26450	0.003	0	0.003	0.003	529	313.147	219	839	
9.75	10	4	4	5	3	75	26500	76	26878	0.0115658	0.00293637	0.01	0.017	353.658	25.9541	285	490	
9.75	10	4	5	4	3	75	26500	75	26500	0.0123333	0.00332205	0.01	0.017	353.333	182.713	225	610	
9.75	10	2	6	5	3	100	26550	99	26519	0.00639394	0.00378994	0.003	0.017	267.869	136.169	31	373	
9.75	10	2	7	1	3	103	26556	102	25798	0.00938235	0.00757281	0.003	0.024	252.922	106.134	84	455	
9.75	10	2	8	2	3	92	26534	92	26534	0.00490217	0.00313106	0.003	0.01	288.413	130.192	113	453	
9.75	10	2	9	4	3	80	26510	80	26510	0.0051875	0.00326506	0.003	0.01	331.375	106.525	91	517	
9.75	10	2	10	3	3	103	26556	99	24433	0.00886869	0.00798167	0.003	0.024	246.798	104.914	84	455	
9.75	10	3	11	5	3	75	26500	75	26500	0.00533333	0.00332205	0.003	0.01	353.333	233.018	26	517	
9.75	10	3	12	1	3	50	26450	50	26450	0.003	0	0.003	0.003	529	313.147	219	839	
9.75	10	3	13	3	3	50	26450	49	25845	0.00642857	0.00353553	0.003	0.01	527.449	76.7716	453	605	
9.75	10	3	14	2	3	50	26450	49	25765	0.00642857	0.00353553	0.003	0.01	525.816	157.584	373	685	
9.75	10	3	15	4	3	75	26500	75	26500	0.00766667	0.00664411	0.003	0.017	353.333	279.527	157	746	
9.75	10	1	16	4	3	79	26508	79	26148	0.00760759	0.00386443	0.003	0.017	330.987	78.6232	103	434	
9.75	10	1	17	3	3	79	26508	79	26148	0.00751899	0.00388904	0.003	0.017	330.987	78.6232	103	434	
9.75	10	1	18	5	3	101	26552	101	26504	0.00861386	0.00396225	0.003	0.024	262.416	87.5944	8	389	
9.75	10	1	19	1	3	76	26502	76	26502	0.003	0	0.003	0.003	348.711	235.54	10	597	
9.75	10	1	20	2	3	79	26508	79	26433	0.00805063	0.0040316	0.003	0.017	334.595	82.312	93	485	
