% start	end	CellId	IMSI	RNTI	LCID	nTxPDUs	TxBytes	nRxPDUs	RxBytes	delay	stdDev	min	max	PduSize	stdDev	min	max
0.5	0.75	4	1	3	3	103	25504	95	22104	0.0086	0.00573975	0.003	0.024	232.674	121.877	28	706	
0.5	0.75	4	2	1	3	99	25494	99	25494	0.00406061	0.003371	0.003	0.017	257.515	132.773	16	839	
0.5	0.75	4	3	4	3	103	25502	103	25502	0.00442718	0.00358264	0.003	0.017	247.592	123.823	16	839	
0.5	0.75	4	4	2	3	110	25516	103	22106	0.00612621	0.0061782	0.003	0.024	214.621	100.775	28	706	
0.5	0.75	4	5	5	3	117	25530	101	18443	0.00466337	0.00534467	0.003	0.024	182.604	94.8862	17	599	
0.5	0.75	2	6	3	3	81	25458	72	20276	0.00961111	0.00482819	0.003	0.017	281.611	210.949	28	746	
0.5	0.75	2	7	2	3	79	25454	77	24474	0.00627273	0.0058549	0.003	0.017	317.844	137.375	16	839	
0.5	0.75	2	8	5	3	84	25464	82	24244	0.00641463	0.00594824	0.003	0.017	295.659	173.456	28	839	
0.5	0.75	2	9	1	3	79	25454	77	24474	0.00627273	0.0058549	0.003	0.017	317.844	137.375	16	839	
0.5	0.75	2	10	4	3	77	25450	75	24694	0.00617333	0.00578762	0.003	0.017	329.253	123.68	28	839	
0.5	0.75	3	11	1	3	114	25524	104	20440	0.00602885	0.00688104	0.003	0.024	196.538	115.083	22	839	
0.5	0.75	3	12	3	3	112	25520	105	22054	0.00586667	0.00579965	0.003	0.024	210.038	91.9567	25	658	
0.5	0.75	3	13	2	3	119	25534	99	14407	0.00384848	0.00390803	0.003	0.024	145.525	108.722	28	596	
0.5	0.75	3	14	4	3	97	25490	97	25490	0.00415464	0.00330196	0.003	0.017	262.784	120.112	16	839	
0.5	0.75	3	15	5	3	114	25524	112	25196	0.0055	0.00513423	0.003	0.017	224.964	117.386	17	839	
0.5	0.75	1	16	1	3	74	25444	73	24991	0.00472603	0.003038	0.003	0.01	342.342	130.681	4	839	
0.5	0.75	1	17	2	3	97	25490	94	24671	0.00694681	0.00538889	0.003	0.017	262.457	124.575	28	839	
0.5	0.75	1	18	4	3	102	25500	86	16678	0.00609302	0.0058423	0.003	0.024	193.93	113.673	5	839	
0.5	0.75	1	19	5	3	98	25492	91	22498	0.00876923	0.00548144	0.003	0.024	247.231	143.192	28	839	
0.5	0.75	1	20	3	3	101	25498	93	21632	0.0066129	0.00532433	0.003	0.024	232.602	101.777	28	627	
0.75	1	4	1	3	3	109	26568	108	25942	0.00941667	0.00598616	0.003	0.024	240.204	95.1257	21	435	
0.75	1	4	2	1	3	108	26566	107	26471	0.0033271	0.00176857	0.003	0.017	247.393	91.1786	60	341	
0.75	1	4	3	4	3	113	26576	113	26576	0.00318584	0.00113033	0.003	0.01	235.186	78.5985	16	299	
0.75	1	4	4	2	3	120	26590	119	25924	0.00729412	0.007576	0.003	0.024	217.849	79.3347	177	531	
0.75	1	4	5	5	3	125	26600	114	21804	0.00521053	0.00605794	0.003	0.024	191.263	87.3154	157	436	
0.75	1	2	6	3	3	75	26500	75	26500	0.0120533	0.00377722	0.003	0.017	353.333	251.052	177	706	
0.75	1	2	7	2	3	75	26500	75	26500	0.00766667	0.00664411	0.003	0.017	353.333	97.2887	285	490	
0.75	1	2	8	5	3	75	26500	75	26500	0.00766667	0.00664411	0.003	0.017	353.333	182.713	225	610	
0.75	1	2	9	1	3	75	26500	75	26500	0.00766667	0.00664411	0.003	0.017	353.333	97.2887	285	490	
0.75	1	2	10	4	3	75	26500	75	26500	0.00766667	0.00664411	0.003	0.017	353.333	17.5594	341	378	
0.75	1	3	11	1	3	125	26600	111	20496	0.00508108	0.00630315	0.003	0.024	184.649	83.7419	157	436	
0.75	1	3	12	3	3	125	26600	124	26244	0.00587903	0.0059886	0.003	0.024	211.645	71.006	177	356	
0.75	1	3	13	2	3	125	26600	107	15872	0.00437383	0.00521703	0.003	0.024	148.336	118.998	117	596	
0.75	1	3	14	4	3	100	26550	100	26550	0.00342	0.00218433	0.003	0.017	265.5	33.9451	207	285	
0.75	1	3	15	5	3	125	26600	125	26600	0.005856	0.00562928	0.003	0.017	212.8	24.4982	164	225	
0.75	1	1	16	1	3	75	26500	75	26500	0.00533333	0.00332205	0.003	0.01	353.333	91.0907	234	453	
0.75	1	1	17	2	3	100	26550	100	26550	0.00832	0.00581166	0.003	0.017	265.5	24.6337	225	285	
0.75	1	1	18	4	3	100	26550	89	20489	0.00826966	0.00748296	0.003	0.024	230.213	139.652	157	551	
0.75	1	1	19	5	3	100	26550	100	26670	0.00993	0.00502369	0.003	0.017	266.7	98.7094	177	435	
0.75	1	1	20	3	3	100	26550	100	26490	0.00853	0.00574097	0.003	0.017	264.9	58.162	177	435	
1	1.25	4	1	3	3	105	26560	105	26560	0.0098	0.00578027	0.003	0.024	252.952	98.3818	64	435	
1	1.25	4	2	1	3	110	26570	111	26665	0.00331531	0.00197706	0.003	0.017	240.225	96.3037	60	341	
1	1.25	4	3	4	3	113	26576	113	26576	0.00318584	0.00146719	0.003	0.017	235.186	78.452	16	285	
1	1.25	4	4	2	3	123	26596	118	25130	0.0065	0.00701494	0.003	0.024	212.966	78.2762	177	531	
1	1.25	4	5	5	3	125	26600	113	21420	0.00516814	0.0061396	0.003	0.024	189.558	86.9956	157	436	
1	1.25	2	6	3	3	75	26500	75	26500	0.01224	0.00348293	0.003	0.017	353.333	251.052	177	706	
1	1.25	2	7	2	3	75	26500	75	26500	0.00766667	0.00664411	0.003	0.017	353.333	97.2887	285	490	
1	1.25	2	8	5	3	75	26500	75	26500	0.00766667	0.00664411	0.003	0.017	353.333	182.713	225	610	
1	1.25	2	9	1	3	75	26500	75	26500	0.00766667	0.00664411	0.003	0.017	353.333	97.2887	285	490	
1	1.25	2	10	4	3	75	26500	75	26500	0.00766667	0.00664411	0.003	0.017	353.333	17.5594	341	378	
1	1.25	3	11	1	3	125	26600	114	21804	0.00539474	0.00650747	0.003	0.024	191.263	91.9764	157	436	
1	1.25	3	12	3	3	125	26600	125	26600	0.005856	0.00596996	0.003	0.024	212.8	71.8881	177	356	
1	1.25	3	13	2	3	128	26606	109	15577	0.00402752	0.00434711	0.003	0.024	142.908	96.6816	117	596	
1	1.25	3	14	4	3	100	26550	100	26550	0.003	0	0.003	0.003	265.5	33.9451	207	285	
1	1.25	3	15	5	3	125	26600	125	26600	0.005688	0.00539177	0.003	0.017	212.8	24.4982	164	225	
1	1.25	1	16	1	3	75	26500	75	26500	0.00533333	0.00332205	0.003	0.01	353.333	91.0907	234	453	
1	1.25	1	17	2	3	100	26550	100	26550	0.00839	0.00578904	0.003	0.017	265.5	24.6337	225	285	
1	1.25	1	18	4	3	100	26550	88	19938	0.00809091	0.00733224	0.003	0.024	226.568	136.128	157	551	
1	1.25	1	19	5	3	100	26550	100	26430	0.00993	0.00502369	0.003	0.017	264.3	98.9669	177	435	
1	1.25	1	20	3	3	100	26550	100	26610	0.00839	0.00578904	0.003	0.017	266.1	60.4009	177	435	
1.25	1.5	4	1	3	3	100	26550	100	26550	0.0107	0.00640943	0.003	0.024	265.5	100.306	177	435	
1.25	1.5	4	2	1	3	112	26574	112	26574	0.003	0	0.003	0.003	237.268	99.8431	60	341	
1.25	1.5	4	3	4	3	112	26574	112	26574	0.003375	0.0018411	0.003	0.017	237.268	74.0718	93	285	
1.25	1.5	4	4	2	3	120	26590	120	26590	0.00743333	0.0080625	0.003	0.024	221.583	92.9841	177	531	
1.25	1.5	4	5	5	3	125	26600	107	18752	0.00437383	0.00521703	0.003	0.024	175.252	69.312	157	436	
1.25	1.5	2	6	3	3	75	26500	75	26500	0.01224	0.00348293	0.003	0.017	353.333	251.052	177	706	
1.25	1.5	2	7	2	3	75	26500	75	26500	0.00766667	0.00664411	0.003	0.017	353.333	97.2887	285	490	
1.25	1.5	2	8	5	3	75	26500	75	26500	0.00766667	0.00664411	0.003	0.017	353.333	182.713	225	610	
1.25	1.5	2	9	1	3	75	26500	75	26500	0.00766667	0.00664411	0.003	0.017	353.333	97.2887	285	490	
1.25	1.5	2	10	4	3	75	26500	75	26500	0.00766667	0.00664411	0.003	0.017	353.333	17.5594	341	378	
1.25	1.5	3	11	1	3	125	26600	113	21368	0.00541593	0.00673043	0.003	0.024	189.097	89.4186	157	436	
1.25	1.5	3	12	3	3	125	26600	125	26600	0.005912	0.00590928	0.003	0.024	212.8	71.8881	177	356	
1.25	1.5	3	13	2	3	125	26600	103	13488	0.00361165	0.00354863	0.003	0.024	130.951	80.9427	117	596	
1.25	1.5	3	14	4	3	100	26550	100	26550	0.003	0	0.003	0.003	265.5	33.9451	207	285	
1.25	1.5	3	15	5	3	125	26600	125	26600	0.005912	0.00563545	0.003	0.017	212.8	24.4982	164	225	
1.25	1.5	1	16	1	3	75	26500	75	26500	0.00533333	0.00332205	0.003	0.01	353.333	91.0907	234	453	
1.25	1.5	1	17	2	3	100	26550	100	26550	0.00839	0.00578904	0.003	0.017	265.5	24.6337	225	285	
1.25	1.5	1	18	4	3	100	26550	86	19270	0.0082907	0.00711728	0.003	0.024	224.07	131.366	157	551	
1.25	1.5	1	19	5	3	100	26550	100	26550	0.00986	0.00507125	0.003	0.017	265.5	100.306	177	435	
1.25	1.5	1	20	3	3	100	26550	99	26373	0.00830303	0.00583874	0.003	0.017	266.394	55.0476	177	435	
1.5	1.75	4	1	3	3	108	26566	108	26937	0.0095463	0.00592063	0.003	0.024	249.417	96.3035	64	435	
1.5	1.75	4	2	1	3	109	26568	109	26568	0.0033211	0.00175267	0.003	0.017	243.743	95.4046	4	341	
1.5	1.75	4	3	4	3	115	26580	115	26580	0.00306087	0.000652753	0.003	0.01	231.13	82.19	16	285	
1.5	1.75	4	4	2	3	121	26592	121	26413	0.00704959	0.00738337	0.003	0.024	218.289	89.7981	80	706	
1.5	1.75	4	5	5	3	125	26600	117	23112	0.00575214	0.00687563	0.003	0.024	197.538	95.6015	157	436	
1.5	1.75	2	6	3	3	75	26500	75	26500	0.0121467	0.00363427	0.003	0.017	353.333	251.052	177	706	
1.5	1.75	2	7	2	3	75	26500	75	26500	0.00766667	0.00664411	0.003	0.017	353.333	97.2887	285	490	
1.5	1.75	2	8	5	3	75	26500	75	26500	0.00766667	0.00664411	0.003	0.017	353.333	182.713	225	610	
1.5	1.75	2	9	1	3	75	26500	75	26500	0.00766667	0.00664411	0.003	0.017	353.333	97.2887	285	490	
1.5	1.75	2	10	4	3	75	26500	75	26500	0.00766667	0.00664411	0.003	0.017	353.333	17.5594	341	378	
1.5	1.75	3	11	1	3	126	26602	116	22242	0.00547414	0.0066089	0.003	0.024	191.741	91.6594	153	436	
1.5	1.75	3	12	3	3	125	26600	125	26600	0.0058	0.00582957	0.003	0.024	212.8	71.8881	177	356	
1.5	1.75	3	13	2	3	129	26608	110	15579	0.00401818	0.00432823	0.003	0.024	141.627	95.8225	66	596	
1.5	1.75	3	14	4	3	100	26550	99	26265	0.00370707	0.00254852	0.003	0.017	265.303	33.7353	207	285	
1.5	1.75	3	15	5	3	125	26600	125	26600	0.005688	0.00539177	0.003	0.017	212.8	24.2919	164	225	
1.5	1.75	1	16	1	3	75	26500	75	26500	0.00533333	0.00332205	0.003	0.01	353.333	91.0907	234	453	
1.5	1.75	1	17	2	3	100	26550	100	26550	0.00846	0.00576548	0.003	0.017	265.5	24.6337	225	285	
1.5	1.75	1	18	4	3	100	26550	87	19647	0.00975862	0.00617377	0.003	0.024	225.828	122.777	177	531	
1.5	1.75	1	19	5	3	100	26550	100	26550	0.00986	0.00507125	0.003	0.017	265.5	95.8574	177	435	
1.5	1.75	1	20	3	3	100	26550	100	26550	0.00853	0.00574097	0.003	0.017	265.5	55.4937	177	435	
1.75	2	4	1	3	3	102	26554	102	26183	0.0104804	0.0064788	0.003	0.024	256.696	98.8473	64	435	
1.75	2	4	2	1	3	111	26572	111	26572	0.00318919	0.00148025	0.003	0.017	239.387	98.5271	4	341	
1.75	2	4	3	4	3	112	26574	112	26574	0.00325	0.00160798	0.003	0.017	237.268	75.9217	16	285	
1.75	2	4	4	2	3	122	26594	119	25884	0.007	0.00776345	0.003	0.024	217.513	82.5887	177	531	
1.75	2	4	5	5	3	125	26600	110	20112	0.00478182	0.00572357	0.003	0.024	182.836	79.2209	157	436	
1.75	2	2	6	3	3	75	26500	75	26500	0.01224	0.00348293	0.003	0.017	353.333	251.052	177	706	
1.75	2	2	7	2	3	75	26500	75	26500	0.00766667	0.00664411	0.003	0.017	353.333	97.2887	285	490	
1.75	2	2	8	5	3	75	26500	75	26500	0.00766667	0.00664411	0.003	0.017	353.333	182.713	225	610	
1.75	2	2	9	1	3	75	26500	75	26500	0.00766667	0.00664411	0.003	0.017	353.333	97.2887	285	490	
1.75	2	2	10	4	3	75	26500	75	26500	0.00766667	0.00664411	0.003	0.017	353.333	17.5594	341	378	
1.75	2	3	11	1	3	125	26600	112	20932	0.00525	0.00652438	0.003	0.024	186.893	86.6811	157	436	
1.75	2	3	12	3	3	125	26600	125	26600	0.00608	0.00631128	0.003	0.024	212.8	71.8881	177	356	
1.75	2	3	13	2	3	125	26600	107	15872	0.00437383	0.00521703	0.003	0.024	148.336	118.998	117	596	
1.75	2	3	14	4	3	100	26550	101	26835	0.00355445	0.00235998	0.003	0.017	265.693	33.8307	207	285	
1.75	2	3	15	5	3	124	26598	124	26375	0.00593548	0.00565217	0.003	0.017	212.702	24.5728	164	225	
1.75	2	1	16	1	3	75	26500	75	26500	0.00533333	0.00332205	0.003	0.01	353.333	91.0907	234	453	
1.75	2	1	17	2	3	100	26550	100	26550	0.00825	0.00583333	0.003	0.017	265.5	24.6337	225	285	
1.75	2	1	18	4	3	100	26550	87	19647	0.00991954	0.00644876	0.003	0.024	225.828	122.777	177	531	
1.75	2	1	19	5	3	99	26548	99	26548	0.01	0.005	0.003	0.017	268.162	102.015	177	610	
1.75	2	1	20	3	3	100	26550	101	26727	0.00854455	0.00571406	0.003	0.017	264.624	53.2757	177	315	
2	2.25	4	1	3	3	110	26570	110	26570	0.0093	0.00599319	0.003	0.024	241.545	94.7389	64	435	
2	2.25	4	2	1	3	108	26566	108	26566	0.00338889	0.00210399	0.003	0.017	245.981	91.4435	4	341	
2	2.25	4	3	4	3	114	26578	114	26578	0.003	0	0.003	0.003	233.14	79.9212	16	285	
2	2.25	4	4	2	3	124	26598	124	26065	0.00599193	0.00593254	0.003	0.024	210.202	74.6648	65	531	
2	2.25	4	5	5	3	127	26604	118	22784	0.00537288	0.00635529	0.003	0.024	193.085	88.4096	117	436	
2	2.25	2	6	3	3	75	26500	75	26500	0.01196	0.0039127	0.003	0.017	353.333	252.253	157	746	
2	2.25	2	7	2	3	75	26500	75	26500	0.00766667	0.00664411	0.003	0.017	353.333	97.2887	285	490	
2	2.25	2	8	5	3	75	26500	75	26500	0.00766667	0.00664411	0.003	0.017	353.333	182.713	225	610	
2	2.25	2	9	1	3	75	26500	75	26500	0.00766667	0.00664411	0.003	0.017	353.333	97.2887	285	490	
2	2.25	2	10	4	3	75	26500	75	26500	0.00766667	0.00664411	0.003	0.017	353.333	17.5594	341	378	
2	2.25	3	11	1	3	125	26600	118	23548	0.00572881	0.00653807	0.003	0.024	199.559	104.822	49	591	
2	2.25	3	12	3	3	125	26600	126	26956	0.00566667	0.00565968	0.003	0.024	213.937	74.2883	117	416	
2	2.25	3	13	2	3	135	26620	126	21846	0.00505555	0.0057429	0.003	0.024	173.381	128.798	75	638	
2	2.25	3	14	4	3	101	26552	101	26552	0.00341584	0.00193529	0.003	0.017	262.891	42.1274	16	285	
2	2.25	3	15	5	3	124	26598	125	26985	0.005688	0.00501195	0.003	0.017	215.88	32.8333	149	387	
2	2.25	1	16	1	3	75	26500	75	26500	0.00533333	0.00332205	0.003	0.01	353.333	91.0907	234	453	
2	2.25	1	17	2	3	100	26550	99	26325	0.00837374	0.00581621	0.003	0.017	265.909	26.1585	177	315	
2	2.25	1	18	4	3	100	26550	89	20709	0.0098427	0.00624117	0.003	0.024	232.685	130.271	157	551	
2	2.25	1	19	5	3	100	26550	100	26550	0.00972	0.00516218	0.003	0.017	265.5	99.168	157	435	
2	2.25	1	20	3	3	100	26550	100	26550	0.00839	0.00578904	0.003	0.017	265.5	52.8075	177	315	
2.25	2.5	4	1	3	3	103	26556	103	26556	0.01	0.00579892	0.003	0.024	257.825	99.0269	64	435	
2.25	2.5	4	2	1	3	110	26570	110	26570	0.00357273	0.00253221	0.003	0.017	241.545	99.2762	4	341	
2.25	2.5	4	3	4	3	112	26574	111	26289	0.00318919	0.00114028	0.003	0.01	236.838	76.1289	16	285	
2.25	2.5	4	4	2	3	121	26592	120	26236	0.00661667	0.00696954	0.003	0.024	218.633	85.2798	177	531	
2.25	2.5	4	5	5	3	125	26600	114	21804	0.00545614	0.00664943	0.003	0.024	191.263	89.6762	157	436	
2.25	2.5	2	6	3	3	75	26500	75	26500	0.0121467	0.00363427	0.003	0.017	353.333	251.052	177	706	
2.25	2.5	2	7	2	3	75	26500	75	26500	0.00766667	0.00664411	0.003	0.017	353.333	97.2887	285	490	
2.25	2.5	2	8	5	3	75	26500	75	26500	0.00766667	0.00664411	0.003	0.017	353.333	182.713	225	610	
2.25	2.5	2	9	1	3	75	26500	75	26500	0.00766667	0.00664411	0.003	0.017	353.333	97.2887	285	490	
2.25	2.5	2	10	4	3	75	26500	75	26500	0.00766667	0.00664411	0.003	0.017	353.333	17.5594	341	378	
2.25	2.5	3	11	1	3	125	26600	117	23112	0.00575214	0.00681391	0.003	0.024	197.538	98.7431	157	436	
2.25	2.5	3	12	3	3	125	26600	124	26244	0.00570968	0.00576473	0.003	0.024	211.645	71.006	177	356	
2.25	2.5	3	13	2	3	128	26606	114	17672	0.00465789	0.00529289	0.003	0.024	155.018	114.38	117	596	
2.25	2.5	3	14	4	3	100	26550	100	26550	0.00356	0.00237121	0.003	0.017	265.5	33.9451	207	285	
2.25	2.5	3	15	5	3	123	26596	122	26432	0.0057541	0.00529043	0.003	0.017	216.656	32.251	164	387	
2.25	2.5	1	16	1	3	75	26500	75	26500	0.00533333	0.00332205	0.003	0.01	353.333	91.0907	234	453	
2.25	2.5	1	17	2	3	100	26550	101	26775	0.00833663	0.00578494	0.003	0.017	265.099	24.8393	225	285	
2.25	2.5	1	18	4	3	100	26550	91	21197	0.00853846	0.00741666	0.003	0.024	232.934	140.592	157	551	
2.25	2.5	1	19	5	3	100	26550	101	26727	0.00972277	0.00513638	0.003	0.017	264.624	97.2743	177	435	
2.25	2.5	1	20	3	3	100	26550	99	26373	0.00830303	0.00583874	0.003	0.017	266.394	52.3103	177	315	
2.5	2.75	4	1	3	3	108	26566	108	26566	0.00928704	0.00549265	0.003	0.024	245.981	96.5775	64	435	
2.5	2.75	4	2	1	3	108	26566	108	26566	0.00351852	0.0022856	0.003	0.017	245.981	92.6828	4	341	
2.5	2.75	4	3	4	3	115	26580	116	26865	0.00324138	0.0012828	0.003	0.01	231.595	82.7973	16	285	
2.5	2.75	4	4	2	3	124	26598	124	26598	0.00593548	0.00599423	0.003	0.024	214.5	74.2768	177	531	
2.5	2.75	4	5	5	3	125	26600	114	21856	0.00514912	0.0058992	0.003	0.024	191.719	89.6326	157	436	
2.5	2.75	2	6	3	3	75	26500	75	26500	0.0120533	0.00377722	0.003	0.017	353.333	251.052	177	706	
2.5	2.75	2	7	2	3	75	26500	75	26500	0.00766667	0.00664411	0.003	0.017	353.333	97.2887	285	490	
2.5	2.75	2	8	5	3	75	26500	75	26500	0.00766667	0.00664411	0.003	0.017	353.333	182.713	225	610	
2.5	2.75	2	9	1	3	75	26500	75	26500	0.00766667	0.00664411	0.003	0.017	353.333	97.2887	285	490	
2.5	2.75	2	10	4	3	75	26500	75	26500	0.00766667	0.00664411	0.003	0.017	353.333	17.5594	341	378	
2.5	2.75	3	11	1	3	125	26600	120	24420	0.00609167	0.00707581	0.003	0.024	203.5	104.413	157	436	
2.5	2.75	3	12	3	3	125	26600	125	26600	0.005576	0.00551868	0.003	0.024	212.8	71.8881	177	356	
2.5	2.75	3	13	2	3	132	26614	123	21250	0.00504878	0.00578984	0.003	0.024	172.764	132.636	117	596	
2.5	2.75	3	14	4	3	100	26550	99	26265	0.00321212	0.00120605	0.003	0.01	265.303	34.0604	207	285	
2.5	2.75	3	15	5	3	125	26600	125	26600	0.005464	0.00504902	0.003	0.017	212.8	24.4982	164	225	
2.5	2.75	1	16	1	3	75	26500	75	26500	0.00533333	0.00332205	0.003	0.01	353.333	91.0907	234	453	
2.5	2.75	1	17	2	3	100	26550	100	26550	0.00832	0.00581166	0.003	0.017	265.5	24.6337	225	285	
2.5	2.75	1	18	4	3	100	26550	89	20489	0.00795506	0.00693625	0.003	0.024	230.213	139.652	157	551	
2.5	2.75	1	19	5	3	100	26550	99	26373	0.00971717	0.00518837	0.003	0.017	266.394	100.416	177	435	
2.5	2.75	1	20	3	3	100	26550	101	26727	0.00847525	0.00573863	0.003	0.017	264.624	53.2757	177	315	
2.75	3	4	1	3	3	104	26558	104	26558	0.0102692	0.00639057	0.003	0.024	255.365	97.9309	64	435	
2.75	3	4	2	1	3	109	26568	109	26568	0.0033211	0.00175267	0.003	0.017	243.743	96.114	60	341	
2.75	3	4	3	4	3	113	26576	112	26291	0.0034375	0.00215933	0.003	0.017	234.741	77.7745	16	285	
2.75	3	4	4	2	3	123	26596	123	26517	0.00664228	0.00707701	0.003	0.024	215.585	74.7379	177	531	
2.75	3	4	5	5	3	125	26600	109	19676	0.0046055	0.00544164	0.003	0.024	180.514	77.1607	157	436	
2.75	3	2	6	3	3	75	26500	75	26500	0.01196	0.0039127	0.003	0.017	353.333	251.052	177	706	
2.75	3	2	7	2	3	75	26500	75	26500	0.00766667	0.00664411	0.003	0.017	353.333	97.2887	285	490	
2.75	3	2	8	5	3	75	26500	75	26500	0.00766667	0.00664411	0.003	0.017	353.333	182.713	225	610	
2.75	3	2	9	1	3	75	26500	75	26500	0.00766667	0.00664411	0.003	0.017	353.333	97.2887	285	490	
2.75	3	2	10	4	3	75	26500	75	26500	0.00766667	0.00664411	0.003	0.017	353.333	17.5594	341	378	
2.75	3	3	11	1	3	125	26600	112	20932	0.00525	0.00652438	0.003	0.024	186.893	86.6811	157	436	
2.75	3	3	12	3	3	125	26600	124	26244	0.00587903	0.0059886	0.003	0.024	211.645	71.006	177	356	
2.75	3	3	13	2	3	125	26600	106	15276	0.00418868	0.00487582	0.003	0.024	144.113	111.215	117	596	
2.75	3	3	14	4	3	100	26550	100	26550	0.00356	0.00237121	0.003	0.017	265.5	33.9451	207	285	
2.75	3	3	15	5	3	125	26600	125	26600	0.005912	0.00563545	0.003	0.017	212.8	24.4982	164	225	
2.75	3	1	16	1	3	75	26500	75	26500	0.00533333	0.00332205	0.003	0.01	353.333	91.0907	234	453	
2.75	3	1	17	2	3	100	26550	100	26550	0.00825	0.00583333	0.003	0.017	265.5	24.6337	225	285	
2.75	3	1	18	4	3	100	26550	87	19387	0.00790804	0.00717008	0.003	0.024	222.839	132.319	157	551	
2.75	3	1	19	5	3	100	26550	101	26847	0.00937624	0.00534013	0.003	0.017	265.812	98.6193	177	435	
2.75	3	1	20	3	3	100	26550	100	26550	0.00832	0.00581166	0.003	0.017	265.5	52.8075	177	315	
3	3.25	4	1	3	3	105	26560	105	26560	0.0100667	0.00640202	0.003	0.024	252.952	98.4654	64	435	
3	3.25	4	2	1	3	108	26566	108	26566	0.00358333	0.00255455	0.003	0.017	245.981	94.2617	4	341	
3	3.25	4	3	4	3	112	26574	113	26859	0.00312389	0.000927099	0.003	0.01	237.69	74.8018	16	285	
3	3.25	4	4	2	3	125	26600	124	26327	0.00627419	0.00652492	0.003	0.024	212.315	80.3685	65	531	
3	3.25	4	5	5	3	128	26606	117	22069	0.00515385	0.00626514	0.003	0.024	188.624	84.4211	157	436	
3	3.25	2	6	3	3	75	26500	74	25794	0.0121757	0.00346156	0.003	0.017	348.568	249.327	177	706	
3	3.25	2	7	2	3	75	26500	75	26500	0.00766667	0.00664411	0.003	0.017	353.333	97.2887	285	490	
3	3.25	2	8	5	3	75	26500	75	26500	0.00766667	0.00664411	0.003	0.017	353.333	182.713	225	610	
3	3.25	2	9	1	3	75	26500	75	26500	0.00766667	0.00664411	0.003	0.017	353.333	97.2887	285	490	
3	3.25	2	10	4	3	75	26500	75	26500	0.00757333	0.00655986	0.003	0.017	353.333	17.5594	341	378	
3	3.25	3	11	1	3	127	26604	118	22680	0.00537288	0.00628904	0.003	0.024	192.203	93.834	49	436	
3	3.25	3	12	3	3	125	26600	125	26600	0.0058	0.00589696	0.003	0.024	212.8	71.8881	177	356	
3	3.25	3	13	2	3	131	26612	116	17672	0.00444827	0.00492967	0.003	0.024	152.345	101.257	117	596	
3	3.25	3	14	4	3	101	26552	102	26837	0.00361765	0.00243345	0.003	0.017	263.108	41.9755	16	285	
3	3.25	3	15	5	3	126	26602	126	26602	0.00544444	0.00511086	0.003	0.017	211.127	30.2118	17	225	
3	3.25	1	16	1	3	75	26500	75	26500	0.00533333	0.00332205	0.003	0.01	353.333	91.0907	234	453	
3	3.25	1	17	2	3	100	26550	100	26550	0.00832	0.00581166	0.003	0.017	265.5	24.6337	225	285	
3	3.25	1	18	4	3	100	26550	88	19938	0.00777273	0.0067581	0.003	0.024	226.568	136.128	157	551	
3	3.25	1	19	5	3	99	26548	98	26251	0.00964286	0.00525877	0.003	0.017	267.867	100.818	177	610	
3	3.25	1	20	3	3	100	26550	100	26550	0.00832	0.00581166	0.003	0.017	265.5	52.8075	177	315	
3.25	3.5	4	1	3	3	100	26550	100	26550	0.01035	0.00616339	0.003	0.024	265.5	100.306	177	435	
3.25	3.5	4	2	1	3	110	26570	110	26570	0.00357273	0.00253221	0.003	0.017	241.545	99.4829	60	341	
3.25	3.5	4	3	4	3	111	26572	111	26572	0.00331531	0.0017372	0.003	0.017	239.387	72.2316	93	285	
3.25	3.5	4	4	2	3	121	26592	120	26057	0.006325	0.00641448	0.003	0.024	217.142	83.0839	177	531	
3.25	3.5	4	5	5	3	125	26600	113	21368	0.00535398	0.00658857	0.003	0.024	189.097	89.4186	157	436	
3.25	3.5	2	6	3	3	75	26500	75	26500	0.01196	0.0039127	0.003	0.017	353.333	251.052	177	706	
3.25	3.5	2	7	2	3	75	26500	75	26500	0.00766667	0.00664411	0.003	0.017	353.333	97.2887	285	490	
3.25	3.5	2	8	5	3	75	26500	75	26500	0.00766667	0.00664411	0.003	0.017	353.333	182.713	225	610	
3.25	3.5	2	9	1	3	75	26500	75	26500	0.00766667	0.00664411	0.003	0.017	353.333	97.2887	285	490	
3.25	3.5	2	10	4	3	75	26500	75	26500	0.00757333	0.00655986	0.003	0.017	353.333	17.5594	341	378	
3.25	3.5	3	11	1	3	125	26600	112	20932	0.0050625	0.00606315	0.003	0.024	186.893	86.6811	157	436	
3.25	3.5	3	12	3	3	125	26600	125	26600	0.005968	0.00617609	0.003	0.024	212.8	71.8881	177	356	
3.25	3.5	3	13	2	3	128	26606	112	17070	0.0045	0.00526761	0.003	0.024	152.411	113.7	117	596	
3.25	3.5	3	14	4	3	100	26550	99	26343	0.00377778	0.00280872	0.003	0.017	266.091	33.597	207	285	
3.25	3.5	3	15	5	3	124	26598	124	26598	0.00582258	0.0054236	0.003	0.017	214.5	28.7797	164	387	
3.25	3.5	1	16	1	3	75	26500	75	26500	0.00533333	0.00332205	0.003	0.01	353.333	91.0907	234	453	
3.25	3.5	1	17	2	3	100	26550	100	26550	0.00839	0.00578904	0.003	0.017	265.5	24.6337	225	285	
3.25	3.5	1	18	4	3	100	26550	87	19387	0.00774713	0.00687635	0.003	0.024	222.839	132.319	157	551	
3.25	3.5	1	19	5	3	100	26550	100	26550	0.00958	0.00524776	0.003	0.017	265.5	95.8574	177	435	
3.25	3.5	1	20	3	3	100	26550	100	26550	0.00846	0.00576548	0.003	0.017	265.5	52.8075	177	315	
3.5	3.75	4	1	3	3	105	26560	105	26560	0.01	0.00613941	0.003	0.024	252.952	95.2796	117	435	
3.5	3.75	4	2	1	3	109	26568	108	26227	0.0034537	0.00197831	0.003	0.017	242.843	97.6173	4	341	
3.5	3.75	4	3	4	3	114	26578	114	26578	0.00324561	0.00159402	0.003	0.017	233.14	79.9602	16	285	
3.5	3.75	4	4	2	3	120	26590	120	26590	0.00679167	0.00708163	0.003	0.024	221.583	89.5561	177	531	
3.5	3.75	4	5	5	3	125	26600	111	20496	0.00476576	0.0055415	0.003	0.024	184.649	82.4505	157	436	
3.5	3.75	2	6	3	3	75	26500	75	26500	0.0121467	0.00363427	0.003	0.017	353.333	251.052	177	706	
3.5	3.75	2	7	2	3	75	26500	75	26500	0.00766667	0.00664411	0.003	0.017	353.333	97.2887	285	490	
3.5	3.75	2	8	5	3	75	26500	75	26500	0.00766667	0.00664411	0.003	0.017	353.333	182.713	225	610	
3.5	3.75	2	9	1	3	75	26500	75	26500	0.00766667	0.00664411	0.003	0.017	353.333	97.2887	285	490	
3.5	3.75	2	10	4	3	75	26500	75	26500	0.00766667	0.00664411	0.003	0.017	353.333	17.5594	341	378	
3.5	3.75	3	11	1	3	127	26604	116	22242	0.0052931	0.00617712	0.003	0.024	191.741	91.8838	137	436	
3.5	3.75	3	12	3	3	125	26600	125	26600	0.00552	0.00528937	0.003	0.024	212.8	71.8881	177	356	
3.5	3.75	3	13	2	3	134	26618	116	17078	0.0042069	0.00435694	0.003	0.024	147.224	91.3755	82	596	
3.5	3.75	3	14	4	3	101	26552	101	26552	0.00355445	0.00235998	0.003	0.017	262.891	42.1274	16	285	
3.5	3.75	3	15	5	3	126	26602	126	26602	0.00555555	0.00513273	0.003	0.017	211.127	30.2118	17	225	
3.5	3.75	1	16	1	3	75	26500	75	26500	0.00533333	0.00332205	0.003	0.01	353.333	91.0907	234	453	
3.5	3.75	1	17	2	3	100	26550	100	26550	0.00839	0.00578904	0.003	0.017	265.5	24.6337	225	285	
3.5	3.75	1	18	4	3	100	26550	90	21040	0.00813333	0.00710151	0.003	0.024	233.778	142.923	157	551	
3.5	3.75	1	19	5	3	100	26550	100	26550	0.00979	0.0051174	0.003	0.017	265.5	97.363	177	435	
3.5	3.75	1	20	3	3	100	26550	100	26550	0.00832	0.00581166	0.003	0.017	265.5	60.5092	177	435	
3.75	4	4	1	3	3	103	26556	103	26556	0.00979612	0.0060785	0.003	0.024	257.825	99.1697	64	435	
3.75	4	4	2	1	3	109	26568	108	26564	0.00390741	0.00304034	0.003	0.017	245.963	97.9401	4	341	
3.75	4	4	3	4	3	111	26572	111	26572	0.003	0	0.003	0.003	239.387	74.1445	16	285	
3.75	4	4	4	2	3	122	26594	120	26240	0.0065	0.006791	0.003	0.024	218.667	82.8917	177	531	
3.75	4	4	5	5	3	124	26598	107	19310	0.00470093	0.00567553	0.003	0.024	180.467	83.1014	20	573	
3.75	4	2	6	3	3	75	26500	75	26500	0.0120533	0.00377722	0.003	0.017	353.333	251.052	177	706	
3.75	4	2	7	2	3	75	26500	75	26500	0.00766667	0.00664411	0.003	0.017	353.333	97.2887	285	490	
3.75	4	2	8	5	3	75	26500	75	26500	0.00766667	0.00664411	0.003	0.017	353.333	182.713	225	610	
3.75	4	2	9	1	3	75	26500	75	26500	0.00766667	0.00664411	0.003	0.017	353.333	97.2887	285	490	
3.75	4	2	10	4	3	75	26500	75	26500	0.00766667	0.00664411	0.003	0.017	353.333	17.5594	341	378	
3.75	4	3	11	1	3	126	26602	119	23116	0.00564706	0.006634	0.003	0.024	194.252	95.5532	97	436	
3.75	4	3	12	3	3	125	26600	125	26600	0.005744	0.00588999	0.003	0.024	212.8	71.8881	177	356	
3.75	4	3	13	2	3	131	26612	119	18272	0.00447059	0.00489694	0.003	0.024	153.546	107.181	66	596	
3.75	4	3	14	4	3	100	26550	101	26757	0.00327723	0.001372	0.003	0.01	264.921	34.2729	207	285	
3.75	4	3	15	5	3	124	26598	124	26598	0.00554032	0.00515358	0.003	0.017	214.5	28.7797	164	387	
3.75	4	1	16	1	3	75	26500	75	26500	0.00533333	0.00332205	0.003	0.01	353.333	91.0907	234	453	
3.75	4	1	17	2	3	100	26550	100	26550	0.00825	0.00583333	0.003	0.017	265.5	24.6337	225	285	
3.75	4	1	18	4	3	100	26550	86	18836	0.00755814	0.00668555	0.003	0.024	219.023	128.189	157	551	
3.75	4	1	19	5	3	100	26550	100	26550	0.00972	0.00516218	0.003	0.017	265.5	97.363	177	435	
3.75	4	1	20	3	3	100	26550	100	26490	0.00888	0.00560353	0.003	0.017	264.9	62.9654	177	435	
4	4.25	4	1	3	3	104	26558	104	26558	0.00973077	0.0058463	0.003	0.024	255.365	98.3599	64	435	
4	4.25	4	2	1	3	109	26568	109	26814	0.0039633	0.00308199	0.003	0.017	246	100.358	4	341	
4	4.25	4	3	4	3	112	26574	112	26574	0.003	0	0.003	0.003	237.268	76.83	16	285	
4	4.25	4	4	2	3	123	26596	125	26950	0.006808	0.00741152	0.003	0.024	215.6	80.6615	80	531	
4	4.25	4	5	5	3	125	26600	109	19676	0.00454128	0.00524851	0.003	0.024	180.514	75.731	157	436	
4	4.25	2	6	3	3	75	26500	74	25794	0.0121757	0.00346156	0.003	0.017	348.568	249.327	177	706	
4	4.25	2	7	2	3	75	26500	75	26500	0.00766667	0.00664411	0.003	0.017	353.333	97.2887	285	490	
4	4.25	2	8	5	3	75	26500	75	26500	0.00766667	0.00664411	0.003	0.017	353.333	182.713	225	610	
4	4.25	2	9	1	3	75	26500	75	26500	0.00766667	0.00664411	0.003	0.017	353.333	97.2887	285	490	
4	4.25	2	10	4	3	75	26500	75	26500	0.00757333	0.00655986	0.003	0.017	353.333	17.5594	341	378	
4	4.25	3	11	1	3	125	26600	111	20496	0.00489189	0.00581433	0.003	0.024	184.649	83.7419	157	436	
4	4.25	3	12	3	3	125	26600	125	26600	0.005968	0.00617609	0.003	0.024	212.8	71.8881	177	356	
4	4.25	3	13	2	3	129	26608	112	17070	0.0044375	0.00507206	0.003	0.024	152.411	114.34	117	596	
4	4.25	3	14	4	3	100	26550	100	26550	0.00335	0.00182782	0.003	0.017	265.5	33.9451	207	285	
4	4.25	3	15	5	3	124	26598	124	26598	0.00576613	0.00541619	0.003	0.017	214.5	28.7797	164	387	
4	4.25	1	16	1	3	75	26500	75	26500	0.00533333	0.00332205	0.003	0.01	353.333	91.0907	234	453	
4	4.25	1	17	2	3	100	26550	100	26550	0.00832	0.00581166	0.003	0.017	265.5	24.6337	225	285	
4	4.25	1	18	4	3	100	26550	87	19387	0.00782759	0.00702522	0.003	0.024	222.839	132.319	157	551	
4	4.25	1	19	5	3	100	26550	100	26550	0.00965	0.00520562	0.003	0.017	265.5	98.8456	177	435	
4	4.25	1	20	3	3	99	26548	99	26548	0.00865656	0.00571636	0.003	0.017	268.162	66.2934	177	490	
4.25	4.5	4	1	3	3	109	26568	109	26759	0.0087156	0.00514438	0.003	0.024	245.495	98.6885	48	435	
4.25	4.5	4	2	1	3	105	26560	107	26659	0.00417757	0.00353103	0.003	0.017	249.15	91.9774	4	341	
4.25	4.5	4	3	4	3	114	26578	114	26578	0.00318421	0.00112546	0.003	0.01	233.14	81.6468	16	285	
4.25	4.5	4	4	2	3	123	26596	120	25763	0.00638333	0.00628615	0.003	0.024	214.692	74.5238	177	531	
4.25	4.5	4	5	5	3	125	26600	119	24140	0.006	0.00703382	0.003	0.024	202.857	100.407	157	436	
4.25	4.5	2	6	3	3	75	26500	75	26500	0.01196	0.0039127	0.003	0.017	353.333	251.052	177	706	
4.25	4.5	2	7	2	3	75	26500	75	26500	0.00766667	0.00664411	0.003	0.017	353.333	97.2887	285	490	
4.25	4.5	2	8	5	3	75	26500	75	26500	0.00766667	0.00664411	0.003	0.017	353.333	182.713	225	610	
4.25	4.5	2	9	1	3	75	26500	75	26500	0.00766667	0.00664411	0.003	0.017	353.333	97.2887	285	490	
4.25	4.5	2	10	4	3	75	26500	75	26500	0.00738667	0.00638388	0.003	0.017	353.333	17.5594	341	378	
4.25	4.5	3	11	1	3	125	26600	116	22676	0.00553448	0.00648802	0.003	0.024	195.483	96.6243	157	436	
4.25	4.5	3	12	3	3	125	26600	125	26600	0.005576	0.00544661	0.003	0.024	212.8	71.8881	177	356	
4.25	4.5	3	13	2	3	130	26610	122	21248	0.00529508	0.00619876	0.003	0.024	174.164	137.669	117	596	
4.25	4.5	3	14	4	3	100	26550	99	26265	0.00335353	0.00183677	0.003	0.017	265.303	34.0604	207	285	
4.25	4.5	3	15	5	3	124	26598	123	26373	0.00556097	0.0051695	0.003	0.017	214.415	28.8816	164	387	
4.25	4.5	1	16	1	3	75	26500	75	26500	0.00533333	0.00332205	0.003	0.01	353.333	91.0907	234	453	
4.25	4.5	1	17	2	3	100	26550	100	26550	0.00832	0.00581166	0.003	0.017	265.5	24.6337	225	285	
4.25	4.5	1	18	4	3	100	26550	88	19938	0.00793182	0.00705283	0.003	0.024	226.568	136.128	157	551	
4.25	4.5	1	19	5	3	100	26550	100	26550	0.00958	0.00524776	0.003	0.017	265.5	98.8456	177	435	
4.25	4.5	1	20	3	3	100	26550	100	26610	0.00853	0.00574097	0.003	0.017	266.1	69.3679	177	435	
4.5	4.75	4	1	3	3	102	26554	102	26363	0.00979412	0.00516143	0.003	0.024	258.461	98.4828	64	435	
4.5	4.75	4	2	1	3	111	26572	111	26572	0.00356757	0.00252126	0.003	0.017	239.387	101.49	4	341	
4.5	4.75	4	3	4	3	111	26572	111	26572	0.003	0	0.003	0.003	239.387	73.1943	16	285	
4.5	4.75	4	4	2	3	116	26582	116	26172	0.00776724	0.00802643	0.003	0.024	225.621	100.831	177	531	
4.5	4.75	4	5	5	3	125	26600	106	18368	0.00418868	0.00468048	0.003	0.024	173.283	64.8548	157	436	
4.5	4.75	2	6	3	3	75	26500	76	26677	0.0118421	0.00402012	0.003	0.017	351.013	250.192	177	706	
4.5	4.75	2	7	2	3	75	26500	75	26500	0.00766667	0.00664411	0.003	0.017	353.333	97.2887	285	490	
4.5	4.75	2	8	5	3	75	26500	75	26500	0.00766667	0.00664411	0.003	0.017	353.333	182.713	225	610	
4.5	4.75	2	9	1	3	75	26500	75	26500	0.00766667	0.00664411	0.003	0.017	353.333	97.2887	285	490	
4.5	4.75	2	10	4	3	75	26500	75	26500	0.00757333	0.00655986	0.003	0.017	353.333	17.5594	341	378	
4.5	4.75	3	11	1	3	125	26600	112	20932	0.00525	0.00652438	0.003	0.024	186.893	86.6811	157	436	
4.5	4.75	3	12	3	3	125	26600	125	26600	0.005968	0.00604677	0.003	0.024	212.8	71.8881	177	356	
4.5	4.75	3	13	2	3	125	26600	103	13488	0.00361165	0.00354863	0.003	0.024	130.951	80.9427	117	596	
4.5	4.75	3	14	4	3	100	26550	100	26628	0.00363	0.00245631	0.003	0.017	266.28	33.4803	207	285	
4.5	4.75	3	15	5	3	125	26600	126	26825	0.00583333	0.00561249	0.003	0.017	212.897	24.4242	164	225	
4.5	4.75	1	16	1	3	75	26500	75	26500	0.00533333	0.00332205	0.003	0.01	353.333	91.0907	234	453	
4.5	4.75	1	17	2	3	100	26550	100	26550	0.00839	0.00578904	0.003	0.017	265.5	24.6337	225	285	
4.5	4.75	1	18	4	3	100	26550	82	16632	0.00692683	0.00613386	0.003	0.024	202.829	107.406	157	551	
4.5	4.75	1	19	5	3	100	26550	100	26550	0.00993	0.00502369	0.003	0.017	265.5	97.363	177	435	
4.5	4.75	1	20	3	3	100	26550	100	26550	0.0086	0.00571548	0.003	0.017	265.5	52.8075	177	315	
4.75	5	4	1	3	3	106	26562	107	26739	0.00908411	0.0053608	0.003	0.024	249.897	97.7955	64	435	
4.75	5	4	2	1	3	110	26570	110	26570	0.00325454	0.0016223	0.003	0.017	241.545	96.3185	4	341	
4.75	5	4	3	4	3	112	26574	112	26574	0.0033125	0.00172961	0.003	0.017	237.268	75.9217	16	285	
4.75	5	4	4	2	3	123	26596	121	26446	0.00676033	0.00717522	0.003	0.024	218.562	90.9464	65	531	
4.75	5	4	5	5	3	127	26604	116	21808	0.00517241	0.0061521	0.003	0.024	188	84.516	157	436	
4.75	5	2	6	3	3	75	26500	74	26323	0.0114189	0.00463166	0.003	0.017	355.716	251.911	177	706	
4.75	5	2	7	2	3	75	26500	75	26500	0.00766667	0.00664411	0.003	0.017	353.333	97.2887	285	490	
4.75	5	2	8	5	3	75	26500	75	26500	0.00766667	0.00664411	0.003	0.017	353.333	182.713	225	610	
4.75	5	2	9	1	3	75	26500	75	26500	0.00766667	0.00664411	0.003	0.017	353.333	97.2887	285	490	
4.75	5	2	10	4	3	75	26500	75	26500	0.00738667	0.00638388	0.003	0.017	353.333	17.5594	341	378	
4.75	5	3	11	1	3	127	26604	115	21372	0.00488696	0.00558784	0.003	0.024	185.843	88.4344	49	436	
4.75	5	3	12	3	3	125	26600	125	26600	0.005632	0.00552784	0.003	0.024	212.8	71.8881	177	356	
4.75	5	3	13	2	3	131	26612	119	19755	0.00488235	0.00566909	0.003	0.024	166.008	128.412	117	596	
4.75	5	3	14	4	3	100	26550	101	26757	0.00341584	0.00193529	0.003	0.017	264.921	34.2729	207	285	
4.75	5	3	15	5	3	124	26598	124	26375	0.00554032	0.00515358	0.003	0.017	212.702	24.5728	164	225	
4.75	5	1	16	1	3	75	26500	75	26500	0.00533333	0.00332205	0.003	0.01	353.333	91.0907	234	453	
4.75	5	1	17	2	3	100	26550	100	26550	0.00832	0.00581166	0.003	0.017	265.5	24.6337	225	285	
4.75	5	1	18	4	3	100	26550	88	19938	0.00777273	0.0067581	0.003	0.024	226.568	136.128	157	551	
4.75	5	1	19	5	3	100	26550	100	26550	0.00972	0.00516218	0.003	0.017	265.5	98.8456	177	435	
4.75	5	1	20	3	3	100	26550	99	26373	0.00851515	0.00576825	0.003	0.017	266.394	52.3103	177	315	
5	5.25	4	1	3	3	109	26568	108	26900	0.00896296	0.00539804	0.003	0.024	249.074	99.2864	64	435	
5	5.25	4	2	1	3	108	26566	108	26566	0.00319444	0.00150052	0.003	0.017	245.981	90.5982	60	341	
5	5.25	4	3	4	3	114	26578	114	26578	0.00330702	0.00171473	0.003	0.017	233.14	80.9488	16	299	
5	5.25	4	4	2	3	122	26594	121	26350	0.00704959	0.00732786	0.003	0.024	217.769	81.2454	177	531	
5	5.25	4	5	5	3	125	26600	113	21420	0.00516814	0.0061396	0.003	0.024	189.558	84.5379	157	436	
5	5.25	2	6	3	3	75	26500	75	26500	0.0117733	0.00416411	0.003	0.017	353.333	251.052	177	706	
5	5.25	2	7	2	3	75	26500	75	26500	0.00766667	0.00664411	0.003	0.017	353.333	97.2887	285	490	
5	5.25	2	8	5	3	75	26500	75	26500	0.00766667	0.00664411	0.003	0.017	353.333	182.713	225	610	
5	5.25	2	9	1	3	75	26500	75	26500	0.00766667	0.00664411	0.003	0.017	353.333	97.2887	285	490	
5	5.25	2	10	4	3	75	26500	75	26500	0.00766667	0.00664411	0.003	0.017	353.333	17.5594	341	378	
5	5.25	3	11	1	3	125	26600	114	21804	0.00539474	0.00650747	0.003	0.024	191.263	91.9764	157	436	
5	5.25	3	12	3	3	125	26600	125	26600	0.005688	0.00553641	0.003	0.024	212.8	71.8881	177	356	
5	5.25	3	13	2	3	128	26606	115	18858	0.00488696	0.00581403	0.003	0.024	163.983	132.78	117	596	
5	5.25	3	14	4	3	100	26550	99	26343	0.00335353	0.00183677	0.003	0.017	266.091	33.597	207	285	
5	5.25	3	15	5	3	124	26598	123	26596	0.00578862	0.00543253	0.003	0.017	216.228	32.4676	164	387	
5	5.25	1	16	1	3	75	26500	75	26500	0.00533333	0.00332205	0.003	0.01	353.333	91.0907	234	453	
5	5.25	1	17	2	3	100	26550	100	26550	0.00832	0.00581166	0.003	0.017	265.5	24.6337	225	285	
5	5.25	1	18	4	3	100	26550	86	18836	0.00755814	0.00668555	0.003	0.024	219.023	128.189	157	551	
5	5.25	1	19	5	3	100	26550	100	26550	0.00986	0.00507125	0.003	0.017	265.5	98.8456	177	435	
5	5.25	1	20	3	3	100	26550	101	26727	0.00854455	0.00571406	0.003	0.017	264.624	53.2757	177	315	
5.25	5.5	4	1	3	3	109	26568	111	26989	0.00861261	0.00532434	0.003	0.024	243.144	94.5721	64	435	
5.25	5.5	4	2	1	3	108	26566	108	26566	0.0034537	0.00219764	0.003	0.017	245.981	92.9084	4	341	
5.25	5.5	4	3	4	3	112	26574	112	26574	0.0031875	0.00147368	0.003	0.017	237.268	77.7276	16	285	
5.25	5.5	4	4	2	3	119	26588	119	26413	0.00735294	0.00745903	0.003	0.024	221.958	97.6014	65	531	
5.25	5.5	4	5	5	3	127	26604	109	18984	0.00383486	0.00365532	0.003	0.024	174.165	57.2565	125	436	
5.25	5.5	2	6	3	3	75	26500	74	25794	0.0116081	0.0042646	0.003	0.017	348.568	249.327	177	706	
5.25	5.5	2	7	2	3	75	26500	75	26500	0.00766667	0.00664411	0.003	0.017	353.333	97.2887	285	490	
5.25	5.5	2	8	5	3	75	26500	75	26500	0.00766667	0.00664411	0.003	0.017	353.333	182.713	225	610	
5.25	5.5	2	9	1	3	75	26500	75	26500	0.00766667	0.00664411	0.003	0.017	353.333	97.2887	285	490	
5.25	5.5	2	10	4	3	75	26500	75	26500	0.00757333	0.00655986	0.003	0.017	353.333	17.5594	341	378	
5.25	5.5	3	11	1	3	129	26608	118	21911	0.00507627	0.00616047	0.003	0.024	185.686	86.2338	49	436	
5.25	5.5	3	12	3	3	124	26598	124	26598	0.00593548	0.00599423	0.003	0.024	214.5	75.4057	177	531	
5.25	5.5	3	13	2	3	131	26612	114	16480	0.00404386	0.00439104	0.003	0.024	144.561	103.347	66	596	
5.25	5.5	3	14	4	3	102	26554	103	26761	0.00340777	0.00191709	0.003	0.017	259.816	48.7428	16	285	
5.25	5.5	3	15	5	3	124	26598	125	26823	0.005688	0.00539177	0.003	0.017	214.584	28.6788	164	387	
5.25	5.5	1	16	1	3	75	26500	75	26500	0.00552	0.00338263	0.003	0.01	353.333	93.6538	154	453	
5.25	5.5	1	17	2	3	100	26550	100	26550	0.00825	0.00583333	0.003	0.017	265.5	24.6337	225	285	
5.25	5.5	1	18	4	3	100	26550	87	19387	0.00766667	0.00672321	0.003	0.024	222.839	132.319	157	551	
5.25	5.5	1	19	5	3	100	26550	100	26550	0.00979	0.0051174	0.003	0.017	265.5	98.8456	177	435	
5.25	5.5	1	20	3	3	100	26550	100	26550	0.00839	0.00578904	0.003	0.017	265.5	52.8075	177	315	
5.5	5.75	4	1	3	3	103	26556	102	25803	0.00910784	0.00554354	0.003	0.024	252.971	97.2336	64	435	
5.5	5.75	4	2	1	3	109	26568	109	26568	0.00319266	0.00149367	0.003	0.017	243.743	94.4762	60	341	
5.5	5.75	4	3	4	3	114	26578	114	26578	0.00318421	0.00146079	0.003	0.017	233.14	79.1034	16	285	
5.5	5.75	4	4	2	3	122	26594	121	26357	0.00676033	0.00694385	0.003	0.024	217.826	85.4565	177	531	
5.5	5.75	4	5	5	3	125	26600	110	20112	0.00484545	0.0055837	0.003	0.024	182.836	79.2209	157	436	
5.5	5.75	2	6	3	3	75	26500	77	26854	0.0107273	0.005152	0.003	0.017	348.753	249.33	177	706	
5.5	5.75	2	7	2	3	75	26500	75	26500	0.00766667	0.00664411	0.003	0.017	353.333	97.2887	285	490	
5.5	5.75	2	8	5	3	75	26500	75	26500	0.00766667	0.00664411	0.003	0.017	353.333	182.713	225	610	
5.5	5.75	2	9	1	3	75	26500	75	26500	0.00766667	0.00664411	0.003	0.017	353.333	97.2887	285	490	
5.5	5.75	2	10	4	3	75	26500	75	26500	0.00766667	0.00664411	0.003	0.017	353.333	17.5594	341	378	
5.5	5.75	3	11	1	3	125	26600	115	22240	0.00537391	0.00628066	0.003	0.024	193.391	94.3732	157	436	
5.5	5.75	3	12	3	3	125	26600	125	26600	0.0058	0.0060295	0.003	0.024	212.8	71.8881	177	356	
5.5	5.75	3	13	2	3	131	26612	119	19755	0.00482353	0.00557787	0.003	0.024	166.008	127.339	117	596	
5.5	5.75	3	14	4	3	100	26550	99	26343	0.00314141	0.000989847	0.003	0.01	266.091	33.597	207	285	
5.5	5.75	3	15	5	3	124	26598	124	26598	0.00559677	0.00516385	0.003	0.017	214.5	28.7797	164	387	
5.5	5.75	1	16	1	3	75	26500	75	26639	0.00533333	0.00332205	0.003	0.01	355.187	90.0379	234	453	
5.5	5.75	1	17	2	3	100	26550	102	27084	0.00814706	0.00582143	0.003	0.017	265.529	25.3919	225	327	
5.5	5.75	1	18	4	3	100	26550	88	20046	0.00769318	0.00660435	0.003	0.024	227.795	139.718	157	706	
5.5	5.75	1	19	5	3	102	26554	102	27063	0.00972549	0.00511096	0.003	0.017	265.324	100.184	136	435	
5.5	5.75	1	20	3	3	102	26554	103	27148	0.00809709	0.00581498	0.003	0.017	263.573	59.566	16	389	
5.75	6	4	1	3	3	105	26560	105	27009	0.00866667	0.00532531	0.003	0.017	257.229	101.143	64	435	
5.75	6	4	2	1	3	110	26570	110	26570	0.00331818	0.00174488	0.003	0.017	241.545	98.5795	60	373	
5.75	6	4	3	4	3	114	26578	114	26578	0.00330702	0.00171473	0.003	0.017	233.14	80.5006	16	341	
5.75	6	4	4	2	3	120	26590	120	26646	0.00696667	0.00701371	0.003	0.024	222.05	91.0216	177	531	
5.75	6	4	5	5	3	125	26600	114	21908	0.00539474	0.00650747	0.003	0.024	192.175	91.8891	157	436	
5.75	6	2	6	3	3	75	26500	73	26146	0.0118219	0.00421091	0.003	0.017	358.164	252.766	177	706	
5.75	6	2	7	2	3	75	26500	75	26500	0.00766667	0.00664411	0.003	0.017	353.333	97.2887	285	490	
5.75	6	2	8	5	3	75	26500	75	26500	0.00766667	0.00664411	0.003	0.017	353.333	182.713	225	610	
5.75	6	2	9	1	3	75	26500	75	26500	0.00766667	0.00664411	0.003	0.017	353.333	97.2887	285	490	
5.75	6	2	10	4	3	75	26500	75	26500	0.00757333	0.00655986	0.003	0.017	353.333	17.5594	341	378	
5.75	6	3	11	1	3	125	26600	116	22676	0.00547414	0.00634578	0.003	0.024	195.483	96.6243	157	436	
5.75	6	3	12	3	3	124	26598	124	26598	0.00559677	0.00531591	0.003	0.024	214.5	75.4057	177	531	
5.75	6	3	13	2	3	131	26612	117	18268	0.0044359	0.00482341	0.003	0.024	156.137	108.498	117	596	
5.75	6	3	14	4	3	100	26550	101	26757	0.00348515	0.00226986	0.003	0.017	264.921	34.2729	207	285	
5.75	6	3	15	5	3	125	26600	125	26600	0.00552	0.00513778	0.003	0.017	212.8	24.4982	164	225	
5.75	6	1	16	1	3	76	26502	76	26363	0.00530263	0.00331067	0.003	0.01	346.882	96.5407	115	453	
5.75	6	1	17	2	3	100	26550	98	26016	0.00821428	0.00571352	0.003	0.017	265.469	24.8854	225	285	
5.75	6	1	18	4	3	101	26552	90	20642	0.00782222	0.00693238	0.003	0.024	229.356	138.862	157	591	
5.75	6	1	19	5	3	100	26550	100	26041	0.00972	0.00506539	0.003	0.017	260.41	94.9693	177	435	
5.75	6	1	20	3	3	100	26550	99	25956	0.00851515	0.00568091	0.003	0.017	262.182	57.3883	36	315	
6	6.25	4	1	3	3	101	26552	100	25926	0.00958	0.00534124	0.003	0.024	259.26	96.8487	117	435	
6	6.25	4	2	1	3	112	26574	112	26574	0.003	0	0.003	0.003	237.268	99.2807	60	341	
6	6.25	4	3	4	3	113	26576	113	26576	0.003	0	0.003	0.003	235.186	76.6794	16	285	
6	6.25	4	4	2	3	123	26596	121	25832	0.00681818	0.00745207	0.003	0.024	213.488	73.5943	177	531	
6	6.25	4	5	5	3	125	26600	112	20932	0.0051875	0.00637497	0.003	0.024	186.893	85.4455	157	436	
6	6.25	2	6	3	3	75	26500	75	26500	0.0106533	0.00529531	0.003	0.017	353.333	251.052	177	706	
6	6.25	2	7	2	3	75	26500	75	26500	0.00766667	0.00664411	0.003	0.017	353.333	97.2887	285	490	
6	6.25	2	8	5	3	75	26500	75	26500	0.00766667	0.00664411	0.003	0.017	353.333	182.713	225	610	
6	6.25	2	9	1	3	75	26500	75	26500	0.00766667	0.00664411	0.003	0.017	353.333	97.2887	285	490	
6	6.25	2	10	4	3	75	26500	75	26500	0.00710667	0.00609956	0.003	0.017	353.333	17.5594	341	378	
6	6.25	3	11	1	3	125	26600	117	23112	0.00569231	0.00668176	0.003	0.024	197.538	98.7431	157	436	
6	6.25	3	12	3	3	125	26600	126	26956	0.00566667	0.00558999	0.003	0.024	213.937	72.7276	177	356	
6	6.25	3	13	2	3	132	26614	118	18270	0.00418644	0.00422437	0.003	0.024	154.831	102.485	117	596	
6	6.25	3	14	4	3	100	26550	99	26265	0.00349495	0.00206217	0.003	0.017	265.303	34.0604	207	285	
6	6.25	3	15	5	3	124	26598	125	26762	0.005632	0.00515804	0.003	0.017	214.096	29.0171	164	387	
6	6.25	1	16	1	3	75	26500	75	26500	0.00533333	0.00332205	0.003	0.01	353.333	91.0907	234	453	
6	6.25	1	17	2	3	100	26550	100	26550	0.00825	0.00583333	0.003	0.017	265.5	24.6337	225	285	
6	6.25	1	18	4	3	97	26544	84	19226	0.008	0.00648074	0.003	0.024	228.881	144.837	157	706	
6	6.25	1	19	5	3	100	26550	100	26550	0.00965	0.00520562	0.003	0.017	265.5	98.8456	177	435	
6	6.25	1	20	3	3	100	26550	100	26550	0.00832	0.00581166	0.003	0.017	265.5	52.8075	177	315	
6.25	6.5	4	1	3	3	105	26560	106	26995	0.00887736	0.00547671	0.003	0.024	254.67	101.446	64	455	
6.25	6.5	4	2	1	3	109	26568	109	26568	0.00312844	0.0009438	0.003	0.01	243.743	94.4762	60	341	
6.25	6.5	4	3	4	3	114	26578	114	26578	0.00318421	0.00146079	0.003	0.017	233.14	79.1034	16	285	
6.25	6.5	4	4	2	3	119	26588	120	26940	0.00685	0.00665936	0.003	0.024	224.5	94.3984	177	531	
6.25	6.5	4	5	5	3	125	26600	114	21856	0.00539474	0.00650747	0.003	0.024	191.719	92.0259	117	476	
6.25	6.5	2	6	3	3	75	26500	75	26500	0.0106533	0.00529531	0.003	0.017	353.333	251.052	177	706	
6.25	6.5	2	7	2	3	75	26500	75	26500	0.00766667	0.00664411	0.003	0.017	353.333	97.2887	285	490	
6.25	6.5	2	8	5	3	75	26500	75	26500	0.00766667	0.00664411	0.003	0.017	353.333	182.713	225	610	
6.25	6.5	2	9	1	3	75	26500	75	26500	0.00766667	0.00664411	0.003	0.017	353.333	97.2887	285	490	
6.25	6.5	2	10	4	3	75	26500	75	26500	0.00766667	0.00664411	0.003	0.017	353.333	17.5594	341	378	
6.25	6.5	3	11	1	3	125	26600	116	22521	0.00541379	0.00606066	0.003	0.024	194.147	95.3258	97	436	
6.25	6.5	3	12	3	3	125	26600	124	26244	0.00525806	0.00485207	0.003	0.017	211.645	72.6294	117	416	
6.25	6.5	3	13	2	3	133	26616	120	18826	0.00434167	0.00447307	0.003	0.024	156.883	103.292	75	596	
6.25	6.5	3	14	4	3	101	26552	102	26837	0.00389216	0.00272831	0.003	0.017	263.108	41.9755	16	285	
6.25	6.5	3	15	5	3	125	26600	124	26436	0.00537097	0.0048798	0.003	0.017	213.194	24.5776	149	240	
6.25	6.5	1	16	1	3	75	26500	75	26500	0.00533333	0.00332205	0.003	0.01	353.333	91.0907	234	453	
6.25	6.5	1	17	2	3	100	26550	100	26550	0.00825	0.00583333	0.003	0.017	265.5	24.6337	225	285	
6.25	6.5	1	18	4	3	101	26552	88	19556	0.00753409	0.00671582	0.003	0.024	222.227	131.758	157	551	
6.25	6.5	1	19	5	3	100	26550	100	26550	0.00951	0.00528863	0.003	0.017	265.5	96.1898	157	435	
6.25	6.5	1	20	3	3	100	26550	100	26550	0.00846	0.00576548	0.003	0.017	265.5	52.8075	177	315	
6.5	6.75	4	1	3	3	106	26562	105	26318	0.0092	0.00551815	0.003	0.024	250.648	96.8474	64	435	
6.5	6.75	4	2	1	3	109	26568	108	26227	0.003	0	0.003	0.003	242.843	92.0034	60	341	
6.5	6.75	4	3	4	3	115	26580	115	26580	0.003	0	0.003	0.003	231.13	81.3641	16	285	
6.5	6.75	4	4	2	3	125	26600	124	26479	0.0063871	0.00664881	0.003	0.024	213.54	78.8623	65	531	
6.5	6.75	4	5	5	3	127	26604	113	20604	0.00485841	0.00569126	0.003	0.024	182.336	75.1346	157	436	
6.5	6.75	2	6	3	3	75	26500	76	26677	0.0108289	0.00510787	0.003	0.017	351.013	250.192	177	706	
6.5	6.75	2	7	2	3	75	26500	75	26500	0.00766667	0.00664411	0.003	0.017	353.333	97.2887	285	490	
6.5	6.75	2	8	5	3	75	26500	75	26500	0.00766667	0.00664411	0.003	0.017	353.333	182.713	225	610	
6.5	6.75	2	9	1	3	75	26500	75	26500	0.00766667	0.00664411	0.003	0.017	353.333	97.2887	285	490	
6.5	6.75	2	10	4	3	75	26500	75	26500	0.0072	0.00619721	0.003	0.017	353.333	17.5594	341	378	
6.5	6.75	3	11	1	3	126	26602	114	21370	0.00514912	0.00618624	0.003	0.024	187.456	88.9385	49	436	
6.5	6.75	3	12	3	3	125	26600	126	26956	0.00583333	0.00581825	0.003	0.024	213.937	72.7276	177	356	
6.5	6.75	3	13	2	3	130	26610	116	18860	0.00475	0.00552917	0.003	0.024	162.586	127.159	117	596	
6.5	6.75	3	14	4	3	100	26550	99	26265	0.00349495	0.00206217	0.003	0.017	265.303	34.0604	207	285	
6.5	6.75	3	15	5	3	125	26600	126	26764	0.00572222	0.00538389	0.003	0.017	212.413	24.7843	164	225	
6.5	6.75	1	16	1	3	75	26500	75	26500	0.00533333	0.00332205	0.003	0.01	353.333	91.0907	234	453	
6.5	6.75	1	17	2	3	100	26550	100	26550	0.00825	0.00583333	0.003	0.017	265.5	24.6337	225	285	
6.5	6.75	1	18	4	3	104	26558	87	17278	0.00621839	0.00562888	0.003	0.024	198.598	99.9778	157	551	
6.5	6.75	1	19	5	3	100	26550	100	26550	0.00944	0.00532826	0.003	0.017	265.5	98.8456	177	435	
6.5	6.75	1	20	3	3	100	26550	99	26373	0.00851515	0.00576825	0.003	0.017	266.394	52.3103	177	315	
6.75	7	4	1	3	3	105	26560	106	26546	0.0089434	0.00527317	0.003	0.024	250.434	93.2434	101	435	
6.75	7	4	2	1	3	110	26570	111	26911	0.00325225	0.00161509	0.003	0.017	242.441	96.8965	4	341	
6.75	7	4	3	4	3	112	26574	112	26574	0.003125	0.000931191	0.003	0.01	237.268	75.9217	16	285	
6.75	7	4	4	2	3	111	26572	109	25440	0.00749541	0.00677089	0.003	0.024	233.394	92.9982	65	531	
6.75	7	4	5	5	3	128	26606	119	22694	0.00535294	0.00633204	0.003	0.024	190.706	89.8683	117	591	
6.75	7	2	6	3	3	75	26500	73	25617	0.0100959	0.0056548	0.003	0.017	350.918	250.226	177	706	
6.75	7	2	7	2	3	75	26500	75	26500	0.00766667	0.00664411	0.003	0.017	353.333	97.2887	285	490	
6.75	7	2	8	5	3	75	26500	75	26500	0.00766667	0.00664411	0.003	0.017	353.333	182.713	225	610	
6.75	7	2	9	1	3	75	26500	75	26500	0.00766667	0.00664411	0.003	0.017	353.333	97.2887	285	490	
6.75	7	2	10	4	3	75	26500	75	26500	0.00729333	0.00629194	0.003	0.017	353.333	17.5594	341	378	
6.75	7	3	11	1	3	130	26610	115	19915	0.00427826	0.0042064	0.003	0.024	173.174	72.6269	41	453	
6.75	7	3	12	3	3	125	26600	124	26244	0.00531452	0.00502735	0.003	0.024	211.645	76.8941	117	531	
6.75	7	3	13	2	3	133	26616	121	18870	0.00450413	0.00479952	0.003	0.024	155.95	107.768	66	711	
6.75	7	3	14	4	3	115	26580	113	26269	0.00510619	0.00457158	0.003	0.017	232.469	79.0272	16	327	
6.75	7	3	15	5	3	123	26596	122	26432	0.00540984	0.00491036	0.003	0.017	216.656	32.8301	149	387	
6.75	7	1	16	1	3	75	26500	75	26500	0.00533333	0.00332205	0.003	0.01	353.333	91.0907	234	453	
6.75	7	1	17	2	3	99	26548	99	26548	0.00851515	0.00576825	0.003	0.017	268.162	33.2172	225	490	
6.75	7	1	18	4	3	109	26568	96	20113	0.00657292	0.00634241	0.003	0.024	209.51	105.877	157	591	
6.75	7	1	19	5	3	100	26550	100	26730	0.00979	0.0051174	0.003	0.017	267.3	76.0523	157	435	
6.75	7	1	20	3	3	100	26550	101	26727	0.00826733	0.0058067	0.003	0.017	264.624	55.9133	177	435	
7	7.25	4	1	3	3	100	26550	99	26373	0.00978788	0.00533428	0.003	0.024	266.394	100.416	177	435	
7	7.25	4	2	1	3	113	26576	112	26572	0.00325	0.00160798	0.003	0.017	237.25	102.221	4	341	
7	7.25	4	3	4	3	111	26572	111	26572	0.003	0	0.003	0.003	239.387	72.2316	93	285	
7	7.25	4	4	2	3	100	26550	98	25680	0.00914286	0.00726664	0.003	0.024	262.041	98.3074	177	435	
7	7.25	4	5	5	3	125	26600	109	19624	0.00479816	0.00582584	0.003	0.024	180.037	77.1437	157	436	
7	7.25	2	6	3	3	75	26500	76	26677	0.01	0.00571548	0.003	0.017	351.013	250.192	177	706	
7	7.25	2	7	2	3	75	26500	75	26500	0.00766667	0.00664411	0.003	0.017	353.333	97.2887	285	490	
7	7.25	2	8	5	3	75	26500	75	26500	0.00766667	0.00664411	0.003	0.017	353.333	182.713	225	610	
7	7.25	2	9	1	3	75	26500	75	26500	0.00766667	0.00664411	0.003	0.017	353.333	97.2887	285	490	
7	7.25	2	10	4	3	75	26500	75	26500	0.00710667	0.00609956	0.003	0.017	353.333	17.5594	341	378	
7	7.25	3	11	1	3	128	26606	110	18758	0.00420909	0.00472762	0.003	0.024	170.527	60.8505	97	436	
7	7.25	3	12	3	3	125	26600	125	26600	0.0058	0.00582957	0.003	0.024	212.8	71.8881	177	356	
7	7.25	3	13	2	3	130	26610	110	14690	0.00363636	0.00322185	0.003	0.024	133.545	74.6998	66	596	
7	7.25	3	14	4	3	120	26590	121	26875	0.00600826	0.00548406	0.003	0.017	222.107	83.9954	44	285	
7	7.25	3	15	5	3	124	26598	124	26598	0.00576613	0.00541619	0.003	0.017	214.5	28.7797	164	387	
7	7.25	1	16	1	3	75	26500	75	26500	0.00533333	0.00332205	0.003	0.01	353.333	91.0907	234	453	
7	7.25	1	17	2	3	100	26550	100	26550	0.00825	0.00583333	0.003	0.017	265.5	24.6337	225	285	
7	7.25	1	18	4	3	99	26548	89	21038	0.00842697	0.00736837	0.003	0.024	236.382	148.242	157	706	
7	7.25	1	19	5	3	100	26550	100	26550	0.00951	0.00528863	0.003	0.017	265.5	52.8075	177	315	
7	7.25	1	20	3	3	100	26550	100	26550	0.00853	0.00574097	0.003	0.017	265.5	52.8075	177	315	
7.25	7.5	4	1	3	3	99	26548	99	26548	0.00992929	0.00504925	0.003	0.017	268.162	104.856	177	610	
7.25	7.5	4	2	1	3	111	26572	112	26576	0.0033125	0.00196836	0.003	0.017	237.286	102.115	4	373	
7.25	7.5	4	3	4	3	111	26572	111	26572	0.00344144	0.00216872	0.003	0.017	239.387	73.1699	93	341	
7.25	7.5	4	4	2	3	100	26550	100	26550	0.00972	0.00763707	0.003	0.024	265.5	100.306	177	435	
7.25	7.5	4	5	5	3	125	26600	104	17440	0.00380769	0.00405802	0.003	0.024	167.692	53.9228	153	436	
7.25	7.5	2	6	3	3	75	26500	73	25617	0.01	0.00571548	0.003	0.017	350.918	250.226	177	706	
7.25	7.5	2	7	2	3	75	26500	75	26500	0.00766667	0.00664411	0.003	0.017	353.333	97.2887	285	490	
7.25	7.5	2	8	5	3	75	26500	75	26500	0.00766667	0.00664411	0.003	0.017	353.333	182.713	225	610	
7.25	7.5	2	9	1	3	75	26500	74	26215	0.00772973	0.00666682	0.003	0.017	354.257	97.6213	285	490	
7.25	7.5	2	10	4	3	75	26500	75	26500	0.00738667	0.00638388	0.003	0.017	353.333	17.5594	341	378	
7.25	7.5	3	11	1	3	125	26600	113	21368	0.00535398	0.00658857	0.003	0.024	189.097	89.4186	157	436	
7.25	7.5	3	12	3	3	124	26598	124	26598	0.00593548	0.00579142	0.003	0.024	214.5	75.4057	177	531	
7.25	7.5	3	13	2	3	125	26600	102	12892	0.00341176	0.00292599	0.003	0.024	126.392	66.7405	117	596	
7.25	7.5	3	14	4	3	121	26592	121	26815	0.00612397	0.00571193	0.003	0.017	221.612	83.7979	44	285	
7.25	7.5	3	15	5	3	125	26600	125	26600	0.0058	0.00562254	0.003	0.017	212.8	24.2919	164	225	
7.25	7.5	1	16	1	3	75	26500	75	26500	0.00533333	0.00332205	0.003	0.01	353.333	89.2013	234	453	
7.25	7.5	1	17	2	3	101	26552	101	26552	0.00812871	0.00567743	0.003	0.017	262.891	39.3853	16	389	
7.25	7.5	1	18	4	3	99	26548	89	20784	0.00858427	0.00740057	0.003	0.024	233.528	138.814	157	551	
7.25	7.5	1	19	5	3	103	26556	104	26733	0.00925961	0.00515393	0.003	0.017	257.048	67.8138	16	389	
7.25	7.5	1	20	3	3	102	26554	102	26554	0.0080098	0.00569087	0.003	0.017	260.333	65.5524	16	389	
7.5	7.75	4	1	3	3	100	26550	100	26550	0.01007	0.00549427	0.003	0.024	265.5	100.306	177	435	
7.5	7.75	4	2	1	3	112	26574	112	26574	0.003	0	0.003	0.003	237.268	99.8431	60	341	
7.5	7.75	4	3	4	3	113	26576	113	26576	0.003	0	0.003	0.003	235.186	75.7775	93	285	
7.5	7.75	4	4	2	3	100	26550	100	26550	0.01	0.0086164	0.003	0.024	265.5	100.306	177	435	
7.5	7.75	4	5	5	3	124	26598	100	15979	0.00328	0.00220688	0.003	0.024	159.79	27.9	157	436	
7.5	7.75	2	6	3	3	75	26500	77	26854	0.0103636	0.00543359	0.003	0.017	348.753	249.33	177	706	
7.5	7.75	2	7	2	3	75	26500	75	26500	0.00766667	0.00664411	0.003	0.017	353.333	97.2887	285	490	
7.5	7.75	2	8	5	3	75	26500	75	26500	0.00766667	0.00664411	0.003	0.017	353.333	182.713	225	610	
7.5	7.75	2	9	1	3	75	26500	76	26785	0.00769737	0.00660509	0.003	0.017	352.434	96.9553	285	490	
7.5	7.75	2	10	4	3	75	26500	75	26500	0.00729333	0.00629194	0.003	0.017	353.333	17.5594	341	378	
7.5	7.75	3	11	1	3	125	26600	108	19841	0.00494444	0.00611545	0.003	0.024	183.713	81.4798	157	436	
7.5	7.75	3	12	3	3	125	26600	126	26956	0.00594444	0.00589685	0.003	0.024	213.937	72.7276	177	356	
7.5	7.75	3	13	2	3	129	26608	102	12075	0.003	0	0.003	0.003	118.382	19.7183	66	309	
7.5	7.75	3	14	4	3	123	26596	124	26640	0.00599193	0.00565757	0.003	0.017	214.839	88.2066	44	285	
7.5	7.75	3	15	5	3	124	26598	125	26762	0.005912	0.00563545	0.003	0.017	214.096	29.0171	164	387	
7.5	7.75	1	16	1	3	75	26500	75	26500	0.00533333	0.00332205	0.003	0.01	353.333	91.0907	234	453	
7.5	7.75	1	17	2	3	100	26550	100	26550	0.00825	0.00583333	0.003	0.017	265.5	24.6337	225	285	
7.5	7.75	1	18	4	3	95	26540	79	17633	0.00831645	0.00683795	0.003	0.024	223.203	139.507	157	706	
7.5	7.75	1	19	5	3	100	26550	99	26373	0.00943434	0.00535507	0.003	0.017	266.394	52.3103	177	315	
7.5	7.75	1	20	3	3	100	26550	100	26550	0.00839	0.00578904	0.003	0.017	265.5	52.8075	177	315	
7.75	8	4	1	3	3	101	26552	102	26987	0.01	0.00530458	0.003	0.024	264.578	101.871	64	435	
7.75	8	4	2	1	3	112	26574	112	26574	0.0033125	0.00172961	0.003	0.017	237.268	102.195	4	341	
7.75	8	4	3	4	3	111	26572	111	26572	0.003	0	0.003	0.003	239.387	72.2316	93	285	
7.75	8	4	4	2	3	109	26568	110	26776	0.00872727	0.00833024	0.003	0.024	243.418	104.516	177	531	
7.75	8	4	5	5	3	125	26600	104	17444	0.00380769	0.00405802	0.003	0.024	167.731	53.9137	157	436	
7.75	8	2	6	3	3	75	26500	73	26146	0.0106712	0.00536722	0.003	0.017	358.164	252.766	177	706	
7.75	8	2	7	2	3	75	26500	75	26500	0.00766667	0.00664411	0.003	0.017	353.333	97.2887	285	490	
7.75	8	2	8	5	3	75	26500	75	26500	0.00766667	0.00664411	0.003	0.017	353.333	182.713	225	610	
7.75	8	2	9	1	3	75	26500	75	26500	0.00766667	0.00664411	0.003	0.017	353.333	97.2887	285	490	
7.75	8	2	10	4	3	75	26500	76	26878	0.00732895	0.00625756	0.003	0.017	353.658	17.67	341	378	
7.75	8	3	11	1	3	126	26602	114	20841	0.00514912	0.00632488	0.003	0.024	182.816	80.56	97	436	
7.75	8	3	12	3	3	125	26600	124	26244	0.00565322	0.00554515	0.003	0.024	211.645	71.006	177	356	
7.75	8	3	13	2	3	126	26602	106	13123	0.00333019	0.00202236	0.003	0.017	123.802	35.8687	66	373	
7.75	8	3	14	4	3	121	26592	120	26548	0.00591667	0.00548885	0.003	0.017	221.233	84.0455	44	285	
7.75	8	3	15	5	3	124	26598	123	26434	0.0056748	0.00541627	0.003	0.017	214.911	28.5304	164	387	
7.75	8	1	16	1	3	75	26500	75	26500	0.00524	0.00328732	0.003	0.01	353.333	92.2746	202	485	
7.75	8	1	17	2	3	100	26550	99	26325	0.00830303	0.00583874	0.003	0.017	265.909	29.2411	163	389	
7.75	8	1	18	4	3	97	26544	86	20320	0.0082093	0.00689094	0.003	0.024	236.279	156.731	157	706	
7.75	8	1	19	5	3	100	26550	100	26550	0.00951	0.00528863	0.003	0.017	265.5	54.2597	177	389	
7.75	8	1	20	3	3	100	26550	100	26550	0.00846	0.00576548	0.003	0.017	265.5	54.2597	177	389	
8	8.25	4	1	3	3	107	26564	107	26564	0.00934579	0.00565035	0.003	0.024	248.262	96.0022	64	435	
8	8.25	4	2	1	3	108	26566	108	26566	0.00338889	0.00161091	0.003	0.01	245.981	94.0115	60	341	
8	8.25	4	3	4	3	115	26580	115	26580	0.003	0	0.003	0.003	231.13	82.19	16	285	
8	8.25	4	4	2	3	122	26594	122	26594	0.0072459	0.00771851	0.003	0.024	217.984	82.0705	177	531	
8	8.25	4	5	5	3	125	26600	106	18420	0.00392453	0.00387347	0.003	0.024	173.774	63.1719	157	436	
8	8.25	2	6	3	3	75	26500	76	26677	0.0101842	0.00559693	0.003	0.017	351.013	250.192	177	706	
8	8.25	2	7	2	3	75	26500	75	26500	0.00766667	0.00664411	0.003	0.017	353.333	97.2887	285	490	
8	8.25	2	8	5	3	75	26500	75	26500	0.00766667	0.00664411	0.003	0.017	353.333	182.713	225	610	
8	8.25	2	9	1	3	75	26500	75	26500	0.00766667	0.00664411	0.003	0.017	353.333	97.2887	285	490	
8	8.25	2	10	4	3	75	26500	74	26122	0.00735135	0.00642007	0.003	0.017	353	17.4387	341	378	
8	8.25	3	11	1	3	125	26600	111	20496	0.00508108	0.00630315	0.003	0.024	184.649	83.7419	157	436	
8	8.25	3	12	3	3	125	26600	125	26600	0.0058	0.00562254	0.003	0.017	212.8	71.8881	177	356	
8	8.25	3	13	2	3	125	26600	103	13488	0.00361165	0.00354863	0.003	0.024	130.951	80.9427	117	596	
8	8.25	3	14	4	3	122	26594	121	26309	0.00606611	0.0057078	0.003	0.017	217.43	86.3857	44	285	
8	8.25	3	15	5	3	125	26600	124	26375	0.00587903	0.0056462	0.003	0.017	212.702	24.5728	164	225	
8	8.25	1	16	1	3	75	26500	75	26500	0.00533333	0.00332205	0.003	0.01	353.333	91.0907	234	453	
8	8.25	1	17	2	3	100	26550	101	26775	0.00826733	0.0058067	0.003	0.017	265.099	24.8393	225	285	
8	8.25	1	18	4	3	100	26550	86	18836	0.00772093	0.00699521	0.003	0.024	219.023	128.189	157	551	
8	8.25	1	19	5	3	100	26550	100	26550	0.00951	0.00528863	0.003	0.017	265.5	52.8075	177	315	
8	8.25	1	20	3	3	100	26550	100	26550	0.00832	0.00581166	0.003	0.017	265.5	52.8075	177	315	
8.25	8.5	4	1	3	3	112	26574	111	26139	0.00867567	0.00486016	0.003	0.024	235.486	92.7682	64	435	
8.25	8.5	4	2	1	3	107	26564	107	26564	0.00313084	0.000952495	0.003	0.01	248.262	86.1265	60	341	
8.25	8.5	4	3	4	3	115	26580	115	26580	0.003	0	0.003	0.003	231.13	83.8175	16	285	
8.25	8.5	4	4	2	3	117	26584	115	25522	0.00732174	0.00697432	0.003	0.024	221.93	94.1625	48	531	
8.25	8.5	4	5	5	3	128	26606	116	21737	0.00456896	0.00506347	0.003	0.024	187.388	79.1418	125	436	
8.25	8.5	2	6	3	3	75	26500	74	25265	0.010473	0.00522434	0.003	0.017	341.419	246.506	177	706	
8.25	8.5	2	7	2	3	75	26500	75	26500	0.00766667	0.00664411	0.003	0.017	353.333	97.2887	285	490	
8.25	8.5	2	8	5	3	75	26500	75	26500	0.00766667	0.00664411	0.003	0.017	353.333	182.713	225	610	
8.25	8.5	2	9	1	3	75	26500	75	26500	0.00766667	0.00664411	0.003	0.017	353.333	97.2887	285	490	
8.25	8.5	2	10	4	3	75	26500	75	26500	0.00738667	0.00638388	0.003	0.017	353.333	17.5594	341	378	
8.25	8.5	3	11	1	3	128	26606	111	19194	0.00426126	0.00483117	0.003	0.024	172.919	60.7807	137	436	
8.25	8.5	3	12	3	3	126	26602	126	26602	0.00561111	0.00536652	0.003	0.017	211.127	71.8174	73	356	
8.25	8.5	3	13	2	3	132	26614	115	16555	0.00397391	0.00433764	0.003	0.024	143.957	102.101	66	596	
8.25	8.5	3	14	4	3	120	26590	121	26875	0.00577686	0.00538282	0.003	0.017	222.107	81.4631	44	285	
8.25	8.5	3	15	5	3	123	26596	124	26821	0.00587903	0.00543041	0.003	0.017	216.298	32.3449	164	387	
8.25	8.5	1	16	1	3	75	26500	75	26500	0.00533333	0.00332205	0.003	0.01	353.333	91.0907	234	453	
8.25	8.5	1	17	2	3	98	26546	98	26546	0.0085	0.00579593	0.003	0.017	270.878	39.9428	225	490	
8.25	8.5	1	18	4	3	99	26548	88	20459	0.00817045	0.00707955	0.003	0.024	232.489	146.519	157	706	
8.25	8.5	1	19	5	3	100	26550	99	26265	0.00971717	0.00518837	0.003	0.017	265.303	58.3175	177	435	
8.25	8.5	1	20	3	3	100	26550	100	26550	0.00839	0.00578904	0.003	0.017	265.5	52.8075	177	315	
8.5	8.75	4	1	3	3	109	26568	109	26759	0.00929358	0.0057111	0.003	0.024	245.495	101.698	64	610	
8.5	8.75	4	2	1	3	106	26562	106	26562	0.00372641	0.00272041	0.003	0.017	250.585	92.1444	4	373	
8.5	8.75	4	3	4	3	114	26578	114	26578	0.00342982	0.00214092	0.003	0.017	233.14	86.3453	16	399	
8.5	8.75	4	4	2	3	116	26582	109	23964	0.00698165	0.00627308	0.003	0.024	219.853	93.2837	177	531	
8.5	8.75	4	5	5	3	125	26600	116	22780	0.00553448	0.00648802	0.003	0.024	196.379	92.3473	117	476	
8.5	8.75	2	6	3	3	75	26500	72	24911	0.0107778	0.00506082	0.003	0.017	345.986	248.383	177	706	
8.5	8.75	2	7	2	3	75	26500	75	26500	0.00766667	0.00664411	0.003	0.017	353.333	97.2887	285	490	
8.5	8.75	2	8	5	3	75	26500	75	26500	0.00766667	0.00664411	0.003	0.017	353.333	182.713	225	610	
8.5	8.75	2	9	1	3	75	26500	75	26500	0.00766667	0.00664411	0.003	0.017	353.333	97.2887	285	490	
8.5	8.75	2	10	4	3	75	26500	75	26500	0.00766667	0.00664411	0.003	0.017	353.333	17.5594	341	378	
8.5	8.75	3	11	1	3	125	26600	104	17444	0.00380769	0.00405802	0.003	0.024	167.731	53.9137	157	436	
8.5	8.75	3	12	3	3	124	26598	124	26598	0.00593548	0.00579142	0.003	0.024	214.5	75.4057	177	531	
8.5	8.75	3	13	2	3	125	26600	108	16468	0.00455555	0.00552536	0.003	0.024	152.481	123.52	117	596	
8.5	8.75	3	14	4	3	119	26588	119	26588	0.00629412	0.00575098	0.003	0.017	223.429	82.9922	44	285	
8.5	8.75	3	15	5	3	124	26598	124	26375	0.00587903	0.0056462	0.003	0.017	212.702	24.1563	164	225	
8.5	8.75	1	16	1	3	75	26500	75	26500	0.00524	0.00328732	0.003	0.01	353.333	88.7323	202	485	
8.5	8.75	1	17	2	3	101	26552	101	26552	0.00778218	0.00559393	0.003	0.017	262.891	40.5255	73	389	
8.5	8.75	1	18	4	3	102	26554	87	18190	0.00710345	0.00599619	0.003	0.024	209.08	112.575	12	551	
8.5	8.75	1	19	5	3	103	26556	104	26841	0.00899038	0.00519988	0.003	0.017	258.087	76.0916	16	490	
8.5	8.75	1	20	3	3	103	26556	103	26556	0.00809709	0.00556162	0.003	0.017	257.825	69.8725	16	389	
8.75	9	4	1	3	3	110	26570	111	26556	0.00899099	0.00540958	0.003	0.024	239.243	95.0787	64	455	
8.75	9	4	2	1	3	109	26568	109	26568	0.003	0	0.003	0.003	243.743	91.5608	60	341	
8.75	9	4	3	4	3	116	26582	116	26582	0.003	0	0.003	0.003	229.155	84.2766	16	285	
8.75	9	4	4	2	3	115	26580	109	24329	0.00730275	0.00699405	0.003	0.024	223.202	99.2182	177	531	
8.75	9	4	5	5	3	125	26600	119	23852	0.00611765	0.00715823	0.003	0.024	200.437	97.1327	117	436	
8.75	9	2	6	3	3	75	26500	73	25617	0.010863	0.00507804	0.003	0.017	350.918	251.464	157	746	
8.75	9	2	7	2	3	75	26500	75	26500	0.00766667	0.00664411	0.003	0.017	353.333	97.2887	285	490	
8.75	9	2	8	5	3	75	26500	75	26500	0.00766667	0.00664411	0.003	0.017	353.333	182.713	225	610	
8.75	9	2	9	1	3	75	26500	75	26500	0.00766667	0.00664411	0.003	0.017	353.333	97.2887	285	490	
8.75	9	2	10	4	3	75	26500	75	26500	0.00738667	0.00638388	0.003	0.017	353.333	17.5594	341	378	
8.75	9	3	11	1	3	125	26600	105	17880	0.004	0.00449359	0.003	0.024	170.286	59.7005	157	436	
8.75	9	3	12	3	3	125	26600	125	26600	0.005856	0.00576796	0.003	0.024	212.8	71.8881	177	356	
8.75	9	3	13	2	3	125	26600	107	15872	0.00437383	0.00521703	0.003	0.024	148.336	118.998	117	596	
8.75	9	3	14	4	3	116	26582	118	26670	0.00620339	0.00568934	0.003	0.017	226.017	82.3839	44	285	
8.75	9	3	15	5	3	125	26600	125	26775	0.0058	0.00562254	0.003	0.017	214.2	28.684	164	387	
8.75	9	1	16	1	3	75	26500	75	26500	0.00505333	0.00320849	0.003	0.01	353.333	90.4099	202	485	
8.75	9	1	17	2	3	101	26552	101	26552	0.00785148	0.00575045	0.003	0.017	262.891	43.9763	16	389	
8.75	9	1	18	4	3	100	26550	86	18072	0.00739535	0.00635662	0.003	0.024	210.14	109.006	157	551	
8.75	9	1	19	5	3	101	26552	101	26492	0.00916832	0.00526511	0.003	0.017	262.297	64.7826	16	435	
8.75	9	1	20	3	3	101	26552	101	26552	0.00826733	0.00563541	0.003	0.017	262.891	62.4474	16	389	
9	9.25	4	1	3	3	114	26578	114	26836	0.00846491	0.00508021	0.003	0.024	235.404	90.9562	64	435	
9	9.25	4	2	1	3	107	26564	107	26564	0.003	0	0.003	0.003	248.262	84.5479	60	341	
9	9.25	4	3	4	3	118	26586	118	26586	0.003	0	0.003	0.003	225.305	89.5548	16	285	
9	9.25	4	4	2	3	118	26586	117	26111	0.00766667	0.00675431	0.003	0.024	223.171	91.9694	117	531	
9	9.25	4	5	5	3	125	26600	117	22997	0.00533333	0.00581318	0.003	0.024	196.556	90.512	105	476	
9	9.25	2	6	3	3	75	26500	72	24382	0.0102917	0.00531126	0.003	0.017	338.639	245.39	177	706	
9	9.25	2	7	2	3	75	26500	75	26500	0.00766667	0.00664411	0.003	0.017	353.333	97.2887	285	490	
9	9.25	2	8	5	3	75	26500	75	26500	0.00766667	0.00664411	0.003	0.017	353.333	182.713	225	610	
9	9.25	2	9	1	3	75	26500	75	26500	0.00766667	0.00664411	0.003	0.017	353.333	97.2887	285	490	
9	9.25	2	10	4	3	75	26500	75	26500	0.00757333	0.00655986	0.003	0.017	353.333	17.5594	341	378	
9	9.25	3	11	1	3	128	26606	115	20938	0.00470435	0.00560854	0.003	0.024	182.07	75.6236	157	436	
9	9.25	3	12	3	3	127	26604	127	26604	0.00570079	0.00571869	0.003	0.024	209.48	72.641	9	356	
9	9.25	3	13	2	3	129	26608	121	21840	0.00554545	0.00670199	0.003	0.024	180.496	159.201	26	596	
9	9.25	3	14	4	3	116	26582	114	26494	0.00557895	0.00520703	0.003	0.017	232.404	76.4964	44	285	
9	9.25	3	15	5	3	124	26598	124	26646	0.00565322	0.00539955	0.003	0.017	214.887	35.63	73	387	
9	9.25	1	16	1	3	76	26502	76	26502	0.00502631	0.00319572	0.003	0.01	348.711	97.2747	115	485	
9	9.25	1	17	2	3	102	26554	102	26554	0.00759804	0.00561515	0.003	0.017	260.333	45.6999	93	389	
9	9.25	1	18	4	3	104	26558	94	21478	0.00806383	0.00721529	0.003	0.024	228.489	127.433	124	706	
9	9.25	1	19	5	3	105	26560	106	26797	0.00887736	0.00521482	0.003	0.017	252.802	72.7864	16	435	
9	9.25	1	20	3	3	104	26558	104	26558	0.00811538	0.00570693	0.003	0.024	255.365	68.985	16	389	
9.25	9.5	4	1	3	3	106	26562	105	26127	0.00993333	0.00610055	0.003	0.024	248.829	96.0086	64	435	
9.25	9.5	4	2	1	3	109	26568	109	26568	0.003	0	0.003	0.003	243.743	92.1872	60	341	
9.25	9.5	4	3	4	3	115	26580	115	26580	0.00318261	0.00145447	0.003	0.017	231.13	82.19	16	285	
9.25	9.5	4	4	2	3	115	26580	116	26757	0.00800862	0.00787676	0.003	0.024	230.664	105.74	177	531	
9.25	9.5	4	5	5	3	125	26600	110	20164	0.00465454	0.00535773	0.003	0.024	183.309	77.8415	157	436	
9.25	9.5	2	6	3	3	75	26500	75	26500	0.0114	0.00460317	0.003	0.017	353.333	251.052	177	706	
9.25	9.5	2	7	2	3	75	26500	75	26500	0.00766667	0.00664411	0.003	0.017	353.333	97.2887	285	490	
9.25	9.5	2	8	5	3	75	26500	75	26500	0.00766667	0.00664411	0.003	0.017	353.333	182.713	225	610	
9.25	9.5	2	9	1	3	75	26500	75	26500	0.00766667	0.00664411	0.003	0.017	353.333	97.2887	285	490	
9.25	9.5	2	10	4	3	75	26500	75	26500	0.00729333	0.00629194	0.003	0.017	353.333	17.5594	341	378	
9.25	9.5	3	11	1	3	125	26600	110	20060	0.00490909	0.00606471	0.003	0.024	182.364	80.5739	157	436	
9.25	9.5	3	12	3	3	125	26600	125	26600	0.005856	0.00576796	0.003	0.024	212.8	71.8881	177	356	
9.25	9.5	3	13	2	3	125	26600	107	15872	0.00437383	0.00521703	0.003	0.024	148.336	118.998	117	596	
9.25	9.5	3	14	4	3	124	26598	124	26598	0.00587903	0.0056462	0.003	0.017	214.5	88.0852	44	285	
9.25	9.5	3	15	5	3	125	26600	125	26600	0.0058	0.00562254	0.003	0.017	212.8	24.4982	164	225	
9.25	9.5	1	16	1	3	75	26500	75	26500	0.00477333	0.00306494	0.003	0.01	353.333	97.9796	202	485	
9.25	9.5	1	17	2	3	100	26550	100	26550	0.00846	0.00576548	0.003	0.017	265.5	46.3115	163	389	
9.25	9.5	1	18	4	3	99	26548	83	17689	0.00755422	0.00668864	0.003	0.024	213.12	111.749	157	551	
9.25	9.5	1	19	5	3	100	26550	99	26373	0.00978788	0.0051434	0.003	0.017	266.394	60.6525	177	389	
9.25	9.5	1	20	3	3	100	26550	100	26550	0.00832	0.00581166	0.003	0.017	265.5	61.004	177	389	
9.5	9.75	4	1	3	3	108	26566	108	26566	0.00948148	0.00571844	0.003	0.024	245.981	95.8513	64	435	
9.5	9.75	4	2	1	3	110	26570	110	26570	0.00319091	0.00114536	0.003	0.01	241.545	95.235	60	341	
9.5	9.75	4	3	4	3	114	26578	113	26293	0.00306195	0.000658505	0.003	0.01	232.681	81.0184	16	285	
9.5	9.75	4	4	2	3	120	26590	119	26413	0.00770588	0.007576	0.003	0.024	221.958	96.7494	9	531	
9.5	9.75	4	5	5	3	127	26604	110	19244	0.00401818	0.00411527	0.003	0.024	174.945	64.969	125	436	
9.5	9.75	2	6	3	3	75	26500	76	26677	0.0111053	0.00485683	0.003	0.017	351.013	250.192	177	706	
9.5	9.75	2	7	2	3	75	26500	75	26500	0.00766667	0.00664411	0.003	0.017	353.333	97.2887	285	490	
9.5	9.75	2	8	5	3	75	26500	75	26500	0.00766667	0.00664411	0.003	0.017	353.333	182.713	225	610	
9.5	9.75	2	9	1	3	75	26500	75	26500	0.00766667	0.00664411	0.003	0.017	353.333	97.2887	285	490	
9.5	9.75	2	10	4	3	75	26500	75	26500	0.00748	0.00647315	0.003	0.017	353.333	17.5594	341	378	
9.5	9.75	3	11	1	3	128	26606	113	20066	0.00454867	0.00526951	0.003	0.024	177.575	73.6639	49	436	
9.5	9.75	3	12	3	3	126	26602	126	26602	0.00566667	0.00551942	0.003	0.024	211.127	71.8174	73	356	
9.5	9.75	3	13	2	3	130	26610	112	15882	0.0039375	0.00414877	0.003	0.024	141.804	95.053	117	596	
9.5	9.75	3	14	4	3	119	26588	119	26142	0.006	0.00551116	0.003	0.017	219.681	84.8703	44	285	
9.5	9.75	3	15	5	3	124	26598	124	26598	0.00576613	0.00541619	0.003	0.017	214.5	28.7797	164	387	
9.5	9.75	1	16	1	3	75	26500	76	26953	0.0048421	0.00310291	0.003	0.01	354.645	96.8944	202	485	
9.5	9.75	1	17	2	3	100	26550	100	26550	0.00839	0.00578904	0.003	0.017	265.5	43.4561	163	389	
9.5	9.75	1	18	4	3	100	26550	90	21208	0.00828889	0.00736869	0.003	0.024	235.644	139.694	157	551	
9.5	9.75	1	19	5	3	100	26550	101	26727	0.00958416	0.00522162	0.003	0.017	264.624	59.4836	177	389	
9.5	9.75	1	20	3	3	100	26550	100	26550	0.00832	0.00581166	0.003	0.017	265.5	59.7161	177	389	
9.75	10	4	1	3	3	110	26570	110	26570	0.0093	0.00584125	0.003	0.024	241.545	95.1625	64	435	
9.75	10	4	2	1	3	108	26566	108	26566	0.003	0	0.003	0.003	245.981	88.8424	60	341	
9.75	10	4	3	4	3	116	26582	117	26867	0.00335897	0.00180259	0.003	0.017	229.632	84.8571	16	285	
9.75	10	4	4	2	3	119	26588	119	26640	0.00752941	0.00749217	0.003	0.024	223.866	94.5819	177	531	
9.75	10	4	5	5	3	124	26598	107	19239	0.00424299	0.00427992	0.003	0.024	179.804	70.7565	157	436	
9.75	10	2	6	3	3	75	26500	74	26323	0.0113243	0.00473144	0.003	0.017	355.716	251.911	177	706	
9.75	10	2	7	2	3	75	26500	75	26500	0.00766667	0.00664411	0.003	0.017	353.333	97.2887	285	490	
9.75	10	2	8	5	3	75	26500	75	26500	0.00766667	0.00664411	0.003	0.017	353.333	182.713	225	610	
9.75	10	2	9	1	3	75	26500	75	26500	0.00766667	0.00664411	0.003	0.017	353.333	97.2887	285	490	
9.75	10	2	10	4	3	75	26500	75	26500	0.00710667	0.00609956	0.003	0.017	353.333	17.5594	341	378	
9.75	10	3	11	1	3	126	26602	112	20932	0.00525	0.00652438	0.003	0.024	186.893	86.6811	157	436	
9.75	10	3	12	3	3	125	26600	125	26600	0.005856	0.00576796	0.003	0.024	212.8	71.8881	177	356	
9.75	10	3	13	2	3	127	26604	104	14084	0.00380769	0.00405802	0.003	0.024	135.423	92.5615	117	596	
9.75	10	3	14	4	3	121	26592	120	26753	0.00615	0.00572867	0.003	0.017	222.942	82.4486	44	285	
9.75	10	3	15	5	3	125	26600	125	26600	0.005856	0.00562928	0.003	0.017	212.8	24.4982	164	225	
9.75	10	1	16	1	3	75	26500	74	26298	0.00441892	0.0028333	0.003	0.01	355.378	101.458	202	485	
9.75	10	1	17	2	3	100	26550	100	26654	0.00832	0.00581166	0.003	0.017	266.54	55.3431	163	389	
9.75	10	1	18	4	3	99	26548	87	20229	0.00822988	0.00733533	0.003	0.024	232.517	132.669	157	551	
9.75	10	1	19	5	3	100	26550	99	26477	0.00950505	0.00531531	0.003	0.017	267.444	65.5641	177	389	
9.75	10	1	20	3	3	100	26550	100	26654	0.00832	0.00581166	0.003	0.017	266.54	65.8562	177	389	
