% start	end	CellId	IMSI	RNTI	LCID	nTxPDUs	TxBytes	nRxPDUs	RxBytes	delay	stdDev	min	max	PduSize	stdDev	min	max
0.5	0.75	4	1	5	3	99	25494	88	19344	0.00721591	0.00739439	0.003	0.024	219.818	108.524	28	670	
0.5	0.75	4	2	3	3	73	25442	72	25128	0.00406944	0.00253609	0.003	0.01	349	159.968	10	839	
0.5	0.75	4	3	1	3	87	25470	86	25307	0.00601163	0.00509785	0.003	0.017	294.267	144.182	28	839	
0.5	0.75	4	4	4	3	49	25394	49	25394	0.003	0	0.003	0.003	518.245	204.325	28	839	
0.5	0.75	4	5	2	3	93	25482	87	22439	0.00806896	0.00655352	0.003	0.024	257.92	127.302	28	839	
0.5	0.75	2	6	1	3	97	25490	96	25179	0.00584375	0.00523617	0.003	0.017	262.281	137.161	28	839	
0.5	0.75	2	7	4	3	79	25454	79	25454	0.00370886	0.00212526	0.003	0.01	322.203	127.129	28	839	
0.5	0.75	2	8	5	3	113	25522	100	19137	0.00538	0.00661614	0.003	0.024	191.37	93.9865	28	713	
0.5	0.75	2	9	2	3	103	25502	98	22487	0.00757143	0.00779241	0.003	0.024	229.459	132.574	9	839	
0.5	0.75	2	10	3	3	95	25486	95	25486	0.00410526	0.00358328	0.003	0.017	268.274	118.734	28	839	
0.5	0.75	3	11	1	3	73	25442	71	24462	0.00684507	0.00612407	0.003	0.017	344.535	143.219	28	839	
0.5	0.75	3	12	3	3	51	25398	51	25398	0.00368627	0.00210229	0.003	0.01	498	147.572	28	839	
0.5	0.75	3	13	5	3	76	25448	66	19068	0.00618182	0.00551616	0.003	0.017	288.909	292.086	28	941	
0.5	0.75	3	14	4	3	70	25436	69	25122	0.00492754	0.00314978	0.003	0.01	364.087	109.883	10	839	
0.5	0.75	3	15	2	3	70	25436	69	25122	0.00492754	0.00314978	0.003	0.01	364.087	109.883	10	839	
0.5	0.75	1	16	5	3	112	25520	94	16375	0.00478723	0.0053277	0.003	0.024	174.202	79.0418	28	539	
0.5	0.75	1	17	4	3	98	25492	94	24433	0.00784042	0.00562503	0.003	0.024	259.926	155.3	28	839	
0.5	0.75	1	18	3	3	97	25490	88	20713	0.00832954	0.00727572	0.003	0.024	235.375	155.355	12	839	
0.5	0.75	1	19	2	3	94	25484	91	24569	0.00784615	0.00539119	0.003	0.017	269.989	145.9	28	839	
0.5	0.75	1	20	1	3	93	25482	92	25215	0.00566304	0.00473768	0.003	0.017	274.076	126.141	19	839	
0.75	1	4	1	5	3	119	26588	118	26041	0.00744915	0.00821984	0.003	0.024	220.686	94.4819	101	590	
0.75	1	4	2	3	3	75	26500	76	26814	0.00336842	0.00157346	0.003	0.01	352.816	93.3723	145	622	
0.75	1	4	3	1	3	82	26514	82	26288	0.00547561	0.00402224	0.003	0.017	320.585	103.48	149	446	
0.75	1	4	4	4	3	50	26450	50	26450	0.003	0	0.003	0.003	529	20.2031	509	549	
0.75	1	4	5	2	3	99	26548	99	26548	0.00837374	0.00581621	0.003	0.017	268.162	83.8494	101	386	
0.75	1	2	6	1	3	119	26588	118	26723	0.00561017	0.00532055	0.003	0.017	226.466	66.5054	88	327	
0.75	1	2	7	4	3	95	26540	95	26540	0.003	0	0.003	0.003	279.368	107.6	121	373	
0.75	1	2	8	5	3	125	26600	120	24680	0.0065	0.00785905	0.003	0.024	205.667	82.7046	157	384	
0.75	1	2	9	2	3	121	26592	121	26651	0.00699173	0.007332	0.003	0.024	220.256	73.2097	177	650	
0.75	1	2	10	3	3	102	26554	102	26554	0.003	0	0.003	0.003	260.333	37.3796	73	285	
0.75	1	3	11	1	3	75	26500	76	26990	0.00723684	0.00616413	0.003	0.017	355.132	97.9012	285	490	
0.75	1	3	12	3	3	50	26450	50	26450	0.003	0	0.003	0.003	529	68.6904	461	597	
0.75	1	3	13	5	3	75	26500	71	23196	0.00714084	0.00643494	0.003	0.017	326.704	325.884	117	826	
0.75	1	3	14	4	3	75	26500	75	26500	0.00533333	0.00332205	0.003	0.01	353.333	28.0002	314	373	
0.75	1	3	15	2	3	75	26500	75	26500	0.00533333	0.00332205	0.003	0.01	353.333	28.0002	314	373	
0.75	1	1	16	5	3	125	26600	110	20060	0.00478182	0.00572357	0.003	0.024	182.364	79.3292	117	476	
0.75	1	1	17	4	3	100	26550	100	26430	0.0079	0.00540389	0.003	0.017	264.3	110.41	7	485	
0.75	1	1	18	3	3	102	26554	102	26554	0.00972549	0.00787546	0.003	0.024	260.333	142.543	12	495	
0.75	1	1	19	2	3	100	26550	100	26550	0.0079	0.00540389	0.003	0.017	265.5	52.8075	177	315	
0.75	1	1	20	1	3	100	26550	101	26817	0.00355445	0.0025592	0.003	0.017	265.515	27.6863	211	341	
1	1.25	4	1	5	3	123	26596	123	26596	0.00738211	0.00847418	0.003	0.024	216.228	85.1308	101	491	
1	1.25	4	2	3	3	75	26500	75	26500	0.00309333	0.00080829	0.003	0.01	353.333	76.6495	145	474	
1	1.25	4	3	1	3	76	26502	76	26502	0.00548684	0.00356087	0.003	0.017	348.711	102.595	39	485	
1	1.25	4	4	4	3	50	26450	50	26450	0.003	0	0.003	0.003	529	20.2031	509	549	
1	1.25	4	5	2	3	100	26550	100	26550	0.00825	0.00583333	0.003	0.017	265.5	81.5899	101	373	
1	1.25	2	6	1	3	125	26600	125	26600	0.0058	0.00562254	0.003	0.017	212.8	69.2716	88	301	
1	1.25	2	7	4	3	100	26550	100	26550	0.003	0	0.003	0.003	265.5	110.51	113	373	
1	1.25	2	8	5	3	125	26600	116	23104	0.00589655	0.0072728	0.003	0.024	199.172	78.5032	117	424	
1	1.25	2	9	2	3	125	26600	124	26300	0.0063871	0.00711201	0.003	0.024	212.097	49.4025	157	320	
1	1.25	2	10	3	3	100	26550	100	26550	0.003	0	0.003	0.003	265.5	24.6337	225	285	
1	1.25	3	11	1	3	75	26500	74	26010	0.00716216	0.00623078	0.003	0.017	351.486	96.62	285	490	
1	1.25	3	12	3	3	50	26450	50	26450	0.003	0	0.003	0.003	529	68.6904	461	597	
1	1.25	3	13	5	3	75	26500	73	24848	0.00741096	0.00654861	0.003	0.017	340.384	331.64	117	826	
1	1.25	3	14	4	3	75	26500	75	26500	0.00533333	0.00332205	0.003	0.01	353.333	28.0002	314	373	
1	1.25	3	15	2	3	75	26500	75	26500	0.00533333	0.00332205	0.003	0.01	353.333	28.0002	314	373	
1	1.25	1	16	5	3	124	26598	108	19519	0.00442592	0.00485722	0.003	0.024	180.731	82.3737	49	544	
1	1.25	1	17	4	3	101	26552	101	26552	0.00785148	0.00530733	0.003	0.017	262.891	120.709	73	678	
1	1.25	1	18	3	3	105	26560	104	26335	0.00939423	0.007749	0.003	0.024	253.221	149.848	12	610	
1	1.25	1	19	2	3	99	26548	99	26548	0.00780808	0.00535224	0.003	0.017	268.162	73.5123	93	598	
1	1.25	1	20	1	3	101	26552	101	26552	0.00320792	0.00155124	0.003	0.017	262.891	35.004	93	389	
1.25	1.5	4	1	5	3	121	26592	119	25459	0.00723529	0.00821296	0.003	0.024	213.941	80.7172	101	379	
1.25	1.5	4	2	3	3	75	26500	75	26500	0.00328	0.00138095	0.003	0.01	353.333	94.9185	74	693	
1.25	1.5	4	3	1	3	78	26506	78	26506	0.00551282	0.00373729	0.003	0.017	339.821	106.817	39	485	
1.25	1.5	4	4	4	3	50	26450	50	26450	0.003	0	0.003	0.003	529	20.2031	509	549	
1.25	1.5	4	5	2	3	100	26550	100	26550	0.00825	0.00583333	0.003	0.017	265.5	82.3628	101	373	
1.25	1.5	2	6	1	3	125	26600	125	26600	0.005688	0.00546457	0.003	0.017	212.8	69.2716	88	301	
1.25	1.5	2	7	4	3	100	26550	100	26550	0.003	0	0.003	0.003	265.5	110.853	113	373	
1.25	1.5	2	8	5	3	125	26600	118	23912	0.00608474	0.00735263	0.003	0.024	202.644	81.1584	117	424	
1.25	1.5	2	9	2	3	124	26598	123	26123	0.00681301	0.0075654	0.003	0.024	212.382	49.026	157	320	
1.25	1.5	2	10	3	3	100	26550	100	26550	0.003	0	0.003	0.003	265.5	24.6337	225	285	
1.25	1.5	3	11	1	3	75	26500	75	26500	0.00748	0.00647315	0.003	0.017	353.333	97.2887	285	490	
1.25	1.5	3	12	3	3	50	26450	50	26450	0.003	0	0.003	0.003	529	68.6904	461	597	
1.25	1.5	3	13	5	3	75	26500	71	23196	0.00714084	0.00643494	0.003	0.017	326.704	325.884	117	826	
1.25	1.5	3	14	4	3	75	26500	75	26500	0.00533333	0.00332205	0.003	0.01	353.333	28.0002	314	373	
1.25	1.5	3	15	2	3	75	26500	75	26500	0.00533333	0.00332205	0.003	0.01	353.333	28.0002	314	373	
1.25	1.5	1	16	5	3	126	26602	111	20006	0.0047027	0.0053574	0.003	0.024	180.234	75.7709	49	436	
1.25	1.5	1	17	4	3	102	26554	102	26554	0.00773529	0.00540979	0.003	0.017	260.333	112.187	73	531	
1.25	1.5	1	18	3	3	103	26556	104	26781	0.00932692	0.00739777	0.003	0.024	257.51	148.348	12	833	
1.25	1.5	1	19	2	3	99	26548	99	26548	0.00809091	0.00536826	0.003	0.017	268.162	66.4945	93	490	
1.25	1.5	1	20	1	3	102	26554	102	26554	0.00334314	0.00181028	0.003	0.017	260.333	43.0326	76	389	
1.5	1.75	4	1	5	3	125	26600	125	26600	0.007088	0.00825307	0.003	0.024	212.8	79.7235	101	336	
1.5	1.75	4	2	3	3	76	26502	76	26502	0.003	0	0.003	0.003	348.711	88.4092	11	453	
1.5	1.75	4	3	1	3	78	26506	78	26506	0.00524359	0.00347603	0.003	0.017	339.821	95.9895	163	446	
1.5	1.75	4	4	4	3	50	26450	50	26450	0.003	0	0.003	0.003	529	90.6665	219	839	
1.5	1.75	4	5	2	3	100	26550	100	26550	0.00825	0.00583333	0.003	0.017	265.5	80.6836	157	373	
1.5	1.75	2	6	1	3	125	26600	126	26688	0.00544444	0.00526202	0.003	0.017	211.81	69.884	88	301	
1.5	1.75	2	7	4	3	80	26510	80	26510	0.003	0	0.003	0.003	331.375	71.7722	121	373	
1.5	1.75	2	8	5	3	128	26606	111	20078	0.00413513	0.00477015	0.003	0.024	180.883	52.001	125	384	
1.5	1.75	2	9	2	3	127	26604	127	26779	0.00630709	0.00676418	0.003	0.024	210.858	58.9465	9	475	
1.5	1.75	2	10	3	3	117	26584	117	26584	0.003	0	0.003	0.003	227.214	72.557	73	327	
1.5	1.75	3	11	1	3	75	26500	75	26500	0.00757333	0.00655986	0.003	0.017	353.333	97.2887	285	490	
1.5	1.75	3	12	3	3	50	26450	50	26450	0.003	0	0.003	0.003	529	68.6904	461	597	
1.5	1.75	3	13	5	3	75	26500	66	19066	0.00639394	0.00604567	0.003	0.017	288.879	306.17	117	826	
1.5	1.75	3	14	4	3	75	26500	75	26500	0.00533333	0.00332205	0.003	0.01	353.333	28.0002	314	373	
1.5	1.75	3	15	2	3	75	26500	75	26500	0.00533333	0.00332205	0.003	0.01	353.333	28.0002	314	373	
1.5	1.75	1	16	5	3	126	26602	118	22919	0.00572881	0.00672749	0.003	0.024	194.229	96.2499	117	476	
1.5	1.75	1	17	4	3	100	26550	100	26550	0.00741	0.00483901	0.003	0.017	265.5	115.576	156	610	
1.5	1.75	1	18	3	3	110	26570	108	25465	0.00831481	0.00675838	0.003	0.024	235.787	146.531	12	610	
1.5	1.75	1	19	2	3	100	26550	100	26550	0.00741	0.00483901	0.003	0.017	265.5	58.3723	140	490	
1.5	1.75	1	20	1	3	101	26552	101	26552	0.00306931	0.000696526	0.003	0.01	262.891	36.8054	44	389	
1.75	2	4	1	5	3	125	26600	124	26264	0.00706452	0.00833032	0.003	0.024	211.806	80.2877	101	336	
1.75	2	4	2	3	3	76	26502	76	26502	0.003	0	0.003	0.003	348.711	84.9889	11	453	
1.75	2	4	3	1	3	77	26504	77	26504	0.00536364	0.00352028	0.003	0.017	344.208	96.3933	163	446	
1.75	2	4	4	4	3	50	26450	50	26450	0.003	0	0.003	0.003	529	65.6832	219	839	
1.75	2	4	5	2	3	100	26550	100	26550	0.00825	0.00583333	0.003	0.017	265.5	80.6836	157	373	
1.75	2	2	6	1	3	125	26600	124	26512	0.00565322	0.00547284	0.003	0.017	213.806	68.6288	88	301	
1.75	2	2	7	4	3	75	26500	75	26500	0.003	0	0.003	0.003	353.333	28.0002	314	373	
1.75	2	2	8	5	3	125	26600	103	18152	0.00347573	0.00281747	0.003	0.024	176.233	42.4826	157	384	
1.75	2	2	9	2	3	122	26594	121	26099	0.0075124	0.00827558	0.003	0.024	215.694	58.3152	157	475	
1.75	2	2	10	3	3	124	26598	124	26598	0.00316935	0.00140106	0.003	0.017	214.5	79.7821	73	389	
1.75	2	3	11	1	3	75	26500	75	26500	0.00757333	0.00655986	0.003	0.017	353.333	97.2887	285	490	
1.75	2	3	12	3	3	50	26450	50	26450	0.003	0	0.003	0.003	529	68.6904	461	597	
1.75	2	3	13	5	3	75	26500	75	26500	0.00766667	0.00664411	0.003	0.017	353.333	336.477	117	826	
1.75	2	3	14	4	3	75	26500	75	26500	0.00533333	0.00332205	0.003	0.01	353.333	28.0002	314	373	
1.75	2	3	15	2	3	75	26500	75	26500	0.00533333	0.00332205	0.003	0.01	353.333	28.0002	314	373	
1.75	2	1	16	5	3	125	26600	107	17992	0.00437383	0.00521703	0.003	0.024	168.15	82.1357	117	476	
1.75	2	1	17	4	3	100	26550	100	26550	0.00825	0.00583333	0.003	0.017	265.5	111.938	157	455	
1.75	2	1	18	3	3	100	26550	96	24570	0.00897917	0.00766671	0.003	0.024	255.938	134.97	117	495	
1.75	2	1	19	2	3	100	26550	100	26550	0.00825	0.00583333	0.003	0.017	265.5	52.8075	177	315	
1.75	2	1	20	1	3	100	26550	99	26265	0.003	0	0.003	0.003	265.303	24.6798	225	285	
2	2.25	4	1	5	3	121	26592	121	26592	0.00757025	0.00851159	0.003	0.024	219.769	91.8764	101	590	
2	2.25	4	2	3	3	75	26500	75	26500	0.00309333	0.00080829	0.003	0.01	353.333	81.0373	145	474	
2	2.25	4	3	1	3	78	26506	78	26506	0.00524359	0.00347603	0.003	0.017	339.821	105.719	39	485	
2	2.25	4	4	4	3	50	26450	50	26450	0.003	0	0.003	0.003	529	65.6832	219	839	
2	2.25	4	5	2	3	100	26550	100	26550	0.00825	0.00583333	0.003	0.017	265.5	82.4863	101	373	
2	2.25	2	6	1	3	125	26600	125	26600	0.005744	0.0055444	0.003	0.017	212.8	69.2716	88	301	
2	2.25	2	7	4	3	75	26500	75	26500	0.003	0	0.003	0.003	353.333	28.0002	314	373	
2	2.25	2	8	5	3	125	26600	101	17384	0.00313861	0.00139305	0.003	0.017	172.119	30.9907	157	384	
2	2.25	2	9	2	3	124	26598	124	26793	0.00729032	0.00835958	0.003	0.024	216.073	59.7031	157	495	
2	2.25	2	10	3	3	125	26600	125	26600	0.003	0	0.003	0.003	212.8	78.2892	73	285	
2	2.25	3	11	1	3	75	26500	75	26500	0.0072	0.00619721	0.003	0.017	353.333	97.2887	285	490	
2	2.25	3	12	3	3	50	26450	50	26450	0.003	0	0.003	0.003	529	68.6904	461	597	
2	2.25	3	13	5	3	75	26500	75	26500	0.00766667	0.00664411	0.003	0.017	353.333	336.477	117	826	
2	2.25	3	14	4	3	75	26500	75	26500	0.00533333	0.00332205	0.003	0.01	353.333	28.0002	314	373	
2	2.25	3	15	2	3	75	26500	75	26500	0.00533333	0.00332205	0.003	0.01	353.333	28.0002	314	373	
2	2.25	1	16	5	3	125	26600	106	18020	0.00418868	0.00487582	0.003	0.024	170	70.48	117	476	
2	2.25	1	17	4	3	100	26550	100	26550	0.00825	0.00583333	0.003	0.017	265.5	111.938	157	455	
2	2.25	1	18	3	3	100	26550	98	25560	0.00914286	0.00767242	0.003	0.024	260.816	137.825	117	495	
2	2.25	1	19	2	3	100	26550	100	26550	0.00825	0.00583333	0.003	0.017	265.5	52.8075	177	315	
2	2.25	1	20	1	3	100	26550	101	26835	0.00341584	0.00217379	0.003	0.017	265.693	24.5869	225	285	
2.25	2.5	4	1	5	3	125	26600	125	26600	0.0072	0.0084338	0.003	0.024	212.8	81.7263	101	336	
2.25	2.5	4	2	3	3	75	26500	75	26500	0.003	0	0.003	0.003	353.333	71.4726	293	453	
2.25	2.5	4	3	1	3	75	26500	75	26500	0.00533333	0.00332205	0.003	0.01	353.333	94.3124	225	446	
2.25	2.5	4	4	4	3	50	26450	50	26450	0.003	0	0.003	0.003	529	20.2031	509	549	
2.25	2.5	4	5	2	3	100	26550	100	26550	0.00825	0.00583333	0.003	0.017	265.5	80.6836	157	373	
2.25	2.5	2	6	1	3	125	26600	125	26600	0.005632	0.00538297	0.003	0.017	212.8	69.2716	88	301	
2.25	2.5	2	7	4	3	75	26500	75	26500	0.003	0	0.003	0.003	353.333	28.0002	314	373	
2.25	2.5	2	8	5	3	125	26600	103	18152	0.00354369	0.0032047	0.003	0.024	176.233	42.4826	157	384	
2.25	2.5	2	9	2	3	125	26600	125	26600	0.006976	0.0077162	0.003	0.024	212.8	48.8926	177	300	
2.25	2.5	2	10	3	3	125	26600	125	26600	0.003	0	0.003	0.003	212.8	78.2892	73	285	
2.25	2.5	3	11	1	3	75	26500	76	26990	0.00742105	0.00634826	0.003	0.017	355.132	97.9012	285	490	
2.25	2.5	3	12	3	3	50	26450	50	26450	0.003	0	0.003	0.003	529	68.6904	461	597	
2.25	2.5	3	13	5	3	75	26500	73	24848	0.00741096	0.00654861	0.003	0.017	340.384	331.64	117	826	
2.25	2.5	3	14	4	3	75	26500	75	26500	0.00533333	0.00332205	0.003	0.01	353.333	28.0002	314	373	
2.25	2.5	3	15	2	3	75	26500	75	26500	0.00533333	0.00332205	0.003	0.01	353.333	28.0002	314	373	
2.25	2.5	1	16	5	3	123	26596	109	20616	0.00511927	0.0061369	0.003	0.024	189.138	92.8972	157	591	
2.25	2.5	1	17	4	3	100	26550	100	26550	0.00804	0.00563524	0.003	0.017	265.5	113.444	157	455	
2.25	2.5	1	18	3	3	103	26556	99	25069	0.00886869	0.00746372	0.003	0.024	253.222	142.872	12	610	
2.25	2.5	1	19	2	3	100	26550	100	26550	0.00811	0.00561545	0.003	0.017	265.5	52.8075	177	315	
2.25	2.5	1	20	1	3	100	26550	100	26550	0.00307	0.0007	0.003	0.01	265.5	29.3793	163	389	
2.5	2.75	4	1	5	3	123	26596	123	26540	0.00726829	0.00834214	0.003	0.024	215.772	86.9237	101	590	
2.5	2.75	4	2	3	3	77	26504	77	26504	0.003	0	0.003	0.003	344.208	90.7198	11	474	
2.5	2.75	4	3	1	3	77	26504	77	26504	0.00563636	0.00377286	0.003	0.017	344.208	97.9107	149	485	
2.5	2.75	4	4	4	3	50	26450	50	26450	0.003	0	0.003	0.003	529	65.6832	219	839	
2.5	2.75	4	5	2	3	100	26550	100	26550	0.00825	0.00583333	0.003	0.017	265.5	82.4863	101	373	
2.5	2.75	2	6	1	3	123	26596	123	26596	0.0056748	0.00541627	0.003	0.017	216.228	69.0833	88	327	
2.5	2.75	2	7	4	3	77	26504	77	26504	0.003	0	0.003	0.003	344.208	52.1393	121	373	
2.5	2.75	2	8	5	3	125	26600	103	18152	0.00354369	0.0032047	0.003	0.024	176.233	42.4826	157	384	
2.5	2.75	2	9	2	3	124	26598	124	26598	0.00672581	0.00716511	0.003	0.024	214.5	53.7526	177	475	
2.5	2.75	2	10	3	3	122	26594	122	26594	0.003	0	0.003	0.003	217.984	76.3894	73	285	
2.5	2.75	3	11	1	3	75	26500	74	26010	0.00744594	0.00651056	0.003	0.017	351.486	96.62	285	490	
2.5	2.75	3	12	3	3	50	26450	50	26450	0.003	0	0.003	0.003	529	68.6904	461	597	
2.5	2.75	3	13	5	3	75	26500	69	21544	0.00685507	0.00629957	0.003	0.017	312.232	319.028	117	826	
2.5	2.75	3	14	4	3	75	26500	75	26500	0.00533333	0.00332205	0.003	0.01	353.333	28.0002	314	373	
2.5	2.75	3	15	2	3	75	26500	75	26500	0.00533333	0.00332205	0.003	0.01	353.333	28.0002	314	373	
2.5	2.75	1	16	5	3	125	26600	113	21420	0.00535398	0.00658857	0.003	0.024	189.558	89.3857	157	436	
2.5	2.75	1	17	4	3	98	26546	98	26511	0.00792857	0.00524306	0.003	0.017	270.52	115.532	157	610	
2.5	2.75	1	18	3	3	104	26558	103	25570	0.00870874	0.00711892	0.003	0.024	248.252	147.174	12	610	
2.5	2.75	1	19	2	3	99	26548	99	26548	0.00780808	0.00525799	0.003	0.017	268.162	56.7389	177	490	
2.5	2.75	1	20	1	3	100	26550	100	26550	0.00328	0.00170015	0.003	0.017	265.5	24.6337	225	285	
2.75	3	4	1	5	3	125	26600	124	26264	0.00706452	0.00833032	0.003	0.024	211.806	81.2964	101	336	
2.75	3	4	2	3	3	75	26500	75	26500	0.003	0	0.003	0.003	353.333	71.4726	293	453	
2.75	3	4	3	1	3	75	26500	75	26500	0.00533333	0.00332205	0.003	0.01	353.333	94.3124	225	446	
2.75	3	4	4	4	3	50	26450	50	26450	0.003	0	0.003	0.003	529	20.2031	509	549	
2.75	3	4	5	2	3	100	26550	100	26550	0.00825	0.00583333	0.003	0.017	265.5	80.6836	157	373	
2.75	3	2	6	1	3	125	26600	125	26600	0.0058	0.00562254	0.003	0.017	212.8	69.2716	88	301	
2.75	3	2	7	4	3	100	26550	100	26550	0.003	0	0.003	0.003	265.5	111.195	121	373	
2.75	3	2	8	5	3	125	26600	118	23912	0.00620339	0.00758266	0.003	0.024	202.644	80.0258	157	384	
2.75	3	2	9	2	3	123	26596	123	26596	0.00686992	0.00750951	0.003	0.024	216.228	58.3026	177	475	
2.75	3	2	10	3	3	100	26550	100	26550	0.003	0	0.003	0.003	265.5	24.6337	225	285	
2.75	3	3	11	1	3	75	26500	75	26500	0.00766667	0.00664411	0.003	0.017	353.333	97.2887	285	490	
2.75	3	3	12	3	3	50	26450	50	26450	0.003	0	0.003	0.003	529	68.6904	461	597	
2.75	3	3	13	5	3	75	26500	75	26500	0.00766667	0.00664411	0.003	0.017	353.333	336.477	117	826	
2.75	3	3	14	4	3	75	26500	75	26500	0.00533333	0.00332205	0.003	0.01	353.333	28.0002	314	373	
2.75	3	3	15	2	3	75	26500	75	26500	0.00533333	0.00332205	0.003	0.01	353.333	28.0002	314	373	
2.75	3	1	16	5	3	125	26600	102	16851	0.00354902	0.00322007	0.003	0.024	165.206	47.372	157	436	
2.75	3	1	17	4	3	100	26550	100	26585	0.00818	0.00576892	0.003	0.017	265.85	115.721	157	610	
2.75	3	1	18	3	3	101	26552	100	26057	0.0093	0.00780249	0.003	0.024	260.57	140.517	12	495	
2.75	3	1	19	2	3	100	26550	100	26550	0.00818	0.00576892	0.003	0.017	265.5	52.8075	177	315	
2.75	3	1	20	1	3	100	26550	100	26550	0.003	0	0.003	0.003	265.5	24.6337	225	285	
3	3.25	4	1	5	3	123	26596	122	26006	0.0072459	0.00837283	0.003	0.024	213.164	80.8658	101	336	
3	3.25	4	2	3	3	76	26502	76	26502	0.003	0	0.003	0.003	348.711	78.1634	145	474	
3	3.25	4	3	1	3	76	26502	76	26502	0.00548684	0.00356087	0.003	0.017	348.711	102.595	39	485	
3	3.25	4	4	4	3	50	26450	50	26450	0.003	0	0.003	0.003	529	20.2031	509	549	
3	3.25	4	5	2	3	100	26550	100	26550	0.00825	0.00583333	0.003	0.017	265.5	81.5899	101	373	
3	3.25	2	6	1	3	125	26600	125	26600	0.005744	0.0055444	0.003	0.017	212.8	69.2716	88	301	
3	3.25	2	7	4	3	100	26550	100	26550	0.003	0	0.003	0.003	265.5	110.853	113	373	
3	3.25	2	8	5	3	125	26600	119	24296	0.00617647	0.00738946	0.003	0.024	204.168	81.4017	157	384	
3	3.25	2	9	2	3	125	26600	125	26600	0.006584	0.00736402	0.003	0.024	212.8	49.3621	157	320	
3	3.25	2	10	3	3	100	26550	100	26550	0.00307	0.0007	0.003	0.01	265.5	24.6337	225	285	
3	3.25	3	11	1	3	75	26500	76	26990	0.00742105	0.00634826	0.003	0.017	355.132	97.9012	285	490	
3	3.25	3	12	3	3	50	26450	50	26450	0.003	0	0.003	0.003	529	68.6904	461	597	
3	3.25	3	13	5	3	75	26500	70	22370	0.007	0.00637022	0.003	0.017	319.571	322.606	117	826	
3	3.25	3	14	4	3	75	26500	75	26500	0.00533333	0.00332205	0.003	0.01	353.333	28.0002	314	373	
3	3.25	3	15	2	3	75	26500	75	26500	0.00533333	0.00332205	0.003	0.01	353.333	28.0002	314	373	
3	3.25	1	16	5	3	126	26602	110	19347	0.00446364	0.00511461	0.003	0.024	175.882	73.3391	41	453	
3	3.25	1	17	4	3	101	26552	101	26552	0.00785148	0.00539886	0.003	0.017	262.891	109.639	127	485	
3	3.25	1	18	3	3	103	26556	102	26061	0.00910784	0.00754512	0.003	0.024	255.5	143.445	12	610	
3	3.25	1	19	2	3	99	26548	99	26548	0.0080202	0.00538891	0.003	0.017	268.162	58.7228	177	490	
3	3.25	1	20	1	3	101	26552	101	26552	0.00306931	0.000696526	0.003	0.01	262.891	35.4863	76	389	
3.25	3.5	4	1	5	3	105	26560	102	24648	0.0087647	0.00826561	0.003	0.024	241.647	106.591	101	590	
3.25	3.5	4	2	3	3	84	26518	84	26518	0.003	0	0.003	0.003	315.69	144.123	11	474	
3.25	3.5	4	3	1	3	93	26536	93	26686	0.00563441	0.00460573	0.003	0.017	286.946	96.2855	39	485	
3.25	3.5	4	4	4	3	50	26450	50	26450	0.003	0	0.003	0.003	529	177.925	219	839	
3.25	3.5	4	5	2	3	100	26550	100	26494	0.00825	0.00583333	0.003	0.017	264.94	89.3733	101	373	
3.25	3.5	2	6	1	3	108	26566	109	26431	0.00563303	0.0051111	0.003	0.017	242.486	62.7004	88	327	
3.25	3.5	2	7	4	3	87	26524	87	26524	0.003	0	0.003	0.003	304.874	95.4624	121	373	
3.25	3.5	2	8	5	3	125	26600	120	24680	0.0065	0.00785905	0.003	0.024	205.667	82.7046	157	384	
3.25	3.5	2	9	2	3	115	26580	115	26521	0.00786956	0.00803885	0.003	0.024	230.617	86.8857	177	650	
3.25	3.5	2	10	3	3	104	26558	104	26558	0.003	0	0.003	0.003	255.365	47.7178	73	285	
3.25	3.5	3	11	1	3	75	26500	74	26010	0.00754054	0.00659844	0.003	0.017	351.486	96.62	285	490	
3.25	3.5	3	12	3	3	50	26450	50	26450	0.003	0	0.003	0.003	529	68.6904	461	597	
3.25	3.5	3	13	5	3	75	26500	75	26500	0.00766667	0.00664411	0.003	0.017	353.333	336.477	117	826	
3.25	3.5	3	14	4	3	75	26500	75	26500	0.00533333	0.00332205	0.003	0.01	353.333	28.0002	314	373	
3.25	3.5	3	15	2	3	75	26500	75	26500	0.00533333	0.00332205	0.003	0.01	353.333	28.0002	314	373	
3.25	3.5	1	16	5	3	125	26600	107	19064	0.00437383	0.00521703	0.003	0.024	178.168	61.054	157	436	
3.25	3.5	1	17	4	3	99	26548	99	26668	0.00837374	0.00581621	0.003	0.017	269.374	104.602	157	610	
3.25	3.5	1	18	3	3	100	26550	99	26325	0.00943434	0.00791687	0.003	0.024	265.909	141.003	117	495	
3.25	3.5	1	19	2	3	100	26550	100	26550	0.00825	0.00583333	0.003	0.017	265.5	52.8075	177	315	
3.25	3.5	1	20	1	3	100	26550	99	26283	0.00519192	0.00454384	0.003	0.017	265.485	37.0693	211	341	
3.5	3.75	4	1	5	3	101	26552	95	23666	0.00896842	0.00790698	0.003	0.024	249.116	113.253	157	590	
3.5	3.75	4	2	3	3	88	26526	88	26526	0.003	0	0.003	0.003	301.432	165.086	11	474	
3.5	3.75	4	3	1	3	99	26548	97	25936	0.0056701	0.004892	0.003	0.017	267.381	77.2134	149	389	
3.5	3.75	4	4	4	3	50	26450	50	26450	0.003	0	0.003	0.003	529	226.247	219	839	
3.5	3.75	4	5	2	3	100	26550	100	26550	0.00825	0.00583333	0.003	0.017	265.5	90.9654	101	373	
3.5	3.75	2	6	1	3	100	26550	98	25938	0.00557143	0.00486095	0.003	0.017	264.673	42.0924	225	327	
3.5	3.75	2	7	4	3	81	26512	81	26512	0.003	0	0.003	0.003	327.309	75.8818	113	373	
3.5	3.75	2	8	5	3	125	26600	118	23912	0.00614407	0.00746877	0.003	0.024	202.644	80.0258	157	384	
3.5	3.75	2	9	2	3	112	26574	111	26349	0.00766667	0.00727053	0.003	0.024	237.378	98.2447	177	650	
3.5	3.75	2	10	3	3	107	26564	107	26564	0.003	0	0.003	0.003	248.262	63.0146	93	285	
3.5	3.75	3	11	1	3	75	26500	75	26500	0.00766667	0.00664411	0.003	0.017	353.333	97.2887	285	490	
3.5	3.75	3	12	3	3	50	26450	50	26450	0.003	0	0.003	0.003	529	68.6904	461	597	
3.5	3.75	3	13	5	3	75	26500	70	22370	0.007	0.00637022	0.003	0.017	319.571	322.606	117	826	
3.5	3.75	3	14	4	3	75	26500	75	26500	0.00533333	0.00332205	0.003	0.01	353.333	28.0002	314	373	
3.5	3.75	3	15	2	3	75	26500	75	26500	0.00533333	0.00332205	0.003	0.01	353.333	28.0002	314	373	
3.5	3.75	1	16	5	3	124	26598	109	20267	0.0046055	0.00518548	0.003	0.024	185.936	75.3728	117	476	
3.5	3.75	1	17	4	3	100	26550	100	26660	0.00818	0.00541487	0.003	0.017	266.6	112.79	84	678	
3.5	3.75	1	18	3	3	107	26564	106	26471	0.00920755	0.00762667	0.003	0.024	249.726	150.326	12	718	
3.5	3.75	1	19	2	3	100	26550	101	26865	0.00771287	0.00534104	0.003	0.017	265.99	63.8247	140	598	
3.5	3.75	1	20	1	3	99	26548	99	26474	0.00547475	0.00461661	0.003	0.017	267.414	49.5527	211	550	
3.75	4	4	1	5	3	102	26554	98	23901	0.00828571	0.00759273	0.003	0.024	243.888	107.488	101	590	
3.75	4	4	2	3	3	87	26524	87	26524	0.00308046	0.000750479	0.003	0.01	304.874	158.262	11	517	
3.75	4	4	3	1	3	99	26548	101	27012	0.00577228	0.00495758	0.003	0.017	267.446	77.9821	149	389	
3.75	4	4	4	4	3	50	26450	50	26450	0.003	0	0.003	0.003	529	217.443	219	839	
3.75	4	4	5	2	3	99	26548	99	26476	0.00837374	0.00581621	0.003	0.017	267.434	89.2695	101	386	
3.75	4	2	6	1	3	99	26548	101	27160	0.00577228	0.00495758	0.003	0.017	268.911	49.6617	225	534	
3.75	4	2	7	4	3	80	26510	80	26510	0.003	0	0.003	0.003	331.375	71.6197	121	373	
3.75	4	2	8	5	3	125	26600	118	23912	0.00620339	0.00758266	0.003	0.024	202.644	80.0258	157	384	
3.75	4	2	9	2	3	110	26570	109	25845	0.00775229	0.00743261	0.003	0.024	237.11	101.319	177	650	
3.75	4	2	10	3	3	107	26564	107	26564	0.003	0	0.003	0.003	248.262	63.0146	93	285	
3.75	4	3	11	1	3	75	26500	75	26500	0.00766667	0.00664411	0.003	0.017	353.333	97.2887	285	490	
3.75	4	3	12	3	3	50	26450	50	26450	0.003	0	0.003	0.003	529	68.6904	461	597	
3.75	4	3	13	5	3	75	26500	73	24848	0.00741096	0.00654861	0.003	0.017	340.384	331.64	117	826	
3.75	4	3	14	4	3	75	26500	75	26500	0.00533333	0.00332205	0.003	0.01	353.333	28.0002	314	373	
3.75	4	3	15	2	3	75	26500	75	26500	0.00533333	0.00332205	0.003	0.01	353.333	28.0002	314	373	
3.75	4	1	16	5	3	125	26600	111	20604	0.00489189	0.00581433	0.003	0.024	185.622	71.7861	101	436	
3.75	4	1	17	4	3	100	26550	99	26438	0.00816162	0.00543929	0.003	0.017	267.051	92.7003	157	582	
3.75	4	1	18	3	3	104	26558	105	26503	0.00906667	0.00752338	0.003	0.024	252.41	139.41	12	718	
3.75	4	1	19	2	3	100	26550	99	26235	0.00787879	0.0054272	0.003	0.017	265	57.0084	177	407	
3.75	4	1	20	1	3	101	26552	101	26626	0.00556436	0.00461393	0.003	0.017	263.624	45.7014	48	341	
4	4.25	4	1	5	3	106	26562	99	23447	0.00830303	0.00794298	0.003	0.024	236.838	102.012	157	590	
4	4.25	4	2	3	3	88	26526	88	26526	0.00315909	0.00104921	0.003	0.01	301.432	170.17	11	517	
4	4.25	4	3	1	3	100	26550	99	26309	0.00554545	0.00484299	0.003	0.017	265.747	74.2965	149	389	
4	4.25	4	4	4	3	50	26450	50	26450	0.003	0	0.003	0.003	529	242.899	219	839	
4	4.25	4	5	2	3	100	26550	100	26622	0.00825	0.00583333	0.003	0.017	266.22	88.6796	101	435	
4	4.25	2	6	1	3	101	26552	100	26267	0.00545	0.00481029	0.003	0.017	262.67	45.6143	88	327	
4	4.25	2	7	4	3	81	26512	81	26512	0.003	0	0.003	0.003	327.309	76.4986	121	373	
4	4.25	2	8	5	3	125	26600	120	24680	0.0065	0.00785905	0.003	0.024	205.667	82.7046	157	384	
4	4.25	2	9	2	3	113	26576	112	26351	0.008125	0.00819044	0.003	0.024	235.277	92.5651	177	475	
4	4.25	2	10	3	3	107	26564	107	26564	0.003	0	0.003	0.003	248.262	63.1761	93	285	
4	4.25	3	11	1	3	75	26500	75	26500	0.00757333	0.00655986	0.003	0.017	353.333	97.2887	285	490	
4	4.25	3	12	3	3	50	26450	50	26450	0.003	0	0.003	0.003	529	68.6904	461	597	
4	4.25	3	13	5	3	75	26500	75	26500	0.00766667	0.00664411	0.003	0.017	353.333	336.477	117	826	
4	4.25	3	14	4	3	75	26500	75	26500	0.00533333	0.00332205	0.003	0.01	353.333	28.0002	314	373	
4	4.25	3	15	2	3	75	26500	75	26500	0.00533333	0.00332205	0.003	0.01	353.333	55.733	154	453	
4	4.25	1	16	5	3	125	26600	107	18956	0.00437383	0.00521703	0.003	0.024	177.159	56.6362	101	384	
4	4.25	1	17	4	3	96	26542	97	26329	0.00862886	0.00568316	0.003	0.017	271.433	108.931	84	618	
4	4.25	1	18	3	3	100	26550	99	25933	0.00936364	0.00787978	0.003	0.024	261.949	139.519	117	571	
4	4.25	1	19	2	3	100	26550	100	26550	0.00825	0.00574786	0.003	0.017	265.5	54.9125	177	407	
4	4.25	1	20	1	3	100	26550	99	26209	0.00547475	0.00472368	0.003	0.017	264.737	41.837	151	341	
4.25	4.5	4	1	5	3	102	26554	101	25465	0.00889109	0.0080869	0.003	0.024	252.129	113.386	157	590	
4.25	4.5	4	2	3	3	87	26524	87	26524	0.003	0	0.003	0.003	304.874	160.848	11	474	
4.25	4.5	4	3	1	3	100	26550	101	26939	0.00570297	0.00494681	0.003	0.017	266.723	77.7797	149	389	
4.25	4.5	4	4	4	3	50	26450	50	26450	0.003	0	0.003	0.003	529	217.443	219	839	
4.25	4.5	4	5	2	3	100	26550	100	26550	0.00832	0.00597956	0.003	0.024	265.5	89.334	101	373	
4.25	4.5	2	6	1	3	100	26550	101	26835	0.00570297	0.00494681	0.003	0.017	265.693	41.9089	225	327	
4.25	4.5	2	7	4	3	81	26512	81	26512	0.003	0	0.003	0.003	327.309	74.3938	113	373	
4.25	4.5	2	8	5	3	125	26600	119	24296	0.00635294	0.0077247	0.003	0.024	204.168	81.4017	157	384	
4.25	4.5	2	9	2	3	111	26572	112	26622	0.0079375	0.00767033	0.003	0.024	237.696	94.8046	177	475	
4.25	4.5	2	10	3	3	106	26562	106	26562	0.003	0	0.003	0.003	250.585	60.364	93	285	
4.25	4.5	3	11	1	3	75	26500	75	26500	0.00766667	0.00664411	0.003	0.017	353.333	97.2887	285	490	
4.25	4.5	3	12	3	3	50	26450	50	26450	0.003	0	0.003	0.003	529	68.6904	461	597	
4.25	4.5	3	13	5	3	75	26500	74	25674	0.00754054	0.00659844	0.003	0.017	346.946	334.164	117	826	
4.25	4.5	3	14	4	3	75	26500	75	26500	0.00533333	0.00332205	0.003	0.01	353.333	28.0002	314	373	
4.25	4.5	3	15	2	3	75	26500	75	26500	0.00533333	0.00332205	0.003	0.01	353.333	28.0002	314	373	
4.25	4.5	1	16	5	3	125	26600	105	18523	0.00413333	0.00466795	0.003	0.024	176.41	54.1339	157	384	
4.25	4.5	1	17	4	3	100	26550	101	26945	0.00826733	0.0057217	0.003	0.017	266.782	97.666	84	610	
4.25	4.5	1	18	3	3	101	26552	101	26552	0.00937624	0.00780109	0.003	0.024	262.891	138.863	117	495	
4.25	4.5	1	19	2	3	100	26550	101	26865	0.00819802	0.00574286	0.003	0.017	265.99	52.7732	177	315	
4.25	4.5	1	20	1	3	100	26550	101	26699	0.00563366	0.00483471	0.003	0.017	264.347	44.0991	93	341	
4.5	4.75	4	1	5	3	106	26562	99	23241	0.00830303	0.00781607	0.003	0.024	234.758	89.4933	157	590	
4.5	4.75	4	2	3	3	88	26526	88	26526	0.003	0	0.003	0.003	301.432	163.912	11	474	
4.5	4.75	4	3	1	3	99	26548	98	26159	0.00564286	0.00487419	0.003	0.017	266.929	76.2289	149	389	
4.5	4.75	4	4	4	3	50	26450	50	26450	0.003	0	0.003	0.003	529	226.247	219	839	
4.5	4.75	4	5	2	3	100	26550	100	26550	0.00818	0.00576892	0.003	0.017	265.5	86.8294	101	373	
4.5	4.75	2	6	1	3	100	26550	99	26265	0.00547475	0.00472368	0.003	0.017	265.303	42.343	225	327	
4.5	4.75	2	7	4	3	81	26512	81	26512	0.003	0	0.003	0.003	327.309	69.8401	113	373	
4.5	4.75	2	8	5	3	125	26600	121	25064	0.00664463	0.0079863	0.003	0.024	207.14	83.9398	157	384	
4.5	4.75	2	9	2	3	111	26572	110	26522	0.00815454	0.00768435	0.003	0.024	241.109	108.723	157	650	
4.5	4.75	2	10	3	3	107	26564	107	26564	0.003	0	0.003	0.003	248.262	59.4208	73	285	
4.5	4.75	3	11	1	3	75	26500	75	26500	0.00766667	0.00664411	0.003	0.017	353.333	97.2887	285	490	
4.5	4.75	3	12	3	3	50	26450	50	26450	0.003	0	0.003	0.003	529	68.6904	461	597	
4.5	4.75	3	13	5	3	75	26500	73	24848	0.00741096	0.00654861	0.003	0.017	340.384	331.64	117	826	
4.5	4.75	3	14	4	3	75	26500	75	26500	0.00533333	0.00332205	0.003	0.01	353.333	28.0002	314	373	
4.5	4.75	3	15	2	3	75	26500	75	26500	0.00533333	0.00332205	0.003	0.01	353.333	28.0002	314	373	
4.5	4.75	1	16	5	3	125	26600	108	19068	0.00436111	0.00492269	0.003	0.024	176.556	75.116	49	476	
4.5	4.75	1	17	4	3	101	26552	100	26312	0.0079	0.00540389	0.003	0.017	263.12	112.346	73	762	
4.5	4.75	1	18	3	3	102	26554	102	26554	0.00890196	0.0068773	0.003	0.024	260.333	153.699	12	718	
4.5	4.75	1	19	2	3	101	26552	100	26237	0.00783	0.00542172	0.003	0.017	262.37	82.922	56	507	
4.5	4.75	1	20	1	3	101	26552	100	26403	0.0058	0.00487417	0.003	0.017	264.03	79.386	64	550	
4.75	5	4	1	5	3	103	26556	100	24442	0.00853	0.00791553	0.003	0.024	244.42	103.496	157	590	
4.75	5	4	2	3	3	87	26524	87	26524	0.003	0	0.003	0.003	304.874	160.605	11	474	
4.75	5	4	3	1	3	100	26550	101	27015	0.00570297	0.00494681	0.003	0.017	267.475	76.9931	149	389	
4.75	5	4	4	4	3	50	26450	50	26450	0.003	0	0.003	0.003	529	217.443	219	839	
4.75	5	4	5	2	3	100	26550	100	26606	0.00825	0.00583333	0.003	0.017	266.06	88.4636	101	373	
4.75	5	2	6	1	3	101	26552	102	26837	0.00560784	0.00491745	0.003	0.017	263.108	45.1764	88	327	
4.75	5	2	7	4	3	81	26512	81	26512	0.003	0	0.003	0.003	327.309	69.8401	113	373	
4.75	5	2	8	5	3	125	26600	121	25064	0.00664463	0.0079863	0.003	0.024	207.14	83.9398	157	384	
4.75	5	2	9	2	3	110	26570	111	26795	0.00842342	0.00826554	0.003	0.024	241.396	100.813	177	650	
4.75	5	2	10	3	3	106	26562	106	26562	0.003	0	0.003	0.003	250.585	52.3541	73	285	
4.75	5	3	11	1	3	75	26500	75	26500	0.00766667	0.00664411	0.003	0.017	353.333	97.2887	285	490	
4.75	5	3	12	3	3	50	26450	50	26450	0.003	0	0.003	0.003	529	68.6904	461	597	
4.75	5	3	13	5	3	75	26500	75	26500	0.00766667	0.00664411	0.003	0.017	353.333	336.477	117	826	
4.75	5	3	14	4	3	75	26500	75	26500	0.00533333	0.00332205	0.003	0.01	353.333	28.0002	314	373	
4.75	5	3	15	2	3	75	26500	75	26500	0.00533333	0.00332205	0.003	0.01	353.333	28.0002	314	373	
4.75	5	1	16	5	3	125	26600	107	19024	0.00437383	0.00521703	0.003	0.024	177.794	57.5594	117	384	
4.75	5	1	17	4	3	100	26550	100	26610	0.00825	0.00583333	0.003	0.017	266.1	93.721	157	455	
4.75	5	1	18	3	3	100	26550	100	26550	0.00881	0.00689707	0.003	0.024	265.5	140.349	117	495	
4.75	5	1	19	2	3	100	26550	100	26550	0.00832	0.00581166	0.003	0.017	265.5	52.8075	177	315	
4.75	5	1	20	1	3	100	26550	101	26891	0.00570297	0.00494681	0.003	0.017	266.248	40.6417	211	341	
5	5.25	4	1	5	3	104	26558	99	24262	0.00872727	0.0080227	0.003	0.024	245.071	107.3	101	590	
5	5.25	4	2	3	3	87	26524	87	26524	0.00308046	0.000750479	0.003	0.01	304.874	159.143	11	474	
5	5.25	4	3	1	3	100	26550	99	26085	0.00554545	0.00484299	0.003	0.017	263.485	78.2305	149	389	
5	5.25	4	4	4	3	50	26450	50	26450	0.003	0	0.003	0.003	529	217.443	219	839	
5	5.25	4	5	2	3	99	26548	99	26492	0.00851515	0.00610514	0.003	0.024	267.596	89.0635	101	386	
5	5.25	2	6	1	3	99	26548	98	26263	0.00564286	0.00487419	0.003	0.017	267.99	50.1014	225	534	
5	5.25	2	7	4	3	81	26512	81	26512	0.003	0	0.003	0.003	327.309	69.8401	113	373	
5	5.25	2	8	5	3	125	26600	120	24680	0.0065	0.00785905	0.003	0.024	205.667	82.7046	157	384	
5	5.25	2	9	2	3	112	26574	111	26349	0.00823423	0.00797947	0.003	0.024	237.378	98.2447	177	650	
5	5.25	2	10	3	3	107	26564	107	26564	0.003	0	0.003	0.003	248.262	55.0702	73	285	
5	5.25	3	11	1	3	75	26500	75	26500	0.00766667	0.00664411	0.003	0.017	353.333	97.2887	285	490	
5	5.25	3	12	3	3	50	26450	50	26450	0.003	0	0.003	0.003	529	68.6904	461	597	
5	5.25	3	13	5	3	75	26500	73	24848	0.00741096	0.00654861	0.003	0.017	340.384	331.64	117	826	
5	5.25	3	14	4	3	75	26500	75	26500	0.00533333	0.00332205	0.003	0.01	353.333	28.0002	314	373	
5	5.25	3	15	2	3	75	26500	75	26500	0.00533333	0.00332205	0.003	0.01	353.333	28.0002	314	373	
5	5.25	1	16	5	3	125	26600	108	19552	0.00455555	0.00552536	0.003	0.024	181.037	65.6539	157	436	
5	5.25	1	17	4	3	99	26548	99	26488	0.00830303	0.00557592	0.003	0.017	267.556	105.323	7	610	
5	5.25	1	18	3	3	102	26554	102	26554	0.00883333	0.00690112	0.003	0.024	260.333	143.843	12	610	
5	5.25	1	19	2	3	99	26548	99	26548	0.00830303	0.00557592	0.003	0.017	268.162	56.7389	177	490	
5	5.25	1	20	1	3	100	26550	99	26209	0.00547475	0.00472368	0.003	0.017	264.737	40.6655	211	341	
5.25	5.5	4	1	5	3	103	26556	101	24877	0.00847525	0.00783274	0.003	0.024	246.307	104.709	157	590	
5.25	5.5	4	2	3	3	87	26524	87	26524	0.003	0	0.003	0.003	304.874	160.605	11	474	
5.25	5.5	4	3	1	3	100	26550	101	26939	0.00570297	0.00494681	0.003	0.017	266.723	77.6428	149	389	
5.25	5.5	4	4	4	3	50	26450	50	26450	0.003	0	0.003	0.003	529	217.443	219	839	
5.25	5.5	4	5	2	3	100	26550	100	26550	0.00832	0.00597956	0.003	0.024	265.5	88.507	101	373	
5.25	5.5	2	6	1	3	100	26550	101	26835	0.00570297	0.00494681	0.003	0.017	265.693	41.9089	225	327	
5.25	5.5	2	7	4	3	81	26512	81	26512	0.003	0	0.003	0.003	327.309	69.8401	113	373	
5.25	5.5	2	8	5	3	125	26600	122	25448	0.00678688	0.00810696	0.003	0.024	208.59	85.112	157	384	
5.25	5.5	2	9	2	3	112	26574	112	26622	0.0081875	0.00806899	0.003	0.024	237.696	94.8046	177	475	
5.25	5.5	2	10	3	3	106	26562	106	26562	0.003	0	0.003	0.003	250.585	52.3541	73	285	
5.25	5.5	3	11	1	3	75	26500	75	26500	0.00766667	0.00664411	0.003	0.017	353.333	97.2887	285	490	
5.25	5.5	3	12	3	3	50	26450	50	26450	0.003	0	0.003	0.003	529	68.6904	461	597	
5.25	5.5	3	13	5	3	75	26500	75	26500	0.00766667	0.00664411	0.003	0.017	353.333	336.477	117	826	
5.25	5.5	3	14	4	3	75	26500	75	26500	0.00533333	0.00332205	0.003	0.01	353.333	28.0002	314	373	
5.25	5.5	3	15	2	3	75	26500	75	26500	0.00533333	0.00332205	0.003	0.01	353.333	28.0002	314	373	
5.25	5.5	1	16	5	3	125	26600	106	18732	0.00418868	0.00487582	0.003	0.024	176.717	53.9684	157	384	
5.25	5.5	1	17	4	3	99	26548	99	26608	0.00837374	0.00581621	0.003	0.017	268.768	97.9148	157	610	
5.25	5.5	1	18	3	3	100	26550	100	26550	0.00888	0.00701554	0.003	0.024	265.5	140.349	117	495	
5.25	5.5	1	19	2	3	100	26550	100	26510	0.00832	0.00581166	0.003	0.017	265.1	55.3135	157	335	
5.25	5.5	1	20	1	3	100	26550	101	26891	0.00591089	0.00507366	0.003	0.017	266.248	42.3951	155	341	
5.5	5.75	4	1	5	3	106	26562	100	23986	0.0086	0.00814391	0.003	0.024	239.86	100.231	157	590	
5.5	5.75	4	2	3	3	88	26526	88	26526	0.003	0	0.003	0.003	301.432	163.912	11	474	
5.5	5.75	4	3	1	3	100	26550	99	26161	0.00554545	0.00484299	0.003	0.017	264.253	75.8256	149	389	
5.5	5.75	4	4	4	3	50	26450	50	26450	0.003	0	0.003	0.003	529	226.247	219	839	
5.5	5.75	4	5	2	3	100	26550	100	26550	0.00825	0.00583333	0.003	0.017	265.5	86.8294	101	373	
5.5	5.75	2	6	1	3	100	26550	99	26265	0.00554545	0.00484299	0.003	0.017	265.303	42.343	225	327	
5.5	5.75	2	7	4	3	81	26512	81	26512	0.003	0	0.003	0.003	327.309	69.8401	113	373	
5.5	5.75	2	8	5	3	125	26600	121	25024	0.00664463	0.0079863	0.003	0.024	206.81	84.2172	117	384	
5.5	5.75	2	9	2	3	112	26574	112	26526	0.0081875	0.00817768	0.003	0.024	236.839	93.1668	177	475	
5.5	5.75	2	10	3	3	107	26564	107	26564	0.003	0	0.003	0.003	248.262	55.0702	73	285	
5.5	5.75	3	11	1	3	75	26500	75	26500	0.00766667	0.00664411	0.003	0.017	353.333	97.2887	285	490	
5.5	5.75	3	12	3	3	50	26450	50	26450	0.003	0	0.003	0.003	529	68.6904	461	597	
5.5	5.75	3	13	5	3	75	26500	75	26500	0.00766667	0.00664411	0.003	0.017	353.333	336.477	117	826	
5.5	5.75	3	14	4	3	75	26500	75	26500	0.00533333	0.00332205	0.003	0.01	353.333	28.0002	314	373	
5.5	5.75	3	15	2	3	75	26500	75	26500	0.00533333	0.00332205	0.003	0.01	353.333	28.0002	314	373	
5.5	5.75	1	16	5	3	125	26600	107	19008	0.00430841	0.00500832	0.003	0.024	177.645	60.5187	49	436	
5.5	5.75	1	17	4	3	97	26544	97	26332	0.0085567	0.00570995	0.003	0.017	271.464	106.237	73	610	
5.5	5.75	1	18	3	3	101	26552	101	26480	0.0090297	0.00727661	0.003	0.024	262.178	142.118	12	495	
5.5	5.75	1	19	2	3	100	26550	100	26358	0.00818	0.00576892	0.003	0.017	263.58	68.393	93	335	
5.5	5.75	1	20	1	3	100	26550	99	26017	0.00554545	0.00484299	0.003	0.017	262.798	48.2125	93	389	
5.75	6	4	1	5	3	107	26564	106	25729	0.00828302	0.00801398	0.003	0.024	242.726	106.41	101	590	
5.75	6	4	2	3	3	84	26518	84	26518	0.00308333	0.000763763	0.003	0.01	315.69	158.047	11	474	
5.75	6	4	3	1	3	100	26550	102	27178	0.00519608	0.00461817	0.003	0.017	266.451	71.51	149	389	
5.75	6	4	4	4	3	50	26450	50	26450	0.003	0	0.003	0.003	529	234.721	219	839	
5.75	6	4	5	2	3	100	26550	100	26606	0.00825	0.00591757	0.003	0.024	266.06	87.6284	101	373	
5.75	6	2	6	1	3	110	26570	110	26990	0.00567273	0.00519193	0.003	0.017	245.364	58.7872	88	327	
5.75	6	2	7	4	3	83	26516	83	26516	0.003	0	0.003	0.003	319.47	77.5628	113	373	
5.75	6	2	8	5	3	125	26600	116	23184	0.00583621	0.00714927	0.003	0.024	199.862	80.2948	117	424	
5.75	6	2	9	2	3	116	26582	115	25916	0.00713913	0.00735311	0.003	0.024	225.357	83.3287	177	650	
5.75	6	2	10	3	3	108	26566	108	26566	0.00319444	0.00150052	0.003	0.017	245.981	59.545	73	389	
5.75	6	3	11	1	3	75	26500	75	26500	0.00766667	0.00664411	0.003	0.017	353.333	97.2887	285	490	
5.75	6	3	12	3	3	50	26450	50	26450	0.003	0	0.003	0.003	529	68.6904	461	597	
5.75	6	3	13	5	3	75	26500	72	24022	0.00727778	0.00649425	0.003	0.017	333.639	328.887	117	826	
5.75	6	3	14	4	3	75	26500	75	26500	0.00533333	0.00332205	0.003	0.01	353.333	28.0002	314	373	
5.75	6	3	15	2	3	75	26500	75	26500	0.00533333	0.00332205	0.003	0.01	353.333	28.0002	314	373	
5.75	6	1	16	5	3	124	26598	108	19671	0.00442592	0.00485722	0.003	0.024	182.139	68.8575	101	436	
5.75	6	1	17	4	3	100	26550	100	26762	0.00804	0.00536528	0.003	0.017	267.62	115.194	84	678	
5.75	6	1	18	3	3	105	26560	104	25914	0.00899038	0.00745536	0.003	0.024	249.173	143.521	12	718	
5.75	6	1	19	2	3	99	26548	99	26740	0.00787879	0.0054272	0.003	0.017	270.101	89.0061	157	773	
5.75	6	1	20	1	3	99	26548	100	27081	0.00489	0.0040847	0.003	0.017	270.81	53.7448	163	550	
6	6.25	4	1	5	3	114	26578	110	24928	0.00809091	0.00847614	0.003	0.024	226.618	81.2301	157	590	
6	6.25	4	2	3	3	81	26512	81	26512	0.003	0	0.003	0.003	327.309	155.203	11	474	
6	6.25	4	3	1	3	100	26550	99	26161	0.00427273	0.00365563	0.003	0.017	264.253	61.1719	149	389	
6	6.25	4	4	4	3	50	26450	50	26450	0.003	0	0.003	0.003	529	273.175	219	839	
6	6.25	4	5	2	3	100	26550	100	26550	0.00825	0.00583333	0.003	0.017	265.5	85.1188	101	373	
6	6.25	2	6	1	3	125	26600	125	26600	0.0058	0.00562254	0.003	0.017	212.8	68.0486	88	301	
6	6.25	2	7	4	3	83	26516	83	26516	0.00308434	0.00076835	0.003	0.01	319.47	77.5628	113	373	
6	6.25	2	8	5	3	125	26600	105	18880	0.004	0.00449359	0.003	0.024	179.81	53.3335	117	436	
6	6.25	2	9	2	3	125	26600	125	26600	0.006864	0.00787436	0.003	0.024	212.8	50.0158	177	356	
6	6.25	2	10	3	3	117	26584	117	26584	0.003	0	0.003	0.003	227.214	71.9557	73	285	
6	6.25	3	11	1	3	75	26500	75	26500	0.00766667	0.00664411	0.003	0.017	353.333	97.2887	285	490	
6	6.25	3	12	3	3	50	26450	50	26450	0.003	0	0.003	0.003	529	68.6904	461	597	
6	6.25	3	13	5	3	75	26500	75	26500	0.00766667	0.00664411	0.003	0.017	353.333	336.477	117	826	
6	6.25	3	14	4	3	75	26500	75	26500	0.00533333	0.00332205	0.003	0.01	353.333	28.0002	314	373	
6	6.25	3	15	2	3	75	26500	75	26500	0.00533333	0.00332205	0.003	0.01	353.333	28.0002	314	373	
6	6.25	1	16	5	3	125	26600	106	18572	0.0040566	0.00440526	0.003	0.024	175.208	66.3682	49	436	
6	6.25	1	17	4	3	99	26548	99	26276	0.00823232	0.00568713	0.003	0.017	265.414	108.224	73	610	
6	6.25	1	18	3	3	102	26554	102	26482	0.00931372	0.00778801	0.003	0.024	259.627	143.407	12	495	
6	6.25	1	19	2	3	100	26550	100	26378	0.00811	0.00570291	0.003	0.017	263.78	68.1068	93	335	
6	6.25	1	20	1	3	100	26550	100	26358	0.00433	0.00368194	0.003	0.017	263.58	40.724	93	389	
6.25	6.5	4	1	5	3	114	26578	114	25924	0.00791228	0.00822102	0.003	0.024	227.404	80.1043	157	590	
6.25	6.5	4	2	3	3	81	26512	81	26512	0.003	0	0.003	0.003	327.309	153.128	11	474	
6.25	6.5	4	3	1	3	100	26550	100	26776	0.00433	0.00368194	0.003	0.017	267.76	62.6723	149	389	
6.25	6.5	4	4	4	3	50	26450	50	26450	0.003	0	0.003	0.003	529	265.929	219	839	
6.25	6.5	4	5	2	3	100	26550	100	26550	0.00804	0.00563524	0.003	0.017	265.5	84.2504	101	373	
6.25	6.5	2	6	1	3	125	26600	125	26600	0.0058	0.00562254	0.003	0.017	212.8	69.2716	88	301	
6.25	6.5	2	7	4	3	89	26528	89	26528	0.003	0	0.003	0.003	298.067	92.1282	113	373	
6.25	6.5	2	8	5	3	125	26600	113	22032	0.00541593	0.00673043	0.003	0.024	194.973	72.8436	157	424	
6.25	6.5	2	9	2	3	124	26598	123	26123	0.00658536	0.00735619	0.003	0.024	212.382	48.5455	177	300	
6.25	6.5	2	10	3	3	110	26570	110	26570	0.00319091	0.00148692	0.003	0.017	241.545	63.6197	73	389	
6.25	6.5	3	11	1	3	75	26500	75	26500	0.00766667	0.00664411	0.003	0.017	353.333	97.2887	285	490	
6.25	6.5	3	12	3	3	50	26450	50	26450	0.003	0	0.003	0.003	529	68.6904	461	597	
6.25	6.5	3	13	5	3	75	26500	74	25674	0.00754054	0.00659844	0.003	0.017	346.946	334.164	117	826	
6.25	6.5	3	14	4	3	75	26500	75	26500	0.00533333	0.00332205	0.003	0.01	353.333	28.0002	314	373	
6.25	6.5	3	15	2	3	75	26500	75	26500	0.00533333	0.00332205	0.003	0.01	353.333	28.0002	314	373	
6.25	6.5	1	16	5	3	125	26600	106	18628	0.00399057	0.00414843	0.003	0.024	175.736	65.1782	157	436	
6.25	6.5	1	17	4	3	100	26550	100	26702	0.00825	0.00583333	0.003	0.017	267.02	107.917	157	607	
6.25	6.5	1	18	3	3	100	26550	100	26622	0.00944	0.00787698	0.003	0.024	266.22	144.096	117	718	
6.25	6.5	1	19	2	3	100	26550	100	26762	0.00825	0.00583333	0.003	0.017	267.62	58.7374	177	527	
6.25	6.5	1	20	1	3	99	26548	100	27007	0.00447	0.00389108	0.003	0.017	270.07	44.2576	211	490	
6.5	6.75	4	1	5	3	121	26592	120	26101	0.00743333	0.00836332	0.003	0.024	217.508	64.7957	101	590	
6.5	6.75	4	2	3	3	77	26504	77	26504	0.00309091	0.000797724	0.003	0.01	344.208	153.226	11	605	
6.5	6.75	4	3	1	3	101	26552	101	26476	0.00355445	0.0025592	0.003	0.017	262.139	57.0983	16	389	
6.5	6.75	4	4	4	3	50	26450	50	26450	0.003	0	0.003	0.003	529	293.842	219	839	
6.5	6.75	4	5	2	3	100	26550	100	26494	0.00818	0.00576892	0.003	0.017	264.94	82.5289	101	373	
6.5	6.75	2	6	1	3	125	26600	125	26600	0.0058	0.00562254	0.003	0.017	212.8	68.0486	88	301	
6.5	6.75	2	7	4	3	78	26506	78	26506	0.00308974	0.000792594	0.003	0.01	339.821	52.9275	113	373	
6.5	6.75	2	8	5	3	125	26600	102	17716	0.00341176	0.00292599	0.003	0.024	173.686	37.1715	157	384	
6.5	6.75	2	9	2	3	125	26600	125	26775	0.007088	0.00815675	0.003	0.024	214.2	54.7057	177	475	
6.5	6.75	2	10	3	3	121	26592	121	26592	0.00317355	0.0014182	0.003	0.017	219.769	77.821	73	389	
6.5	6.75	3	11	1	3	75	26500	75	26500	0.00766667	0.00664411	0.003	0.017	353.333	97.2887	285	490	
6.5	6.75	3	12	3	3	50	26450	50	26450	0.003	0	0.003	0.003	529	68.6904	461	597	
6.5	6.75	3	13	5	3	75	26500	74	25674	0.00754054	0.00659844	0.003	0.017	346.946	334.164	117	826	
6.5	6.75	3	14	4	3	75	26500	75	26500	0.00533333	0.00332205	0.003	0.01	353.333	28.0002	314	373	
6.5	6.75	3	15	2	3	75	26500	75	26500	0.00533333	0.00332205	0.003	0.01	353.333	28.0002	314	373	
6.5	6.75	1	16	5	3	125	26600	106	18472	0.00412264	0.00464697	0.003	0.024	174.264	64.9956	157	436	
6.5	6.75	1	17	4	3	100	26550	100	26550	0.00825	0.00583333	0.003	0.017	265.5	108.864	157	455	
6.5	6.75	1	18	3	3	99	26548	99	26548	0.00943434	0.00766008	0.003	0.024	268.162	142.619	117	610	
6.5	6.75	1	19	2	3	99	26548	99	26548	0.00837374	0.00581621	0.003	0.017	268.162	56.7389	177	490	
6.5	6.75	1	20	1	3	100	26550	100	26550	0.00363	0.00265016	0.003	0.017	265.5	29.2911	211	341	
6.75	7	4	1	5	3	115	26580	110	23828	0.00751818	0.00807844	0.003	0.024	216.618	69.0015	101	694	
6.75	7	4	2	3	3	80	26510	80	26510	0.0032625	0.00133828	0.003	0.01	331.375	158.117	11	605	
6.75	7	4	3	1	3	101	26552	100	26536	0.00426	0.00363935	0.003	0.017	265.36	63.808	149	389	
6.75	7	4	4	4	3	50	26450	50	26450	0.003	0	0.003	0.003	529	258.481	219	839	
6.75	7	4	5	2	3	100	26550	100	26550	0.00818	0.00576892	0.003	0.017	265.5	85.3435	101	435	
6.75	7	2	6	1	3	125	26600	125	26524	0.0058	0.00562254	0.003	0.017	212.192	66.3383	88	301	
6.75	7	2	7	4	3	95	26540	95	26540	0.00322105	0.00123063	0.003	0.01	279.368	99.4277	113	373	
6.75	7	2	8	5	3	125	26600	114	22272	0.00557895	0.00692296	0.003	0.024	195.368	75.2214	157	436	
6.75	7	2	9	2	3	124	26598	124	26542	0.00717742	0.00817695	0.003	0.024	214.048	55.9119	177	475	
6.75	7	2	10	3	3	105	26560	105	26560	0.003	0	0.003	0.003	252.952	49.529	73	285	
6.75	7	3	11	1	3	75	26500	75	26500	0.00766667	0.00664411	0.003	0.017	353.333	97.2887	285	490	
6.75	7	3	12	3	3	50	26450	50	26450	0.003	0	0.003	0.003	529	68.6904	461	597	
6.75	7	3	13	5	3	75	26500	74	25674	0.00754054	0.00659844	0.003	0.017	346.946	334.164	117	826	
6.75	7	3	14	4	3	75	26500	75	26500	0.00533333	0.00332205	0.003	0.01	353.333	28.0002	314	373	
6.75	7	3	15	2	3	75	26500	75	26500	0.00533333	0.00332205	0.003	0.01	353.333	28.0002	314	373	
6.75	7	1	16	5	3	125	26600	103	17320	0.00354369	0.0032047	0.003	0.024	168.155	48.1958	157	436	
6.75	7	1	17	4	3	100	26550	100	26610	0.00825	0.00583333	0.003	0.017	266.1	104.019	157	455	
6.75	7	1	18	3	3	99	26548	99	26548	0.00943434	0.00766008	0.003	0.024	268.162	142.619	117	610	
6.75	7	1	19	2	3	99	26548	99	26548	0.00844444	0.00579272	0.003	0.017	268.162	56.7389	177	490	
6.75	7	1	20	1	3	100	26550	99	26209	0.00427273	0.00365563	0.003	0.017	264.737	35.1691	151	341	
7	7.25	4	1	5	3	110	26570	104	23749	0.00771154	0.00776934	0.003	0.024	228.356	91.4503	101	534	
7	7.25	4	2	3	3	85	26520	85	26520	0.00308235	0.000759257	0.003	0.01	312	135.601	11	622	
7	7.25	4	3	1	3	92	26534	93	26400	0.00608602	0.00489155	0.003	0.017	283.871	127.287	16	485	
7	7.25	4	4	4	3	50	26450	50	26450	0.003	0	0.003	0.003	529	166.586	219	839	
7	7.25	4	5	2	3	100	26550	100	26606	0.00839	0.00612149	0.003	0.024	266.06	88.4636	101	373	
7	7.25	2	6	1	3	125	26600	125	26676	0.005464	0.00512669	0.003	0.017	213.408	67.2595	88	301	
7	7.25	2	7	4	3	88	26526	87	26291	0.0034023	0.00163863	0.003	0.01	302.195	90.5744	113	373	
7	7.25	2	8	5	3	125	26600	116	23144	0.00577586	0.00702305	0.003	0.024	199.517	78.3513	157	436	
7	7.25	2	9	2	3	124	26598	123	26477	0.00709756	0.00791182	0.003	0.024	215.26	55.8787	177	475	
7	7.25	2	10	3	3	112	26574	112	26574	0.003	0	0.003	0.003	237.268	65.307	73	285	
7	7.25	3	11	1	3	75	26500	75	26500	0.00766667	0.00664411	0.003	0.017	353.333	97.2887	285	490	
7	7.25	3	12	3	3	50	26450	50	26450	0.003	0	0.003	0.003	529	68.6904	461	597	
7	7.25	3	13	5	3	75	26500	75	26500	0.00766667	0.00664411	0.003	0.017	353.333	336.477	117	826	
7	7.25	3	14	4	3	75	26500	75	26500	0.00533333	0.00332205	0.003	0.01	353.333	28.0002	314	373	
7	7.25	3	15	2	3	75	26500	75	26500	0.00533333	0.00332205	0.003	0.01	353.333	28.0002	314	373	
7	7.25	1	16	5	3	125	26600	108	19708	0.00455555	0.00535703	0.003	0.024	182.481	70.5404	157	436	
7	7.25	1	17	4	3	100	26550	100	26610	0.00825	0.00583333	0.003	0.017	266.1	95.5145	157	455	
7	7.25	1	18	3	3	100	26550	100	26550	0.00895	0.00713134	0.003	0.024	265.5	140.349	117	495	
7	7.25	1	19	2	3	100	26550	100	26550	0.00825	0.00583333	0.003	0.017	265.5	52.8075	177	315	
7	7.25	1	20	1	3	100	26550	100	26624	0.00538	0.00468994	0.003	0.017	266.24	48.167	155	341	
7.25	7.5	4	1	5	3	120	26590	118	25823	0.0075678	0.00840683	0.003	0.024	218.839	87.3091	101	590	
7.25	7.5	4	2	3	3	76	26502	76	26502	0.00318421	0.00112795	0.003	0.01	348.711	104.669	11	605	
7.25	7.5	4	3	1	3	80	26510	80	26510	0.0055375	0.00389724	0.003	0.017	331.375	111.139	39	485	
7.25	7.5	4	4	4	3	50	26450	50	26450	0.003	0	0.003	0.003	529	65.6832	219	839	
7.25	7.5	4	5	2	3	100	26550	100	26550	0.00832	0.00597956	0.003	0.024	265.5	82.4863	101	373	
7.25	7.5	2	6	1	3	125	26600	125	26600	0.005576	0.00529952	0.003	0.017	212.8	64.2402	88	301	
7.25	7.5	2	7	4	3	90	26530	91	26765	0.00346154	0.00174679	0.003	0.01	294.121	93.4166	113	373	
7.25	7.5	2	8	5	3	125	26600	115	22604	0.00561739	0.00684231	0.003	0.024	196.557	77.0104	157	436	
7.25	7.5	2	9	2	3	124	26598	125	26775	0.00748	0.00840564	0.003	0.024	214.2	57.6715	177	475	
7.25	7.5	2	10	3	3	109	26568	109	26568	0.00319266	0.00149367	0.003	0.017	243.743	61.6751	73	389	
7.25	7.5	3	11	1	3	75	26500	75	26500	0.00748	0.00647315	0.003	0.017	353.333	97.2887	285	490	
7.25	7.5	3	12	3	3	50	26450	50	26450	0.003	0	0.003	0.003	529	68.6904	461	597	
7.25	7.5	3	13	5	3	75	26500	73	24848	0.00741096	0.00654861	0.003	0.017	340.384	331.64	117	826	
7.25	7.5	3	14	4	3	75	26500	75	26500	0.00533333	0.00332205	0.003	0.01	353.333	28.0002	314	373	
7.25	7.5	3	15	2	3	75	26500	75	26500	0.00533333	0.00332205	0.003	0.01	353.333	28.0002	314	373	
7.25	7.5	1	16	5	3	125	26600	102	16728	0.00341176	0.00292599	0.003	0.024	164	39.6515	157	436	
7.25	7.5	1	17	4	3	100	26550	100	26430	0.00825	0.00583333	0.003	0.017	264.3	107.405	157	455	
7.25	7.5	1	18	3	3	99	26548	99	26548	0.00957576	0.00786245	0.003	0.024	268.162	142.619	117	610	
7.25	7.5	1	19	2	3	99	26548	99	26548	0.00837374	0.00581621	0.003	0.017	268.162	56.7389	177	490	
7.25	7.5	1	20	1	3	99	26548	99	26325	0.00370707	0.00273769	0.003	0.017	265.909	29.1516	211	341	
7.5	7.75	4	1	5	3	121	26592	121	26390	0.00739669	0.00833814	0.003	0.024	218.099	86.524	101	590	
7.5	7.75	4	2	3	3	77	26504	77	26504	0.003	0	0.003	0.003	344.208	90.2312	11	474	
7.5	7.75	4	3	1	3	78	26506	78	26506	0.00551282	0.00373729	0.003	0.017	339.821	103.896	39	485	
7.5	7.75	4	4	4	3	50	26450	50	26450	0.003	0	0.003	0.003	529	65.6832	219	839	
7.5	7.75	4	5	2	3	100	26550	100	26550	0.00818	0.00576892	0.003	0.017	265.5	81.5899	101	373	
7.5	7.75	2	6	1	3	125	26600	125	26600	0.005688	0.00546457	0.003	0.017	212.8	68.0486	88	301	
7.5	7.75	2	7	4	3	79	26508	79	26508	0.00308861	0.000787562	0.003	0.01	335.544	59.5554	113	373	
7.5	7.75	2	8	5	3	125	26600	106	19304	0.00412264	0.00464697	0.003	0.024	182.113	56.3603	157	436	
7.5	7.75	2	9	2	3	125	26600	124	26240	0.00706452	0.00823412	0.003	0.024	211.613	58.7508	157	376	
7.5	7.75	2	10	3	3	120	26590	120	26590	0.00323333	0.00155425	0.003	0.017	221.583	76.2402	73	389	
7.5	7.75	3	11	1	3	75	26500	75	26500	0.00766667	0.00664411	0.003	0.017	353.333	97.2887	285	490	
7.5	7.75	3	12	3	3	50	26450	50	26450	0.003	0	0.003	0.003	529	68.6904	461	597	
7.5	7.75	3	13	5	3	75	26500	73	24848	0.00741096	0.00654861	0.003	0.017	340.384	331.64	117	826	
7.5	7.75	3	14	4	3	75	26500	75	26500	0.00533333	0.00332205	0.003	0.01	353.333	28.0002	314	373	
7.5	7.75	3	15	2	3	75	26500	75	26500	0.00533333	0.00332205	0.003	0.01	353.333	28.0002	314	373	
7.5	7.75	1	16	5	3	125	26600	109	19676	0.00479816	0.00582584	0.003	0.024	180.514	75.731	157	436	
7.5	7.75	1	17	4	3	100	26550	100	26550	0.00825	0.00583333	0.003	0.017	265.5	110.411	157	455	
7.5	7.75	1	18	3	3	100	26550	100	26550	0.00958	0.00807187	0.003	0.024	265.5	140.349	117	495	
7.5	7.75	1	19	2	3	99	26548	99	26548	0.00837374	0.00581621	0.003	0.017	268.162	56.7389	177	490	
7.5	7.75	1	20	1	3	99	26548	100	27038	0.00363	0.00265016	0.003	0.017	270.38	41.8544	211	490	
7.75	8	4	1	5	3	122	26594	121	26301	0.00733884	0.00834421	0.003	0.024	217.364	88.2643	101	590	
7.75	8	4	2	3	3	77	26504	77	26504	0.003	0	0.003	0.003	344.208	90.2312	11	474	
7.75	8	4	3	1	3	78	26506	78	26506	0.00551282	0.00373729	0.003	0.017	339.821	103.896	39	485	
7.75	8	4	4	4	3	50	26450	50	26450	0.003	0	0.003	0.003	529	65.6832	219	839	
7.75	8	4	5	2	3	100	26550	100	26550	0.00825	0.00591757	0.003	0.024	265.5	81.5899	101	373	
7.75	8	2	6	1	3	125	26600	125	26600	0.005744	0.0055444	0.003	0.017	212.8	69.2716	88	301	
7.75	8	2	7	4	3	75	26500	75	26500	0.003	0	0.003	0.003	353.333	14.1501	341	373	
7.75	8	2	8	5	3	125	26600	104	18536	0.00380769	0.00405802	0.003	0.024	178.231	46.9288	157	384	
7.75	8	2	9	2	3	121	26592	120	26272	0.007375	0.00811996	0.003	0.024	218.933	76.1945	157	495	
7.75	8	2	10	3	3	124	26598	124	26598	0.0031129	0.00088538	0.003	0.01	214.5	79.7821	73	389	
7.75	8	3	11	1	3	75	26500	75	26500	0.00766667	0.00664411	0.003	0.017	353.333	97.2887	285	490	
7.75	8	3	12	3	3	50	26450	50	26450	0.003	0	0.003	0.003	529	68.6904	461	597	
7.75	8	3	13	5	3	75	26500	74	25674	0.00754054	0.00659844	0.003	0.017	346.946	334.164	117	826	
7.75	8	3	14	4	3	75	26500	75	26500	0.00533333	0.00332205	0.003	0.01	353.333	28.0002	314	373	
7.75	8	3	15	2	3	75	26500	75	26500	0.00533333	0.00332205	0.003	0.01	353.333	28.0002	314	373	
7.75	8	1	16	5	3	125	26600	107	18856	0.00411215	0.00431611	0.003	0.024	176.224	69.4147	157	436	
7.75	8	1	17	4	3	100	26550	100	26550	0.00811	0.00570291	0.003	0.017	265.5	110.411	157	455	
7.75	8	1	18	3	3	101	26552	100	26057	0.00916	0.00746401	0.003	0.024	260.57	144.197	12	610	
7.75	8	1	19	2	3	99	26548	99	26548	0.00830303	0.00566488	0.003	0.017	268.162	56.7389	177	490	
7.75	8	1	20	1	3	100	26550	100	26550	0.00342	0.00218433	0.003	0.017	265.5	27.8254	211	341	
8	8.25	4	1	5	3	123	26596	122	25950	0.00730328	0.00841574	0.003	0.024	212.705	81.3448	101	336	
8	8.25	4	2	3	3	77	26504	77	26504	0.003	0	0.003	0.003	344.208	83.9209	145	474	
8	8.25	4	3	1	3	76	26502	75	26463	0.00561333	0.00359765	0.003	0.017	352.84	98.125	149	485	
8	8.25	4	4	4	3	50	26450	50	26450	0.003	0	0.003	0.003	529	20.2031	509	549	
8	8.25	4	5	2	3	100	26550	100	26494	0.00825	0.00583333	0.003	0.017	264.94	82.5289	101	373	
8	8.25	2	6	1	3	125	26600	126	26688	0.00566667	0.0053755	0.003	0.017	211.81	69.884	88	301	
8	8.25	2	7	4	3	75	26500	75	26500	0.003	0	0.003	0.003	353.333	14.1501	341	373	
8	8.25	2	8	5	3	125	26600	103	18152	0.00354369	0.0032047	0.003	0.024	176.233	42.4826	157	384	
8	8.25	2	9	2	3	121	26592	120	26415	0.00760833	0.00824244	0.003	0.024	220.125	75.9496	157	495	
8	8.25	2	10	3	3	125	26600	125	26600	0.003	0	0.003	0.003	212.8	78.2892	73	285	
8	8.25	3	11	1	3	75	26500	75	26500	0.00766667	0.00664411	0.003	0.017	353.333	97.2887	285	490	
8	8.25	3	12	3	3	50	26450	50	26450	0.003	0	0.003	0.003	529	68.6904	461	597	
8	8.25	3	13	5	3	75	26500	72	24022	0.00727778	0.00649425	0.003	0.017	333.639	328.887	117	826	
8	8.25	3	14	4	3	75	26500	75	26500	0.00533333	0.00332205	0.003	0.01	353.333	28.0002	314	373	
8	8.25	3	15	2	3	75	26500	75	26500	0.00533333	0.00332205	0.003	0.01	353.333	28.0002	314	373	
8	8.25	1	16	5	3	125	26600	110	20112	0.00484545	0.00589695	0.003	0.024	182.836	80.5763	157	436	
8	8.25	1	17	4	3	100	26550	100	26610	0.00811	0.00561545	0.003	0.017	266.1	112.764	127	485	
8	8.25	1	18	3	3	101	26552	97	24572	0.00870103	0.00702401	0.003	0.024	253.32	139.983	12	610	
8	8.25	1	19	2	3	99	26548	99	26548	0.00816162	0.00562013	0.003	0.017	268.162	56.7389	177	490	
8	8.25	1	20	1	3	100	26550	99	26209	0.00321212	0.0015667	0.003	0.017	264.737	26.8961	211	341	
8.25	8.5	4	1	5	3	116	26582	113	25376	0.00739823	0.00783711	0.003	0.024	224.566	100.002	101	590	
8.25	8.5	4	2	3	3	82	26514	82	26514	0.00308536	0.000773021	0.003	0.01	323.341	113.969	11	622	
8.25	8.5	4	3	1	3	83	26516	84	26555	0.00641667	0.00467294	0.003	0.017	316.131	132.249	39	485	
8.25	8.5	4	4	4	3	50	26450	50	26450	0.003	0	0.003	0.003	529	90.6665	219	839	
8.25	8.5	4	5	2	3	100	26550	100	26606	0.00825	0.00600063	0.003	0.024	266.06	87.9186	101	386	
8.25	8.5	2	6	1	3	124	26598	124	26598	0.00542742	0.00520814	0.003	0.017	214.5	66.2975	88	311	
8.25	8.5	2	7	4	3	89	26528	89	26528	0.0031573	0.00104337	0.003	0.01	298.067	97.9089	7	373	
8.25	8.5	2	8	5	3	128	26606	114	21190	0.00459649	0.00551221	0.003	0.024	185.877	61.8437	117	436	
8.25	8.5	2	9	2	3	125	26600	125	26282	0.006584	0.00731016	0.003	0.024	210.256	65.2907	49	495	
8.25	8.5	2	10	3	3	112	26574	112	26574	0.0030625	0.000661438	0.003	0.01	237.268	66.5121	44	285	
8.25	8.5	3	11	1	3	75	26500	75	26500	0.00766667	0.00664411	0.003	0.017	353.333	97.2887	285	490	
8.25	8.5	3	12	3	3	50	26450	50	26450	0.003	0	0.003	0.003	529	68.6904	461	597	
8.25	8.5	3	13	5	3	75	26500	69	21544	0.00685507	0.00629957	0.003	0.017	312.232	319.028	117	826	
8.25	8.5	3	14	4	3	75	26500	75	26500	0.00533333	0.00332205	0.003	0.01	353.333	28.0002	314	373	
8.25	8.5	3	15	2	3	75	26500	75	26500	0.00533333	0.00332205	0.003	0.01	353.333	28.0002	314	373	
8.25	8.5	1	16	5	3	128	26606	115	21090	0.00446087	0.00468159	0.003	0.024	183.391	81.687	49	492	
8.25	8.5	1	17	4	3	102	26554	102	26494	0.00759804	0.0052582	0.003	0.017	259.745	102.449	127	485	
8.25	8.5	1	18	3	3	107	26564	107	26574	0.00895327	0.00737331	0.003	0.024	248.355	142.711	12	495	
8.25	8.5	1	19	2	3	101	26552	101	26552	0.00764356	0.00526419	0.003	0.017	262.891	64.2198	140	582	
8.25	8.5	1	20	1	3	103	26556	104	26897	0.00400961	0.00329606	0.003	0.017	258.625	48.4334	44	341	
8.5	8.75	4	1	5	3	119	26588	118	25688	0.00762712	0.00839902	0.003	0.024	217.695	85.8012	101	590	
8.5	8.75	4	2	3	3	77	26504	77	26504	0.003	0	0.003	0.003	344.208	84.4461	145	474	
8.5	8.75	4	3	1	3	78	26506	77	26467	0.00563636	0.00377286	0.003	0.017	343.727	111.851	39	485	
8.5	8.75	4	4	4	3	50	26450	50	26450	0.003	0	0.003	0.003	529	20.2031	509	549	
8.5	8.75	4	5	2	3	100	26550	100	26494	0.00818	0.00576892	0.003	0.017	264.94	83.4152	101	373	
8.5	8.75	2	6	1	3	125	26600	124	26512	0.00554032	0.00530592	0.003	0.017	213.806	64.8229	88	301	
8.5	8.75	2	7	4	3	89	26528	89	26528	0.00339326	0.00162101	0.003	0.01	298.067	92.1282	113	373	
8.5	8.75	2	8	5	3	125	26600	113	21796	0.00535398	0.00658857	0.003	0.024	192.885	72.2997	117	384	
8.5	8.75	2	9	2	3	124	26598	123	26453	0.00709756	0.0081617	0.003	0.024	215.065	70.7312	157	495	
8.5	8.75	2	10	3	3	111	26572	111	26572	0.003	0	0.003	0.003	239.387	63.6121	73	285	
8.5	8.75	3	11	1	3	75	26500	75	26500	0.00766667	0.00664411	0.003	0.017	353.333	97.2887	285	490	
8.5	8.75	3	12	3	3	50	26450	50	26450	0.003	0	0.003	0.003	529	68.6904	461	597	
8.5	8.75	3	13	5	3	75	26500	75	26500	0.00766667	0.00664411	0.003	0.017	353.333	336.477	117	826	
8.5	8.75	3	14	4	3	75	26500	75	26500	0.00533333	0.00332205	0.003	0.01	353.333	28.0002	314	373	
8.5	8.75	3	15	2	3	75	26500	75	26500	0.00533333	0.00332205	0.003	0.01	353.333	28.0002	314	373	
8.5	8.75	1	16	5	3	125	26600	112	20928	0.0050625	0.00606315	0.003	0.024	186.857	86.3532	49	436	
8.5	8.75	1	17	4	3	100	26550	100	26550	0.00811	0.00570291	0.003	0.017	265.5	115.601	73	607	
8.5	8.75	1	18	3	3	101	26552	99	25552	0.00908081	0.00759253	0.003	0.024	258.101	143.256	12	718	
8.5	8.75	1	19	2	3	100	26550	100	26550	0.00811	0.00570291	0.003	0.017	265.5	60.413	93	507	
8.5	8.75	1	20	1	3	101	26552	101	26552	0.00355445	0.0025592	0.003	0.017	262.891	37.2966	93	389	
8.75	9	4	1	5	3	110	26570	105	23874	0.00773333	0.00779579	0.003	0.024	227.371	94.4042	101	590	
8.75	9	4	2	3	3	85	26520	85	26520	0.003	0	0.003	0.003	312	124.478	11	474	
8.75	9	4	3	1	3	89	26528	89	26328	0.00598876	0.00470612	0.003	0.017	295.82	120.68	39	485	
8.75	9	4	4	4	3	50	26450	50	26450	0.003	0	0.003	0.003	529	141.205	219	839	
8.75	9	4	5	2	3	98	26546	98	26546	0.0085	0.00588244	0.003	0.024	270.878	87.7365	101	386	
8.75	9	2	6	1	3	112	26574	112	26154	0.005875	0.00536106	0.003	0.017	233.518	67.1114	44	534	
8.75	9	2	7	4	3	84	26518	84	26518	0.0035	0.0018136	0.003	0.01	315.69	80.7474	113	373	
8.75	9	2	8	5	3	125	26600	114	22324	0.00545614	0.00664943	0.003	0.024	195.825	81.6784	117	436	
8.75	9	2	9	2	3	118	26586	115	25363	0.00738261	0.00789246	0.003	0.024	220.548	83.5333	157	551	
8.75	9	2	10	3	3	111	26572	110	26287	0.003	0	0.003	0.003	238.973	63.7523	73	285	
8.75	9	3	11	1	3	75	26500	75	26500	0.00766667	0.00664411	0.003	0.017	353.333	97.2887	285	490	
8.75	9	3	12	3	3	50	26450	50	26450	0.003	0	0.003	0.003	529	68.6904	461	597	
8.75	9	3	13	5	3	75	26500	69	21544	0.00685507	0.00629957	0.003	0.017	312.232	319.028	117	826	
8.75	9	3	14	4	3	75	26500	75	26500	0.00533333	0.00332205	0.003	0.01	353.333	28.0002	314	373	
8.75	9	3	15	2	3	75	26500	75	26500	0.00533333	0.00332205	0.003	0.01	353.333	28.0002	314	373	
8.75	9	1	16	5	3	124	26598	107	19287	0.00411215	0.00398186	0.003	0.024	180.252	69.5953	101	436	
8.75	9	1	17	4	3	99	26548	99	26608	0.00830303	0.00530009	0.003	0.017	268.768	120.657	7	678	
8.75	9	1	18	3	3	104	26558	102	25611	0.00897059	0.00733155	0.003	0.024	251.088	145.942	12	833	
8.75	9	1	19	2	3	98	26546	98	26546	0.008	0.00541285	0.003	0.017	270.878	78.8992	140	773	
8.75	9	1	20	1	3	97	26544	96	26203	0.00467708	0.00376548	0.003	0.017	272.948	59.1279	163	550	
9	9.25	4	1	5	3	104	26558	102	25434	0.00897059	0.0081465	0.003	0.024	249.353	112.072	101	590	
9	9.25	4	2	3	3	87	26524	87	26524	0.003	0	0.003	0.003	304.874	153.933	11	474	
9	9.25	4	3	1	3	98	26546	99	26935	0.00589899	0.00500101	0.003	0.017	272.071	93.6459	39	485	
9	9.25	4	4	4	3	50	26450	50	26450	0.003	0	0.003	0.003	529	198.669	219	839	
9	9.25	4	5	2	3	100	26550	100	26550	0.00839	0.00612149	0.003	0.024	265.5	88.507	101	373	
9	9.25	2	6	1	3	103	26556	104	26841	0.005625	0.00479722	0.003	0.017	258.087	54.4516	44	387	
9	9.25	2	7	4	3	79	26508	78	26135	0.00344872	0.00172565	0.003	0.01	335.064	59.7867	113	373	
9	9.25	2	8	5	3	125	26600	120	24628	0.00644167	0.00775334	0.003	0.024	205.233	85.1848	157	436	
9	9.25	2	9	2	3	106	26562	107	26855	0.00928037	0.00859661	0.003	0.024	250.981	128.204	157	650	
9	9.25	2	10	3	3	110	26570	111	26855	0.00306306	0.000664411	0.003	0.01	241.937	61.6197	73	285	
9	9.25	3	11	1	3	75	26500	75	26500	0.00766667	0.00664411	0.003	0.017	353.333	97.2887	285	490	
9	9.25	3	12	3	3	50	26450	50	26450	0.003	0	0.003	0.003	529	68.6904	461	597	
9	9.25	3	13	5	3	75	26500	75	26500	0.00766667	0.00664411	0.003	0.017	353.333	336.477	117	826	
9	9.25	3	14	4	3	75	26500	75	26500	0.00533333	0.00332205	0.003	0.01	353.333	28.0002	314	373	
9	9.25	3	15	2	3	75	26500	75	26500	0.00533333	0.00332205	0.003	0.01	353.333	28.0002	314	373	
9	9.25	1	16	5	3	125	26600	104	17912	0.00380769	0.00405802	0.003	0.024	172.231	45.9149	157	384	
9	9.25	1	17	4	3	98	26546	98	26606	0.0085	0.00579593	0.003	0.017	271.49	101.945	157	610	
9	9.25	1	18	3	3	100	26550	100	26399	0.00937	0.00777675	0.003	0.024	263.99	138.657	117	495	
9	9.25	1	19	2	3	100	26550	100	26550	0.00825	0.00583333	0.003	0.017	265.5	52.8075	177	315	
9	9.25	1	20	1	3	100	26550	100	26624	0.00559	0.00483901	0.003	0.017	266.24	40.8464	211	341	
9.25	9.5	4	1	5	3	105	26560	98	23704	0.00821428	0.00767544	0.003	0.024	241.878	107.371	157	590	
9.25	9.5	4	2	3	3	88	26526	88	26526	0.003	0	0.003	0.003	301.432	164.147	11	474	
9.25	9.5	4	3	1	3	100	26550	99	26237	0.00554545	0.00484299	0.003	0.017	265.02	75.3162	149	389	
9.25	9.5	4	4	4	3	50	26450	50	26450	0.003	0	0.003	0.003	529	226.247	219	839	
9.25	9.5	4	5	2	3	100	26550	100	26606	0.00832	0.00597956	0.003	0.024	266.06	87.6284	101	373	
9.25	9.5	2	6	1	3	102	26554	101	26269	0.00521782	0.00452903	0.003	0.017	260.089	48.4671	88	327	
9.25	9.5	2	7	4	3	81	26512	81	26539	0.00308642	0.000777778	0.003	0.01	327.642	69.9947	113	373	
9.25	9.5	2	8	5	3	125	26600	120	24680	0.00644167	0.00775334	0.003	0.024	205.667	82.7046	157	384	
9.25	9.5	2	9	2	3	108	26566	106	25865	0.00887736	0.00820534	0.003	0.024	244.009	118.796	157	650	
9.25	9.5	2	10	3	3	107	26564	107	26564	0.003	0	0.003	0.003	248.262	55.0702	73	285	
9.25	9.5	3	11	1	3	75	26500	75	26500	0.00766667	0.00664411	0.003	0.017	353.333	97.2887	285	490	
9.25	9.5	3	12	3	3	50	26450	50	26450	0.003	0	0.003	0.003	529	68.6904	461	597	
9.25	9.5	3	13	5	3	75	26500	71	23196	0.00714084	0.00643494	0.003	0.017	326.704	325.884	117	826	
9.25	9.5	3	14	4	3	75	26500	75	26500	0.00533333	0.00332205	0.003	0.01	353.333	28.0002	314	373	
9.25	9.5	3	15	2	3	75	26500	75	26500	0.00533333	0.00332205	0.003	0.01	353.333	28.0002	314	373	
9.25	9.5	1	16	5	3	126	26602	111	20266	0.00457658	0.0051426	0.003	0.024	182.577	71.9634	49	453	
9.25	9.5	1	17	4	3	101	26552	101	26492	0.00812871	0.00541233	0.003	0.017	262.297	95.0125	84	610	
9.25	9.5	1	18	3	3	103	26556	103	26556	0.00925243	0.00752345	0.003	0.024	257.825	143.725	12	833	
9.25	9.5	1	19	2	3	100	26550	100	26550	0.00804	0.00545675	0.003	0.017	265.5	66.0717	56	453	
9.25	9.5	1	20	1	3	101	26552	100	26211	0.00538	0.0044739	0.003	0.017	262.11	47.0347	100	359	
9.5	9.75	4	1	5	3	100	26550	96	23381	0.00832292	0.00730608	0.003	0.024	243.552	99.7665	101	590	
9.5	9.75	4	2	3	3	86	26522	86	26522	0.00308139	0.000754829	0.003	0.01	308.395	155.81	11	474	
9.5	9.75	4	3	1	3	99	26548	100	26861	0.0058	0.00497468	0.003	0.017	268.61	87.6062	39	485	
9.5	9.75	4	4	4	3	50	26450	50	26450	0.003	0	0.003	0.003	529	198.669	219	839	
9.5	9.75	4	5	2	3	100	26550	100	26494	0.00825	0.00583333	0.003	0.017	264.94	91.004	101	373	
9.5	9.75	2	6	1	3	104	26558	105	27066	0.0054	0.00473855	0.003	0.017	257.771	52.9779	44	387	
9.5	9.75	2	7	4	3	82	26514	83	26860	0.00333735	0.00150833	0.003	0.01	323.614	73.545	113	373	
9.5	9.75	2	8	5	3	125	26600	120	24628	0.00638333	0.00764571	0.003	0.024	205.233	84.0123	157	436	
9.5	9.75	2	9	2	3	111	26572	111	26537	0.0082973	0.00818601	0.003	0.024	239.072	108.476	157	706	
9.5	9.75	2	10	3	3	106	26562	106	26562	0.003	0	0.003	0.003	250.585	52.3541	73	285	
9.5	9.75	3	11	1	3	75	26500	75	26500	0.00766667	0.00664411	0.003	0.017	353.333	97.2887	285	490	
9.5	9.75	3	12	3	3	50	26450	50	26450	0.003	0	0.003	0.003	529	68.6904	461	597	
9.5	9.75	3	13	5	3	75	26500	74	25674	0.00754054	0.00659844	0.003	0.017	346.946	334.164	117	826	
9.5	9.75	3	14	4	3	75	26500	75	26500	0.00533333	0.00332205	0.003	0.01	353.333	28.0002	314	373	
9.5	9.75	3	15	2	3	75	26500	75	26500	0.00533333	0.00332205	0.003	0.01	353.333	28.0002	314	373	
9.5	9.75	1	16	5	3	125	26600	109	19880	0.00454128	0.00524851	0.003	0.024	182.385	65.7036	101	436	
9.5	9.75	1	17	4	3	101	26552	102	26947	0.00814706	0.0055658	0.003	0.017	264.186	102.283	84	618	
9.5	9.75	1	18	3	3	103	26556	103	26566	0.00925243	0.00765009	0.003	0.024	257.922	137.879	108	571	
9.5	9.75	1	19	2	3	100	26550	101	26865	0.0080594	0.00561039	0.003	0.017	265.99	54.8588	177	407	
9.5	9.75	1	20	1	3	100	26550	101	26891	0.00556436	0.00471893	0.003	0.017	266.248	40.2401	211	341	
9.75	10	4	1	5	3	105	26560	98	23239	0.0085	0.00793043	0.003	0.024	237.133	95.1485	101	590	
9.75	10	4	2	3	3	87	26524	87	26524	0.00308046	0.000750479	0.003	0.01	304.874	162.165	11	474	
9.75	10	4	3	1	3	100	26550	99	26161	0.00554545	0.00484299	0.003	0.017	264.253	76.7203	149	389	
9.75	10	4	4	4	3	50	26450	50	26450	0.003	0	0.003	0.003	529	217.443	219	839	
9.75	10	4	5	2	3	100	26550	100	26550	0.00825	0.00583333	0.003	0.017	265.5	87.6722	101	373	
9.75	10	2	6	1	3	104	26558	104	26335	0.00508654	0.00456264	0.003	0.017	253.221	55.227	88	327	
9.75	10	2	7	4	3	82	26514	82	26514	0.00308536	0.000773021	0.003	0.01	323.341	73.9553	113	373	
9.75	10	2	8	5	3	125	26600	120	24680	0.00638333	0.00764571	0.003	0.024	205.667	82.7046	157	384	
9.75	10	2	9	2	3	116	26582	114	25417	0.00748246	0.00762997	0.003	0.024	222.956	84.2464	157	495	
9.75	10	2	10	3	3	106	26562	106	26562	0.003	0	0.003	0.003	250.585	52.3541	73	285	
9.75	10	3	11	1	3	75	26500	75	26500	0.00766667	0.00664411	0.003	0.017	353.333	97.2887	285	490	
9.75	10	3	12	3	3	50	26450	50	26450	0.003	0	0.003	0.003	529	68.6904	461	597	
9.75	10	3	13	5	3	75	26500	72	24022	0.00727778	0.00649425	0.003	0.017	333.639	328.887	117	826	
9.75	10	3	14	4	3	75	26500	75	26500	0.00533333	0.00332205	0.003	0.01	353.333	28.0002	314	373	
9.75	10	3	15	2	3	75	26500	75	26500	0.00533333	0.00332205	0.003	0.01	353.333	28.0002	314	373	
9.75	10	1	16	5	3	125	26600	113	21624	0.0049823	0.00564893	0.003	0.024	191.363	81.1752	101	436	
9.75	10	1	17	4	3	101	26552	100	26002	0.0079	0.00531151	0.003	0.017	260.02	100.999	84	618	
9.75	10	1	18	3	3	104	26558	104	26548	0.00925961	0.00742339	0.003	0.024	255.269	145.857	12	610	
9.75	10	1	19	2	3	100	26550	99	26235	0.00773737	0.0053692	0.003	0.017	265	54.9627	177	407	
9.75	10	1	20	1	3	100	26550	99	26209	0.00533333	0.00447214	0.003	0.017	264.737	40.256	211	341	
