% start	end	CellId	IMSI	RNTI	LCID	nTxPDUs	TxBytes	nRxPDUs	RxBytes	delay	stdDev	min	max	PduSize	stdDev	min	max
0.5	0.75	4	1	3	3	62	25420	62	25420	0.00367742	0.00208644	0.003	0.01	410	207.743	28	839	
0.5	0.75	4	2	5	3	102	25500	82	18706	0.00607317	0.00539954	0.003	0.024	228.122	127.175	28	839	
0.5	0.75	4	3	1	3	109	25514	100	23123	0.00615	0.00639977	0.003	0.024	231.23	136.934	28	839	
0.5	0.75	4	4	4	3	88	25472	66	15720	0.00787879	0.00534794	0.003	0.024	238.182	124.894	28	597	
0.5	0.75	4	5	2	3	87	25470	87	25470	0.00372414	0.00214416	0.003	0.01	292.759	137.458	20	839	
0.5	0.75	2	6	5	3	107	25510	87	13734	0.00468965	0.00500305	0.003	0.024	157.862	120.746	28	718	
0.5	0.75	2	7	1	3	69	25434	69	25434	0.00371014	0.00212894	0.003	0.01	368.609	184.044	26	839	
0.5	0.75	2	8	3	3	106	25508	104	25332	0.00602885	0.0054975	0.003	0.017	243.577	132.007	28	839	
0.5	0.75	2	9	2	3	105	25506	105	25506	0.00426667	0.00373205	0.003	0.017	242.914	137.623	12	839	
0.5	0.75	2	10	4	3	110	25516	91	17493	0.00523077	0.00570395	0.003	0.024	192.231	119.563	28	839	
0.5	0.75	3	11	5	3	100	25496	86	19219	0.00747674	0.00634448	0.003	0.024	223.477	149.709	28	839	
0.5	0.75	3	12	4	3	86	25468	86	25468	0.00348837	0.00179374	0.003	0.01	296.14	155.304	7	839	
0.5	0.75	3	13	1	3	103	25502	99	24897	0.00667677	0.00586033	0.003	0.024	251.485	153.724	16	839	
0.5	0.75	3	14	3	3	111	25518	107	24370	0.00659813	0.00625837	0.003	0.024	227.757	139.758	28	839	
0.5	0.75	3	15	2	3	87	25470	87	25470	0.0034023	0.00163863	0.003	0.01	292.759	150.015	28	839	
0.5	0.75	1	16	2	3	107	25510	96	21233	0.00620833	0.00649683	0.003	0.024	221.177	151.541	28	839	
0.5	0.75	1	17	1	3	88	25472	88	25472	0.00355682	0.00190497	0.003	0.01	289.455	138.812	28	839	
0.5	0.75	1	18	5	3	89	25474	89	25474	0.00386517	0.00231689	0.003	0.01	286.225	131.643	63	839	
0.5	0.75	1	19	4	3	89	25474	85	23643	0.00785882	0.00551006	0.003	0.017	278.153	166.405	9	881	
0.5	0.75	1	20	3	3	109	25514	90	13888	0.00478889	0.00550892	0.003	0.024	154.311	157.492	28	941	
0.75	1	4	1	3	3	66	26482	66	26482	0.003	0	0.003	0.003	401.242	187.499	58	597	
0.75	1	4	2	5	3	111	26572	93	20390	0.00631183	0.00511812	0.003	0.024	219.247	85.2646	79	573	
0.75	1	4	3	1	3	125	26600	116	24184	0.00541379	0.00619968	0.003	0.024	208.483	68.9212	117	420	
0.75	1	4	4	4	3	91	26532	76	19114	0.00953947	0.00619126	0.003	0.024	251.5	123.627	101	694	
0.75	1	4	5	2	3	104	26558	104	26558	0.00306731	0.000686406	0.003	0.01	255.365	111.44	12	462	
0.75	1	2	6	5	3	125	26600	99	12563	0.003	0	0.003	0.003	126.899	16.2565	117	157	
0.75	1	2	7	1	3	75	26500	75	26500	0.003	0	0.003	0.003	353.333	168.22	90	517	
0.75	1	2	8	3	3	125	26600	125	26600	0.005744	0.0055444	0.003	0.017	212.8	69.2716	88	301	
0.75	1	2	9	2	3	125	26600	125	26600	0.003	0	0.003	0.003	212.8	89.0822	93	285	
0.75	1	2	10	4	3	125	26600	102	17828	0.00334314	0.00206093	0.003	0.017	174.784	37.1773	157	384	
0.75	1	3	11	5	3	108	26566	92	19737	0.00657609	0.00513603	0.003	0.024	214.533	100.852	31	650	
0.75	1	3	12	4	3	97	26544	97	26544	0.003	0	0.003	0.003	273.649	122.633	7	373	
0.75	1	3	13	1	3	126	26602	124	25806	0.00570968	0.00562482	0.003	0.024	208.113	72.3494	64	416	
0.75	1	3	14	3	3	120	26590	117	25731	0.00647008	0.00640928	0.003	0.024	219.923	72.6805	117	650	
0.75	1	3	15	2	3	96	26542	96	26542	0.003	0	0.003	0.003	276.479	112.428	75	453	
0.75	1	1	16	2	3	125	26600	115	22408	0.00555652	0.00610319	0.003	0.024	194.852	119.787	57	596	
0.75	1	1	17	1	3	99	26548	99	26548	0.00307071	0.000703526	0.003	0.01	268.162	93.7633	75	373	
0.75	1	1	18	5	3	107	26564	106	26047	0.00432075	0.00275179	0.003	0.01	245.726	127.573	8	579	
0.75	1	1	19	4	3	85	26520	84	26295	0.0110833	0.00600042	0.003	0.024	313.036	143.346	11	706	
0.75	1	1	20	3	3	128	26606	111	15377	0.00438739	0.00506713	0.003	0.024	138.532	143.838	32	723	
1	1.25	4	1	3	3	66	26482	65	25941	0.00321538	0.00121825	0.003	0.01	399.092	189.277	23	597	
1	1.25	4	2	5	3	116	26582	107	23444	0.00607477	0.00491954	0.003	0.024	219.103	98.0714	9	825	
1	1.25	4	3	1	3	119	26588	115	25724	0.00561739	0.00575003	0.003	0.024	223.687	88.2214	11	535	
1	1.25	4	4	4	3	106	26562	99	24004	0.00780808	0.00580056	0.003	0.024	242.465	114.227	73	694	
1	1.25	4	5	2	3	97	26544	96	26091	0.0034375	0.00170332	0.003	0.01	271.781	118.032	11	566	
1	1.25	2	6	5	3	132	26614	122	21091	0.00472131	0.00470319	0.003	0.024	172.877	119.186	62	711	
1	1.25	2	7	1	3	78	26506	78	26506	0.003	0	0.003	0.003	339.821	170.284	11	517	
1	1.25	2	8	3	3	121	26592	122	26680	0.00489344	0.00450309	0.003	0.017	218.689	76.4101	12	387	
1	1.25	2	9	2	3	112	26574	112	26574	0.00325	0.00160798	0.003	0.017	237.268	84.5878	4	389	
1	1.25	2	10	4	3	127	26604	116	22584	0.00475	0.00411545	0.003	0.024	194.69	76.9821	13	694	
1	1.25	3	11	5	3	109	26568	103	23592	0.0063301	0.00535484	0.003	0.024	229.049	135.862	21	746	
1	1.25	3	12	4	3	92	26534	91	26220	0.00346154	0.00174679	0.003	0.01	288.132	112.11	7	378	
1	1.25	3	13	1	3	117	26584	117	25637	0.00551282	0.00507294	0.003	0.024	219.12	102.906	9	706	
1	1.25	3	14	3	3	110	26570	107	25153	0.00548598	0.00492656	0.003	0.024	235.075	118.366	9	706	
1	1.25	3	15	2	3	88	26526	87	26212	0.0034023	0.00163863	0.003	0.01	301.287	105.548	75	453	
1	1.25	1	16	2	3	116	26582	107	22644	0.00515888	0.00444919	0.003	0.024	211.626	116.753	21	651	
1	1.25	1	17	1	3	97	26544	96	26091	0.0034375	0.00170332	0.003	0.01	271.781	99.9057	75	453	
1	1.25	1	18	5	3	93	26536	93	26819	0.00443011	0.00283763	0.003	0.01	288.376	127.353	8	597	
1	1.25	1	19	4	3	89	26528	90	26464	0.00906667	0.00622572	0.003	0.024	294.044	156.863	8	766	
1	1.25	1	20	3	3	125	26600	113	19064	0.00560177	0.00607621	0.003	0.024	168.708	150.497	20	749	
1.25	1.5	4	1	3	3	54	26458	54	26458	0.00572222	0.00344453	0.003	0.01	489.963	133.815	18	693	
1.25	1.5	4	2	5	3	118	26586	107	23017	0.00646729	0.00654782	0.003	0.024	215.112	62.7931	117	475	
1.25	1.5	4	3	1	3	100	26550	99	26339	0.00809091	0.00572872	0.003	0.017	266.051	87.8237	107	485	
1.25	1.5	4	4	4	3	99	26548	97	25340	0.0105052	0.00757755	0.003	0.024	261.237	130.206	157	706	
1.25	1.5	4	5	2	3	100	26550	100	26550	0.00468	0.00300464	0.003	0.01	265.5	150.454	11	597	
1.25	1.5	2	6	5	3	112	26574	101	20522	0.00674257	0.00703939	0.003	0.024	203.188	133.207	49	597	
1.25	1.5	2	7	1	3	88	26526	88	26526	0.003	0	0.003	0.003	301.432	192.804	10	693	
1.25	1.5	2	8	3	3	101	26552	99	26029	0.00745454	0.00551856	0.003	0.017	262.919	91.5538	59	389	
1.25	1.5	2	9	2	3	101	26552	100	26211	0.00349	0.00179503	0.003	0.01	262.11	94.5835	12	453	
1.25	1.5	2	10	4	3	85	26520	78	22277	0.0108077	0.00607327	0.003	0.024	285.603	166.655	99	650	
1.25	1.5	3	11	5	3	75	26500	76	26677	0.00898684	0.00623002	0.003	0.017	351.013	257.242	157	746	
1.25	1.5	3	12	4	3	75	26500	75	26436	0.00533333	0.00332205	0.003	0.01	352.48	24.6107	314	378	
1.25	1.5	3	13	1	3	75	26500	75	26500	0.00766667	0.00664411	0.003	0.017	353.333	251.052	177	706	
1.25	1.5	3	14	3	3	75	26500	75	26500	0.00897333	0.00627085	0.003	0.017	353.333	212.7	177	706	
1.25	1.5	3	15	2	3	75	26500	75	26500	0.00533333	0.00332205	0.003	0.01	353.333	28.0002	314	373	
1.25	1.5	1	16	2	3	100	26550	100	26522	0.00832	0.00581166	0.003	0.017	265.22	100.821	93	507	
1.25	1.5	1	17	1	3	92	26534	92	26534	0.00459783	0.00295408	0.003	0.01	288.413	128.952	91	542	
1.25	1.5	1	18	5	3	90	26530	91	26764	0.00453846	0.00291474	0.003	0.01	294.11	142.965	23	597	
1.25	1.5	1	19	4	3	100	26550	100	27079	0.00755	0.00491211	0.003	0.017	270.79	144.145	11	706	
1.25	1.5	1	20	3	3	100	26550	80	13742	0.0065	0.0055689	0.003	0.024	171.775	140.139	49	739	
1.5	1.75	4	1	3	3	64	26478	65	27019	0.00386154	0.00231757	0.003	0.01	415.677	186.417	26	693	
1.5	1.75	4	2	5	3	116	26582	104	22459	0.00663461	0.00661428	0.003	0.024	215.952	62.0716	117	475	
1.5	1.75	4	3	1	3	100	26550	101	26745	0.00812871	0.00567743	0.003	0.017	264.802	113.597	11	485	
1.5	1.75	4	4	4	3	100	26550	92	23138	0.00946739	0.00674407	0.003	0.024	251.5	108.282	157	495	
1.5	1.75	4	5	2	3	95	26540	95	26650	0.0044	0.00281485	0.003	0.01	280.526	156.652	11	597	
1.5	1.75	2	6	5	3	114	26578	103	21068	0.00646602	0.00699133	0.003	0.024	204.544	142.903	39	749	
1.5	1.75	2	7	1	3	91	26532	91	26532	0.003	0	0.003	0.003	291.56	184.695	10	597	
1.5	1.75	2	8	3	3	101	26552	103	27075	0.00694175	0.00542837	0.003	0.017	262.864	79.4314	59	389	
1.5	1.75	2	9	2	3	96	26542	97	26883	0.00350515	0.00182074	0.003	0.01	277.144	80.4098	39	453	
1.5	1.75	2	10	4	3	90	26530	77	18406	0.00881818	0.00605181	0.003	0.024	239.039	123.019	157	650	
1.5	1.75	3	11	5	3	75	26500	75	26500	0.00934667	0.00610824	0.003	0.017	353.333	262.813	157	746	
1.5	1.75	3	12	4	3	75	26500	75	26500	0.00533333	0.00332205	0.003	0.01	353.333	23.1659	314	378	
1.5	1.75	3	13	1	3	75	26500	75	26500	0.00766667	0.00664411	0.003	0.017	353.333	251.052	177	706	
1.5	1.75	3	14	3	3	75	26500	75	26500	0.00813333	0.00654369	0.003	0.017	353.333	220.904	177	706	
1.5	1.75	3	15	2	3	75	26500	75	26500	0.00533333	0.00332205	0.003	0.01	353.333	28.0002	314	373	
1.5	1.75	1	16	2	3	100	26550	99	26365	0.00830303	0.00583874	0.003	0.017	266.313	110.875	93	507	
1.5	1.75	1	17	1	3	90	26530	90	26530	0.00471111	0.00302515	0.003	0.01	294.778	132.582	52	542	
1.5	1.75	1	18	5	3	92	26534	91	26287	0.00330769	0.00144293	0.003	0.01	288.868	129.217	23	749	
1.5	1.75	1	19	4	3	96	26542	95	25951	0.0076421	0.00496137	0.003	0.017	273.168	160.66	10	693	
1.5	1.75	1	20	3	3	100	26550	80	14294	0.0065	0.0055689	0.003	0.024	178.675	141.859	49	739	
1.75	2	4	1	3	3	70	26490	70	26490	0.003	0	0.003	0.003	378.429	196.439	26	693	
1.75	2	4	2	5	3	118	26586	107	23213	0.00633645	0.00688989	0.003	0.024	216.944	70.0524	101	415	
1.75	2	4	3	1	3	100	26550	99	26651	0.00816162	0.00579533	0.003	0.017	269.202	127.594	11	485	
1.75	2	4	4	4	3	100	26550	90	22532	0.00953333	0.00694473	0.003	0.024	250.356	99.8114	157	495	
1.75	2	4	5	2	3	91	26532	91	26532	0.00430769	0.00274345	0.003	0.01	291.56	158.855	11	597	
1.75	2	2	6	5	3	116	26582	111	24065	0.00747748	0.00788537	0.003	0.024	216.802	147.704	7	597	
1.75	2	2	7	1	3	91	26532	91	26532	0.003	0	0.003	0.003	291.56	183.71	11	517	
1.75	2	2	8	3	3	102	26554	101	26194	0.00722772	0.00551884	0.003	0.017	259.347	87.5803	12	389	
1.75	2	2	9	2	3	101	26552	101	26552	0.00313861	0.000980099	0.003	0.01	262.891	86.639	39	453	
1.75	2	2	10	4	3	92	26534	77	18943	0.00909091	0.00604627	0.003	0.024	246.013	141.978	101	694	
1.75	2	3	11	5	3	75	26500	75	26500	0.00888	0.00630735	0.003	0.017	353.333	265.102	157	746	
1.75	2	3	12	4	3	75	26500	75	26500	0.00533333	0.00332205	0.003	0.01	353.333	22.7515	314	378	
1.75	2	3	13	1	3	75	26500	75	26500	0.00766667	0.00664411	0.003	0.017	353.333	251.052	177	706	
1.75	2	3	14	3	3	75	26500	75	26500	0.00794667	0.00658806	0.003	0.017	353.333	223.572	177	706	
1.75	2	3	15	2	3	75	26500	75	26500	0.00533333	0.00332205	0.003	0.01	353.333	28.0002	314	373	
1.75	2	1	16	2	3	100	26550	101	26963	0.00826733	0.0058067	0.003	0.017	266.96	103.558	93	507	
1.75	2	1	17	1	3	85	26520	85	26520	0.0045647	0.00293358	0.003	0.01	312	113.828	64	485	
1.75	2	1	18	5	3	96	26542	97	26789	0.00321649	0.00121815	0.003	0.01	276.175	130.655	12	749	
1.75	2	1	19	4	3	100	26550	102	27318	0.00670588	0.00426031	0.003	0.017	267.824	136.517	36	597	
1.75	2	1	20	3	3	100	26550	79	14011	0.00627848	0.00523777	0.003	0.024	177.354	122.061	49	725	
2	2.25	4	1	3	3	72	26494	72	26494	0.003	0	0.003	0.003	367.972	190.056	26	693	
2	2.25	4	2	5	3	120	26590	112	24122	0.0063125	0.00690219	0.003	0.024	215.375	67.3679	101	435	
2	2.25	4	3	1	3	100	26550	100	26350	0.00825	0.00574786	0.003	0.017	263.5	142.687	11	485	
2	2.25	4	4	4	3	100	26550	89	22023	0.00960674	0.00662059	0.003	0.024	247.449	84.0923	157	435	
2	2.25	4	5	2	3	87	26524	88	26867	0.00403409	0.00249804	0.003	0.01	305.307	161.161	90	597	
2	2.25	2	6	5	3	108	26566	101	22337	0.00743564	0.00732314	0.003	0.024	221.158	152.705	75	579	
2	2.25	2	7	1	3	88	26526	88	26526	0.003	0	0.003	0.003	301.432	191.571	10	597	
2	2.25	2	8	3	3	101	26552	101	26300	0.00695049	0.00545963	0.003	0.017	260.396	91.1928	12	389	
2	2.25	2	9	2	3	100	26550	100	26550	0.00307	0.0007	0.003	0.01	265.5	94.7126	39	453	
2	2.25	2	10	4	3	86	26522	71	18296	0.00940845	0.00551771	0.003	0.024	257.69	149.41	157	694	
2	2.25	3	11	5	3	75	26500	74	26323	0.00867567	0.00641725	0.003	0.017	355.716	266.102	157	746	
2	2.25	3	12	4	3	75	26500	75	26564	0.00533333	0.00332205	0.003	0.01	354.187	23.2865	314	378	
2	2.25	3	13	1	3	75	26500	75	26500	0.00766667	0.00664411	0.003	0.017	353.333	251.052	177	706	
2	2.25	3	14	3	3	75	26500	74	26275	0.00848649	0.00647914	0.003	0.017	355.068	219.172	177	706	
2	2.25	3	15	2	3	75	26500	75	26500	0.00533333	0.00332205	0.003	0.01	353.333	28.0002	314	373	
2	2.25	1	16	2	3	100	26550	100	26550	0.00825	0.00583333	0.003	0.017	265.5	101.574	115	485	
2	2.25	1	17	1	3	77	26504	78	26957	0.00479487	0.00307634	0.003	0.01	345.603	90.3249	121	453	
2	2.25	1	18	5	3	95	26540	95	26540	0.003	0	0.003	0.003	279.368	109.885	23	446	
2	2.25	1	19	4	3	99	26548	100	26840	0.00622	0.00364478	0.003	0.017	268.4	139.854	15	706	
2	2.25	1	20	3	3	100	26550	83	16745	0.00713253	0.00637788	0.003	0.024	201.747	133.903	75	621	
2.25	2.5	4	1	3	3	73	26496	73	26496	0.003	0	0.003	0.003	362.959	202.213	26	693	
2.25	2.5	4	2	5	3	121	26592	114	24603	0.00686842	0.00665657	0.003	0.024	215.816	68.8679	101	435	
2.25	2.5	4	3	1	3	100	26550	100	26454	0.00769	0.00526988	0.003	0.017	264.54	116.013	11	485	
2.25	2.5	4	4	4	3	101	26552	91	22170	0.00861538	0.00619277	0.003	0.024	243.626	97.7556	157	495	
2.25	2.5	4	5	2	3	93	26536	92	26083	0.00436956	0.00279213	0.003	0.01	283.511	157.916	11	597	
2.25	2.5	2	6	5	3	115	26580	105	21758	0.00666667	0.00727042	0.003	0.024	207.219	144.281	75	734	
2.25	2.5	2	7	1	3	78	26506	78	26506	0.003	0	0.003	0.003	339.821	195.63	10	597	
2.25	2.5	2	8	3	3	101	26552	101	26804	0.00577228	0.00454507	0.003	0.017	265.386	76.8314	59	389	
2.25	2.5	2	9	2	3	98	26546	98	26546	0.00328571	0.00139217	0.003	0.01	270.878	101.639	39	453	
2.25	2.5	2	10	4	3	99	26548	95	24401	0.00933684	0.0070795	0.003	0.024	256.853	139.819	157	694	
2.25	2.5	3	11	5	3	75	26500	75	26500	0.00869333	0.00637557	0.003	0.017	353.333	263.96	157	746	
2.25	2.5	3	12	4	3	75	26500	75	26500	0.00542667	0.00335379	0.003	0.01	353.333	21.8992	314	378	
2.25	2.5	3	13	1	3	75	26500	75	26500	0.00766667	0.00664411	0.003	0.017	353.333	251.052	177	706	
2.25	2.5	3	14	3	3	75	26500	76	26629	0.00825	0.00647894	0.003	0.017	350.382	231.146	177	706	
2.25	2.5	3	15	2	3	75	26500	75	26500	0.00533333	0.00332205	0.003	0.01	353.333	28.0002	314	373	
2.25	2.5	1	16	2	3	100	26550	100	26514	0.00832	0.00581166	0.003	0.017	265.14	111.007	93	485	
2.25	2.5	1	17	1	3	82	26514	82	26514	0.00453658	0.00291524	0.003	0.01	323.341	114.478	75	597	
2.25	2.5	1	18	5	3	91	26532	91	26532	0.00330769	0.00144293	0.003	0.01	291.56	128.286	23	749	
2.25	2.5	1	19	4	3	106	26562	103	25502	0.00571845	0.00418545	0.003	0.017	247.592	136.519	20	597	
2.25	2.5	1	20	3	3	100	26550	83	16347	0.00713253	0.00637788	0.003	0.024	196.952	135.909	49	687	
2.5	2.75	4	1	3	3	66	26482	66	26482	0.00395454	0.00242063	0.003	0.01	401.242	206.154	26	693	
2.5	2.75	4	2	5	3	123	26596	110	22792	0.00541818	0.00587856	0.003	0.024	207.2	54.9137	101	475	
2.5	2.75	4	3	1	3	100	26550	100	26550	0.00797	0.00556587	0.003	0.017	265.5	93.8564	11	485	
2.5	2.75	4	4	4	3	99	26548	95	24350	0.00985263	0.00721843	0.003	0.024	256.316	125.55	157	650	
2.5	2.75	4	5	2	3	98	26546	98	26546	0.00478571	0.00306712	0.003	0.01	270.878	146.09	113	566	
2.5	2.75	2	6	5	3	114	26578	109	23413	0.00704587	0.00739668	0.003	0.024	214.798	150.676	75	642	
2.5	2.75	2	7	1	3	78	26506	78	26506	0.003	0	0.003	0.003	339.821	191.323	11	693	
2.5	2.75	2	8	3	3	104	26558	104	26982	0.00670192	0.00542715	0.003	0.017	259.442	87.6191	12	389	
2.5	2.75	2	9	2	3	102	26554	102	26554	0.00334314	0.00151883	0.003	0.01	260.333	110.68	39	453	
2.5	2.75	2	10	4	3	97	26544	88	21263	0.00817045	0.00623343	0.003	0.024	241.625	121.922	157	650	
2.5	2.75	3	11	5	3	75	26500	71	23716	0.00822535	0.00622942	0.003	0.017	334.028	249.249	157	746	
2.5	2.75	3	12	4	3	75	26500	75	26436	0.00542667	0.00354574	0.003	0.017	352.48	23.4223	314	378	
2.5	2.75	3	13	1	3	75	26500	75	26500	0.00776	0.00682373	0.003	0.024	353.333	251.052	177	706	
2.5	2.75	3	14	3	3	75	26500	75	26500	0.00766667	0.00664411	0.003	0.017	353.333	251.052	177	706	
2.5	2.75	3	15	2	3	75	26500	75	26500	0.00533333	0.00332205	0.003	0.01	353.333	28.0002	314	373	
2.5	2.75	1	16	2	3	99	26548	99	26680	0.00787879	0.00551856	0.003	0.017	269.495	122.911	27	573	
2.5	2.75	1	17	1	3	84	26518	83	26072	0.00418072	0.00263719	0.003	0.01	314.12	102.862	75	597	
2.5	2.75	1	18	5	3	87	26524	87	26524	0.003	0	0.003	0.003	304.874	117.622	23	749	
2.5	2.75	1	19	4	3	99	26548	101	26612	0.00660396	0.00491137	0.003	0.024	263.485	158.385	56	749	
2.5	2.75	1	20	3	3	103	26556	89	19365	0.00732584	0.00671629	0.003	0.024	217.584	154.584	49	698	
2.75	3	4	1	3	3	58	26466	58	26466	0.00468965	0.0030216	0.003	0.01	456.31	172.699	26	807	
2.75	3	4	2	5	3	119	26588	108	22805	0.0060463	0.0061483	0.003	0.024	211.157	59.6675	101	439	
2.75	3	4	3	1	3	100	26550	101	26673	0.00812871	0.00559046	0.003	0.017	264.089	103.288	11	485	
2.75	3	4	4	4	3	100	26550	94	23760	0.00970213	0.00753748	0.003	0.024	252.766	114.725	157	495	
2.75	3	4	5	2	3	98	26546	98	26546	0.0045	0.00288705	0.003	0.01	270.878	152.274	11	597	
2.75	3	2	6	5	3	115	26580	107	22309	0.00666355	0.00708832	0.003	0.024	208.495	142.977	75	694	
2.75	3	2	7	1	3	78	26506	78	26506	0.003	0	0.003	0.003	339.821	186.637	11	597	
2.75	3	2	8	3	3	103	26556	104	26269	0.0065	0.00525283	0.003	0.017	252.587	97.4709	12	389	
2.75	3	2	9	2	3	100	26550	100	26550	0.00321	0.00120013	0.003	0.01	265.5	108.245	39	453	
2.75	3	2	10	4	3	94	26538	83	20287	0.00873494	0.0060022	0.003	0.024	244.422	123.105	157	694	
2.75	3	3	11	5	3	75	26500	76	26597	0.00907895	0.00619196	0.003	0.017	349.961	258.002	157	746	
2.75	3	3	12	4	3	75	26500	75	26500	0.00542667	0.00354574	0.003	0.017	353.333	21.8992	314	378	
2.75	3	3	13	1	3	75	26500	75	26500	0.00766667	0.00664411	0.003	0.017	353.333	251.052	177	706	
2.75	3	3	14	3	3	75	26500	75	26500	0.00766667	0.00664411	0.003	0.017	353.333	251.052	177	706	
2.75	3	3	15	2	3	75	26500	75	26500	0.00533333	0.00332205	0.003	0.01	353.333	28.0002	314	373	
2.75	3	1	16	2	3	100	26550	100	26018	0.00825	0.00583333	0.003	0.017	260.18	108.303	93	507	
2.75	3	1	17	1	3	81	26512	80	26722	0.0048375	0.00309938	0.003	0.01	334.025	100.432	91	453	
2.75	3	1	18	5	3	96	26542	96	26542	0.00307292	0.000714435	0.003	0.01	276.479	111.92	23	453	
2.75	3	1	19	4	3	96	26542	96	26918	0.00766667	0.00504436	0.003	0.017	280.396	166.913	15	706	
2.75	3	1	20	3	3	100	26550	81	14911	0.00671605	0.00586565	0.003	0.024	184.086	122.046	49	687	
3	3.25	4	1	3	3	53	26456	52	25995	0.00596154	0.00349207	0.003	0.01	499.904	121.544	26	597	
3	3.25	4	2	5	3	119	26588	106	22228	0.00570755	0.00584232	0.003	0.024	209.698	54.1524	157	495	
3	3.25	4	3	1	3	100	26550	99	26427	0.00816162	0.00579533	0.003	0.017	266.939	82.3588	177	389	
3	3.25	4	4	4	3	100	26550	92	22968	0.00931522	0.00719421	0.003	0.024	249.652	121.021	157	495	
3	3.25	4	5	2	3	100	26550	100	26550	0.00475	0.00304636	0.003	0.01	265.5	144.778	113	453	
3	3.25	2	6	5	3	113	26576	103	22572	0.00707767	0.00775063	0.003	0.024	219.146	161.864	32	734	
3	3.25	2	7	1	3	78	26506	78	26506	0.003	0	0.003	0.003	339.821	199.921	23	693	
3	3.25	2	8	3	3	103	26556	103	26704	0.0063301	0.00507858	0.003	0.017	259.262	95.9059	12	446	
3	3.25	2	9	2	3	101	26552	101	26552	0.00313861	0.000980099	0.003	0.01	262.891	110.606	39	453	
3	3.25	2	10	4	3	99	26548	88	21010	0.00825	0.00621132	0.003	0.024	238.75	120.112	31	694	
3	3.25	3	11	5	3	75	26500	74	26403	0.00895946	0.0063125	0.003	0.017	356.797	258.302	157	746	
3	3.25	3	12	4	3	75	26500	75	26564	0.0058	0.00414924	0.003	0.017	354.187	22.0268	314	378	
3	3.25	3	13	1	3	75	26500	75	26500	0.00776	0.00662681	0.003	0.017	353.333	248.68	177	706	
3	3.25	3	14	3	3	75	26500	75	26500	0.00766667	0.00664411	0.003	0.017	353.333	251.052	177	706	
3	3.25	3	15	2	3	75	26500	75	26500	0.00533333	0.00332205	0.003	0.01	353.333	28.0002	314	373	
3	3.25	1	16	2	3	100	26550	100	26950	0.00825	0.00583333	0.003	0.017	269.5	107.073	93	507	
3	3.25	1	17	1	3	84	26518	86	26754	0.00454651	0.00292115	0.003	0.01	311.093	114.706	75	453	
3	3.25	1	18	5	3	94	26538	94	26538	0.00352128	0.00184757	0.003	0.01	282.319	122.157	23	485	
3	3.25	1	19	4	3	97	26544	98	26989	0.00728571	0.00518722	0.003	0.017	275.398	144.02	111	706	
3	3.25	1	20	3	3	100	26550	84	16698	0.00733333	0.00660108	0.003	0.024	198.786	151.878	49	739	
3.25	3.5	4	1	3	3	51	26452	51	26372	0.00615686	0.0035178	0.003	0.01	517.098	73.6381	138	597	
3.25	3.5	4	2	5	3	120	26590	108	23191	0.00591667	0.00677561	0.003	0.024	214.731	62.4411	157	495	
3.25	3.5	4	3	1	3	100	26550	100	26550	0.00825	0.00583333	0.003	0.017	265.5	90.4067	11	485	
3.25	3.5	4	4	4	3	100	26550	94	23538	0.00932979	0.00681458	0.003	0.024	250.404	119.806	157	495	
3.25	3.5	4	5	2	3	99	26548	99	26548	0.00469697	0.00301511	0.003	0.01	268.162	145.351	113	566	
3.25	3.5	2	6	5	3	117	26584	114	25081	0.00729824	0.00809231	0.003	0.024	220.009	155.546	75	675	
3.25	3.5	2	7	1	3	81	26512	81	26512	0.003	0	0.003	0.003	327.309	187.879	23	517	
3.25	3.5	2	8	3	3	102	26554	101	26646	0.00660396	0.00501015	0.003	0.017	263.822	96.0996	59	389	
3.25	3.5	2	9	2	3	99	26548	99	26548	0.00314141	0.000989847	0.003	0.01	268.162	113.582	39	453	
3.25	3.5	2	10	4	3	93	26536	82	19884	0.00880488	0.00590342	0.003	0.024	242.488	118.17	157	694	
3.25	3.5	3	11	5	3	75	26500	76	26637	0.00972368	0.00587787	0.003	0.017	350.487	254.128	157	746	
3.25	3.5	3	12	4	3	75	26500	74	26122	0.00583784	0.00400009	0.003	0.017	353	23.1422	314	378	
3.25	3.5	3	13	1	3	75	26500	75	26500	0.00766667	0.00664411	0.003	0.017	353.333	251.052	177	706	
3.25	3.5	3	14	3	3	75	26500	75	26500	0.00766667	0.00664411	0.003	0.017	353.333	251.052	177	706	
3.25	3.5	3	15	2	3	75	26500	75	26500	0.00533333	0.00332205	0.003	0.01	353.333	28.0002	314	373	
3.25	3.5	1	16	2	3	100	26550	100	26454	0.00825	0.00583333	0.003	0.017	264.54	110.526	93	485	
3.25	3.5	1	17	1	3	82	26514	81	26312	0.00420988	0.00266325	0.003	0.01	324.84	103.137	75	485	
3.25	3.5	1	18	5	3	92	26534	92	26534	0.00315217	0.00102641	0.003	0.01	288.413	116.337	23	485	
3.25	3.5	1	19	4	3	99	26548	98	26480	0.00685714	0.0048333	0.003	0.017	270.204	148.867	76	807	
3.25	3.5	1	20	3	3	100	26550	83	16691	0.00713253	0.00637788	0.003	0.024	201.096	147.141	49	687	
3.5	3.75	4	1	3	3	50	26450	50	26530	0.0065	0.00353553	0.003	0.01	530.6	59.3901	461	597	
3.5	3.75	4	2	5	3	121	26592	102	20676	0.00464706	0.00474216	0.003	0.024	202.706	32.2216	157	288	
3.5	3.75	4	3	1	3	100	26550	100	26550	0.00825	0.00583333	0.003	0.017	265.5	80.8387	177	389	
3.5	3.75	4	4	4	3	98	26546	85	20334	0.0086	0.0068142	0.003	0.024	239.224	116.682	157	650	
3.5	3.75	4	5	2	3	100	26550	100	26550	0.00475	0.00304636	0.003	0.01	265.5	146.708	113	453	
3.5	3.75	2	6	5	3	119	26588	107	20664	0.00607477	0.00720679	0.003	0.024	193.121	132.902	49	671	
3.5	3.75	2	7	1	3	78	26506	78	26506	0.003	0	0.003	0.003	339.821	199.12	23	597	
3.5	3.75	2	8	3	3	102	26554	102	26302	0.00643137	0.00509418	0.003	0.017	257.863	95.759	12	446	
3.5	3.75	2	9	2	3	101	26552	101	26552	0.00334653	0.00152601	0.003	0.01	262.891	109.119	39	453	
3.5	3.75	2	10	4	3	93	26536	82	20344	0.00906097	0.00639125	0.003	0.024	248.098	146.908	31	825	
3.5	3.75	3	11	5	3	75	26500	73	25617	0.00875342	0.00631968	0.003	0.017	350.918	263.524	157	746	
3.5	3.75	3	12	4	3	75	26500	76	26878	0.00640789	0.00491576	0.003	0.017	353.658	21.5038	314	378	
3.5	3.75	3	13	1	3	75	26500	75	26500	0.00766667	0.00664411	0.003	0.017	353.333	251.052	177	706	
3.5	3.75	3	14	3	3	75	26500	75	26500	0.00766667	0.00664411	0.003	0.017	353.333	251.052	177	706	
3.5	3.75	3	15	2	3	75	26500	75	26500	0.00533333	0.00332205	0.003	0.01	353.333	28.0002	314	373	
3.5	3.75	1	16	2	3	100	26550	101	26893	0.0080594	0.00569705	0.003	0.017	266.267	126.701	93	507	
3.5	3.75	1	17	1	3	93	26536	94	26738	0.00389362	0.0023485	0.003	0.01	284.447	118.267	52	542	
3.5	3.75	1	18	5	3	93	26536	93	26536	0.00345161	0.00172901	0.003	0.01	285.333	132.936	12	531	
3.5	3.75	1	19	4	3	95	26540	95	25902	0.0076421	0.00555613	0.003	0.024	272.653	156.272	11	706	
3.5	3.75	1	20	3	3	101	26552	85	16866	0.00711765	0.00632533	0.003	0.024	198.424	169.26	49	739	
3.75	4	4	1	3	3	50	26450	50	26450	0.0065	0.00353553	0.003	0.01	529	68.6904	461	597	
3.75	4	4	2	5	3	119	26588	106	22411	0.00570755	0.00615354	0.003	0.024	211.425	57.5101	157	475	
3.75	4	4	3	1	3	100	26550	100	26550	0.00825	0.00583333	0.003	0.017	265.5	80.8387	177	389	
3.75	4	4	4	4	3	101	26552	98	24904	0.00964286	0.00734321	0.003	0.024	254.122	125.905	157	650	
3.75	4	4	5	2	3	100	26550	100	26550	0.00475	0.00304636	0.003	0.01	265.5	144.292	113	453	
3.75	4	2	6	5	3	122	26594	114	23453	0.0064386	0.0076367	0.003	0.024	205.728	144.257	75	713	
3.75	4	2	7	1	3	79	26508	79	26508	0.003	0	0.003	0.003	335.544	202.85	23	517	
3.75	4	2	8	3	3	103	26556	104	26716	0.00676923	0.00524586	0.003	0.017	256.885	102.059	12	389	
3.75	4	2	9	2	3	96	26542	96	26542	0.00372917	0.00237743	0.003	0.017	276.479	113.141	12	453	
3.75	4	2	10	4	3	92	26534	76	18369	0.00907895	0.00552271	0.003	0.024	241.697	122.814	157	694	
3.75	4	3	11	5	3	75	26500	76	26677	0.00972368	0.00587787	0.003	0.017	351.013	250.192	177	706	
3.75	4	3	12	4	3	75	26500	74	26122	0.00668919	0.00507998	0.003	0.017	353	22.7217	314	378	
3.75	4	3	13	1	3	75	26500	75	26500	0.00766667	0.00664411	0.003	0.017	353.333	251.052	177	706	
3.75	4	3	14	3	3	75	26500	75	26500	0.00766667	0.00664411	0.003	0.017	353.333	251.052	177	706	
3.75	4	3	15	2	3	75	26500	75	26500	0.00533333	0.00332205	0.003	0.01	353.333	28.0002	314	373	
3.75	4	1	16	2	3	100	26550	99	26375	0.0080202	0.00574808	0.003	0.017	266.414	133.441	115	485	
3.75	4	1	17	1	3	83	26516	82	26070	0.00351219	0.00183413	0.003	0.01	317.927	98.6788	75	453	
3.75	4	1	18	5	3	88	26526	88	26526	0.003	0	0.003	0.003	301.432	106.83	23	485	
3.75	4	1	19	4	3	98	26546	97	26429	0.00696907	0.00494017	0.003	0.017	272.464	173.196	20	706	
3.75	4	1	20	3	3	100	26550	85	18097	0.0073647	0.00656805	0.003	0.024	212.906	148.128	75	621	
4	4.25	4	1	3	3	50	26450	50	26450	0.0065	0.00353553	0.003	0.01	529	68.6904	461	597	
4	4.25	4	2	5	3	121	26592	108	22594	0.00546296	0.00637082	0.003	0.024	209.204	51.1174	157	475	
4	4.25	4	3	1	3	100	26550	100	26550	0.00825	0.00583333	0.003	0.017	265.5	81.7038	177	389	
4	4.25	4	4	4	3	101	26552	95	23602	0.00882105	0.00704843	0.003	0.024	248.442	121.459	157	495	
4	4.25	4	5	2	3	100	26550	100	26550	0.00475	0.00304636	0.003	0.01	265.5	143.314	113	453	
4	4.25	2	6	5	3	115	26580	112	24856	0.007875	0.00796402	0.003	0.024	221.929	149.738	75	675	
4	4.25	2	7	1	3	75	26500	75	26500	0.003	0	0.003	0.003	353.333	211.987	23	693	
4	4.25	2	8	3	3	102	26554	101	26269	0.00611881	0.00458756	0.003	0.017	260.089	88.0524	12	389	
4	4.25	2	9	2	3	98	26546	98	26546	0.00357143	0.00192648	0.003	0.01	270.878	108.564	39	453	
4	4.25	2	10	4	3	90	26530	80	19665	0.010175	0.00619876	0.003	0.024	245.813	135.136	31	650	
4	4.25	3	11	5	3	75	26500	73	26146	0.00942466	0.00614618	0.003	0.017	358.164	258.836	157	746	
4	4.25	3	12	4	3	75	26500	76	26814	0.00696053	0.00586615	0.003	0.017	352.816	18.5298	314	378	
4	4.25	3	13	1	3	75	26500	75	26500	0.00766667	0.00664411	0.003	0.017	353.333	251.052	177	706	
4	4.25	3	14	3	3	75	26500	75	26500	0.00766667	0.00664411	0.003	0.017	353.333	251.052	177	706	
4	4.25	3	15	2	3	75	26500	75	26500	0.00533333	0.00332205	0.003	0.01	353.333	28.0002	314	373	
4	4.25	1	16	2	3	100	26550	100	26358	0.00825	0.00583333	0.003	0.017	263.58	119.398	93	485	
4	4.25	1	17	1	3	85	26520	86	26966	0.00373256	0.00215529	0.003	0.01	313.558	106.107	75	485	
4	4.25	1	18	5	3	91	26532	90	26298	0.00323333	0.00126358	0.003	0.01	292.2	125.756	23	621	
4	4.25	1	19	4	3	103	26556	103	26665	0.00673786	0.00507582	0.003	0.017	258.883	167.663	15	706	
4	4.25	1	20	3	3	100	26550	84	17074	0.00733333	0.00660108	0.003	0.024	203.262	148.519	49	687	
4.25	4.5	4	1	3	3	50	26450	50	26450	0.0065	0.00353553	0.003	0.01	529	68.6904	461	597	
4.25	4.5	4	2	5	3	117	26584	105	22329	0.00613333	0.00658242	0.003	0.024	212.657	58.5217	157	495	
4.25	4.5	4	3	1	3	99	26548	99	26548	0.00837374	0.00581621	0.003	0.017	268.162	81.4393	177	389	
4.25	4.5	4	4	4	3	99	26548	95	24568	0.00926316	0.00774076	0.003	0.024	258.611	134.036	157	650	
4.25	4.5	4	5	2	3	100	26550	100	26550	0.00475	0.00304636	0.003	0.01	265.5	144.292	113	453	
4.25	4.5	2	6	5	3	120	26590	109	21168	0.00614679	0.00649476	0.003	0.024	194.202	123.924	75	602	
4.25	4.5	2	7	1	3	78	26506	78	26506	0.003	0	0.003	0.003	339.821	206.587	23	693	
4.25	4.5	2	8	3	3	104	26558	104	26558	0.00643269	0.00516103	0.003	0.017	255.365	98.1607	12	389	
4.25	4.5	2	9	2	3	102	26554	102	26554	0.00341176	0.00192613	0.003	0.017	260.333	107.735	4	453	
4.25	4.5	2	10	4	3	99	26548	89	22183	0.00858427	0.00598637	0.003	0.024	249.247	136.026	31	650	
4.25	4.5	3	11	5	3	75	26500	73	24559	0.00952055	0.00575449	0.003	0.017	336.425	249.444	157	746	
4.25	4.5	3	12	4	3	75	26500	75	26500	0.00701333	0.00577388	0.003	0.017	353.333	18.0931	314	378	
4.25	4.5	3	13	1	3	75	26500	75	26500	0.00776	0.00662681	0.003	0.017	353.333	248.68	177	706	
4.25	4.5	3	14	3	3	75	26500	75	26500	0.00766667	0.00664411	0.003	0.017	353.333	251.052	177	706	
4.25	4.5	3	15	2	3	75	26500	75	26500	0.00533333	0.00332205	0.003	0.01	353.333	28.0002	314	373	
4.25	4.5	1	16	2	3	100	26550	100	26670	0.00797	0.00547622	0.003	0.017	266.7	130.453	63	621	
4.25	4.5	1	17	1	3	85	26520	85	26520	0.00374118	0.00216659	0.003	0.01	312	105.944	64	597	
4.25	4.5	1	18	5	3	87	26524	88	26758	0.00323864	0.00127752	0.003	0.01	304.068	122.795	12	749	
4.25	4.5	1	19	4	3	100	26550	100	26924	0.00643	0.00471887	0.003	0.017	269.24	166.21	19	706	
4.25	4.5	1	20	3	3	105	26560	91	19721	0.00715385	0.00667986	0.003	0.024	216.714	154.099	49	687	
4.5	4.75	4	1	3	3	50	26450	50	26450	0.0065	0.00353553	0.003	0.01	529	68.6904	461	597	
4.5	4.75	4	2	5	3	116	26582	105	22527	0.00646667	0.00707524	0.003	0.024	214.543	63.3033	157	495	
4.5	4.75	4	3	1	3	100	26550	100	26550	0.00825	0.00583333	0.003	0.017	265.5	81.2724	177	389	
4.5	4.75	4	4	4	3	100	26550	96	24570	0.00876042	0.00732371	0.003	0.024	255.937	130.336	157	495	
4.5	4.75	4	5	2	3	100	26550	100	26550	0.00475	0.00304636	0.003	0.01	265.5	145.263	113	453	
4.5	4.75	2	6	5	3	118	26586	117	25489	0.00754701	0.00770747	0.003	0.024	217.855	146.125	49	639	
4.5	4.75	2	7	1	3	76	26502	76	26502	0.003	0	0.003	0.003	348.711	207.538	23	693	
4.5	4.75	2	8	3	3	100	26550	100	26550	0.0065	0.0047194	0.003	0.017	265.5	90.471	59	389	
4.5	4.75	2	9	2	3	98	26546	97	26093	0.00364948	0.0022778	0.003	0.017	269	111.244	39	453	
4.5	4.75	2	10	4	3	91	26532	81	19491	0.00982716	0.00595775	0.003	0.024	240.63	145.261	31	825	
4.5	4.75	3	11	5	3	75	26500	74	26323	0.0103784	0.00554361	0.003	0.017	355.716	254.331	157	746	
4.5	4.75	3	12	4	3	75	26500	74	26122	0.00678378	0.00581512	0.003	0.017	353	17.4387	341	378	
4.5	4.75	3	13	1	3	75	26500	75	26500	0.00766667	0.00664411	0.003	0.017	353.333	251.052	177	706	
4.5	4.75	3	14	3	3	75	26500	75	26500	0.00766667	0.00664411	0.003	0.017	353.333	251.052	177	706	
4.5	4.75	3	15	2	3	75	26500	75	26500	0.00533333	0.00332205	0.003	0.01	353.333	28.0002	314	373	
4.5	4.75	1	16	2	3	100	26550	100	26490	0.00825	0.00583333	0.003	0.017	264.9	122.912	11	485	
4.5	4.75	1	17	1	3	86	26522	85	26195	0.00382353	0.00226871	0.003	0.01	308.176	105.118	75	453	
4.5	4.75	1	18	5	3	87	26524	86	26290	0.00324419	0.00129193	0.003	0.01	305.698	123.92	23	749	
4.5	4.75	1	19	4	3	105	26560	106	26783	0.00669811	0.00530978	0.003	0.017	252.67	140.71	87	706	
4.5	4.75	1	20	3	3	101	26552	85	17191	0.0072	0.00658787	0.003	0.024	202.247	136.093	49	635	
4.75	5	4	1	3	3	50	26450	50	26450	0.0065	0.00353553	0.003	0.01	529	68.6904	461	597	
4.75	5	4	2	5	3	113	26576	97	20504	0.00631959	0.0061535	0.003	0.024	211.381	65.6607	157	495	
4.75	5	4	3	1	3	100	26550	100	26550	0.00825	0.00583333	0.003	0.017	265.5	81.7038	177	389	
4.75	5	4	4	4	3	100	26550	96	24415	0.00905208	0.00777631	0.003	0.024	254.323	127.727	157	495	
4.75	5	4	5	2	3	100	26550	100	26550	0.00475	0.00304636	0.003	0.01	265.5	144.778	113	453	
4.75	5	2	6	5	3	111	26572	100	21921	0.00748	0.00774007	0.003	0.024	219.21	144.678	75	639	
4.75	5	2	7	1	3	79	26508	79	26508	0.003	0	0.003	0.003	335.544	208.975	23	693	
4.75	5	2	8	3	3	101	26552	101	26552	0.00743564	0.0054871	0.003	0.017	262.891	110.713	16	389	
4.75	5	2	9	2	3	99	26548	100	27001	0.00356	0.00190862	0.003	0.01	270.01	115.291	39	453	
4.75	5	2	10	4	3	82	26514	72	21454	0.0118472	0.00575475	0.003	0.024	297.972	171.109	31	650	
4.75	5	3	11	5	3	75	26500	75	26500	0.0101867	0.00563458	0.003	0.017	353.333	252.253	157	746	
4.75	5	3	12	4	3	75	26500	75	26500	0.00748	0.00647315	0.003	0.017	353.333	17.5594	341	378	
4.75	5	3	13	1	3	75	26500	75	26500	0.00766667	0.00664411	0.003	0.017	353.333	251.052	177	706	
4.75	5	3	14	3	3	75	26500	75	26500	0.00766667	0.00664411	0.003	0.017	353.333	251.052	177	706	
4.75	5	3	15	2	3	75	26500	75	26500	0.00533333	0.00332205	0.003	0.01	353.333	28.0002	314	373	
4.75	5	1	16	2	3	100	26550	100	26646	0.00825	0.00583333	0.003	0.017	266.46	100.457	93	485	
4.75	5	1	17	1	3	86	26522	87	26849	0.00412644	0.00258711	0.003	0.01	308.609	111.122	75	485	
4.75	5	1	18	5	3	89	26528	90	26762	0.00393333	0.00239287	0.003	0.01	297.356	123.544	23	485	
4.75	5	1	19	4	3	101	26552	101	26552	0.00736634	0.00503333	0.003	0.017	262.891	134.05	20	706	
4.75	5	1	20	3	3	100	26550	81	15126	0.00671605	0.00586565	0.003	0.024	186.741	128.636	49	673	
5	5.25	4	1	3	3	51	26452	51	26452	0.00643137	0.00353415	0.003	0.01	518.667	95.7442	58	597	
5	5.25	4	2	5	3	109	26568	94	20691	0.00657447	0.0061373	0.003	0.024	220.117	86.722	57	495	
5	5.25	4	3	1	3	101	26552	101	26552	0.0080594	0.00578242	0.003	0.017	262.891	86.8792	93	485	
5	5.25	4	4	4	3	99	26548	93	23658	0.00819355	0.00651963	0.003	0.024	254.387	142.714	12	670	
5	5.25	4	5	2	3	99	26548	99	26548	0.00469697	0.00301511	0.003	0.01	268.162	143.518	113	453	
5	5.25	2	6	5	3	115	26580	110	24148	0.00764545	0.00736167	0.003	0.024	219.527	155.28	24	675	
5	5.25	2	7	1	3	74	26498	74	26498	0.00309459	0.000813733	0.003	0.01	358.081	221.006	23	1031	
5	5.25	2	8	3	3	101	26552	101	26699	0.00618812	0.00414418	0.003	0.017	264.347	102.834	59	485	
5	5.25	2	9	2	3	101	26552	101	26552	0.0039703	0.00262471	0.003	0.017	262.891	115.32	12	490	
5	5.25	2	10	4	3	90	26530	86	22667	0.010407	0.0056159	0.003	0.024	263.57	157.755	31	749	
5	5.25	3	11	5	3	75	26500	77	26774	0.00981818	0.0057873	0.003	0.017	347.714	253.599	157	746	
5	5.25	3	12	4	3	75	26500	75	26388	0.00729333	0.00629194	0.003	0.017	351.84	20.6921	285	378	
5	5.25	3	13	1	3	75	26500	75	26500	0.00766667	0.00664411	0.003	0.017	353.333	251.052	177	706	
5	5.25	3	14	3	3	75	26500	75	26500	0.00766667	0.00664411	0.003	0.017	353.333	251.052	177	706	
5	5.25	3	15	2	3	75	26500	75	26500	0.00533333	0.00332205	0.003	0.01	353.333	28.0002	314	373	
5	5.25	1	16	2	3	100	26550	100	26689	0.00825	0.00583333	0.003	0.017	266.89	121.906	93	598	
5	5.25	1	17	1	3	84	26518	83	26072	0.00418072	0.00263719	0.003	0.01	314.12	108.429	75	453	
5	5.25	1	18	5	3	91	26532	91	26532	0.003	0	0.003	0.003	291.56	112.475	23	485	
5	5.25	1	19	4	3	104	26558	106	27266	0.00709434	0.00578591	0.003	0.024	257.226	165.414	9	706	
5	5.25	1	20	3	3	100	26550	84	17151	0.00716667	0.0064394	0.003	0.024	204.179	146.743	49	786	
5.25	5.5	4	1	3	3	50	26450	50	26450	0.0065	0.00353553	0.003	0.01	529	68.6904	461	597	
5.25	5.5	4	2	5	3	111	26572	96	21198	0.00635417	0.00642197	0.003	0.024	220.813	86.1582	157	495	
5.25	5.5	4	3	1	3	100	26550	100	26550	0.00825	0.00583333	0.003	0.017	265.5	81.2724	177	389	
5.25	5.5	4	4	4	3	101	26552	97	24572	0.00884536	0.00767347	0.003	0.024	253.32	128.592	157	539	
5.25	5.5	4	5	2	3	100	26550	100	26550	0.00475	0.00304636	0.003	0.01	265.5	149.085	113	453	
5.25	5.5	2	6	5	3	119	26588	112	23135	0.0068125	0.00733194	0.003	0.024	206.562	135.456	75	597	
5.25	5.5	2	7	1	3	77	26504	77	26504	0.003	0	0.003	0.003	344.208	204.951	23	693	
5.25	5.5	2	8	3	3	104	26558	105	26695	0.00633333	0.00505293	0.003	0.017	254.238	95.6483	12	389	
5.25	5.5	2	9	2	3	94	26538	93	26197	0.00375269	0.00218023	0.003	0.01	281.688	115.205	39	453	
5.25	5.5	2	10	4	3	91	26532	73	16547	0.00923288	0.00529024	0.003	0.024	226.671	100.948	31	621	
5.25	5.5	3	11	5	3	75	26500	75	26580	0.00972	0.00591736	0.003	0.017	354.4	252.65	177	746	
5.25	5.5	3	12	4	3	75	26500	75	26612	0.00757333	0.00655986	0.003	0.017	354.827	23.4575	341	490	
5.25	5.5	3	13	1	3	75	26500	75	26500	0.00766667	0.00664411	0.003	0.017	353.333	251.052	177	706	
5.25	5.5	3	14	3	3	75	26500	75	26500	0.00766667	0.00664411	0.003	0.017	353.333	251.052	177	706	
5.25	5.5	3	15	2	3	75	26500	75	26500	0.00533333	0.00332205	0.003	0.01	353.333	28.0002	314	373	
5.25	5.5	1	16	2	3	100	26550	100	26375	0.00825	0.00583333	0.003	0.017	263.75	103.25	115	485	
5.25	5.5	1	17	1	3	76	26502	76	26495	0.0048421	0.00310291	0.003	0.01	348.618	87.4871	121	453	
5.25	5.5	1	18	5	3	93	26536	93	26536	0.003	0	0.003	0.003	285.333	107.139	23	446	
5.25	5.5	1	19	4	3	97	26544	96	26360	0.00679167	0.00475487	0.003	0.017	274.583	147.721	111	706	
5.25	5.5	1	20	3	3	100	26550	83	16584	0.00713253	0.00637788	0.003	0.024	199.807	126.809	75	621	
5.5	5.75	4	1	3	3	50	26450	50	26450	0.0065	0.00353553	0.003	0.01	529	68.6904	461	597	
5.5	5.75	4	2	5	3	111	26572	95	20114	0.00638947	0.00611467	0.003	0.024	211.726	69.2572	157	475	
5.5	5.75	4	3	1	3	100	26550	100	26550	0.00832	0.00581166	0.003	0.017	265.5	81.7038	177	389	
5.5	5.75	4	4	4	3	100	26550	90	21600	0.0079	0.00667386	0.003	0.024	240	118.419	157	495	
5.5	5.75	4	5	2	3	100	26550	100	26550	0.00475	0.00304636	0.003	0.01	265.5	150.493	113	453	
5.5	5.75	2	6	5	3	113	26576	106	23212	0.00729245	0.00764195	0.003	0.024	218.981	138.105	75	621	
5.5	5.75	2	7	1	3	77	26504	77	26504	0.003	0	0.003	0.003	344.208	198.847	26	517	
5.5	5.75	2	8	3	3	125	26600	124	26740	0.00525806	0.00485207	0.003	0.017	215.645	85.9584	12	301	
5.5	5.75	2	9	2	3	104	26558	105	26899	0.0034	0.0016326	0.003	0.01	256.181	130.994	39	453	
5.5	5.75	2	10	4	3	79	26508	63	16623	0.0116667	0.00448294	0.003	0.017	263.857	143.021	31	621	
5.5	5.75	3	11	5	3	75	26500	75	26500	0.0101867	0.00563458	0.003	0.017	353.333	252.253	157	746	
5.5	5.75	3	12	4	3	75	26500	75	26500	0.00748	0.00647315	0.003	0.017	353.333	17.5594	341	378	
5.5	5.75	3	13	1	3	75	26500	75	26500	0.00766667	0.00664411	0.003	0.017	353.333	251.052	177	706	
5.5	5.75	3	14	3	3	75	26500	75	26500	0.00766667	0.00664411	0.003	0.017	353.333	251.052	177	706	
5.5	5.75	3	15	2	3	75	26500	75	26500	0.00533333	0.00332205	0.003	0.01	353.333	28.0002	314	373	
5.5	5.75	1	16	2	3	100	26550	100	26490	0.00825	0.00583333	0.003	0.017	264.9	98.711	93	485	
5.5	5.75	1	17	1	3	80	26510	80	26510	0.0048375	0.00309938	0.003	0.01	331.375	100.969	115	453	
5.5	5.75	1	18	5	3	95	26540	95	26540	0.003	0	0.003	0.003	279.368	111.698	23	446	
5.5	5.75	1	19	4	3	99	26548	98	26024	0.00792857	0.00561524	0.003	0.024	265.551	162.787	76	807	
5.5	5.75	1	20	3	3	100	26550	79	14275	0.00627848	0.00523777	0.003	0.024	180.696	102.498	49	687	
5.75	6	4	1	3	3	50	26450	50	26370	0.0065	0.00353553	0.003	0.01	527.4	63.8416	461	597	
5.75	6	4	2	5	3	110	26570	89	17872	0.00551685	0.00474847	0.003	0.024	200.809	44.9267	157	495	
5.75	6	4	3	1	3	100	26550	100	26550	0.00825	0.00583333	0.003	0.017	265.5	81.7038	177	389	
5.75	6	4	4	4	3	100	26550	96	24570	0.009125	0.00788369	0.003	0.024	255.938	130.336	157	495	
5.75	6	4	5	2	3	100	26550	100	26550	0.00475	0.00304636	0.003	0.01	265.5	150.959	115	453	
5.75	6	2	6	5	3	116	26582	112	25220	0.0075	0.00802024	0.003	0.024	225.179	158.435	49	734	
5.75	6	2	7	1	3	79	26508	79	26508	0.003	0	0.003	0.003	335.544	208.55	23	517	
5.75	6	2	8	3	3	124	26598	124	26522	0.00531452	0.00486629	0.003	0.017	213.887	87.2873	12	311	
5.75	6	2	9	2	3	101	26552	101	26552	0.00355445	0.00214231	0.003	0.017	262.891	125.373	39	453	
5.75	6	2	10	4	3	86	26522	72	18136	0.0106806	0.00527504	0.003	0.024	251.889	161.67	31	825	
5.75	6	3	11	5	3	75	26500	73	26146	0.01	0.00583333	0.003	0.017	358.164	256.425	157	746	
5.75	6	3	12	4	3	75	26500	75	26500	0.00738667	0.00638388	0.003	0.017	353.333	17.5594	341	378	
5.75	6	3	13	1	3	75	26500	75	26500	0.00766667	0.00664411	0.003	0.017	353.333	251.052	177	706	
5.75	6	3	14	3	3	75	26500	75	26500	0.00766667	0.00664411	0.003	0.017	353.333	251.052	177	706	
5.75	6	3	15	2	3	75	26500	75	26500	0.00533333	0.00332205	0.003	0.01	353.333	28.0002	314	373	
5.75	6	1	16	2	3	100	26550	100	26610	0.00825	0.00583333	0.003	0.017	266.1	93.5493	93	507	
5.75	6	1	17	1	3	82	26514	83	26967	0.00477108	0.00306166	0.003	0.01	324.904	109.126	75	453	
5.75	6	1	18	5	3	95	26540	95	26540	0.00358947	0.00195424	0.003	0.01	279.368	121.448	12	453	
5.75	6	1	19	4	3	100	26550	100	26550	0.00727	0.00515978	0.003	0.017	265.5	132.41	24	706	
5.75	6	1	20	3	3	100	26550	80	14424	0.0065	0.0055689	0.003	0.024	180.3	121.503	49	687	
6	6.25	4	1	3	3	50	26450	50	26450	0.0065	0.00353553	0.003	0.01	529	46.4582	461	597	
6	6.25	4	2	5	3	110	26570	95	20603	0.00653684	0.00628374	0.003	0.024	216.874	77.3658	157	495	
6	6.25	4	3	1	3	99	26548	99	26548	0.00837374	0.00581621	0.003	0.017	268.162	82.3068	177	389	
6	6.25	4	4	4	3	96	26542	90	23262	0.00914444	0.00725702	0.003	0.024	258.467	136.409	157	650	
6	6.25	4	5	2	3	100	26550	100	26550	0.00475	0.00304636	0.003	0.01	265.5	150.493	113	453	
6	6.25	2	6	5	3	124	26598	118	23264	0.0059661	0.00662543	0.003	0.024	197.153	121.391	49	572	
6	6.25	2	7	1	3	77	26504	77	26504	0.003	0	0.003	0.003	344.208	193.129	11	597	
6	6.25	2	8	3	3	124	26598	124	26598	0.00497581	0.00460022	0.003	0.017	214.5	84.502	12	301	
6	6.25	2	9	2	3	105	26560	105	26560	0.00333333	0.00149786	0.003	0.01	252.952	118.108	39	453	
6	6.25	2	10	4	3	93	26536	80	19367	0.009125	0.00572	0.003	0.024	242.088	123.025	23	621	
6	6.25	3	11	5	3	75	26500	71	23636	0.00911268	0.00590774	0.003	0.017	332.901	246.148	157	746	
6	6.25	3	12	4	3	75	26500	75	26500	0.00766667	0.00664411	0.003	0.017	353.333	25.9731	285	490	
6	6.25	3	13	1	3	75	26500	75	26500	0.00766667	0.00664411	0.003	0.017	353.333	251.052	177	706	
6	6.25	3	14	3	3	75	26500	75	26500	0.00766667	0.00664411	0.003	0.017	353.333	251.052	177	706	
6	6.25	3	15	2	3	75	26500	75	26500	0.00533333	0.00332205	0.003	0.01	353.333	28.0002	314	373	
6	6.25	1	16	2	3	101	26552	101	26552	0.00764356	0.00544717	0.003	0.017	262.891	103.601	32	485	
6	6.25	1	17	1	3	83	26516	82	26063	0.00462195	0.00297164	0.003	0.01	317.841	104.335	115	453	
6	6.25	1	18	5	3	91	26532	91	26532	0.00315385	0.00103197	0.003	0.01	291.56	109.116	23	485	
6	6.25	1	19	4	3	95	26540	96	26542	0.00715625	0.0050353	0.003	0.024	276.479	172.964	87	825	
6	6.25	1	20	3	3	106	26562	89	17579	0.00606741	0.00505604	0.003	0.024	197.517	129.913	9	673	
6.25	6.5	4	1	3	3	50	26450	50	26450	0.0065	0.00353553	0.003	0.01	529	50.2402	461	597	
6.25	6.5	4	2	5	3	112	26574	94	19711	0.00620213	0.0056845	0.003	0.024	209.691	66.0952	157	495	
6.25	6.5	4	3	1	3	100	26550	100	26550	0.00825	0.00583333	0.003	0.017	265.5	81.7038	177	389	
6.25	6.5	4	4	4	3	100	26550	95	24230	0.00867368	0.00731283	0.003	0.024	255.053	132.678	157	650	
6.25	6.5	4	5	2	3	100	26550	100	26550	0.00475	0.00304636	0.003	0.01	265.5	150.959	115	453	
6.25	6.5	2	6	5	3	120	26590	114	23919	0.00674561	0.00746059	0.003	0.024	209.816	144.475	49	621	
6.25	6.5	2	7	1	3	79	26508	79	26508	0.003	0	0.003	0.003	335.544	190.664	23	517	
6.25	6.5	2	8	3	3	124	26598	124	26522	0.00508871	0.00454966	0.003	0.017	213.887	86.7405	12	311	
6.25	6.5	2	9	2	3	99	26548	98	26445	0.00364286	0.00203196	0.003	0.01	269.847	119.156	39	453	
6.25	6.5	2	10	4	3	88	26526	76	19074	0.00972368	0.00529301	0.003	0.017	250.974	146.52	31	650	
6.25	6.5	3	11	5	3	75	26500	77	26854	0.00945454	0.00598363	0.003	0.017	348.753	250.508	157	746	
6.25	6.5	3	12	4	3	75	26500	75	26500	0.00738667	0.00638388	0.003	0.017	353.333	17.5594	341	378	
6.25	6.5	3	13	1	3	75	26500	75	26500	0.00766667	0.00664411	0.003	0.017	353.333	251.052	177	706	
6.25	6.5	3	14	3	3	75	26500	75	26500	0.00766667	0.00664411	0.003	0.017	353.333	251.052	177	706	
6.25	6.5	3	15	2	3	75	26500	75	26500	0.00533333	0.00332205	0.003	0.01	353.333	28.0002	314	373	
6.25	6.5	1	16	2	3	100	26550	100	26682	0.00825	0.00583333	0.003	0.017	266.82	102.018	93	485	
6.25	6.5	1	17	1	3	79	26508	79	26515	0.00486076	0.00311215	0.003	0.01	335.633	99.3967	115	453	
6.25	6.5	1	18	5	3	93	26536	93	26536	0.003	0	0.003	0.003	285.333	111.608	23	485	
6.25	6.5	1	19	4	3	100	26550	99	26134	0.00681818	0.0050272	0.003	0.017	263.98	155.513	36	881	
6.25	6.5	1	20	3	3	100	26550	82	16050	0.00692683	0.00613386	0.003	0.024	195.732	123.011	49	621	
6.5	6.75	4	1	3	3	50	26450	50	26530	0.0065	0.00353553	0.003	0.01	530.6	51.1165	461	597	
6.5	6.75	4	2	5	3	113	26576	95	20127	0.00602105	0.00583456	0.003	0.024	211.863	69.4951	157	495	
6.5	6.75	4	3	1	3	100	26550	100	26550	0.00825	0.00583333	0.003	0.017	265.5	81.7038	177	389	
6.5	6.75	4	4	4	3	98	26546	87	21284	0.00847126	0.00661717	0.003	0.024	244.644	122.495	157	650	
6.5	6.75	4	5	2	3	100	26550	100	26550	0.00475	0.00304636	0.003	0.01	265.5	149.085	113	453	
6.5	6.75	2	6	5	3	122	26594	112	22220	0.006	0.00695027	0.003	0.024	198.393	118.379	75	639	
6.5	6.75	2	7	1	3	76	26502	76	26502	0.003	0	0.003	0.003	348.711	200.335	26	517	
6.5	6.75	2	8	3	3	125	26600	125	26676	0.00524	0.00475428	0.003	0.017	213.408	88.035	12	301	
6.5	6.75	2	9	2	3	106	26562	107	26665	0.00345794	0.00198713	0.003	0.017	249.206	126.435	39	453	
6.5	6.75	2	10	4	3	87	26524	68	16750	0.0102059	0.00498223	0.003	0.017	246.324	139.667	31	621	
6.5	6.75	3	11	5	3	75	26500	74	26323	0.01	0.00579324	0.003	0.017	355.716	251.911	177	706	
6.5	6.75	3	12	4	3	75	26500	75	26500	0.00738667	0.00638388	0.003	0.017	353.333	17.5594	341	378	
6.5	6.75	3	13	1	3	75	26500	75	26500	0.00766667	0.00664411	0.003	0.017	353.333	251.052	177	706	
6.5	6.75	3	14	3	3	75	26500	75	26500	0.00766667	0.00664411	0.003	0.017	353.333	251.052	177	706	
6.5	6.75	3	15	2	3	75	26500	75	26500	0.00533333	0.00332205	0.003	0.01	353.333	28.0002	314	373	
6.5	6.75	1	16	2	3	100	26550	100	26358	0.00825	0.00583333	0.003	0.017	263.58	94.8838	115	485	
6.5	6.75	1	17	1	3	78	26506	78	26499	0.00497436	0.00317038	0.003	0.01	339.731	98.2256	75	453	
6.5	6.75	1	18	5	3	95	26540	95	26540	0.003	0	0.003	0.003	279.368	110.776	23	446	
6.5	6.75	1	19	4	3	101	26552	101	26966	0.00750495	0.00547471	0.003	0.017	266.99	150.528	87	706	
6.5	6.75	1	20	3	3	100	26550	81	15319	0.00671605	0.00586565	0.003	0.024	189.123	109.788	75	579	
6.75	7	4	1	3	3	51	26452	51	26372	0.00643137	0.00353415	0.003	0.01	517.098	69.0705	194	597	
6.75	7	4	2	5	3	116	26582	96	19792	0.00475	0.00442719	0.003	0.024	206.167	59.2112	157	495	
6.75	7	4	3	1	3	101	26552	101	26552	0.0080594	0.00578242	0.003	0.017	262.891	84.1427	96	389	
6.75	7	4	4	4	3	100	26550	94	23262	0.00955319	0.00745974	0.003	0.024	247.468	118.895	157	495	
6.75	7	4	5	2	3	100	26550	100	26550	0.00475	0.00304636	0.003	0.01	265.5	144.353	43	453	
6.75	7	2	6	5	3	121	26592	115	23724	0.00653043	0.00738101	0.003	0.024	206.296	127.515	75	639	
6.75	7	2	7	1	3	80	26510	80	26510	0.003	0	0.003	0.003	331.375	186.282	26	517	
6.75	7	2	8	3	3	124	26598	124	26522	0.00559677	0.00539032	0.003	0.017	213.887	88.6778	12	311	
6.75	7	2	9	2	3	95	26540	95	26540	0.00373684	0.00215964	0.003	0.01	279.368	125.51	39	453	
6.75	7	2	10	4	3	82	26514	62	14598	0.0103387	0.00497846	0.003	0.017	235.452	96.1116	49	594	
6.75	7	3	11	5	3	75	26500	75	26500	0.00953333	0.00601649	0.003	0.017	353.333	251.052	177	706	
6.75	7	3	12	4	3	75	26500	76	26878	0.00742105	0.00634826	0.003	0.017	353.658	17.67	341	378	
6.75	7	3	13	1	3	75	26500	75	26500	0.00766667	0.00664411	0.003	0.017	353.333	251.052	177	706	
6.75	7	3	14	3	3	75	26500	75	26500	0.00766667	0.00664411	0.003	0.017	353.333	251.052	177	706	
6.75	7	3	15	2	3	75	26500	75	26500	0.00533333	0.00332205	0.003	0.01	353.333	28.0002	314	373	
6.75	7	1	16	2	3	100	26550	100	26610	0.00825	0.00583333	0.003	0.017	266.1	85.3861	115	485	
6.75	7	1	17	1	3	77	26504	77	26504	0.00518182	0.00326354	0.003	0.01	344.208	99.0204	115	453	
6.75	7	1	18	5	3	96	26542	96	26542	0.003	0	0.003	0.003	276.479	108.855	145	485	
6.75	7	1	19	4	3	97	26544	97	26544	0.00754639	0.00515594	0.003	0.024	273.649	144.218	76	807	
6.75	7	1	20	3	3	100	26550	79	14401	0.00627848	0.00523777	0.003	0.024	182.291	100.169	75	579	
7	7.25	4	1	3	3	51	26452	51	26532	0.00643137	0.00353415	0.003	0.01	520.235	83.7104	26	597	
7	7.25	4	2	5	3	118	26586	103	21626	0.00537864	0.00592621	0.003	0.024	209.961	64.3494	73	475	
7	7.25	4	3	1	3	100	26550	100	26550	0.00797	0.00574097	0.003	0.017	265.5	82.5901	177	423	
7	7.25	4	4	4	3	101	26552	96	24415	0.00948958	0.00741122	0.003	0.024	254.323	125.781	157	650	
7	7.25	4	5	2	3	98	26546	98	26546	0.00478571	0.00306712	0.003	0.01	270.878	142.781	113	453	
7	7.25	2	6	5	3	118	26586	110	23351	0.00669091	0.0075087	0.003	0.024	212.282	139.786	75	639	
7	7.25	2	7	1	3	79	26508	79	26508	0.003	0	0.003	0.003	335.544	198.679	11	517	
7	7.25	2	8	3	3	125	26600	125	26600	0.005464	0.00512669	0.003	0.017	212.8	89.9217	12	301	
7	7.25	2	9	2	3	101	26552	100	26211	0.00349	0.00179503	0.003	0.01	262.11	124.172	39	453	
7	7.25	2	10	4	3	89	26528	75	18554	0.00981333	0.00586491	0.003	0.024	247.387	136.943	23	650	
7	7.25	3	11	5	3	75	26500	73	24559	0.00875342	0.0061005	0.003	0.017	336.425	250.686	157	746	
7	7.25	3	12	4	3	75	26500	75	26500	0.00710667	0.00609956	0.003	0.017	353.333	17.5594	341	378	
7	7.25	3	13	1	3	75	26500	75	26500	0.00766667	0.00664411	0.003	0.017	353.333	251.052	177	706	
7	7.25	3	14	3	3	75	26500	75	26500	0.00766667	0.00664411	0.003	0.017	353.333	251.052	177	706	
7	7.25	3	15	2	3	75	26500	75	26500	0.00533333	0.00332205	0.003	0.01	353.333	28.0002	314	373	
7	7.25	1	16	2	3	100	26550	100	26342	0.00776	0.00561765	0.003	0.017	263.42	106.387	32	598	
7	7.25	1	17	1	3	84	26518	84	26518	0.00475	0.00304929	0.003	0.01	315.69	114.082	75	453	
7	7.25	1	18	5	3	90	26530	90	26530	0.00362222	0.00200324	0.003	0.01	294.778	122.76	23	597	
7	7.25	1	19	4	3	94	26538	94	26538	0.00769149	0.00506947	0.003	0.017	282.319	158.406	11	706	
7	7.25	1	20	3	3	101	26552	82	15371	0.0062439	0.00494304	0.003	0.024	187.451	127.923	49	775	
7.25	7.5	4	1	3	3	50	26450	50	26450	0.0065	0.00353553	0.003	0.01	529	55.4315	461	597	
7.25	7.5	4	2	5	3	119	26588	99	20606	0.0050505	0.00512372	0.003	0.024	208.141	57.4888	157	495	
7.25	7.5	4	3	1	3	100	26550	100	26550	0.00825	0.00583333	0.003	0.017	265.5	81.7038	177	389	
7.25	7.5	4	4	4	3	100	26550	92	22630	0.00954348	0.00686833	0.003	0.024	245.978	115.007	157	495	
7.25	7.5	4	5	2	3	100	26550	100	26550	0.00475	0.00304636	0.003	0.01	265.5	146.708	113	453	
7.25	7.5	2	6	5	3	120	26590	115	23984	0.00665217	0.00749508	0.003	0.024	208.557	132.746	75	639	
7.25	7.5	2	7	1	3	84	26518	84	26518	0.003	0	0.003	0.003	315.69	197.061	11	517	
7.25	7.5	2	8	3	3	125	26600	126	26688	0.00555555	0.00520854	0.003	0.017	211.81	83.6201	12	301	
7.25	7.5	2	9	2	3	95	26540	95	26540	0.00403158	0.00249447	0.003	0.01	279.368	115.711	39	453	
7.25	7.5	2	10	4	3	85	26520	67	16150	0.0106269	0.00527382	0.003	0.024	241.045	137.008	31	650	
7.25	7.5	3	11	5	3	75	26500	74	26283	0.01	0.00579324	0.003	0.017	355.176	252.32	157	706	
7.25	7.5	3	12	4	3	75	26500	74	26122	0.00678378	0.00581512	0.003	0.017	353	17.4387	341	378	
7.25	7.5	3	13	1	3	75	26500	75	26500	0.00766667	0.00664411	0.003	0.017	353.333	251.052	177	706	
7.25	7.5	3	14	3	3	75	26500	75	26500	0.00766667	0.00664411	0.003	0.017	353.333	251.052	177	706	
7.25	7.5	3	15	2	3	75	26500	75	26500	0.00533333	0.00332205	0.003	0.01	353.333	28.0002	314	373	
7.25	7.5	1	16	2	3	100	26550	100	26758	0.00825	0.00583333	0.003	0.017	267.58	101.71	93	485	
7.25	7.5	1	17	1	3	80	26510	80	26510	0.00475	0.00305021	0.003	0.01	331.375	100.667	115	453	
7.25	7.5	1	18	5	3	94	26538	94	26538	0.003	0	0.003	0.003	282.319	113.814	23	446	
7.25	7.5	1	19	4	3	101	26552	100	26266	0.00692	0.00500642	0.003	0.017	262.66	140.005	36	706	
7.25	7.5	1	20	3	3	100	26550	80	14850	0.0065	0.0055689	0.003	0.024	185.625	110.841	49	631	
7.5	7.75	4	1	3	3	50	26450	50	26450	0.0065	0.00353553	0.003	0.01	529	68.6904	461	597	
7.5	7.75	4	2	5	3	116	26582	100	20762	0.00552	0.00576033	0.003	0.024	207.62	49.2923	157	475	
7.5	7.75	4	3	1	3	100	26550	100	26550	0.00825	0.00583333	0.003	0.017	265.5	81.7038	177	389	
7.5	7.75	4	4	4	3	101	26552	100	25719	0.00972	0.00737328	0.003	0.024	257.19	124.88	157	495	
7.5	7.75	4	5	2	3	100	26550	100	26550	0.00475	0.00304636	0.003	0.01	265.5	149.085	113	453	
7.5	7.75	2	6	5	3	124	26598	123	26249	0.00709756	0.00796243	0.003	0.024	213.407	130.403	23	579	
7.5	7.75	2	7	1	3	91	26532	91	26532	0.003	0	0.003	0.003	291.56	190.47	11	517	
7.5	7.75	2	8	3	3	125	26600	125	26600	0.005184	0.00465483	0.003	0.017	212.8	75.9484	12	301	
7.5	7.75	2	9	2	3	94	26538	94	26538	0.00404255	0.00270767	0.003	0.017	282.319	103.504	39	453	
7.5	7.75	2	10	4	3	87	26524	73	18008	0.0103836	0.00533237	0.003	0.024	246.685	144.609	31	650	
7.5	7.75	3	11	5	3	75	26500	74	26363	0.0100946	0.00573423	0.003	0.017	356.257	252.714	177	746	
7.5	7.75	3	12	4	3	75	26500	75	26500	0.00729333	0.00629194	0.003	0.017	353.333	17.5594	341	378	
7.5	7.75	3	13	1	3	75	26500	75	26500	0.00766667	0.00664411	0.003	0.017	353.333	251.052	177	706	
7.5	7.75	3	14	3	3	75	26500	75	26500	0.00766667	0.00664411	0.003	0.017	353.333	251.052	177	706	
7.5	7.75	3	15	2	3	75	26500	75	26660	0.00533333	0.00332205	0.003	0.01	355.467	125.477	154	453	
7.5	7.75	1	16	2	3	100	26550	100	26550	0.00825	0.00583333	0.003	0.017	265.5	102.133	115	485	
7.5	7.75	1	17	1	3	77	26504	77	26504	0.00472727	0.00303764	0.003	0.01	344.208	88.5116	121	453	
7.5	7.75	1	18	5	3	94	26538	94	26538	0.003	0	0.003	0.003	282.319	106.308	145	446	
7.5	7.75	1	19	4	3	97	26544	98	26905	0.00664286	0.0041722	0.003	0.017	274.541	155.623	15	706	
7.5	7.75	1	20	3	3	100	26550	80	14916	0.0065	0.0055689	0.003	0.024	186.45	108.015	75	621	
7.75	8	4	1	3	3	51	26452	51	26452	0.00615686	0.0035178	0.003	0.01	518.667	95.7442	58	597	
7.75	8	4	2	5	3	119	26588	102	21343	0.00519608	0.0052105	0.003	0.024	209.245	50.4617	117	475	
7.75	8	4	3	1	3	99	26548	99	26548	0.00823232	0.00568713	0.003	0.017	268.162	86.8733	107	485	
7.75	8	4	4	4	3	100	26550	99	26055	0.00943434	0.00797977	0.003	0.024	263.182	132.73	157	495	
7.75	8	4	5	2	3	99	26548	99	26548	0.00476768	0.0030567	0.003	0.01	268.162	151.692	113	597	
7.75	8	2	6	5	3	121	26592	114	23843	0.0065614	0.00746441	0.003	0.024	209.149	129.101	117	579	
7.75	8	2	7	1	3	95	26540	95	26540	0.003	0	0.003	0.003	279.368	191.188	11	517	
7.75	8	2	8	3	3	125	26600	124	26512	0.00531452	0.00518341	0.003	0.017	213.806	68.0774	88	301	
7.75	8	2	9	2	3	90	26530	90	26530	0.0044	0.00318282	0.003	0.017	294.778	89.4504	39	453	
7.75	8	2	10	4	3	87	26524	69	16503	0.0093913	0.00546706	0.003	0.024	239.174	133.007	157	694	
7.75	8	3	11	5	3	75	26500	72	23284	0.00893055	0.00583415	0.003	0.017	323.389	241.595	157	746	
7.75	8	3	12	4	3	75	26500	75	26500	0.00710667	0.00609956	0.003	0.017	353.333	17.5594	341	378	
7.75	8	3	13	1	3	75	26500	74	26467	0.00782432	0.00664843	0.003	0.017	357.662	248.28	177	706	
7.75	8	3	14	3	3	75	26500	75	26500	0.00766667	0.00664411	0.003	0.017	353.333	251.052	177	706	
7.75	8	3	15	2	3	75	26500	75	26500	0.00533333	0.00332205	0.003	0.01	353.333	130.534	154	453	
7.75	8	1	16	2	3	101	26552	101	26552	0.00771287	0.00543201	0.003	0.017	262.891	99.8098	27	573	
7.75	8	1	17	1	3	77	26504	77	26504	0.00527273	0.00329927	0.003	0.01	344.208	101.366	90	597	
7.75	8	1	18	5	3	94	26538	94	26538	0.003	0	0.003	0.003	282.319	120.518	23	749	
7.75	8	1	19	4	3	100	26550	100	26475	0.0065	0.00427938	0.003	0.017	264.75	143.417	15	706	
7.75	8	1	20	3	3	106	26562	87	16921	0.00597701	0.0050784	0.003	0.024	194.494	117.821	49	687	
8	8.25	4	1	3	3	51	26452	51	26452	0.00615686	0.0035178	0.003	0.01	518.667	95.7442	58	597	
8	8.25	4	2	5	3	118	26586	97	19788	0.00451546	0.00407	0.003	0.024	204	43.5476	101	475	
8	8.25	4	3	1	3	100	26550	100	26550	0.00825	0.00583333	0.003	0.017	265.5	91.181	11	485	
8	8.25	4	4	4	3	100	26550	98	25560	0.0095	0.00818126	0.003	0.024	260.816	130.608	157	495	
8	8.25	4	5	2	3	99	26548	99	26548	0.00469697	0.00301511	0.003	0.01	268.162	150.165	113	566	
8	8.25	2	6	5	3	117	26584	116	25952	0.00728448	0.0078749	0.003	0.024	223.724	151.361	101	786	
8	8.25	2	7	1	3	97	26544	97	26544	0.003	0	0.003	0.003	273.649	192.454	11	517	
8	8.25	2	8	3	3	124	26598	124	26522	0.00554032	0.0052303	0.003	0.017	213.887	72.0299	12	387	
8	8.25	2	9	2	3	87	26524	88	26865	0.00427273	0.00271533	0.003	0.01	305.284	81.4042	103	453	
8	8.25	2	10	4	3	82	26514	64	15454	0.0119687	0.00521283	0.003	0.024	241.469	160.48	31	881	
8	8.25	3	11	5	3	75	26500	73	26146	0.0100959	0.0057739	0.003	0.017	358.164	255.211	157	746	
8	8.25	3	12	4	3	75	26500	75	26500	0.00757333	0.00655986	0.003	0.017	353.333	17.5594	341	378	
8	8.25	3	13	1	3	75	26500	75	26404	0.0086	0.00640734	0.003	0.017	352.053	190.129	177	706	
8	8.25	3	14	3	3	75	26500	74	26371	0.0082973	0.0065349	0.003	0.017	356.365	239.26	177	706	
8	8.25	3	15	2	3	75	26500	75	26500	0.00533333	0.00332205	0.003	0.01	353.333	133.466	154	453	
8	8.25	1	16	2	3	100	26550	100	26550	0.00825	0.00583333	0.003	0.017	265.5	94.0025	93	485	
8	8.25	1	17	1	3	77	26504	77	26504	0.00509091	0.00322483	0.003	0.01	344.208	94.4039	121	453	
8	8.25	1	18	5	3	98	26546	98	26546	0.003	0	0.003	0.003	270.878	109.063	23	446	
8	8.25	1	19	4	3	101	26552	101	26552	0.00667327	0.00415237	0.003	0.017	262.891	115.919	36	749	
8	8.25	1	20	3	3	100	26550	77	13103	0.00581818	0.00443588	0.003	0.024	170.169	77.8496	49	579	
8.25	8.5	4	1	3	3	50	26450	50	26450	0.0065	0.00353553	0.003	0.01	529	68.6904	461	597	
8.25	8.5	4	2	5	3	120	26590	103	21600	0.00531068	0.00566383	0.003	0.024	209.709	54.5043	157	475	
8.25	8.5	4	3	1	3	100	26550	100	26550	0.00825	0.00583333	0.003	0.017	265.5	81.2724	177	389	
8.25	8.5	4	4	4	3	100	26550	98	25560	0.00907143	0.0075645	0.003	0.024	260.816	133.385	157	495	
8.25	8.5	4	5	2	3	100	26550	100	26550	0.00475	0.00304636	0.003	0.01	265.5	149.085	113	453	
8.25	8.5	2	6	5	3	121	26592	115	24221	0.00707826	0.00764468	0.003	0.024	210.617	142.456	49	621	
8.25	8.5	2	7	1	3	90	26530	90	26530	0.003	0	0.003	0.003	294.778	184.553	11	517	
8.25	8.5	2	8	3	3	116	26582	116	26386	0.00553448	0.00455962	0.003	0.017	227.466	80.8094	12	389	
8.25	8.5	2	9	2	3	91	26532	89	26208	0.00441573	0.00282766	0.003	0.01	294.472	97.2311	39	453	
8.25	8.5	2	10	4	3	93	26536	82	19684	0.00957317	0.00542748	0.003	0.024	240.049	138.869	31	650	
8.25	8.5	3	11	5	3	75	26500	76	26677	0.01	0.00571548	0.003	0.017	351.013	252.564	157	746	
8.25	8.5	3	12	4	3	75	26500	75	26500	0.00757333	0.00655986	0.003	0.017	353.333	17.5594	341	378	
8.25	8.5	3	13	1	3	75	26500	76	26725	0.00861842	0.00636651	0.003	0.017	351.645	197.497	177	706	
8.25	8.5	3	14	3	3	75	26500	75	26500	0.00869333	0.00637557	0.003	0.017	353.333	198.274	177	706	
8.25	8.5	3	15	2	3	75	26500	75	26500	0.00533333	0.00332205	0.003	0.01	353.333	127.535	154	453	
8.25	8.5	1	16	2	3	100	26550	100	26542	0.00825	0.00583333	0.003	0.017	265.42	110.413	93	485	
8.25	8.5	1	17	1	3	82	26514	82	26892	0.00436585	0.00279113	0.003	0.01	327.951	105.212	75	453	
8.25	8.5	1	18	5	3	93	26536	93	26536	0.00315054	0.00102094	0.003	0.01	285.333	119.573	23	453	
8.25	8.5	1	19	4	3	104	26558	104	27017	0.00623077	0.00477093	0.003	0.017	259.779	152.573	15	706	
8.25	8.5	1	20	3	3	100	26550	82	15820	0.00692683	0.00613386	0.003	0.024	192.927	124.617	49	635	
8.5	8.75	4	1	3	3	50	26450	50	26450	0.0065	0.00353553	0.003	0.01	529	68.6904	461	597	
8.5	8.75	4	2	5	3	121	26592	111	23028	0.00634234	0.00711656	0.003	0.024	207.459	35.6712	157	288	
8.5	8.75	4	3	1	3	100	26550	100	26550	0.00825	0.00583333	0.003	0.017	265.5	81.2724	177	389	
8.5	8.75	4	4	4	3	100	26550	96	24725	0.009125	0.00788369	0.003	0.024	257.552	134.231	157	650	
8.5	8.75	4	5	2	3	100	26550	100	26550	0.00475	0.00304636	0.003	0.01	265.5	146.708	113	453	
8.5	8.75	2	6	5	3	118	26586	111	22429	0.00646847	0.00711825	0.003	0.024	202.063	127.72	49	639	
8.5	8.75	2	7	1	3	83	26516	83	26516	0.003	0	0.003	0.003	319.47	192.179	10	693	
8.5	8.75	2	8	3	3	100	26550	100	26628	0.00734	0.00533754	0.003	0.017	266.28	95.2341	59	389	
8.5	8.75	2	9	2	3	94	26538	95	26850	0.00410526	0.00276172	0.003	0.017	282.632	105.416	39	453	
8.5	8.75	2	10	4	3	80	26510	69	18221	0.0119275	0.00535317	0.003	0.024	264.072	158.617	31	650	
8.5	8.75	3	11	5	3	75	26500	76	26677	0.00917105	0.00615226	0.003	0.017	351.013	253.742	157	746	
8.5	8.75	3	12	4	3	75	26500	75	26500	0.00757333	0.00655986	0.003	0.017	353.333	17.5594	341	378	
8.5	8.75	3	13	1	3	75	26500	75	26500	0.00822667	0.00651935	0.003	0.017	353.333	212.7	177	706	
8.5	8.75	3	14	3	3	75	26500	76	26725	0.00825	0.00647894	0.003	0.017	351.645	211.789	177	706	
8.5	8.75	3	15	2	3	75	26500	75	26340	0.00533333	0.00332205	0.003	0.01	351.2	113.606	154	453	
8.5	8.75	1	16	2	3	100	26550	100	26594	0.00825	0.00583333	0.003	0.017	265.94	96.842	93	507	
8.5	8.75	1	17	1	3	85	26520	86	26595	0.0047093	0.00302486	0.003	0.01	309.244	124.127	52	485	
8.5	8.75	1	18	5	3	91	26532	91	26532	0.00376923	0.0022014	0.003	0.01	291.56	124.25	12	485	
8.5	8.75	1	19	4	3	99	26548	98	25673	0.00671428	0.00416911	0.003	0.017	261.969	125.361	9	650	
8.5	8.75	1	20	3	3	100	26550	79	13633	0.00627848	0.00523777	0.003	0.024	172.57	110.477	49	635	
8.75	9	4	1	3	3	50	26450	50	26450	0.0065	0.00353553	0.003	0.01	529	68.6904	461	597	
8.75	9	4	2	5	3	108	26566	94	20824	0.00635106	0.00604945	0.003	0.024	221.532	63.7793	157	495	
8.75	9	4	3	1	3	100	26550	100	26550	0.00832	0.00581166	0.003	0.017	265.5	81.2724	177	389	
8.75	9	4	4	4	3	97	26544	92	24069	0.00916304	0.00739955	0.003	0.024	261.62	141.372	157	650	
8.75	9	4	5	2	3	100	26550	100	26550	0.00475	0.00304636	0.003	0.01	265.5	144.292	113	453	
8.75	9	2	6	5	3	126	26602	115	22105	0.00543478	0.00642655	0.003	0.024	192.217	119.758	45	621	
8.75	9	2	7	1	3	78	26506	78	26506	0.003	0	0.003	0.003	339.821	194.844	11	597	
8.75	9	2	8	3	3	103	26556	103	26478	0.00639806	0.00508041	0.003	0.017	257.068	97.8542	12	389	
8.75	9	2	9	2	3	96	26542	96	26213	0.00358333	0.00219409	0.003	0.017	273.052	107.217	12	453	
8.75	9	2	10	4	3	97	26544	85	20049	0.00851765	0.00582607	0.003	0.024	235.871	110.802	75	650	
8.75	9	3	11	5	3	75	26500	73	25048	0.00904109	0.00609745	0.003	0.017	343.123	250.333	157	746	
8.75	9	3	12	4	3	75	26500	75	26500	0.00757333	0.00655986	0.003	0.017	353.333	25.9731	285	490	
8.75	9	3	13	1	3	75	26500	75	26404	0.00804	0.00656658	0.003	0.017	352.053	227.076	177	706	
8.75	9	3	14	3	3	75	26500	75	26404	0.00822667	0.00651935	0.003	0.017	352.053	227.076	177	706	
8.75	9	3	15	2	3	75	26500	75	26500	0.00533333	0.00332205	0.003	0.01	353.333	88.0369	154	453	
8.75	9	1	16	2	3	102	26554	102	26222	0.00766667	0.00560115	0.003	0.017	257.078	111.929	93	485	
8.75	9	1	17	1	3	84	26518	84	26518	0.00441667	0.00282931	0.003	0.01	315.69	111.429	23	453	
8.75	9	1	18	5	3	92	26534	92	26534	0.003	0	0.003	0.003	288.413	117.425	23	621	
8.75	9	1	19	4	3	100	26550	99	26279	0.00695959	0.00501614	0.003	0.017	265.444	166.438	11	706	
8.75	9	1	20	3	3	105	26560	89	17466	0.00653932	0.00569501	0.003	0.024	196.247	123.851	49	621	
9	9.25	4	1	3	3	50	26450	50	26450	0.0065	0.00353553	0.003	0.01	529	68.6904	461	597	
9	9.25	4	2	5	3	107	26564	95	22257	0.00727368	0.00709576	0.003	0.024	234.284	92.0256	128	650	
9	9.25	4	3	1	3	100	26550	100	26550	0.00825	0.00583333	0.003	0.017	265.5	81.7038	177	389	
9	9.25	4	4	4	3	100	26550	89	21463	0.00826966	0.00694256	0.003	0.024	241.157	118.004	157	495	
9	9.25	4	5	2	3	100	26550	100	26550	0.00475	0.00304636	0.003	0.01	265.5	145.263	113	453	
9	9.25	2	6	5	3	119	26588	109	21136	0.00627523	0.00684061	0.003	0.024	193.908	129.884	20	631	
9	9.25	2	7	1	3	77	26504	77	26504	0.003	0	0.003	0.003	344.208	195.565	11	597	
9	9.25	2	8	3	3	101	26552	101	26448	0.00667327	0.00500821	0.003	0.017	261.861	98.8396	59	479	
9	9.25	2	9	2	3	99	26548	100	26889	0.00412	0.00310191	0.003	0.017	268.89	114.083	12	453	
9	9.25	2	10	4	3	88	26526	81	22293	0.0107778	0.00635807	0.003	0.024	275.222	179.602	23	849	
9	9.25	3	11	5	3	75	26500	71	24774	0.00871831	0.00629554	0.003	0.017	348.93	261.425	157	746	
9	9.25	3	12	4	3	75	26500	75	26500	0.00757333	0.00655986	0.003	0.017	353.333	32.2626	285	490	
9	9.25	3	13	1	3	75	26500	75	26500	0.00822667	0.00651935	0.003	0.017	353.333	236.459	177	706	
9	9.25	3	14	3	3	75	26500	75	26596	0.00776	0.00662681	0.003	0.017	354.613	227.945	177	706	
9	9.25	3	15	2	3	75	26500	75	26660	0.00533333	0.00332205	0.003	0.01	355.467	89.4645	154	453	
9	9.25	1	16	2	3	101	26552	103	27462	0.00802913	0.00575046	0.003	0.017	266.621	135.605	36	598	
9	9.25	1	17	1	3	89	26528	89	26528	0.00433708	0.00276728	0.003	0.01	298.067	122.727	52	597	
9	9.25	1	18	5	3	93	26536	93	26536	0.00322581	0.0012435	0.003	0.01	285.333	128.741	12	749	
9	9.25	1	19	4	3	102	26554	104	27296	0.00744231	0.00552282	0.003	0.017	262.462	151.284	11	706	
9	9.25	1	20	3	3	102	26554	81	15497	0.00662963	0.00597169	0.003	0.024	191.321	152.66	49	739	
9.25	9.5	4	1	3	3	50	26450	50	26450	0.0065	0.00353553	0.003	0.01	529	68.6904	461	597	
9.25	9.5	4	2	5	3	114	26578	103	23102	0.00592233	0.00584219	0.003	0.024	224.291	78.6013	148	534	
9.25	9.5	4	3	1	3	99	26548	99	26548	0.00837374	0.00581621	0.003	0.017	268.162	82.3068	177	389	
9.25	9.5	4	4	4	3	100	26550	99	25717	0.00964646	0.00716755	0.003	0.024	259.768	128.144	157	495	
9.25	9.5	4	5	2	3	100	26550	100	26550	0.00475	0.00304636	0.003	0.01	265.5	143.314	113	453	
9.25	9.5	2	6	5	3	123	26596	120	25338	0.00685	0.00719436	0.003	0.024	211.15	143.302	75	746	
9.25	9.5	2	7	1	3	75	26500	75	26500	0.00309333	0.00080829	0.003	0.01	353.333	189.453	26	597	
9.25	9.5	2	8	3	3	108	26566	108	26670	0.00539815	0.00460585	0.003	0.017	246.944	94.5437	12	550	
9.25	9.5	2	9	2	3	97	26544	96	26203	0.00358333	0.00219409	0.003	0.017	272.948	104.651	4	453	
9.25	9.5	2	10	4	3	105	26560	94	21657	0.00761702	0.00548528	0.003	0.024	230.394	126.325	31	726	
9.25	9.5	3	11	5	3	75	26500	73	24559	0.0089452	0.00602516	0.003	0.017	336.425	246.941	157	746	
9.25	9.5	3	12	4	3	75	26500	75	26500	0.00757333	0.00655986	0.003	0.017	353.333	25.9731	285	490	
9.25	9.5	3	13	1	3	75	26500	75	26500	0.00766667	0.00664411	0.003	0.017	353.333	251.052	177	706	
9.25	9.5	3	14	3	3	75	26500	75	26404	0.00822667	0.00651935	0.003	0.017	352.053	227.076	177	706	
9.25	9.5	3	15	2	3	75	26500	75	26340	0.00533333	0.00332205	0.003	0.01	351.2	90.8951	154	453	
9.25	9.5	1	16	2	3	100	26550	98	25972	0.0075	0.00543613	0.003	0.017	265.02	116.256	93	485	
9.25	9.5	1	17	1	3	79	26508	78	26215	0.00398718	0.00245211	0.003	0.01	336.09	100.09	8	485	
9.25	9.5	1	18	5	3	88	26526	88	26526	0.00307954	0.000746203	0.003	0.01	301.432	109.604	23	485	
9.25	9.5	1	19	4	3	98	26546	97	26482	0.00617526	0.0048477	0.003	0.024	273.01	166.423	36	706	
9.25	9.5	1	20	3	3	104	26558	94	20950	0.00717021	0.00659853	0.003	0.024	222.872	152.343	32	621	
9.5	9.75	4	1	3	3	51	26452	51	26452	0.00615686	0.0035178	0.003	0.01	518.667	95.7442	58	597	
9.5	9.75	4	2	5	3	103	26556	90	21831	0.00712222	0.00619864	0.003	0.024	242.567	92.0585	128	650	
9.5	9.75	4	3	1	3	100	26550	100	26550	0.00825	0.00583333	0.003	0.017	265.5	90.0682	107	485	
9.5	9.75	4	4	4	3	100	26550	94	23720	0.00932979	0.00719078	0.003	0.024	252.34	120.706	157	495	
9.5	9.75	4	5	2	3	100	26550	100	26550	0.00461	0.00296067	0.003	0.01	265.5	146.874	11	597	
9.5	9.75	2	6	5	3	122	26594	115	23075	0.0065913	0.00714376	0.003	0.024	200.652	130.151	49	621	
9.5	9.75	2	7	1	3	75	26500	75	26500	0.003	0	0.003	0.003	353.333	204.991	11	903	
9.5	9.75	2	8	3	3	101	26552	101	26552	0.00660396	0.00481057	0.003	0.017	262.891	98.691	12	389	
9.5	9.75	2	9	2	3	92	26534	92	26422	0.00459783	0.00295408	0.003	0.01	287.196	99.2863	39	453	
9.5	9.75	2	10	4	3	87	26524	80	21431	0.011225	0.00597458	0.003	0.024	267.887	159.373	31	650	
9.5	9.75	3	11	5	3	75	26500	76	26677	0.00917105	0.00615226	0.003	0.017	351.013	259.55	157	746	
9.5	9.75	3	12	4	3	75	26500	75	26500	0.00748	0.00647315	0.003	0.017	353.333	25.9731	285	490	
9.5	9.75	3	13	1	3	75	26500	75	26500	0.00766667	0.00664411	0.003	0.017	353.333	251.052	177	706	
9.5	9.75	3	14	3	3	75	26500	74	26467	0.00810811	0.00658468	0.003	0.017	357.662	230.714	177	706	
9.5	9.75	3	15	2	3	75	26500	75	26500	0.00533333	0.00332205	0.003	0.01	353.333	83.5251	154	453	
9.5	9.75	1	16	2	3	100	26550	100	26410	0.00825	0.00583333	0.003	0.017	264.1	114.873	11	507	
9.5	9.75	1	17	1	3	88	26526	88	26366	0.00419318	0.00264731	0.003	0.01	299.614	115.988	75	453	
9.5	9.75	1	18	5	3	92	26534	92	26534	0.00322826	0.00125008	0.003	0.01	288.413	129.702	23	749	
9.5	9.75	1	19	4	3	104	26558	107	27275	0.00659813	0.00493708	0.003	0.017	254.907	126.165	11	591	
9.5	9.75	1	20	3	3	100	26550	83	16343	0.00713253	0.00637788	0.003	0.024	196.904	147.19	49	739	
9.75	10	4	1	3	3	50	26450	50	26450	0.0065	0.00353553	0.003	0.01	529	68.6904	461	597	
9.75	10	4	2	5	3	112	26574	103	23998	0.00700971	0.00737443	0.003	0.024	232.99	84.899	152	650	
9.75	10	4	3	1	3	100	26550	100	26550	0.00825	0.00583333	0.003	0.017	265.5	81.7038	177	389	
9.75	10	4	4	4	3	101	26552	95	23602	0.00911579	0.00663624	0.003	0.024	248.442	117.454	157	495	
9.75	10	4	5	2	3	100	26550	100	26550	0.00475	0.00304636	0.003	0.01	265.5	144.778	113	453	
9.75	10	2	6	5	3	122	26594	118	24938	0.00673729	0.00730347	0.003	0.024	211.339	139.682	75	639	
9.75	10	2	7	1	3	76	26502	76	26502	0.003	0	0.003	0.003	348.711	200.66	11	693	
9.75	10	2	8	3	3	101	26552	101	26552	0.00584158	0.00444687	0.003	0.017	262.891	83.9118	12	389	
9.75	10	2	9	2	3	92	26534	93	26987	0.00435484	0.00296591	0.003	0.017	290.183	104.188	39	453	
9.75	10	2	10	4	3	93	26536	87	21924	0.00951724	0.00601908	0.003	0.024	252	139.701	31	650	
9.75	10	3	11	5	3	75	26500	74	26323	0.00962162	0.00600845	0.003	0.017	355.716	255.532	157	746	
9.75	10	3	12	4	3	75	26500	75	26500	0.00738667	0.00638388	0.003	0.017	353.333	17.5594	341	378	
9.75	10	3	13	1	3	75	26500	75	26500	0.00766667	0.00664411	0.003	0.017	353.333	251.052	177	706	
9.75	10	3	14	3	3	75	26500	76	26629	0.00797368	0.00654823	0.003	0.017	350.382	218.125	177	706	
9.75	10	3	15	2	3	75	26500	75	26500	0.00533333	0.00332205	0.003	0.01	353.333	28.0002	314	373	
9.75	10	1	16	2	3	100	26550	100	26490	0.00825	0.00583333	0.003	0.017	264.9	110.418	93	485	
9.75	10	1	17	1	3	81	26512	82	26965	0.00428049	0.0027229	0.003	0.01	328.841	100.57	75	485	
9.75	10	1	18	5	3	92	26534	91	26300	0.00338461	0.00160395	0.003	0.01	289.011	127.983	23	485	
9.75	10	1	19	4	3	102	26554	100	25475	0.0065	0.00521749	0.003	0.024	254.75	161.808	44	839	
9.75	10	1	20	3	3	100	26550	89	19939	0.00826966	0.00748296	0.003	0.024	224.034	168.332	49	687	
