% start	end	CellId	IMSI	RNTI	LCID	nTxPDUs	TxBytes	nRxPDUs	RxBytes	delay	stdDev	min	max	PduSize	stdDev	min	max
0.5	0.75	4	1	3	3	54	170689	54	170689	0.00312963	0.000952579	0.003	0.01	3160.91	145.629	2112	3182	
0.5	0.75	4	2	5	3	46	42150	46	42150	0.00315217	0.00103209	0.003	0.01	916.304	524.304	839	4395	
0.5	0.75	4	3	1	3	43	39850	43	39850	0.00332558	0.00149158	0.003	0.01	926.744	542.507	839	4395	
0.5	0.75	4	4	4	3	47	42817	46	41978	0.00315217	0.00103209	0.003	0.01	912.565	498.944	839	4223	
0.5	0.75	4	5	2	3	51	96471	50	94635	0.00328	0.00138564	0.003	0.01	1892.7	363.203	1836	4395	
0.5	0.75	2	6	5	3	40	28614	40	28614	0.003175	0.0011068	0.003	0.01	715.35	596.722	621	4395	
0.5	0.75	2	7	1	3	52	124701	52	124701	0.00326923	0.00135929	0.003	0.01	2398.1	337.157	1056	4395	
0.5	0.75	2	8	3	3	51	49917	50	48982	0.00314	0.000989949	0.003	0.01	979.64	315.652	935	3167	
0.5	0.75	2	9	2	3	50	79803	50	79803	0.00328	0.00138564	0.003	0.01	1596.06	412.29	1527	4395	
0.5	0.75	2	10	4	3	48	43656	47	42817	0.00314894	0.00102105	0.003	0.01	911	493.607	839	4223	
0.5	0.75	3	11	5	3	46	42150	46	42150	0.00315217	0.00103209	0.003	0.01	916.304	524.304	839	4395	
0.5	0.75	3	12	4	3	51	96023	51	96023	0.00313725	0.000980196	0.003	0.01	1882.8	334.247	1836	4223	
0.5	0.75	3	13	1	3	45	45656	45	45656	0.00331111	0.00145886	0.003	0.01	1014.58	515.692	935	4395	
0.5	0.75	3	14	3	3	49	48047	48	47112	0.00314583	0.00101036	0.003	0.01	981.5	322.161	935	3167	
0.5	0.75	3	15	2	3	50	101547	49	99567	0.00328571	0.0013994	0.003	0.01	2031.98	345.122	1980	4395	
0.5	0.75	1	16	2	3	44	41745	44	41745	0.00331818	0.00147495	0.003	0.01	948.75	565.185	839	4395	
0.5	0.75	1	17	1	3	52	104451	51	102471	0.00327451	0.00137227	0.003	0.01	2009.24	364.484	1056	4395	
0.5	0.75	1	18	5	3	53	107355	53	107355	0.00313207	0.000961524	0.003	0.01	2025.57	331.726	1980	4395	
0.5	0.75	1	19	4	3	48	43656	47	42817	0.00314894	0.00102105	0.003	0.01	911	493.607	839	4223	
0.5	0.75	1	20	3	3	44	21958	44	21958	0.00315909	0.00105529	0.003	0.01	499.045	411.563	437	3167	
0.75	1	4	1	3	3	53	168646	52	165464	0.003	0	0.003	0.003	3182	0	3182	3182	
0.75	1	4	2	5	3	49	41109	49	41109	0.003	0	0.003	0.003	838.959	0.285714	837	839	
0.75	1	4	3	1	3	49	41109	48	40270	0.003	0	0.003	0.003	838.958	0.288675	837	839	
0.75	1	4	4	4	3	48	40272	49	41111	0.003	0	0.003	0.003	839	0	839	839	
0.75	1	4	5	2	3	51	93636	52	95472	0.003	0	0.003	0.003	1836	0	1836	1836	
0.75	1	2	6	5	3	44	27324	44	27324	0.003	0	0.003	0.003	621	0	621	621	
0.75	1	2	7	1	3	52	124020	52	124020	0.003	0	0.003	0.003	2385	0	2385	2385	
0.75	1	2	8	3	3	52	48620	52	48620	0.003	0	0.003	0.003	935	0	935	935	
0.75	1	2	9	2	3	52	79404	52	79404	0.003	0	0.003	0.003	1527	0	1527	1527	
0.75	1	2	10	4	3	50	41950	50	41950	0.003	0	0.003	0.003	839	0	839	839	
0.75	1	3	11	5	3	48	40270	48	40270	0.003	0	0.003	0.003	838.958	0.288675	837	839	
0.75	1	3	12	4	3	51	93636	50	91800	0.003	0	0.003	0.003	1836	0	1836	1836	
0.75	1	3	13	1	3	51	47685	50	46750	0.003	0	0.003	0.003	935	0	935	935	
0.75	1	3	14	3	3	50	46750	51	47685	0.003	0	0.003	0.003	935	0	935	935	
0.75	1	3	15	2	3	50	99000	51	100980	0.003	0	0.003	0.003	1980	0	1980	1980	
0.75	1	1	16	2	3	49	41109	49	41109	0.003	0	0.003	0.003	838.959	0.285714	837	839	
0.75	1	1	17	1	3	51	100980	51	100980	0.003	0	0.003	0.003	1980	0	1980	1980	
0.75	1	1	18	5	3	51	100980	51	100980	0.003	0	0.003	0.003	1980	0	1980	1980	
0.75	1	1	19	4	3	49	41111	49	41111	0.003	0	0.003	0.003	839	0	839	839	
0.75	1	1	20	3	3	50	21850	50	21850	0.003	0	0.003	0.003	437	0	437	437	
1	1.25	4	1	3	3	52	165464	53	168646	0.003	0	0.003	0.003	3182	0	3182	3182	
1	1.25	4	2	5	3	49	41111	48	40272	0.003	0	0.003	0.003	839	0	839	839	
1	1.25	4	3	1	3	49	41111	49	41111	0.003	0	0.003	0.003	839	0	839	839	
1	1.25	4	4	4	3	49	41111	49	41111	0.003	0	0.003	0.003	839	0	839	839	
1	1.25	4	5	2	3	51	93636	51	93636	0.003	0	0.003	0.003	1836	0	1836	1836	
1	1.25	2	6	5	3	44	27324	44	27324	0.003	0	0.003	0.003	621	0	621	621	
1	1.25	2	7	1	3	52	124020	52	124020	0.003	0	0.003	0.003	2385	0	2385	2385	
1	1.25	2	8	3	3	52	48620	52	48620	0.003	0	0.003	0.003	935	0	935	935	
1	1.25	2	9	2	3	52	79404	52	79404	0.003	0	0.003	0.003	1527	0	1527	1527	
1	1.25	2	10	4	3	50	41950	50	41950	0.003	0	0.003	0.003	839	0	839	839	
1	1.25	3	11	5	3	49	41111	48	40272	0.003	0	0.003	0.003	839	0	839	839	
1	1.25	3	12	4	3	50	91800	51	93636	0.003	0	0.003	0.003	1836	0	1836	1836	
1	1.25	3	13	1	3	50	46748	51	47683	0.003	0	0.003	0.003	934.961	0.280056	933	935	
1	1.25	3	14	3	3	50	46750	50	46750	0.003	0	0.003	0.003	935	0	935	935	
1	1.25	3	15	2	3	51	100980	50	99000	0.003	0	0.003	0.003	1980	0	1980	1980	
1	1.25	1	16	2	3	49	41111	49	41111	0.003	0	0.003	0.003	839	0	839	839	
1	1.25	1	17	1	3	51	100979	51	100980	0.003	0	0.003	0.003	1980	0	1980	1980	
1	1.25	1	18	5	3	51	100979	51	100979	0.003	0	0.003	0.003	1979.98	0.140028	1979	1980	
1	1.25	1	19	4	3	49	41111	49	41111	0.003	0	0.003	0.003	839	0	839	839	
1	1.25	1	20	3	3	50	21850	50	21850	0.003	0	0.003	0.003	437	0	437	437	
1.25	1.5	4	1	3	3	53	168646	52	165464	0.003	0	0.003	0.003	3182	0	3182	3182	
1.25	1.5	4	2	5	3	49	41111	49	41111	0.003	0	0.003	0.003	839	0	839	839	
1.25	1.5	4	3	1	3	48	40272	49	41111	0.003	0	0.003	0.003	839	0	839	839	
1.25	1.5	4	4	4	3	49	41111	49	41111	0.003	0	0.003	0.003	839	0	839	839	
1.25	1.5	4	5	2	3	51	93636	51	93636	0.003	0	0.003	0.003	1836	0	1836	1836	
1.25	1.5	2	6	5	3	45	27945	44	27324	0.003	0	0.003	0.003	621	0	621	621	
1.25	1.5	2	7	1	3	52	124020	52	124020	0.003	0	0.003	0.003	2385	0	2385	2385	
1.25	1.5	2	8	3	3	52	48620	52	48620	0.003	0	0.003	0.003	935	0	935	935	
1.25	1.5	2	9	2	3	52	79404	52	79404	0.003	0	0.003	0.003	1527	0	1527	1527	
1.25	1.5	2	10	4	3	49	41111	50	41950	0.003	0	0.003	0.003	839	0	839	839	
1.25	1.5	3	11	5	3	48	40272	48	40272	0.003	0	0.003	0.003	839	0	839	839	
1.25	1.5	3	12	4	3	50	91800	50	91800	0.003	0	0.003	0.003	1836	0	1836	1836	
1.25	1.5	3	13	1	3	51	47685	50	46750	0.003	0	0.003	0.003	935	0	935	935	
1.25	1.5	3	14	3	3	51	47685	51	47685	0.003	0	0.003	0.003	935	0	935	935	
1.25	1.5	3	15	2	3	50	98999	51	100979	0.003	0	0.003	0.003	1979.98	0.140028	1979	1980	
1.25	1.5	1	16	2	3	49	41111	49	41111	0.003	0	0.003	0.003	839	0	839	839	
1.25	1.5	1	17	1	3	51	100980	51	100979	0.003	0	0.003	0.003	1979.98	0.140028	1979	1980	
1.25	1.5	1	18	5	3	51	100980	51	100980	0.003	0	0.003	0.003	1980	0	1980	1980	
1.25	1.5	1	19	4	3	49	41111	49	41111	0.003	0	0.003	0.003	839	0	839	839	
1.25	1.5	1	20	3	3	50	21850	50	21850	0.003	0	0.003	0.003	437	0	437	437	
1.5	1.75	4	1	3	3	52	165464	53	168646	0.003	0	0.003	0.003	3182	0	3182	3182	
1.5	1.75	4	2	5	3	48	40272	49	41111	0.003	0	0.003	0.003	839	0	839	839	
1.5	1.75	4	3	1	3	49	41111	49	41111	0.003	0	0.003	0.003	839	0	839	839	
1.5	1.75	4	4	4	3	49	41111	48	40272	0.003	0	0.003	0.003	839	0	839	839	
1.5	1.75	4	5	2	3	52	95472	51	93636	0.003	0	0.003	0.003	1836	0	1836	1836	
1.5	1.75	2	6	5	3	44	27324	45	27945	0.003	0	0.003	0.003	621	0	621	621	
1.5	1.75	2	7	1	3	52	124020	52	124020	0.003	0	0.003	0.003	2385	0	2385	2385	
1.5	1.75	2	8	3	3	52	48620	52	48620	0.003	0	0.003	0.003	935	0	935	935	
1.5	1.75	2	9	2	3	52	79404	51	77877	0.003	0	0.003	0.003	1527	0	1527	1527	
1.5	1.75	2	10	4	3	50	41950	50	41950	0.003	0	0.003	0.003	839	0	839	839	
1.5	1.75	3	11	5	3	48	40272	49	41111	0.003	0	0.003	0.003	839	0	839	839	
1.5	1.75	3	12	4	3	51	93636	50	91800	0.003	0	0.003	0.003	1836	0	1836	1836	
1.5	1.75	3	13	1	3	50	46750	51	47685	0.003	0	0.003	0.003	935	0	935	935	
1.5	1.75	3	14	3	3	50	46750	50	46750	0.003	0	0.003	0.003	935	0	935	935	
1.5	1.75	3	15	2	3	51	100980	50	99000	0.003	0	0.003	0.003	1980	0	1980	1980	
1.5	1.75	1	16	2	3	49	41111	49	41111	0.003	0	0.003	0.003	839	0	839	839	
1.5	1.75	1	17	1	3	51	100980	52	102960	0.003	0	0.003	0.003	1980	0	1980	1980	
1.5	1.75	1	18	5	3	51	100980	51	100980	0.003	0	0.003	0.003	1980	0	1980	1980	
1.5	1.75	1	19	4	3	49	41111	49	41111	0.003	0	0.003	0.003	839	0	839	839	
1.5	1.75	1	20	3	3	50	21850	49	21413	0.003	0	0.003	0.003	437	0	437	437	
1.75	2	4	1	3	3	53	168646	52	165464	0.003	0	0.003	0.003	3182	0	3182	3182	
1.75	2	4	2	5	3	49	41111	49	41111	0.003	0	0.003	0.003	839	0	839	839	
1.75	2	4	3	1	3	49	41111	48	40272	0.003	0	0.003	0.003	839	0	839	839	
1.75	2	4	4	4	3	48	40272	49	41111	0.003	0	0.003	0.003	839	0	839	839	
1.75	2	4	5	2	3	51	93636	52	95472	0.003	0	0.003	0.003	1836	0	1836	1836	
1.75	2	2	6	5	3	44	27324	44	27324	0.003	0	0.003	0.003	621	0	621	621	
1.75	2	2	7	1	3	52	124020	52	124020	0.003	0	0.003	0.003	2385	0	2385	2385	
1.75	2	2	8	3	3	52	48620	52	48620	0.003	0	0.003	0.003	935	0	935	935	
1.75	2	2	9	2	3	52	79404	52	79404	0.003	0	0.003	0.003	1527	0	1527	1527	
1.75	2	2	10	4	3	50	41950	50	41950	0.003	0	0.003	0.003	839	0	839	839	
1.75	2	3	11	5	3	48	40272	48	40272	0.003	0	0.003	0.003	839	0	839	839	
1.75	2	3	12	4	3	50	91800	51	93636	0.003	0	0.003	0.003	1836	0	1836	1836	
1.75	2	3	13	1	3	51	47685	50	46750	0.003	0	0.003	0.003	935	0	935	935	
1.75	2	3	14	3	3	51	47685	50	46750	0.003	0	0.003	0.003	935	0	935	935	
1.75	2	3	15	2	3	50	99000	51	100980	0.003	0	0.003	0.003	1980	0	1980	1980	
1.75	2	1	16	2	3	49	41111	49	41111	0.003	0	0.003	0.003	839	0	839	839	
1.75	2	1	17	1	3	51	100980	51	100980	0.003	0	0.003	0.003	1980	0	1980	1980	
1.75	2	1	18	5	3	52	102960	51	100980	0.003	0	0.003	0.003	1980	0	1980	1980	
1.75	2	1	19	4	3	49	41111	49	41111	0.003	0	0.003	0.003	839	0	839	839	
1.75	2	1	20	3	3	49	21413	50	21850	0.003	0	0.003	0.003	437	0	437	437	
2	2.25	4	1	3	3	52	165464	53	168646	0.003	0	0.003	0.003	3182	0	3182	3182	
2	2.25	4	2	5	3	49	41111	48	40272	0.003	0	0.003	0.003	839	0	839	839	
2	2.25	4	3	1	3	49	41111	49	41111	0.003	0	0.003	0.003	839	0	839	839	
2	2.25	4	4	4	3	49	41111	49	41111	0.003	0	0.003	0.003	839	0	839	839	
2	2.25	4	5	2	3	51	93636	51	93636	0.003	0	0.003	0.003	1836	0	1836	1836	
2	2.25	2	6	5	3	44	27324	44	27324	0.003	0	0.003	0.003	621	0	621	621	
2	2.25	2	7	1	3	52	124020	52	124020	0.003	0	0.003	0.003	2385	0	2385	2385	
2	2.25	2	8	3	3	52	48618	52	48618	0.003	0	0.003	0.003	934.962	0.27735	933	935	
2	2.25	2	9	2	3	52	79404	52	79404	0.003	0	0.003	0.003	1527	0	1527	1527	
2	2.25	2	10	4	3	50	41950	50	41950	0.003	0	0.003	0.003	839	0	839	839	
2	2.25	3	11	5	3	49	41111	48	40272	0.003	0	0.003	0.003	839	0	839	839	
2	2.25	3	12	4	3	51	93636	50	91800	0.003	0	0.003	0.003	1836	0	1836	1836	
2	2.25	3	13	1	3	50	46750	51	47685	0.003	0	0.003	0.003	935	0	935	935	
2	2.25	3	14	3	3	50	46750	51	47685	0.003	0	0.003	0.003	935	0	935	935	
2	2.25	3	15	2	3	50	99000	50	99000	0.003	0	0.003	0.003	1980	0	1980	1980	
2	2.25	1	16	2	3	49	41111	49	41111	0.003	0	0.003	0.003	839	0	839	839	
2	2.25	1	17	1	3	51	100980	51	100980	0.003	0	0.003	0.003	1980	0	1980	1980	
2	2.25	1	18	5	3	51	100980	51	100980	0.003	0	0.003	0.003	1980	0	1980	1980	
2	2.25	1	19	4	3	49	41111	49	41111	0.003	0	0.003	0.003	839	0	839	839	
2	2.25	1	20	3	3	50	21850	50	21850	0.003	0	0.003	0.003	437	0	437	437	
2.25	2.5	4	1	3	3	53	168646	53	168646	0.003	0	0.003	0.003	3182	0	3182	3182	
2.25	2.5	4	2	5	3	48	40272	49	41111	0.003	0	0.003	0.003	839	0	839	839	
2.25	2.5	4	3	1	3	48	40272	49	41111	0.003	0	0.003	0.003	839	0	839	839	
2.25	2.5	4	4	4	3	49	41109	48	40270	0.003	0	0.003	0.003	838.958	0.288675	837	839	
2.25	2.5	4	5	2	3	52	95472	51	93636	0.003	0	0.003	0.003	1836	0	1836	1836	
2.25	2.5	2	6	5	3	45	27945	44	27324	0.003	0	0.003	0.003	621	0	621	621	
2.25	2.5	2	7	1	3	52	124020	52	124020	0.003	0	0.003	0.003	2385	0	2385	2385	
2.25	2.5	2	8	3	3	51	47685	52	48620	0.003	0	0.003	0.003	935	0	935	935	
2.25	2.5	2	9	2	3	52	79404	52	79404	0.003	0	0.003	0.003	1527	0	1527	1527	
2.25	2.5	2	10	4	3	50	41948	50	41948	0.003	0	0.003	0.003	838.96	0.282843	837	839	
2.25	2.5	3	11	5	3	48	40272	48	40272	0.003	0	0.003	0.003	839	0	839	839	
2.25	2.5	3	12	4	3	50	91800	51	93636	0.003	0	0.003	0.003	1836	0	1836	1836	
2.25	2.5	3	13	1	3	50	46750	50	46750	0.003	0	0.003	0.003	935	0	935	935	
2.25	2.5	3	14	3	3	51	47683	50	46748	0.003	0	0.003	0.003	934.96	0.282843	933	935	
2.25	2.5	3	15	2	3	51	100980	51	100980	0.003	0	0.003	0.003	1980	0	1980	1980	
2.25	2.5	1	16	2	3	49	41111	49	41111	0.003	0	0.003	0.003	839	0	839	839	
2.25	2.5	1	17	1	3	51	100980	51	100980	0.003	0	0.003	0.003	1980	0	1980	1980	
2.25	2.5	1	18	5	3	51	100980	51	100980	0.003	0	0.003	0.003	1980	0	1980	1980	
2.25	2.5	1	19	4	3	49	41109	49	41109	0.003	0	0.003	0.003	838.959	0.285714	837	839	
2.25	2.5	1	20	3	3	50	21848	50	21848	0.003	0	0.003	0.003	436.96	0.282843	435	437	
2.5	2.75	4	1	3	3	52	165464	52	165464	0.003	0	0.003	0.003	3182	0	3182	3182	
2.5	2.75	4	2	5	3	49	41109	49	41109	0.003	0	0.003	0.003	838.959	0.285714	837	839	
2.5	2.75	4	3	1	3	49	41109	49	41109	0.003	0	0.003	0.003	838.959	0.285714	837	839	
2.5	2.75	4	4	4	3	49	41111	49	41111	0.003	0	0.003	0.003	839	0	839	839	
2.5	2.75	4	5	2	3	51	93636	51	93636	0.003	0	0.003	0.003	1836	0	1836	1836	
2.5	2.75	2	6	5	3	44	27324	44	27324	0.003	0	0.003	0.003	621	0	621	621	
2.5	2.75	2	7	1	3	52	124020	52	124020	0.003	0	0.003	0.003	2385	0	2385	2385	
2.5	2.75	2	8	3	3	52	48620	52	48620	0.003	0	0.003	0.003	935	0	935	935	
2.5	2.75	2	9	2	3	52	79404	52	79404	0.003	0	0.003	0.003	1527	0	1527	1527	
2.5	2.75	2	10	4	3	50	41950	50	41950	0.003	0	0.003	0.003	839	0	839	839	
2.5	2.75	3	11	5	3	48	40270	49	41109	0.003	0	0.003	0.003	838.959	0.285714	837	839	
2.5	2.75	3	12	4	3	51	93636	50	91800	0.003	0	0.003	0.003	1836	0	1836	1836	
2.5	2.75	3	13	1	3	51	47685	50	46750	0.003	0	0.003	0.003	935	0	935	935	
2.5	2.75	3	14	3	3	50	46750	51	47685	0.003	0	0.003	0.003	935	0	935	935	
2.5	2.75	3	15	2	3	50	99000	50	99000	0.003	0	0.003	0.003	1980	0	1980	1980	
2.5	2.75	1	16	2	3	49	41109	49	41109	0.003	0	0.003	0.003	838.959	0.285714	837	839	
2.5	2.75	1	17	1	3	51	100980	51	100980	0.003	0	0.003	0.003	1980	0	1980	1980	
2.5	2.75	1	18	5	3	51	100980	51	100980	0.003	0	0.003	0.003	1980	0	1980	1980	
2.5	2.75	1	19	4	3	49	41111	49	41111	0.003	0	0.003	0.003	839	0	839	839	
2.5	2.75	1	20	3	3	50	21850	50	21850	0.003	0	0.003	0.003	437	0	437	437	
2.75	3	4	1	3	3	53	168644	53	168644	0.003	0	0.003	0.003	3181.96	0.274721	3180	3182	
2.75	3	4	2	5	3	49	41111	48	40272	0.003	0	0.003	0.003	839	0	839	839	
2.75	3	4	3	1	3	49	41111	48	40272	0.003	0	0.003	0.003	839	0	839	839	
2.75	3	4	4	4	3	48	40272	49	41111	0.003	0	0.003	0.003	839	0	839	839	
2.75	3	4	5	2	3	51	93636	52	95472	0.003	0	0.003	0.003	1836	0	1836	1836	
2.75	3	2	6	5	3	44	27324	44	27324	0.003	0	0.003	0.003	621	0	621	621	
2.75	3	2	7	1	3	52	124020	52	124020	0.003	0	0.003	0.003	2385	0	2385	2385	
2.75	3	2	8	3	3	52	48620	52	48620	0.003	0	0.003	0.003	935	0	935	935	
2.75	3	2	9	2	3	52	79404	52	79404	0.003	0	0.003	0.003	1527	0	1527	1527	
2.75	3	2	10	4	3	50	41950	50	41950	0.003	0	0.003	0.003	839	0	839	839	
2.75	3	3	11	5	3	49	41111	48	40272	0.003	0	0.003	0.003	839	0	839	839	
2.75	3	3	12	4	3	50	91800	51	93636	0.003	0	0.003	0.003	1836	0	1836	1836	
2.75	3	3	13	1	3	50	46748	51	47683	0.003	0	0.003	0.003	934.961	0.280056	933	935	
2.75	3	3	14	3	3	50	46750	50	46750	0.003	0	0.003	0.003	935	0	935	935	
2.75	3	3	15	2	3	51	100980	50	99000	0.003	0	0.003	0.003	1980	0	1980	1980	
2.75	3	1	16	2	3	49	41111	49	41111	0.003	0	0.003	0.003	839	0	839	839	
2.75	3	1	17	1	3	51	100980	51	100980	0.003	0	0.003	0.003	1980	0	1980	1980	
2.75	3	1	18	5	3	51	100980	52	102960	0.003	0	0.003	0.003	1980	0	1980	1980	
2.75	3	1	19	4	3	49	41111	49	41111	0.003	0	0.003	0.003	839	0	839	839	
2.75	3	1	20	3	3	50	21850	49	21413	0.003	0	0.003	0.003	437	0	437	437	
3	3.25	4	1	3	3	53	168646	52	165464	0.003	0	0.003	0.003	3182	0	3182	3182	
3	3.25	4	2	5	3	49	41111	49	41111	0.003	0	0.003	0.003	839	0	839	839	
3	3.25	4	3	1	3	48	40272	49	41111	0.003	0	0.003	0.003	839	0	839	839	
3	3.25	4	4	4	3	49	41111	49	41111	0.003	0	0.003	0.003	839	0	839	839	
3	3.25	4	5	2	3	51	93636	51	93636	0.003	0	0.003	0.003	1836	0	1836	1836	
3	3.25	2	6	5	3	44	27324	45	27945	0.003	0	0.003	0.003	621	0	621	621	
3	3.25	2	7	1	3	52	124020	51	121635	0.003	0	0.003	0.003	2385	0	2385	2385	
3	3.25	2	8	3	3	52	48620	52	48620	0.003	0	0.003	0.003	935	0	935	935	
3	3.25	2	9	2	3	52	79404	52	79404	0.003	0	0.003	0.003	1527	0	1527	1527	
3	3.25	2	10	4	3	50	41950	50	41950	0.003	0	0.003	0.003	839	0	839	839	
3	3.25	3	11	5	3	48	40272	48	40272	0.003	0	0.003	0.003	839	0	839	839	
3	3.25	3	12	4	3	50	91800	50	91800	0.003	0	0.003	0.003	1836	0	1836	1836	
3	3.25	3	13	1	3	51	47685	50	46750	0.003	0	0.003	0.003	935	0	935	935	
3	3.25	3	14	3	3	51	47685	51	47685	0.003	0	0.003	0.003	935	0	935	935	
3	3.25	3	15	2	3	50	99000	51	100980	0.003	0	0.003	0.003	1980	0	1980	1980	
3	3.25	1	16	2	3	49	41111	49	41111	0.003	0	0.003	0.003	839	0	839	839	
3	3.25	1	17	1	3	52	102960	51	100980	0.003	0	0.003	0.003	1980	0	1980	1980	
3	3.25	1	18	5	3	51	100980	51	100980	0.003	0	0.003	0.003	1980	0	1980	1980	
3	3.25	1	19	4	3	49	41111	49	41111	0.003	0	0.003	0.003	839	0	839	839	
3	3.25	1	20	3	3	49	21413	50	21850	0.003	0	0.003	0.003	437	0	437	437	
3.25	3.5	4	1	3	3	52	165464	53	168646	0.003	0	0.003	0.003	3182	0	3182	3182	
3.25	3.5	4	2	5	3	48	40272	49	41111	0.003	0	0.003	0.003	839	0	839	839	
3.25	3.5	4	3	1	3	49	41111	49	41111	0.003	0	0.003	0.003	839	0	839	839	
3.25	3.5	4	4	4	3	49	41111	48	40272	0.003	0	0.003	0.003	839	0	839	839	
3.25	3.5	4	5	2	3	52	95472	51	93636	0.003	0	0.003	0.003	1836	0	1836	1836	
3.25	3.5	2	6	5	3	44	27324	44	27324	0.003	0	0.003	0.003	621	0	621	621	
3.25	3.5	2	7	1	3	52	124020	52	124020	0.003	0	0.003	0.003	2385	0	2385	2385	
3.25	3.5	2	8	3	3	52	48620	52	48620	0.003	0	0.003	0.003	935	0	935	935	
3.25	3.5	2	9	2	3	52	79392	52	79392	0.003	0	0.003	0.003	1526.77	0.645205	1525	1527	
3.25	3.5	2	10	4	3	50	41950	50	41950	0.003	0	0.003	0.003	839	0	839	839	
3.25	3.5	3	11	5	3	48	40272	49	41111	0.003	0	0.003	0.003	839	0	839	839	
3.25	3.5	3	12	4	3	51	93636	50	91800	0.003	0	0.003	0.003	1836	0	1836	1836	
3.25	3.5	3	13	1	3	50	46750	51	47685	0.003	0	0.003	0.003	935	0	935	935	
3.25	3.5	3	14	3	3	50	46750	50	46750	0.003	0	0.003	0.003	935	0	935	935	
3.25	3.5	3	15	2	3	51	100980	50	99000	0.003	0	0.003	0.003	1980	0	1980	1980	
3.25	3.5	1	16	2	3	49	41111	49	41111	0.003	0	0.003	0.003	839	0	839	839	
3.25	3.5	1	17	1	3	51	100980	51	100980	0.003	0	0.003	0.003	1980	0	1980	1980	
3.25	3.5	1	18	5	3	51	100980	51	100980	0.003	0	0.003	0.003	1980	0	1980	1980	
3.25	3.5	1	19	4	3	49	41111	49	41111	0.003	0	0.003	0.003	839	0	839	839	
3.25	3.5	1	20	3	3	50	21850	50	21850	0.003	0	0.003	0.003	437	0	437	437	
3.5	3.75	4	1	3	3	53	168646	52	165464	0.003	0	0.003	0.003	3182	0	3182	3182	
3.5	3.75	4	2	5	3	49	41111	49	41111	0.003	0	0.003	0.003	839	0	839	839	
3.5	3.75	4	3	1	3	49	41111	48	40272	0.003	0	0.003	0.003	839	0	839	839	
3.5	3.75	4	4	4	3	48	40272	49	41111	0.003	0	0.003	0.003	839	0	839	839	
3.5	3.75	4	5	2	3	51	93636	52	95472	0.003	0	0.003	0.003	1836	0	1836	1836	
3.5	3.75	2	6	5	3	44	27324	44	27324	0.003	0	0.003	0.003	621	0	621	621	
3.5	3.75	2	7	1	3	52	124020	52	124020	0.003	0	0.003	0.003	2385	0	2385	2385	
3.5	3.75	2	8	3	3	52	48620	52	48620	0.003	0	0.003	0.003	935	0	935	935	
3.5	3.75	2	9	2	3	52	79392	52	79392	0.003	0	0.003	0.003	1526.77	0.645205	1525	1527	
3.5	3.75	2	10	4	3	50	41950	50	41950	0.003	0	0.003	0.003	839	0	839	839	
3.5	3.75	3	11	5	3	48	40272	48	40272	0.003	0	0.003	0.003	839	0	839	839	
3.5	3.75	3	12	4	3	50	91800	51	93636	0.003	0	0.003	0.003	1836	0	1836	1836	
3.5	3.75	3	13	1	3	51	47685	50	46750	0.003	0	0.003	0.003	935	0	935	935	
3.5	3.75	3	14	3	3	51	47685	50	46750	0.003	0	0.003	0.003	935	0	935	935	
3.5	3.75	3	15	2	3	50	98998	51	100978	0.003	0	0.003	0.003	1979.96	0.280056	1978	1980	
3.5	3.75	1	16	2	3	49	41111	49	41111	0.003	0	0.003	0.003	839	0	839	839	
3.5	3.75	1	17	1	3	51	100978	51	100978	0.003	0	0.003	0.003	1979.96	0.280056	1978	1980	
3.5	3.75	1	18	5	3	51	100978	51	100978	0.003	0	0.003	0.003	1979.96	0.280056	1978	1980	
3.5	3.75	1	19	4	3	49	41111	49	41111	0.003	0	0.003	0.003	839	0	839	839	
3.5	3.75	1	20	3	3	50	21850	50	21850	0.003	0	0.003	0.003	437	0	437	437	
3.75	4	4	1	3	3	52	165464	53	168646	0.003	0	0.003	0.003	3182	0	3182	3182	
3.75	4	4	2	5	3	49	41111	48	40272	0.003	0	0.003	0.003	839	0	839	839	
3.75	4	4	3	1	3	49	41111	49	41111	0.003	0	0.003	0.003	839	0	839	839	
3.75	4	4	4	4	3	49	41111	49	41111	0.003	0	0.003	0.003	839	0	839	839	
3.75	4	4	5	2	3	51	93636	51	93636	0.003	0	0.003	0.003	1836	0	1836	1836	
3.75	4	2	6	5	3	45	27945	44	27324	0.003	0	0.003	0.003	621	0	621	621	
3.75	4	2	7	1	3	52	124020	52	124020	0.003	0	0.003	0.003	2385	0	2385	2385	
3.75	4	2	8	3	3	52	48618	52	48618	0.003	0	0.003	0.003	934.962	0.27735	933	935	
3.75	4	2	9	2	3	51	77867	52	79394	0.003	0	0.003	0.003	1526.81	0.595357	1525	1527	
3.75	4	2	10	4	3	50	41950	50	41950	0.003	0	0.003	0.003	839	0	839	839	
3.75	4	3	11	5	3	49	41111	48	40272	0.003	0	0.003	0.003	839	0	839	839	
3.75	4	3	12	4	3	51	93636	50	91800	0.003	0	0.003	0.003	1836	0	1836	1836	
3.75	4	3	13	1	3	50	46750	51	47685	0.003	0	0.003	0.003	935	0	935	935	
3.75	4	3	14	3	3	50	46750	51	47685	0.003	0	0.003	0.003	935	0	935	935	
3.75	4	3	15	2	3	50	99000	50	99000	0.003	0	0.003	0.003	1980	0	1980	1980	
3.75	4	1	16	2	3	49	41111	49	41111	0.003	0	0.003	0.003	839	0	839	839	
3.75	4	1	17	1	3	51	100980	51	100980	0.003	0	0.003	0.003	1980	0	1980	1980	
3.75	4	1	18	5	3	51	100980	51	100980	0.003	0	0.003	0.003	1980	0	1980	1980	
3.75	4	1	19	4	3	49	41111	49	41111	0.003	0	0.003	0.003	839	0	839	839	
3.75	4	1	20	3	3	50	21850	50	21850	0.003	0	0.003	0.003	437	0	437	437	
4	4.25	4	1	3	3	53	168646	52	165464	0.003	0	0.003	0.003	3182	0	3182	3182	
4	4.25	4	2	5	3	48	40272	49	41111	0.003	0	0.003	0.003	839	0	839	839	
4	4.25	4	3	1	3	48	40272	49	41111	0.003	0	0.003	0.003	839	0	839	839	
4	4.25	4	4	4	3	49	41109	49	41109	0.003	0	0.003	0.003	838.959	0.285714	837	839	
4	4.25	4	5	2	3	52	95472	51	93636	0.003	0	0.003	0.003	1836	0	1836	1836	
4	4.25	2	6	5	3	44	27324	44	27324	0.003	0	0.003	0.003	621	0	621	621	
4	4.25	2	7	1	3	52	124020	52	124020	0.003	0	0.003	0.003	2385	0	2385	2385	
4	4.25	2	8	3	3	52	48620	52	48620	0.003	0	0.003	0.003	935	0	935	935	
4	4.25	2	9	2	3	52	79392	52	79392	0.003	0	0.003	0.003	1526.77	0.645205	1525	1527	
4	4.25	2	10	4	3	50	41948	50	41948	0.003	0	0.003	0.003	838.96	0.282843	837	839	
4	4.25	3	11	5	3	48	40272	48	40272	0.003	0	0.003	0.003	839	0	839	839	
4	4.25	3	12	4	3	50	91800	51	93636	0.003	0	0.003	0.003	1836	0	1836	1836	
4	4.25	3	13	1	3	50	46750	50	46750	0.003	0	0.003	0.003	935	0	935	935	
4	4.25	3	14	3	3	51	47683	50	46748	0.003	0	0.003	0.003	934.96	0.282843	933	935	
4	4.25	3	15	2	3	51	100980	51	100980	0.003	0	0.003	0.003	1980	0	1980	1980	
4	4.25	1	16	2	3	49	41111	49	41111	0.003	0	0.003	0.003	839	0	839	839	
4	4.25	1	17	1	3	51	100980	52	102960	0.003	0	0.003	0.003	1980	0	1980	1980	
4	4.25	1	18	5	3	51	100980	51	100980	0.003	0	0.003	0.003	1980	0	1980	1980	
4	4.25	1	19	4	3	49	41109	49	41109	0.003	0	0.003	0.003	838.959	0.285714	837	839	
4	4.25	1	20	3	3	50	21848	49	21411	0.003	0	0.003	0.003	436.959	0.285714	435	437	
4.25	4.5	4	1	3	3	52	165464	53	168646	0.003	0	0.003	0.003	3182	0	3182	3182	
4.25	4.5	4	2	5	3	49	41109	49	41109	0.003	0	0.003	0.003	838.959	0.285714	837	839	
4.25	4.5	4	3	1	3	49	41109	49	41109	0.003	0	0.003	0.003	838.959	0.285714	837	839	
4.25	4.5	4	4	4	3	49	41111	48	40272	0.003	0	0.003	0.003	839	0	839	839	
4.25	4.5	4	5	2	3	51	93636	51	93636	0.003	0	0.003	0.003	1836	0	1836	1836	
4.25	4.5	2	6	5	3	44	27324	45	27945	0.003	0	0.003	0.003	621	0	621	621	
4.25	4.5	2	7	1	3	52	124020	52	124020	0.003	0	0.003	0.003	2385	0	2385	2385	
4.25	4.5	2	8	3	3	52	48620	52	48620	0.003	0	0.003	0.003	935	0	935	935	
4.25	4.5	2	9	2	3	52	79392	52	79392	0.003	0	0.003	0.003	1526.77	0.645205	1525	1527	
4.25	4.5	2	10	4	3	50	41950	49	41111	0.003	0	0.003	0.003	839	0	839	839	
4.25	4.5	3	11	5	3	48	40270	49	41109	0.003	0	0.003	0.003	838.959	0.285714	837	839	
4.25	4.5	3	12	4	3	51	93636	50	91800	0.003	0	0.003	0.003	1836	0	1836	1836	
4.25	4.5	3	13	1	3	51	47685	50	46750	0.003	0	0.003	0.003	935	0	935	935	
4.25	4.5	3	14	3	3	50	46750	51	47685	0.003	0	0.003	0.003	935	0	935	935	
4.25	4.5	3	15	2	3	50	99000	50	99000	0.003	0	0.003	0.003	1980	0	1980	1980	
4.25	4.5	1	16	2	3	49	41109	49	41109	0.003	0	0.003	0.003	838.959	0.285714	837	839	
4.25	4.5	1	17	1	3	51	100980	51	100980	0.003	0	0.003	0.003	1980	0	1980	1980	
4.25	4.5	1	18	5	3	52	102960	51	100980	0.003	0	0.003	0.003	1980	0	1980	1980	
4.25	4.5	1	19	4	3	49	41111	49	41111	0.003	0	0.003	0.003	839	0	839	839	
4.25	4.5	1	20	3	3	49	21413	50	21850	0.003	0	0.003	0.003	437	0	437	437	
4.5	4.75	4	1	3	3	53	168646	52	165464	0.003	0	0.003	0.003	3182	0	3182	3182	
4.5	4.75	4	2	5	3	49	41111	49	41111	0.003	0	0.003	0.003	839	0	839	839	
4.5	4.75	4	3	1	3	49	41111	48	40272	0.003	0	0.003	0.003	839	0	839	839	
4.5	4.75	4	4	4	3	48	40272	49	41111	0.003	0	0.003	0.003	839	0	839	839	
4.5	4.75	4	5	2	3	51	93636	52	95472	0.003	0	0.003	0.003	1836	0	1836	1836	
4.5	4.75	2	6	5	3	44	27322	44	27322	0.003	0	0.003	0.003	620.955	0.301511	619	621	
4.5	4.75	2	7	1	3	52	124020	52	124020	0.003	0	0.003	0.003	2385	0	2385	2385	
4.5	4.75	2	8	3	3	52	48620	52	48620	0.003	0	0.003	0.003	935	0	935	935	
4.5	4.75	2	9	2	3	52	79392	52	79392	0.003	0	0.003	0.003	1526.77	0.645205	1525	1527	
4.5	4.75	2	10	4	3	50	41950	50	41950	0.003	0	0.003	0.003	839	0	839	839	
4.5	4.75	3	11	5	3	48	40272	48	40272	0.003	0	0.003	0.003	839	0	839	839	
4.5	4.75	3	12	4	3	50	91800	51	93636	0.003	0	0.003	0.003	1836	0	1836	1836	
4.5	4.75	3	13	1	3	50	46748	51	47683	0.003	0	0.003	0.003	934.961	0.280056	933	935	
4.5	4.75	3	14	3	3	51	47685	50	46750	0.003	0	0.003	0.003	935	0	935	935	
4.5	4.75	3	15	2	3	51	100980	50	99000	0.003	0	0.003	0.003	1980	0	1980	1980	
4.5	4.75	1	16	2	3	49	41111	49	41111	0.003	0	0.003	0.003	839	0	839	839	
4.5	4.75	1	17	1	3	51	100980	51	100980	0.003	0	0.003	0.003	1980	0	1980	1980	
4.5	4.75	1	18	5	3	51	100980	51	100980	0.003	0	0.003	0.003	1980	0	1980	1980	
4.5	4.75	1	19	4	3	49	41111	49	41111	0.003	0	0.003	0.003	839	0	839	839	
4.5	4.75	1	20	3	3	50	21850	50	21850	0.003	0	0.003	0.003	437	0	437	437	
4.75	5	4	1	3	3	52	165464	53	168646	0.003	0	0.003	0.003	3182	0	3182	3182	
4.75	5	4	2	5	3	49	41111	48	40272	0.003	0	0.003	0.003	839	0	839	839	
4.75	5	4	3	1	3	48	40272	49	41111	0.003	0	0.003	0.003	839	0	839	839	
4.75	5	4	4	4	3	49	41111	49	41111	0.003	0	0.003	0.003	839	0	839	839	
4.75	5	4	5	2	3	52	95472	51	93636	0.003	0	0.003	0.003	1836	0	1836	1836	
4.75	5	2	6	5	3	44	27323	44	27323	0.003	0	0.003	0.003	620.977	0.150756	620	621	
4.75	5	2	7	1	3	52	124020	52	124020	0.003	0	0.003	0.003	2385	0	2385	2385	
4.75	5	2	8	3	3	52	48620	52	48620	0.003	0	0.003	0.003	935	0	935	935	
4.75	5	2	9	2	3	52	79392	52	79392	0.003	0	0.003	0.003	1526.77	0.645205	1525	1527	
4.75	5	2	10	4	3	50	41950	50	41950	0.003	0	0.003	0.003	839	0	839	839	
4.75	5	3	11	5	3	49	41111	48	40272	0.003	0	0.003	0.003	839	0	839	839	
4.75	5	3	12	4	3	50	91800	50	91800	0.003	0	0.003	0.003	1836	0	1836	1836	
4.75	5	3	13	1	3	51	47685	50	46750	0.003	0	0.003	0.003	935	0	935	935	
4.75	5	3	14	3	3	50	46750	51	47685	0.003	0	0.003	0.003	935	0	935	935	
4.75	5	3	15	2	3	50	99000	51	100980	0.003	0	0.003	0.003	1980	0	1980	1980	
4.75	5	1	16	2	3	49	41111	49	41111	0.003	0	0.003	0.003	839	0	839	839	
4.75	5	1	17	1	3	51	100980	51	100980	0.003	0	0.003	0.003	1980	0	1980	1980	
4.75	5	1	18	5	3	51	100980	51	100980	0.003	0	0.003	0.003	1980	0	1980	1980	
4.75	5	1	19	4	3	49	41111	49	41111	0.003	0	0.003	0.003	839	0	839	839	
4.75	5	1	20	3	3	50	21850	50	21850	0.003	0	0.003	0.003	437	0	437	437	
5	5.25	4	1	3	3	53	168644	53	168644	0.003	0	0.003	0.003	3181.96	0.274721	3180	3182	
5	5.25	4	2	5	3	48	40272	49	41111	0.003	0	0.003	0.003	839	0	839	839	
5	5.25	4	3	1	3	49	41111	49	41111	0.003	0	0.003	0.003	839	0	839	839	
5	5.25	4	4	4	3	49	41111	48	40272	0.003	0	0.003	0.003	839	0	839	839	
5	5.25	4	5	2	3	51	93636	51	93636	0.003	0	0.003	0.003	1836	0	1836	1836	
5	5.25	2	6	5	3	44	27322	44	27322	0.003	0	0.003	0.003	620.955	0.210707	620	621	
5	5.25	2	7	1	3	52	124020	52	124020	0.003	0	0.003	0.003	2385	0	2385	2385	
5	5.25	2	8	3	3	52	48620	52	48620	0.003	0	0.003	0.003	935	0	935	935	
5	5.25	2	9	2	3	52	79394	52	79394	0.003	0	0.003	0.003	1526.81	0.595357	1525	1527	
5	5.25	2	10	4	3	50	41950	50	41950	0.003	0	0.003	0.003	839	0	839	839	
5	5.25	3	11	5	3	48	40272	49	41111	0.003	0	0.003	0.003	839	0	839	839	
5	5.25	3	12	4	3	51	93636	50	91800	0.003	0	0.003	0.003	1836	0	1836	1836	
5	5.25	3	13	1	3	50	46750	51	47685	0.003	0	0.003	0.003	935	0	935	935	
5	5.25	3	14	3	3	50	46750	50	46750	0.003	0	0.003	0.003	935	0	935	935	
5	5.25	3	15	2	3	51	100980	50	99000	0.003	0	0.003	0.003	1980	0	1980	1980	
5	5.25	1	16	2	3	49	41111	49	41111	0.003	0	0.003	0.003	839	0	839	839	
5	5.25	1	17	1	3	51	100980	51	100980	0.003	0	0.003	0.003	1980	0	1980	1980	
5	5.25	1	18	5	3	51	100980	51	100980	0.003	0	0.003	0.003	1980	0	1980	1980	
5	5.25	1	19	4	3	49	41111	49	41111	0.003	0	0.003	0.003	839	0	839	839	
5	5.25	1	20	3	3	50	21850	50	21850	0.003	0	0.003	0.003	437	0	437	437	
5.25	5.5	4	1	3	3	52	165464	52	165464	0.003	0	0.003	0.003	3182	0	3182	3182	
5.25	5.5	4	2	5	3	49	41111	49	41111	0.003	0	0.003	0.003	839	0	839	839	
5.25	5.5	4	3	1	3	49	41111	48	40272	0.003	0	0.003	0.003	839	0	839	839	
5.25	5.5	4	4	4	3	49	41111	49	41111	0.003	0	0.003	0.003	839	0	839	839	
5.25	5.5	4	5	2	3	51	93636	52	95472	0.003	0	0.003	0.003	1836	0	1836	1836	
5.25	5.5	2	6	5	3	45	27944	44	27323	0.003	0	0.003	0.003	620.977	0.150756	620	621	
5.25	5.5	2	7	1	3	51	121635	52	124020	0.003	0	0.003	0.003	2385	0	2385	2385	
5.25	5.5	2	8	3	3	52	48620	52	48620	0.003	0	0.003	0.003	935	0	935	935	
5.25	5.5	2	9	2	3	52	79392	52	79392	0.003	0	0.003	0.003	1526.77	0.645205	1525	1527	
5.25	5.5	2	10	4	3	50	41950	50	41950	0.003	0	0.003	0.003	839	0	839	839	
5.25	5.5	3	11	5	3	48	40272	48	40272	0.003	0	0.003	0.003	839	0	839	839	
5.25	5.5	3	12	4	3	50	91800	51	93636	0.003	0	0.003	0.003	1836	0	1836	1836	
5.25	5.5	3	13	1	3	51	47685	50	46750	0.003	0	0.003	0.003	935	0	935	935	
5.25	5.5	3	14	3	3	51	47685	50	46750	0.003	0	0.003	0.003	935	0	935	935	
5.25	5.5	3	15	2	3	50	99000	51	100980	0.003	0	0.003	0.003	1980	0	1980	1980	
5.25	5.5	1	16	2	3	49	41111	49	41111	0.003	0	0.003	0.003	839	0	839	839	
5.25	5.5	1	17	1	3	52	102960	51	100980	0.003	0	0.003	0.003	1980	0	1980	1980	
5.25	5.5	1	18	5	3	51	100980	52	102960	0.003	0	0.003	0.003	1980	0	1980	1980	
5.25	5.5	1	19	4	3	48	40272	49	41111	0.003	0	0.003	0.003	839	0	839	839	
5.25	5.5	1	20	3	3	50	21850	49	21413	0.003	0	0.003	0.003	437	0	437	437	
5.5	5.75	4	1	3	3	53	168646	53	168646	0.003	0	0.003	0.003	3182	0	3182	3182	
5.5	5.75	4	2	5	3	49	41111	48	40272	0.003	0	0.003	0.003	839	0	839	839	
5.5	5.75	4	3	1	3	49	41111	49	41111	0.003	0	0.003	0.003	839	0	839	839	
5.5	5.75	4	4	4	3	48	40272	49	41111	0.003	0	0.003	0.003	839	0	839	839	
5.5	5.75	4	5	2	3	51	93636	51	93636	0.003	0	0.003	0.003	1836	0	1836	1836	
5.5	5.75	2	6	5	3	44	27322	45	27943	0.003	0	0.003	0.003	620.956	0.208409	620	621	
5.5	5.75	2	7	1	3	52	124020	52	124020	0.003	0	0.003	0.003	2385	0	2385	2385	
5.5	5.75	2	8	3	3	52	48618	51	47683	0.003	0	0.003	0.003	934.961	0.280056	933	935	
5.5	5.75	2	9	2	3	52	79392	52	79392	0.003	0	0.003	0.003	1526.77	0.645205	1525	1527	
5.5	5.75	2	10	4	3	50	41950	50	41950	0.003	0	0.003	0.003	839	0	839	839	
5.5	5.75	3	11	5	3	49	41111	48	40272	0.003	0	0.003	0.003	839	0	839	839	
5.5	5.75	3	12	4	3	51	93636	50	91800	0.003	0	0.003	0.003	1836	0	1836	1836	
5.5	5.75	3	13	1	3	50	46750	51	47685	0.003	0	0.003	0.003	935	0	935	935	
5.5	5.75	3	14	3	3	50	46748	51	47683	0.003	0	0.003	0.003	934.961	0.280056	933	935	
5.5	5.75	3	15	2	3	50	99000	50	99000	0.003	0	0.003	0.003	1980	0	1980	1980	
5.5	5.75	1	16	2	3	49	41111	49	41111	0.003	0	0.003	0.003	839	0	839	839	
5.5	5.75	1	17	1	3	51	100980	51	100980	0.003	0	0.003	0.003	1980	0	1980	1980	
5.5	5.75	1	18	5	3	51	100980	51	100980	0.003	0	0.003	0.003	1980	0	1980	1980	
5.5	5.75	1	19	4	3	49	41111	49	41111	0.003	0	0.003	0.003	839	0	839	839	
5.5	5.75	1	20	3	3	50	21850	50	21850	0.003	0	0.003	0.003	437	0	437	437	
5.75	6	4	1	3	3	52	165464	52	165464	0.003	0	0.003	0.003	3182	0	3182	3182	
5.75	6	4	2	5	3	49	41111	49	41111	0.003	0	0.003	0.003	839	0	839	839	
5.75	6	4	3	1	3	48	40272	49	41111	0.003	0	0.003	0.003	839	0	839	839	
5.75	6	4	4	4	3	49	41109	49	41109	0.003	0	0.003	0.003	838.959	0.285714	837	839	
5.75	6	4	5	2	3	52	95472	51	93636	0.003	0	0.003	0.003	1836	0	1836	1836	
5.75	6	2	6	5	3	44	27322	44	27322	0.003	0	0.003	0.003	620.955	0.210707	620	621	
5.75	6	2	7	1	3	52	124020	52	124020	0.003	0	0.003	0.003	2385	0	2385	2385	
5.75	6	2	8	3	3	52	48620	52	48620	0.003	0	0.003	0.003	935	0	935	935	
5.75	6	2	9	2	3	52	79392	52	79392	0.003	0	0.003	0.003	1526.77	0.645205	1525	1527	
5.75	6	2	10	4	3	50	41948	50	41948	0.003	0	0.003	0.003	838.96	0.282843	837	839	
5.75	6	3	11	5	3	48	40272	48	40272	0.003	0	0.003	0.003	839	0	839	839	
5.75	6	3	12	4	3	50	91800	51	93636	0.003	0	0.003	0.003	1836	0	1836	1836	
5.75	6	3	13	1	3	50	46750	50	46750	0.003	0	0.003	0.003	935	0	935	935	
5.75	6	3	14	3	3	51	47685	50	46750	0.003	0	0.003	0.003	935	0	935	935	
5.75	6	3	15	2	3	51	100978	51	100978	0.003	0	0.003	0.003	1979.96	0.280056	1978	1980	
5.75	6	1	16	2	3	49	41111	49	41111	0.003	0	0.003	0.003	839	0	839	839	
5.75	6	1	17	1	3	51	100978	51	100978	0.003	0	0.003	0.003	1979.96	0.280056	1978	1980	
5.75	6	1	18	5	3	51	100978	51	100978	0.003	0	0.003	0.003	1979.96	0.280056	1978	1980	
5.75	6	1	19	4	3	50	41948	49	41109	0.003	0	0.003	0.003	838.959	0.285714	837	839	
5.75	6	1	20	3	3	49	21411	50	21848	0.003	0	0.003	0.003	436.96	0.282843	435	437	
6	6.25	4	1	3	3	53	168646	53	168646	0.003	0	0.003	0.003	3182	0	3182	3182	
6	6.25	4	2	5	3	48	40270	49	41109	0.003	0	0.003	0.003	838.959	0.285714	837	839	
6	6.25	4	3	1	3	49	41109	49	41109	0.003	0	0.003	0.003	838.959	0.285714	837	839	
6	6.25	4	4	4	3	49	41111	48	40272	0.003	0	0.003	0.003	839	0	839	839	
6	6.25	4	5	2	3	51	93636	51	93636	0.003	0	0.003	0.003	1836	0	1836	1836	
6	6.25	2	6	5	3	44	27323	44	27323	0.003	0	0.003	0.003	620.977	0.150756	620	621	
6	6.25	2	7	1	3	52	124020	52	124020	0.003	0	0.003	0.003	2385	0	2385	2385	
6	6.25	2	8	3	3	52	48620	52	48620	0.003	0	0.003	0.003	935	0	935	935	
6	6.25	2	9	2	3	52	79394	52	79394	0.003	0	0.003	0.003	1526.81	0.595357	1525	1527	
6	6.25	2	10	4	3	50	41950	50	41950	0.003	0	0.003	0.003	839	0	839	839	
6	6.25	3	11	5	3	48	40270	49	41109	0.003	0	0.003	0.003	838.959	0.285714	837	839	
6	6.25	3	12	4	3	51	93636	50	91800	0.003	0	0.003	0.003	1836	0	1836	1836	
6	6.25	3	13	1	3	51	47685	50	46750	0.003	0	0.003	0.003	935	0	935	935	
6	6.25	3	14	3	3	50	46750	51	47685	0.003	0	0.003	0.003	935	0	935	935	
6	6.25	3	15	2	3	50	99000	50	99000	0.003	0	0.003	0.003	1980	0	1980	1980	
6	6.25	1	16	2	3	49	41109	49	41109	0.003	0	0.003	0.003	838.959	0.285714	837	839	
6	6.25	1	17	1	3	51	100980	51	100980	0.003	0	0.003	0.003	1980	0	1980	1980	
6	6.25	1	18	5	3	51	100980	51	100980	0.003	0	0.003	0.003	1980	0	1980	1980	
6	6.25	1	19	4	3	49	41111	49	41111	0.003	0	0.003	0.003	839	0	839	839	
6	6.25	1	20	3	3	50	21850	50	21850	0.003	0	0.003	0.003	437	0	437	437	
6.25	6.5	4	1	3	3	53	168646	52	165464	0.003	0	0.003	0.003	3182	0	3182	3182	
6.25	6.5	4	2	5	3	49	41111	49	41111	0.003	0	0.003	0.003	839	0	839	839	
6.25	6.5	4	3	1	3	49	41111	48	40272	0.003	0	0.003	0.003	839	0	839	839	
6.25	6.5	4	4	4	3	48	40272	49	41111	0.003	0	0.003	0.003	839	0	839	839	
6.25	6.5	4	5	2	3	51	93636	52	95472	0.003	0	0.003	0.003	1836	0	1836	1836	
6.25	6.5	2	6	5	3	45	27943	44	27322	0.003	0	0.003	0.003	620.955	0.210707	620	621	
6.25	6.5	2	7	1	3	52	124020	52	124020	0.003	0	0.003	0.003	2385	0	2385	2385	
6.25	6.5	2	8	3	3	52	48620	52	48620	0.003	0	0.003	0.003	935	0	935	935	
6.25	6.5	2	9	2	3	52	79392	52	79392	0.003	0	0.003	0.003	1526.77	0.645205	1525	1527	
6.25	6.5	2	10	4	3	49	41111	50	41950	0.003	0	0.003	0.003	839	0	839	839	
6.25	6.5	3	11	5	3	48	40272	48	40272	0.003	0	0.003	0.003	839	0	839	839	
6.25	6.5	3	12	4	3	50	91800	51	93636	0.003	0	0.003	0.003	1836	0	1836	1836	
6.25	6.5	3	13	1	3	50	46748	51	47683	0.003	0	0.003	0.003	934.961	0.280056	933	935	
6.25	6.5	3	14	3	3	51	47685	50	46750	0.003	0	0.003	0.003	935	0	935	935	
6.25	6.5	3	15	2	3	51	100980	50	99000	0.003	0	0.003	0.003	1980	0	1980	1980	
6.25	6.5	1	16	2	3	49	41111	49	41111	0.003	0	0.003	0.003	839	0	839	839	
6.25	6.5	1	17	1	3	51	100980	51	100980	0.003	0	0.003	0.003	1980	0	1980	1980	
6.25	6.5	1	18	5	3	52	102960	51	100980	0.003	0	0.003	0.003	1980	0	1980	1980	
6.25	6.5	1	19	4	3	48	40272	49	41111	0.003	0	0.003	0.003	839	0	839	839	
6.25	6.5	1	20	3	3	50	21850	50	21850	0.003	0	0.003	0.003	437	0	437	437	
6.5	6.75	4	1	3	3	52	165464	53	168646	0.003	0	0.003	0.003	3182	0	3182	3182	
6.5	6.75	4	2	5	3	49	41111	48	40272	0.003	0	0.003	0.003	839	0	839	839	
6.5	6.75	4	3	1	3	49	41111	49	41111	0.003	0	0.003	0.003	839	0	839	839	
6.5	6.75	4	4	4	3	49	41111	49	41111	0.003	0	0.003	0.003	839	0	839	839	
6.5	6.75	4	5	2	3	51	93636	51	93636	0.003	0	0.003	0.003	1836	0	1836	1836	
6.5	6.75	2	6	5	3	44	27323	44	27323	0.003	0	0.003	0.003	620.977	0.150756	620	621	
6.5	6.75	2	7	1	3	52	124020	52	124020	0.003	0	0.003	0.003	2385	0	2385	2385	
6.5	6.75	2	8	3	3	52	48620	52	48620	0.003	0	0.003	0.003	935	0	935	935	
6.5	6.75	2	9	2	3	52	79392	52	79392	0.003	0	0.003	0.003	1526.77	0.645205	1525	1527	
6.5	6.75	2	10	4	3	50	41950	50	41950	0.003	0	0.003	0.003	839	0	839	839	
6.5	6.75	3	11	5	3	49	41111	48	40272	0.003	0	0.003	0.003	839	0	839	839	
6.5	6.75	3	12	4	3	50	91800	50	91800	0.003	0	0.003	0.003	1836	0	1836	1836	
6.5	6.75	3	13	1	3	51	47685	50	46750	0.003	0	0.003	0.003	935	0	935	935	
6.5	6.75	3	14	3	3	50	46750	51	47685	0.003	0	0.003	0.003	935	0	935	935	
6.5	6.75	3	15	2	3	50	99000	51	100980	0.003	0	0.003	0.003	1980	0	1980	1980	
6.5	6.75	1	16	2	3	49	41111	49	41111	0.003	0	0.003	0.003	839	0	839	839	
6.5	6.75	1	17	1	3	51	100980	52	102960	0.003	0	0.003	0.003	1980	0	1980	1980	
6.5	6.75	1	18	5	3	51	100980	51	100980	0.003	0	0.003	0.003	1980	0	1980	1980	
6.5	6.75	1	19	4	3	49	41111	49	41111	0.003	0	0.003	0.003	839	0	839	839	
6.5	6.75	1	20	3	3	50	21850	49	21413	0.003	0	0.003	0.003	437	0	437	437	
6.75	7	4	1	3	3	53	168646	52	165464	0.003	0	0.003	0.003	3182	0	3182	3182	
6.75	7	4	2	5	3	48	40272	49	41111	0.003	0	0.003	0.003	839	0	839	839	
6.75	7	4	3	1	3	48	40272	49	41111	0.003	0	0.003	0.003	839	0	839	839	
6.75	7	4	4	4	3	49	41111	49	41111	0.003	0	0.003	0.003	839	0	839	839	
6.75	7	4	5	2	3	52	95472	51	93636	0.003	0	0.003	0.003	1836	0	1836	1836	
6.75	7	2	6	5	3	44	27322	44	27322	0.003	0	0.003	0.003	620.955	0.210707	620	621	
6.75	7	2	7	1	3	52	124020	52	124020	0.003	0	0.003	0.003	2385	0	2385	2385	
6.75	7	2	8	3	3	52	48620	52	48620	0.003	0	0.003	0.003	935	0	935	935	
6.75	7	2	9	2	3	52	79392	52	79392	0.003	0	0.003	0.003	1526.77	0.645205	1525	1527	
6.75	7	2	10	4	3	50	41950	50	41950	0.003	0	0.003	0.003	839	0	839	839	
6.75	7	3	11	5	3	48	40272	48	40272	0.003	0	0.003	0.003	839	0	839	839	
6.75	7	3	12	4	3	51	93636	51	93636	0.003	0	0.003	0.003	1836	0	1836	1836	
6.75	7	3	13	1	3	50	46750	51	47685	0.003	0	0.003	0.003	935	0	935	935	
6.75	7	3	14	3	3	50	46750	50	46750	0.003	0	0.003	0.003	935	0	935	935	
6.75	7	3	15	2	3	51	100980	50	99000	0.003	0	0.003	0.003	1980	0	1980	1980	
6.75	7	1	16	2	3	49	41111	49	41111	0.003	0	0.003	0.003	839	0	839	839	
6.75	7	1	17	1	3	51	100980	51	100980	0.003	0	0.003	0.003	1980	0	1980	1980	
6.75	7	1	18	5	3	51	100980	51	100980	0.003	0	0.003	0.003	1980	0	1980	1980	
6.75	7	1	19	4	3	49	41111	49	41111	0.003	0	0.003	0.003	839	0	839	839	
6.75	7	1	20	3	3	50	21850	50	21850	0.003	0	0.003	0.003	437	0	437	437	
7	7.25	4	1	3	3	52	165464	53	168646	0.003	0	0.003	0.003	3182	0	3182	3182	
7	7.25	4	2	5	3	49	41111	49	41111	0.003	0	0.003	0.003	839	0	839	839	
7	7.25	4	3	1	3	49	41111	48	40272	0.003	0	0.003	0.003	839	0	839	839	
7	7.25	4	4	4	3	49	41111	48	40272	0.003	0	0.003	0.003	839	0	839	839	
7	7.25	4	5	2	3	51	93636	52	95472	0.003	0	0.003	0.003	1836	0	1836	1836	
7	7.25	2	6	5	3	44	27323	45	27944	0.003	0	0.003	0.003	620.978	0.149071	620	621	
7	7.25	2	7	1	3	52	124020	52	124020	0.003	0	0.003	0.003	2385	0	2385	2385	
7	7.25	2	8	3	3	52	48620	52	48620	0.003	0	0.003	0.003	935	0	935	935	
7	7.25	2	9	2	3	52	79392	51	77867	0.003	0	0.003	0.003	1526.8	0.600653	1525	1527	
7	7.25	2	10	4	3	50	41950	50	41950	0.003	0	0.003	0.003	839	0	839	839	
7	7.25	3	11	5	3	48	40272	49	41111	0.003	0	0.003	0.003	839	0	839	839	
7	7.25	3	12	4	3	50	91800	50	91800	0.003	0	0.003	0.003	1836	0	1836	1836	
7	7.25	3	13	1	3	51	47685	50	46750	0.003	0	0.003	0.003	935	0	935	935	
7	7.25	3	14	3	3	51	47685	50	46750	0.003	0	0.003	0.003	935	0	935	935	
7	7.25	3	15	2	3	50	99000	51	100980	0.003	0	0.003	0.003	1980	0	1980	1980	
7	7.25	1	16	2	3	49	41111	49	41111	0.003	0	0.003	0.003	839	0	839	839	
7	7.25	1	17	1	3	51	100980	51	100980	0.003	0	0.003	0.003	1980	0	1980	1980	
7	7.25	1	18	5	3	51	100980	51	100980	0.003	0	0.003	0.003	1980	0	1980	1980	
7	7.25	1	19	4	3	50	41950	49	41111	0.003	0	0.003	0.003	839	0	839	839	
7	7.25	1	20	3	3	49	21413	50	21850	0.003	0	0.003	0.003	437	0	437	437	
7.25	7.5	4	1	3	3	53	168644	52	165462	0.003	0	0.003	0.003	3181.96	0.27735	3180	3182	
7.25	7.5	4	2	5	3	49	41111	49	41111	0.003	0	0.003	0.003	839	0	839	839	
7.25	7.5	4	3	1	3	49	41111	49	41111	0.003	0	0.003	0.003	839	0	839	839	
7.25	7.5	4	4	4	3	48	40272	49	41111	0.003	0	0.003	0.003	839	0	839	839	
7.25	7.5	4	5	2	3	51	93636	51	93636	0.003	0	0.003	0.003	1836	0	1836	1836	
7.25	7.5	2	6	5	3	44	27322	44	27322	0.003	0	0.003	0.003	620.955	0.210707	620	621	
7.25	7.5	2	7	1	3	52	124020	52	124020	0.003	0	0.003	0.003	2385	0	2385	2385	
7.25	7.5	2	8	3	3	52	48618	52	48618	0.003	0	0.003	0.003	934.962	0.27735	933	935	
7.25	7.5	2	9	2	3	52	79394	52	79392	0.003	0	0.003	0.003	1526.77	0.645205	1525	1527	
7.25	7.5	2	10	4	3	50	41950	50	41950	0.003	0	0.003	0.003	839	0	839	839	
7.25	7.5	3	11	5	3	49	41111	48	40272	0.003	0	0.003	0.003	839	0	839	839	
7.25	7.5	3	12	4	3	51	93636	50	91800	0.003	0	0.003	0.003	1836	0	1836	1836	
7.25	7.5	3	13	1	3	50	46750	51	47685	0.003	0	0.003	0.003	935	0	935	935	
7.25	7.5	3	14	3	3	50	46748	51	47683	0.003	0	0.003	0.003	934.961	0.280056	933	935	
7.25	7.5	3	15	2	3	50	99000	50	99000	0.003	0	0.003	0.003	1980	0	1980	1980	
7.25	7.5	1	16	2	3	49	41111	49	41111	0.003	0	0.003	0.003	839	0	839	839	
7.25	7.5	1	17	1	3	51	100980	51	100980	0.003	0	0.003	0.003	1980	0	1980	1980	
7.25	7.5	1	18	5	3	51	100980	51	100980	0.003	0	0.003	0.003	1980	0	1980	1980	
7.25	7.5	1	19	4	3	49	41111	49	41111	0.003	0	0.003	0.003	839	0	839	839	
7.25	7.5	1	20	3	3	50	21850	50	21850	0.003	0	0.003	0.003	437	0	437	437	
7.5	7.75	4	1	3	3	52	165464	53	168646	0.003	0	0.003	0.003	3182	0	3182	3182	
7.5	7.75	4	2	5	3	49	41111	48	40272	0.003	0	0.003	0.003	839	0	839	839	
7.5	7.75	4	3	1	3	48	40272	49	41111	0.003	0	0.003	0.003	839	0	839	839	
7.5	7.75	4	4	4	3	49	41109	49	41109	0.003	0	0.003	0.003	838.959	0.285714	837	839	
7.5	7.75	4	5	2	3	52	95472	51	93636	0.003	0	0.003	0.003	1836	0	1836	1836	
7.5	7.75	2	6	5	3	44	27323	44	27323	0.003	0	0.003	0.003	620.977	0.150756	620	621	
7.5	7.75	2	7	1	3	52	124020	52	124020	0.003	0	0.003	0.003	2385	0	2385	2385	
7.5	7.75	2	8	3	3	52	48620	52	48620	0.003	0	0.003	0.003	935	0	935	935	
7.5	7.75	2	9	2	3	52	79392	52	79392	0.003	0	0.003	0.003	1526.77	0.645205	1525	1527	
7.5	7.75	2	10	4	3	50	41948	50	41948	0.003	0	0.003	0.003	838.96	0.282843	837	839	
7.5	7.75	3	11	5	3	48	40272	48	40272	0.003	0	0.003	0.003	839	0	839	839	
7.5	7.75	3	12	4	3	50	91800	51	93636	0.003	0	0.003	0.003	1836	0	1836	1836	
7.5	7.75	3	13	1	3	50	46750	50	46750	0.003	0	0.003	0.003	935	0	935	935	
7.5	7.75	3	14	3	3	51	47685	50	46750	0.003	0	0.003	0.003	935	0	935	935	
7.5	7.75	3	15	2	3	51	100980	51	100980	0.003	0	0.003	0.003	1980	0	1980	1980	
7.5	7.75	1	16	2	3	49	41111	48	40272	0.003	0	0.003	0.003	839	0	839	839	
7.5	7.75	1	17	1	3	52	102960	51	100980	0.003	0	0.003	0.003	1980	0	1980	1980	
7.5	7.75	1	18	5	3	51	100980	52	102960	0.003	0	0.003	0.003	1980	0	1980	1980	
7.5	7.75	1	19	4	3	48	40270	49	41109	0.003	0	0.003	0.003	838.959	0.285714	837	839	
7.5	7.75	1	20	3	3	50	21848	50	21848	0.003	0	0.003	0.003	436.96	0.282843	435	437	
7.75	8	4	1	3	3	53	168646	52	165464	0.003	0	0.003	0.003	3182	0	3182	3182	
7.75	8	4	2	5	3	48	40270	49	41109	0.003	0	0.003	0.003	838.959	0.285714	837	839	
7.75	8	4	3	1	3	49	41111	49	41111	0.003	0	0.003	0.003	839	0	839	839	
7.75	8	4	4	4	3	49	41111	48	40272	0.003	0	0.003	0.003	839	0	839	839	
7.75	8	4	5	2	3	51	93636	52	95472	0.003	0	0.003	0.003	1836	0	1836	1836	
7.75	8	2	6	5	3	45	27943	44	27322	0.003	0	0.003	0.003	620.955	0.210707	620	621	
7.75	8	2	7	1	3	52	124020	52	124020	0.003	0	0.003	0.003	2385	0	2385	2385	
7.75	8	2	8	3	3	51	47685	52	48620	0.003	0	0.003	0.003	935	0	935	935	
7.75	8	2	9	2	3	52	79392	52	79392	0.003	0	0.003	0.003	1526.77	0.645205	1525	1527	
7.75	8	2	10	4	3	50	41950	50	41950	0.003	0	0.003	0.003	839	0	839	839	
7.75	8	3	11	5	3	48	40272	49	41111	0.003	0	0.003	0.003	839	0	839	839	
7.75	8	3	12	4	3	51	93636	50	91800	0.003	0	0.003	0.003	1836	0	1836	1836	
7.75	8	3	13	1	3	51	47685	50	46750	0.003	0	0.003	0.003	935	0	935	935	
7.75	8	3	14	3	3	50	46750	51	47685	0.003	0	0.003	0.003	935	0	935	935	
7.75	8	3	15	2	3	50	99000	50	99000	0.003	0	0.003	0.003	1980	0	1980	1980	
7.75	8	1	16	2	3	49	41109	50	41948	0.003	0	0.003	0.003	838.96	0.282843	837	839	
7.75	8	1	17	1	3	51	100980	51	100980	0.003	0	0.003	0.003	1980	0	1980	1980	
7.75	8	1	18	5	3	51	100980	51	100980	0.003	0	0.003	0.003	1980	0	1980	1980	
7.75	8	1	19	4	3	49	41111	49	41111	0.003	0	0.003	0.003	839	0	839	839	
7.75	8	1	20	3	3	50	21850	49	21413	0.003	0	0.003	0.003	437	0	437	437	
8	8.25	4	1	3	3	52	165464	53	168646	0.003	0	0.003	0.003	3182	0	3182	3182	
8	8.25	4	2	5	3	49	41111	49	41111	0.003	0	0.003	0.003	839	0	839	839	
8	8.25	4	3	1	3	49	41109	48	40270	0.003	0	0.003	0.003	838.958	0.288675	837	839	
8	8.25	4	4	4	3	49	41111	49	41111	0.003	0	0.003	0.003	839	0	839	839	
8	8.25	4	5	2	3	51	93636	51	93636	0.003	0	0.003	0.003	1836	0	1836	1836	
8	8.25	2	6	5	3	44	27323	44	27323	0.003	0	0.003	0.003	620.977	0.150756	620	621	
8	8.25	2	7	1	3	52	124020	52	124020	0.003	0	0.003	0.003	2385	0	2385	2385	
8	8.25	2	8	3	3	52	48620	52	48620	0.003	0	0.003	0.003	935	0	935	935	
8	8.25	2	9	2	3	52	79392	52	79392	0.003	0	0.003	0.003	1526.77	0.645205	1525	1527	
8	8.25	2	10	4	3	50	41950	50	41950	0.003	0	0.003	0.003	839	0	839	839	
8	8.25	3	11	5	3	48	40270	48	40270	0.003	0	0.003	0.003	838.958	0.288675	837	839	
8	8.25	3	12	4	3	50	91800	51	93636	0.003	0	0.003	0.003	1836	0	1836	1836	
8	8.25	3	13	1	3	50	46748	51	47683	0.003	0	0.003	0.003	934.961	0.280056	933	935	
8	8.25	3	14	3	3	51	47685	50	46750	0.003	0	0.003	0.003	935	0	935	935	
8	8.25	3	15	2	3	51	100978	50	98998	0.003	0	0.003	0.003	1979.96	0.282843	1978	1980	
8	8.25	1	16	2	3	49	41111	49	41111	0.003	0	0.003	0.003	839	0	839	839	
8	8.25	1	17	1	3	51	100978	51	100978	0.003	0	0.003	0.003	1979.96	0.280056	1978	1980	
8	8.25	1	18	5	3	51	100978	51	100978	0.003	0	0.003	0.003	1979.96	0.280056	1978	1980	
8	8.25	1	19	4	3	49	41111	49	41111	0.003	0	0.003	0.003	839	0	839	839	
8	8.25	1	20	3	3	50	21850	50	21850	0.003	0	0.003	0.003	437	0	437	437	
8.25	8.5	4	1	3	3	53	168646	53	168646	0.003	0	0.003	0.003	3182	0	3182	3182	
8.25	8.5	4	2	5	3	49	41111	48	40272	0.003	0	0.003	0.003	839	0	839	839	
8.25	8.5	4	3	1	3	49	41111	49	41111	0.003	0	0.003	0.003	839	0	839	839	
8.25	8.5	4	4	4	3	48	40272	49	41111	0.003	0	0.003	0.003	839	0	839	839	
8.25	8.5	4	5	2	3	51	93636	51	93636	0.003	0	0.003	0.003	1836	0	1836	1836	
8.25	8.5	2	6	5	3	44	27322	45	27943	0.003	0	0.003	0.003	620.956	0.208409	620	621	
8.25	8.5	2	7	1	3	52	124020	52	124020	0.003	0	0.003	0.003	2385	0	2385	2385	
8.25	8.5	2	8	3	3	52	48620	52	48620	0.003	0	0.003	0.003	935	0	935	935	
8.25	8.5	2	9	2	3	52	79394	52	79394	0.003	0	0.003	0.003	1526.81	0.595357	1525	1527	
8.25	8.5	2	10	4	3	50	41950	49	41111	0.003	0	0.003	0.003	839	0	839	839	
8.25	8.5	3	11	5	3	49	41111	48	40272	0.003	0	0.003	0.003	839	0	839	839	
8.25	8.5	3	12	4	3	50	91800	50	91800	0.003	0	0.003	0.003	1836	0	1836	1836	
8.25	8.5	3	13	1	3	51	47685	50	46750	0.003	0	0.003	0.003	935	0	935	935	
8.25	8.5	3	14	3	3	50	46750	51	47685	0.003	0	0.003	0.003	935	0	935	935	
8.25	8.5	3	15	2	3	50	99000	51	100980	0.003	0	0.003	0.003	1980	0	1980	1980	
8.25	8.5	1	16	2	3	49	41111	49	41111	0.003	0	0.003	0.003	839	0	839	839	
8.25	8.5	1	17	1	3	51	100980	51	100980	0.003	0	0.003	0.003	1980	0	1980	1980	
8.25	8.5	1	18	5	3	51	100980	51	100980	0.003	0	0.003	0.003	1980	0	1980	1980	
8.25	8.5	1	19	4	3	50	41950	49	41111	0.003	0	0.003	0.003	839	0	839	839	
8.25	8.5	1	20	3	3	49	21413	50	21850	0.003	0	0.003	0.003	437	0	437	437	
8.5	8.75	4	1	3	3	52	165464	52	165464	0.003	0	0.003	0.003	3182	0	3182	3182	
8.5	8.75	4	2	5	3	49	41111	49	41111	0.003	0	0.003	0.003	839	0	839	839	
8.5	8.75	4	3	1	3	48	40272	49	41111	0.003	0	0.003	0.003	839	0	839	839	
8.5	8.75	4	4	4	3	49	41111	49	41111	0.003	0	0.003	0.003	839	0	839	839	
8.5	8.75	4	5	2	3	52	95472	51	93636	0.003	0	0.003	0.003	1836	0	1836	1836	
8.5	8.75	2	6	5	3	44	27323	44	27323	0.003	0	0.003	0.003	620.977	0.150756	620	621	
8.5	8.75	2	7	1	3	52	124020	52	124020	0.003	0	0.003	0.003	2385	0	2385	2385	
8.5	8.75	2	8	3	3	52	48620	52	48620	0.003	0	0.003	0.003	935	0	935	935	
8.5	8.75	2	9	2	3	52	79392	52	79392	0.003	0	0.003	0.003	1526.77	0.645205	1525	1527	
8.5	8.75	2	10	4	3	50	41950	50	41950	0.003	0	0.003	0.003	839	0	839	839	
8.5	8.75	3	11	5	3	48	40272	48	40272	0.003	0	0.003	0.003	839	0	839	839	
8.5	8.75	3	12	4	3	51	93636	51	93636	0.003	0	0.003	0.003	1836	0	1836	1836	
8.5	8.75	3	13	1	3	50	46750	51	47685	0.003	0	0.003	0.003	935	0	935	935	
8.5	8.75	3	14	3	3	50	46750	50	46750	0.003	0	0.003	0.003	935	0	935	935	
8.5	8.75	3	15	2	3	51	100980	50	99000	0.003	0	0.003	0.003	1980	0	1980	1980	
8.5	8.75	1	16	2	3	49	41111	48	40272	0.003	0	0.003	0.003	839	0	839	839	
8.5	8.75	1	17	1	3	51	100980	52	102960	0.003	0	0.003	0.003	1980	0	1980	1980	
8.5	8.75	1	18	5	3	52	102960	51	100980	0.003	0	0.003	0.003	1980	0	1980	1980	
8.5	8.75	1	19	4	3	48	40272	49	41111	0.003	0	0.003	0.003	839	0	839	839	
8.5	8.75	1	20	3	3	50	21850	50	21850	0.003	0	0.003	0.003	437	0	437	437	
8.75	9	4	1	3	3	53	168646	52	165464	0.003	0	0.003	0.003	3182	0	3182	3182	
8.75	9	4	2	5	3	48	40272	49	41111	0.003	0	0.003	0.003	839	0	839	839	
8.75	9	4	3	1	3	49	41111	49	41111	0.003	0	0.003	0.003	839	0	839	839	
8.75	9	4	4	4	3	49	41111	48	40272	0.003	0	0.003	0.003	839	0	839	839	
8.75	9	4	5	2	3	51	93636	52	95472	0.003	0	0.003	0.003	1836	0	1836	1836	
8.75	9	2	6	5	3	44	27322	44	27322	0.003	0	0.003	0.003	620.955	0.210707	620	621	
8.75	9	2	7	1	3	52	124020	52	124020	0.003	0	0.003	0.003	2385	0	2385	2385	
8.75	9	2	8	3	3	52	48618	52	48618	0.003	0	0.003	0.003	934.962	0.27735	933	935	
8.75	9	2	9	2	3	52	79392	52	79392	0.003	0	0.003	0.003	1526.77	0.645205	1525	1527	
8.75	9	2	10	4	3	50	41950	50	41950	0.003	0	0.003	0.003	839	0	839	839	
8.75	9	3	11	5	3	48	40272	49	41111	0.003	0	0.003	0.003	839	0	839	839	
8.75	9	3	12	4	3	50	91800	50	91800	0.003	0	0.003	0.003	1836	0	1836	1836	
8.75	9	3	13	1	3	51	47685	50	46750	0.003	0	0.003	0.003	935	0	935	935	
8.75	9	3	14	3	3	51	47685	50	46750	0.003	0	0.003	0.003	935	0	935	935	
8.75	9	3	15	2	3	50	99000	51	100980	0.003	0	0.003	0.003	1980	0	1980	1980	
8.75	9	1	16	2	3	49	41111	49	41111	0.003	0	0.003	0.003	839	0	839	839	
8.75	9	1	17	1	3	51	100980	51	100980	0.003	0	0.003	0.003	1980	0	1980	1980	
8.75	9	1	18	5	3	51	100980	51	100980	0.003	0	0.003	0.003	1980	0	1980	1980	
8.75	9	1	19	4	3	49	41111	49	41111	0.003	0	0.003	0.003	839	0	839	839	
8.75	9	1	20	3	3	50	21850	50	21850	0.003	0	0.003	0.003	437	0	437	437	
9	9.25	4	1	3	3	53	168646	53	168646	0.003	0	0.003	0.003	3182	0	3182	3182	
9	9.25	4	2	5	3	49	41111	49	41111	0.003	0	0.003	0.003	839	0	839	839	
9	9.25	4	3	1	3	49	41111	48	40272	0.003	0	0.003	0.003	839	0	839	839	
9	9.25	4	4	4	3	48	40272	49	41111	0.003	0	0.003	0.003	839	0	839	839	
9	9.25	4	5	2	3	51	93636	51	93636	0.003	0	0.003	0.003	1836	0	1836	1836	
9	9.25	2	6	5	3	44	27323	44	27323	0.003	0	0.003	0.003	620.977	0.150756	620	621	
9	9.25	2	7	1	3	52	124020	52	124020	0.003	0	0.003	0.003	2385	0	2385	2385	
9	9.25	2	8	3	3	52	48620	52	48620	0.003	0	0.003	0.003	935	0	935	935	
9	9.25	2	9	2	3	52	79392	52	79392	0.003	0	0.003	0.003	1526.77	0.645205	1525	1527	
9	9.25	2	10	4	3	50	41950	50	41950	0.003	0	0.003	0.003	839	0	839	839	
9	9.25	3	11	5	3	49	41111	48	40272	0.003	0	0.003	0.003	839	0	839	839	
9	9.25	3	12	4	3	51	93636	50	91800	0.003	0	0.003	0.003	1836	0	1836	1836	
9	9.25	3	13	1	3	50	46750	51	47685	0.003	0	0.003	0.003	935	0	935	935	
9	9.25	3	14	3	3	50	46748	51	47683	0.003	0	0.003	0.003	934.961	0.280056	933	935	
9	9.25	3	15	2	3	50	99000	50	99000	0.003	0	0.003	0.003	1980	0	1980	1980	
9	9.25	1	16	2	3	49	41111	50	41950	0.003	0	0.003	0.003	839	0	839	839	
9	9.25	1	17	1	3	51	100980	51	100980	0.003	0	0.003	0.003	1980	0	1980	1980	
9	9.25	1	18	5	3	51	100980	51	100980	0.003	0	0.003	0.003	1980	0	1980	1980	
9	9.25	1	19	4	3	49	41111	49	41111	0.003	0	0.003	0.003	839	0	839	839	
9	9.25	1	20	3	3	50	21850	49	21413	0.003	0	0.003	0.003	437	0	437	437	
9.25	9.5	4	1	3	3	52	165464	53	168646	0.003	0	0.003	0.003	3182	0	3182	3182	
9.25	9.5	4	2	5	3	49	41111	48	40272	0.003	0	0.003	0.003	839	0	839	839	
9.25	9.5	4	3	1	3	48	40272	49	41111	0.003	0	0.003	0.003	839	0	839	839	
9.25	9.5	4	4	4	3	49	41111	49	41111	0.003	0	0.003	0.003	839	0	839	839	
9.25	9.5	4	5	2	3	52	95472	51	93636	0.003	0	0.003	0.003	1836	0	1836	1836	
9.25	9.5	2	6	5	3	45	27943	44	27322	0.003	0	0.003	0.003	620.955	0.210707	620	621	
9.25	9.5	2	7	1	3	52	124020	52	124020	0.003	0	0.003	0.003	2385	0	2385	2385	
9.25	9.5	2	8	3	3	52	48620	52	48620	0.003	0	0.003	0.003	935	0	935	935	
9.25	9.5	2	9	2	3	51	77867	52	79394	0.003	0	0.003	0.003	1526.81	0.595357	1525	1527	
9.25	9.5	2	10	4	3	50	41948	50	41948	0.003	0	0.003	0.003	838.96	0.282843	837	839	
9.25	9.5	3	11	5	3	48	40272	48	40272	0.003	0	0.003	0.003	839	0	839	839	
9.25	9.5	3	12	4	3	50	91800	51	93636	0.003	0	0.003	0.003	1836	0	1836	1836	
9.25	9.5	3	13	1	3	50	46750	50	46750	0.003	0	0.003	0.003	935	0	935	935	
9.25	9.5	3	14	3	3	51	47685	50	46750	0.003	0	0.003	0.003	935	0	935	935	
9.25	9.5	3	15	2	3	51	100980	51	100980	0.003	0	0.003	0.003	1980	0	1980	1980	
9.25	9.5	1	16	2	3	49	41111	49	41111	0.003	0	0.003	0.003	839	0	839	839	
9.25	9.5	1	17	1	3	51	100980	51	100980	0.003	0	0.003	0.003	1980	0	1980	1980	
9.25	9.5	1	18	5	3	51	100980	51	100980	0.003	0	0.003	0.003	1980	0	1980	1980	
9.25	9.5	1	19	4	3	49	41109	49	41109	0.003	0	0.003	0.003	838.959	0.285714	837	839	
9.25	9.5	1	20	3	3	50	21848	50	21848	0.003	0	0.003	0.003	436.96	0.282843	435	437	
9.5	9.75	4	1	3	3	53	168646	52	165464	0.003	0	0.003	0.003	3182	0	3182	3182	
9.5	9.75	4	2	5	3	48	40272	49	41111	0.003	0	0.003	0.003	839	0	839	839	
9.5	9.75	4	3	1	3	49	41111	49	41111	0.003	0	0.003	0.003	839	0	839	839	
9.5	9.75	4	4	4	3	49	41109	48	40270	0.003	0	0.003	0.003	838.958	0.288675	837	839	
9.5	9.75	4	5	2	3	51	93636	52	95472	0.003	0	0.003	0.003	1836	0	1836	1836	
9.5	9.75	2	6	5	3	44	27323	45	27944	0.003	0	0.003	0.003	620.978	0.149071	620	621	
9.5	9.75	2	7	1	3	52	124020	51	121635	0.003	0	0.003	0.003	2385	0	2385	2385	
9.5	9.75	2	8	3	3	52	48620	52	48620	0.003	0	0.003	0.003	935	0	935	935	
9.5	9.75	2	9	2	3	52	79392	52	79392	0.003	0	0.003	0.003	1526.77	0.645205	1525	1527	
9.5	9.75	2	10	4	3	50	41950	50	41950	0.003	0	0.003	0.003	839	0	839	839	
9.5	9.75	3	11	5	3	48	40272	49	41111	0.003	0	0.003	0.003	839	0	839	839	
9.5	9.75	3	12	4	3	51	93636	50	91800	0.003	0	0.003	0.003	1836	0	1836	1836	
9.5	9.75	3	13	1	3	51	47685	50	46750	0.003	0	0.003	0.003	935	0	935	935	
9.5	9.75	3	14	3	3	50	46750	51	47685	0.003	0	0.003	0.003	935	0	935	935	
9.5	9.75	3	15	2	3	50	99000	50	99000	0.003	0	0.003	0.003	1980	0	1980	1980	
9.5	9.75	1	16	2	3	49	41111	48	40272	0.003	0	0.003	0.003	839	0	839	839	
9.5	9.75	1	17	1	3	51	100980	51	100980	0.003	0	0.003	0.003	1980	0	1980	1980	
9.5	9.75	1	18	5	3	51	100980	52	102960	0.003	0	0.003	0.003	1980	0	1980	1980	
9.5	9.75	1	19	4	3	49	41111	49	41111	0.003	0	0.003	0.003	839	0	839	839	
9.5	9.75	1	20	3	3	50	21850	50	21850	0.003	0	0.003	0.003	437	0	437	437	
9.75	10	4	1	3	3	52	165462	53	168644	0.003	0	0.003	0.003	3181.96	0.274721	3180	3182	
9.75	10	4	2	5	3	49	41109	49	41109	0.003	0	0.003	0.003	838.959	0.285714	837	839	
9.75	10	4	3	1	3	49	41109	48	40270	0.003	0	0.003	0.003	838.958	0.288675	837	839	
9.75	10	4	4	4	3	49	41111	49	41111	0.003	0	0.003	0.003	839	0	839	839	
9.75	10	4	5	2	3	51	93636	51	93636	0.003	0	0.003	0.003	1836	0	1836	1836	
9.75	10	2	6	5	3	44	27322	44	27322	0.003	0	0.003	0.003	620.955	0.210707	620	621	
9.75	10	2	7	1	3	52	124020	52	124020	0.003	0	0.003	0.003	2385	0	2385	2385	
9.75	10	2	8	3	3	52	48620	52	48620	0.003	0	0.003	0.003	935	0	935	935	
9.75	10	2	9	2	3	52	79392	52	79392	0.003	0	0.003	0.003	1526.77	0.645205	1525	1527	
9.75	10	2	10	4	3	50	41950	50	41950	0.003	0	0.003	0.003	839	0	839	839	
9.75	10	3	11	5	3	48	40270	48	40270	0.003	0	0.003	0.003	838.958	0.288675	837	839	
9.75	10	3	12	4	3	50	91800	51	93636	0.003	0	0.003	0.003	1836	0	1836	1836	
9.75	10	3	13	1	3	50	46748	51	47683	0.003	0	0.003	0.003	934.961	0.280056	933	935	
9.75	10	3	14	3	3	51	47685	50	46750	0.003	0	0.003	0.003	935	0	935	935	
9.75	10	3	15	2	3	51	100980	50	99000	0.003	0	0.003	0.003	1980	0	1980	1980	
9.75	10	1	16	2	3	49	41109	49	41109	0.003	0	0.003	0.003	838.959	0.285714	837	839	
9.75	10	1	17	1	3	52	102960	51	100980	0.003	0	0.003	0.003	1980	0	1980	1980	
9.75	10	1	18	5	3	51	100980	51	100980	0.003	0	0.003	0.003	1980	0	1980	1980	
9.75	10	1	19	4	3	49	41111	49	41111	0.003	0	0.003	0.003	839	0	839	839	
9.75	10	1	20	3	3	49	21413	50	21850	0.003	0	0.003	0.003	437	0	437	437	
