% start	end	CellId	IMSI	RNTI	LCID	nTxPDUs	TxBytes	nRxPDUs	RxBytes	delay	stdDev	min	max	PduSize	stdDev	min	max
0.5	0.75	4	1	5	3	45	25386	44	25167	0.0065	0.00354046	0.003	0.01	571.977	330.328	219	1056	
0.5	0.75	4	2	3	3	24	25344	24	25344	0.00329167	0.00142887	0.003	0.01	1056	0	1056	1056	
0.5	0.75	4	3	1	3	46	25388	46	25388	0.00345652	0.00174746	0.003	0.01	551.913	415.908	123	1056	
0.5	0.75	4	4	4	3	24	25344	24	25344	0.003	0	0.003	0.003	1056	0	1056	1056	
0.5	0.75	4	5	2	3	24	25344	23	24288	0.01	0	0.01	0.01	1056	0	1056	1056	
0.5	0.75	2	6	1	3	46	25388	46	25388	0.00345652	0.00174746	0.003	0.01	551.913	415.908	123	1056	
0.5	0.75	2	7	4	3	24	25344	24	25344	0.00329167	0.00142887	0.003	0.01	1056	0	1056	1056	
0.5	0.75	2	8	5	3	25	25346	24	24290	0.00941667	0.00197631	0.003	0.01	1012.08	151.241	437	1056	
0.5	0.75	2	9	2	3	45	25386	44	25167	0.00665909	0.0035368	0.003	0.01	571.977	335.132	123	1056	
0.5	0.75	2	10	3	3	24	25344	24	25344	0.00329167	0.00142887	0.003	0.01	1056	0	1056	1056	
0.5	0.75	3	11	1	3	24	25344	24	25344	0.003875	0.00236482	0.003	0.01	1056	0	1056	1056	
0.5	0.75	3	12	3	3	24	25344	24	25344	0.00329167	0.00142887	0.003	0.01	1056	0	1056	1056	
0.5	0.75	3	13	5	3	68	25432	67	25246	0.00529851	0.00331212	0.003	0.01	376.806	149.146	186	1056	
0.5	0.75	3	14	4	3	24	25344	24	25344	0.00329167	0.00142887	0.003	0.01	1056	0	1056	1056	
0.5	0.75	3	15	2	3	24	25344	24	25344	0.00358333	0.00197631	0.003	0.01	1056	0	1056	1056	
0.5	0.75	1	16	5	3	25	25346	24	24290	0.00941667	0.00197631	0.003	0.01	1012.08	151.241	437	1056	
0.5	0.75	1	17	4	3	47	25390	47	25390	0.00314894	0.00102105	0.003	0.01	540.213	319.389	219	1056	
0.5	0.75	1	18	3	3	24	25344	23	24288	0.01	0	0.01	0.01	1056	0	1056	1056	
0.5	0.75	1	19	2	3	46	25388	46	25388	0.00330435	0.00144329	0.003	0.01	551.913	325.225	219	1056	
0.5	0.75	1	20	1	3	24	25344	24	25344	0.00329167	0.00142887	0.003	0.01	1056	0	1056	1056	
0.75	1	4	1	5	3	50	26450	50	26450	0.0065	0.00353553	0.003	0.01	529	313.147	219	839	
0.75	1	4	2	3	3	25	26400	25	26400	0.003	0	0.003	0.003	1056	0	1056	1056	
0.75	1	4	3	1	3	50	26450	50	26450	0.003	0	0.003	0.003	529	410.122	123	935	
0.75	1	4	4	4	3	25	26400	25	26400	0.003	0	0.003	0.003	1056	0	1056	1056	
0.75	1	4	5	2	3	25	26400	25	26400	0.01	0	0.01	0.01	1056	0	1056	1056	
0.75	1	2	6	1	3	50	26450	50	26450	0.003	0	0.003	0.003	529	410.122	123	935	
0.75	1	2	7	4	3	25	26400	25	26400	0.003	0	0.003	0.003	1056	0	1056	1056	
0.75	1	2	8	5	3	25	26400	25	26400	0.01	0	0.01	0.01	1056	0	1056	1056	
0.75	1	2	9	2	3	50	26450	50	26450	0.0065	0.00353553	0.003	0.01	529	313.147	219	839	
0.75	1	2	10	3	3	25	26400	25	26400	0.003	0	0.003	0.003	1056	0	1056	1056	
0.75	1	3	11	1	3	25	26400	25	26400	0.003	0	0.003	0.003	1056	0	1056	1056	
0.75	1	3	12	3	3	25	26400	25	26400	0.003	0	0.003	0.003	1056	0	1056	1056	
0.75	1	3	13	5	3	75	26500	75	26500	0.00533333	0.00332205	0.003	0.01	353.333	119.119	186	437	
0.75	1	3	14	4	3	25	26400	25	26400	0.003	0	0.003	0.003	1056	0	1056	1056	
0.75	1	3	15	2	3	25	26400	25	26400	0.003	0	0.003	0.003	1056	0	1056	1056	
0.75	1	1	16	5	3	25	26400	25	26400	0.01	0	0.01	0.01	1056	0	1056	1056	
0.75	1	1	17	4	3	50	26450	50	26450	0.003	0	0.003	0.003	529	313.147	219	839	
0.75	1	1	18	3	3	25	26400	25	26400	0.01	0	0.01	0.01	1056	0	1056	1056	
0.75	1	1	19	2	3	50	26450	50	26450	0.003	0	0.003	0.003	529	313.147	219	839	
0.75	1	1	20	1	3	25	26400	25	26400	0.003	0	0.003	0.003	1056	0	1056	1056	
1	1.25	4	1	5	3	50	26450	50	26450	0.0065	0.00353553	0.003	0.01	529	313.147	219	839	
1	1.25	4	2	3	3	25	26400	25	26400	0.003	0	0.003	0.003	1056	0	1056	1056	
1	1.25	4	3	1	3	50	26450	50	26450	0.003	0	0.003	0.003	529	410.122	123	935	
1	1.25	4	4	4	3	25	26400	25	26400	0.003	0	0.003	0.003	1056	0	1056	1056	
1	1.25	4	5	2	3	25	26400	25	26400	0.01	0	0.01	0.01	1056	0	1056	1056	
1	1.25	2	6	1	3	50	26450	50	26450	0.003	0	0.003	0.003	529	410.122	123	935	
1	1.25	2	7	4	3	25	26400	25	26400	0.003	0	0.003	0.003	1056	0	1056	1056	
1	1.25	2	8	5	3	25	26400	25	26400	0.01	0	0.01	0.01	1056	0	1056	1056	
1	1.25	2	9	2	3	50	26450	50	26450	0.0065	0.00353553	0.003	0.01	529	313.147	219	839	
1	1.25	2	10	3	3	25	26400	25	26400	0.003	0	0.003	0.003	1056	0	1056	1056	
1	1.25	3	11	1	3	25	26400	25	26400	0.003	0	0.003	0.003	1056	0	1056	1056	
1	1.25	3	12	3	3	25	26400	25	26400	0.003	0	0.003	0.003	1056	0	1056	1056	
1	1.25	3	13	5	3	75	26500	75	26500	0.00533333	0.00332205	0.003	0.01	353.333	119.119	186	437	
1	1.25	3	14	4	3	25	26400	25	26400	0.003	0	0.003	0.003	1056	0	1056	1056	
1	1.25	3	15	2	3	25	26400	25	26400	0.003	0	0.003	0.003	1056	0	1056	1056	
1	1.25	1	16	5	3	25	26400	25	26400	0.01	0	0.01	0.01	1056	0	1056	1056	
1	1.25	1	17	4	3	50	26450	50	26450	0.003	0	0.003	0.003	529	313.147	219	839	
1	1.25	1	18	3	3	25	26400	25	26400	0.01	0	0.01	0.01	1056	0	1056	1056	
1	1.25	1	19	2	3	50	26450	50	26450	0.003	0	0.003	0.003	529	313.147	219	839	
1	1.25	1	20	1	3	25	26400	25	26400	0.003	0	0.003	0.003	1056	0	1056	1056	
1.25	1.5	4	1	5	3	50	26450	50	26450	0.0065	0.00353553	0.003	0.01	529	313.147	219	839	
1.25	1.5	4	2	3	3	25	26400	25	26400	0.003	0	0.003	0.003	1056	0	1056	1056	
1.25	1.5	4	3	1	3	50	26450	50	26450	0.003	0	0.003	0.003	529	410.122	123	935	
1.25	1.5	4	4	4	3	25	26400	25	26400	0.003	0	0.003	0.003	1056	0	1056	1056	
1.25	1.5	4	5	2	3	25	26400	25	26400	0.01	0	0.01	0.01	1056	0	1056	1056	
1.25	1.5	2	6	1	3	50	26450	50	26450	0.003	0	0.003	0.003	529	410.122	123	935	
1.25	1.5	2	7	4	3	25	26400	25	26400	0.003	0	0.003	0.003	1056	0	1056	1056	
1.25	1.5	2	8	5	3	25	26400	25	26400	0.01	0	0.01	0.01	1056	0	1056	1056	
1.25	1.5	2	9	2	3	50	26450	50	26450	0.0065	0.00353553	0.003	0.01	529	313.147	219	839	
1.25	1.5	2	10	3	3	25	26400	25	26400	0.003	0	0.003	0.003	1056	0	1056	1056	
1.25	1.5	3	11	1	3	25	26400	25	26400	0.003	0	0.003	0.003	1056	0	1056	1056	
1.25	1.5	3	12	3	3	25	26400	25	26400	0.003	0	0.003	0.003	1056	0	1056	1056	
1.25	1.5	3	13	5	3	75	26500	75	26500	0.00533333	0.00332205	0.003	0.01	353.333	119.119	186	437	
1.25	1.5	3	14	4	3	25	26400	25	26400	0.003	0	0.003	0.003	1056	0	1056	1056	
1.25	1.5	3	15	2	3	25	26400	25	26400	0.003	0	0.003	0.003	1056	0	1056	1056	
1.25	1.5	1	16	5	3	25	26400	25	26400	0.01	0	0.01	0.01	1056	0	1056	1056	
1.25	1.5	1	17	4	3	50	26450	50	26450	0.003	0	0.003	0.003	529	313.147	219	839	
1.25	1.5	1	18	3	3	25	26400	25	26400	0.01	0	0.01	0.01	1056	0	1056	1056	
1.25	1.5	1	19	2	3	50	26450	50	26450	0.003	0	0.003	0.003	529	313.147	219	839	
1.25	1.5	1	20	1	3	25	26400	25	26400	0.003	0	0.003	0.003	1056	0	1056	1056	
1.5	1.75	4	1	5	3	50	26450	50	26450	0.0065	0.00353553	0.003	0.01	529	313.147	219	839	
1.5	1.75	4	2	3	3	25	26400	25	26400	0.003	0	0.003	0.003	1056	0	1056	1056	
1.5	1.75	4	3	1	3	50	26450	50	26450	0.003	0	0.003	0.003	529	410.122	123	935	
1.5	1.75	4	4	4	3	25	26400	25	26400	0.003	0	0.003	0.003	1056	0	1056	1056	
1.5	1.75	4	5	2	3	25	26400	25	26400	0.01	0	0.01	0.01	1056	0	1056	1056	
1.5	1.75	2	6	1	3	50	26450	50	26450	0.003	0	0.003	0.003	529	410.122	123	935	
1.5	1.75	2	7	4	3	25	26400	25	26400	0.003	0	0.003	0.003	1056	0	1056	1056	
1.5	1.75	2	8	5	3	25	26400	25	26400	0.01	0	0.01	0.01	1056	0	1056	1056	
1.5	1.75	2	9	2	3	50	26450	50	26450	0.0065	0.00353553	0.003	0.01	529	313.147	219	839	
1.5	1.75	2	10	3	3	25	26400	25	26400	0.003	0	0.003	0.003	1056	0	1056	1056	
1.5	1.75	3	11	1	3	25	26400	25	26400	0.003	0	0.003	0.003	1056	0	1056	1056	
1.5	1.75	3	12	3	3	25	26400	25	26400	0.003	0	0.003	0.003	1056	0	1056	1056	
1.5	1.75	3	13	5	3	75	26500	75	26500	0.00533333	0.00332205	0.003	0.01	353.333	119.119	186	437	
1.5	1.75	3	14	4	3	25	26400	25	26400	0.003	0	0.003	0.003	1056	0	1056	1056	
1.5	1.75	3	15	2	3	25	26400	25	26400	0.003	0	0.003	0.003	1056	0	1056	1056	
1.5	1.75	1	16	5	3	25	26400	25	26400	0.01	0	0.01	0.01	1056	0	1056	1056	
1.5	1.75	1	17	4	3	50	26450	50	26450	0.003	0	0.003	0.003	529	313.147	219	839	
1.5	1.75	1	18	3	3	25	26400	25	26400	0.01	0	0.01	0.01	1056	0	1056	1056	
1.5	1.75	1	19	2	3	50	26450	50	26450	0.003	0	0.003	0.003	529	313.147	219	839	
1.5	1.75	1	20	1	3	25	26400	25	26400	0.003	0	0.003	0.003	1056	0	1056	1056	
1.75	2	4	1	5	3	50	26450	50	26450	0.0065	0.00353553	0.003	0.01	529	313.147	219	839	
1.75	2	4	2	3	3	25	26400	25	26400	0.003	0	0.003	0.003	1056	0	1056	1056	
1.75	2	4	3	1	3	50	26450	50	26450	0.003	0	0.003	0.003	529	410.122	123	935	
1.75	2	4	4	4	3	25	26400	25	26400	0.003	0	0.003	0.003	1056	0	1056	1056	
1.75	2	4	5	2	3	25	26400	25	26400	0.01	0	0.01	0.01	1056	0	1056	1056	
1.75	2	2	6	1	3	50	26450	50	26450	0.003	0	0.003	0.003	529	410.122	123	935	
1.75	2	2	7	4	3	25	26400	25	26400	0.003	0	0.003	0.003	1056	0	1056	1056	
1.75	2	2	8	5	3	25	26400	25	26400	0.01	0	0.01	0.01	1056	0	1056	1056	
1.75	2	2	9	2	3	50	26450	50	26450	0.0065	0.00353553	0.003	0.01	529	313.147	219	839	
1.75	2	2	10	3	3	25	26400	25	26400	0.003	0	0.003	0.003	1056	0	1056	1056	
1.75	2	3	11	1	3	25	26400	25	26400	0.003	0	0.003	0.003	1056	0	1056	1056	
1.75	2	3	12	3	3	25	26400	25	26400	0.003	0	0.003	0.003	1056	0	1056	1056	
1.75	2	3	13	5	3	75	26500	75	26500	0.00533333	0.00332205	0.003	0.01	353.333	119.119	186	437	
1.75	2	3	14	4	3	25	26400	25	26400	0.003	0	0.003	0.003	1056	0	1056	1056	
1.75	2	3	15	2	3	25	26400	25	26400	0.003	0	0.003	0.003	1056	0	1056	1056	
1.75	2	1	16	5	3	25	26400	25	26400	0.01	0	0.01	0.01	1056	0	1056	1056	
1.75	2	1	17	4	3	50	26450	50	26450	0.003	0	0.003	0.003	529	313.147	219	839	
1.75	2	1	18	3	3	25	26400	25	26400	0.01	0	0.01	0.01	1056	0	1056	1056	
1.75	2	1	19	2	3	50	26450	50	26450	0.003	0	0.003	0.003	529	313.147	219	839	
1.75	2	1	20	1	3	25	26400	25	26400	0.003	0	0.003	0.003	1056	0	1056	1056	
2	2.25	4	1	5	3	50	26450	50	26450	0.0065	0.00353553	0.003	0.01	529	313.147	219	839	
2	2.25	4	2	3	3	25	26400	25	26400	0.003	0	0.003	0.003	1056	0	1056	1056	
2	2.25	4	3	1	3	50	26450	50	26450	0.003	0	0.003	0.003	529	410.122	123	935	
2	2.25	4	4	4	3	25	26400	25	26400	0.003	0	0.003	0.003	1056	0	1056	1056	
2	2.25	4	5	2	3	25	26400	25	26400	0.01	0	0.01	0.01	1056	0	1056	1056	
2	2.25	2	6	1	3	50	26450	50	26450	0.003	0	0.003	0.003	529	410.122	123	935	
2	2.25	2	7	4	3	25	26400	25	26400	0.003	0	0.003	0.003	1056	0	1056	1056	
2	2.25	2	8	5	3	25	26400	25	26400	0.01	0	0.01	0.01	1056	0	1056	1056	
2	2.25	2	9	2	3	50	26450	50	26450	0.0065	0.00353553	0.003	0.01	529	313.147	219	839	
2	2.25	2	10	3	3	25	26400	25	26400	0.003	0	0.003	0.003	1056	0	1056	1056	
2	2.25	3	11	1	3	25	26400	25	26400	0.003	0	0.003	0.003	1056	0	1056	1056	
2	2.25	3	12	3	3	25	26400	25	26400	0.003	0	0.003	0.003	1056	0	1056	1056	
2	2.25	3	13	5	3	75	26500	75	26500	0.00533333	0.00332205	0.003	0.01	353.333	119.119	186	437	
2	2.25	3	14	4	3	25	26400	25	26400	0.003	0	0.003	0.003	1056	0	1056	1056	
2	2.25	3	15	2	3	25	26400	25	26400	0.003	0	0.003	0.003	1056	0	1056	1056	
2	2.25	1	16	5	3	25	26400	25	26400	0.01	0	0.01	0.01	1056	0	1056	1056	
2	2.25	1	17	4	3	50	26450	50	26450	0.003	0	0.003	0.003	529	313.147	219	839	
2	2.25	1	18	3	3	25	26400	25	26400	0.01	0	0.01	0.01	1056	0	1056	1056	
2	2.25	1	19	2	3	50	26450	50	26450	0.003	0	0.003	0.003	529	313.147	219	839	
2	2.25	1	20	1	3	25	26400	25	26400	0.003	0	0.003	0.003	1056	0	1056	1056	
2.25	2.5	4	1	5	3	50	26450	50	26450	0.0065	0.00353553	0.003	0.01	529	313.147	219	839	
2.25	2.5	4	2	3	3	25	26400	25	26400	0.003	0	0.003	0.003	1056	0	1056	1056	
2.25	2.5	4	3	1	3	50	26450	50	26450	0.003	0	0.003	0.003	529	410.122	123	935	
2.25	2.5	4	4	4	3	25	26400	25	26400	0.003	0	0.003	0.003	1056	0	1056	1056	
2.25	2.5	4	5	2	3	25	26400	25	26400	0.01	0	0.01	0.01	1056	0	1056	1056	
2.25	2.5	2	6	1	3	50	26450	50	26450	0.003	0	0.003	0.003	529	410.122	123	935	
2.25	2.5	2	7	4	3	25	26400	25	26400	0.003	0	0.003	0.003	1056	0	1056	1056	
2.25	2.5	2	8	5	3	25	26400	25	26400	0.01	0	0.01	0.01	1056	0	1056	1056	
2.25	2.5	2	9	2	3	50	26450	50	26450	0.0065	0.00353553	0.003	0.01	529	313.147	219	839	
2.25	2.5	2	10	3	3	25	26400	25	26400	0.003	0	0.003	0.003	1056	0	1056	1056	
2.25	2.5	3	11	1	3	25	26400	25	26400	0.003	0	0.003	0.003	1056	0	1056	1056	
2.25	2.5	3	12	3	3	25	26400	25	26400	0.003	0	0.003	0.003	1056	0	1056	1056	
2.25	2.5	3	13	5	3	75	26500	75	26500	0.00533333	0.00332205	0.003	0.01	353.333	119.119	186	437	
2.25	2.5	3	14	4	3	25	26400	25	26400	0.003	0	0.003	0.003	1056	0	1056	1056	
2.25	2.5	3	15	2	3	25	26400	25	26400	0.003	0	0.003	0.003	1056	0	1056	1056	
2.25	2.5	1	16	5	3	25	26400	25	26400	0.01	0	0.01	0.01	1056	0	1056	1056	
2.25	2.5	1	17	4	3	50	26450	50	26450	0.003	0	0.003	0.003	529	313.147	219	839	
2.25	2.5	1	18	3	3	25	26400	25	26400	0.01	0	0.01	0.01	1056	0	1056	1056	
2.25	2.5	1	19	2	3	50	26450	50	26450	0.003	0	0.003	0.003	529	313.147	219	839	
2.25	2.5	1	20	1	3	25	26400	25	26400	0.003	0	0.003	0.003	1056	0	1056	1056	
2.5	2.75	4	1	5	3	50	26450	50	26450	0.0065	0.00353553	0.003	0.01	529	313.147	219	839	
2.5	2.75	4	2	3	3	25	26400	25	26400	0.003	0	0.003	0.003	1056	0	1056	1056	
2.5	2.75	4	3	1	3	50	26450	50	26450	0.003	0	0.003	0.003	529	410.122	123	935	
2.5	2.75	4	4	4	3	25	26400	25	26400	0.003	0	0.003	0.003	1056	0	1056	1056	
2.5	2.75	4	5	2	3	25	26400	25	26400	0.01	0	0.01	0.01	1056	0	1056	1056	
2.5	2.75	2	6	1	3	50	26450	50	26450	0.003	0	0.003	0.003	529	410.122	123	935	
2.5	2.75	2	7	4	3	25	26400	25	26400	0.003	0	0.003	0.003	1056	0	1056	1056	
2.5	2.75	2	8	5	3	25	26400	25	26400	0.01	0	0.01	0.01	1056	0	1056	1056	
2.5	2.75	2	9	2	3	50	26450	50	26450	0.0065	0.00353553	0.003	0.01	529	313.147	219	839	
2.5	2.75	2	10	3	3	25	26400	25	26400	0.003	0	0.003	0.003	1056	0	1056	1056	
2.5	2.75	3	11	1	3	25	26400	25	26400	0.003	0	0.003	0.003	1056	0	1056	1056	
2.5	2.75	3	12	3	3	25	26400	25	26400	0.003	0	0.003	0.003	1056	0	1056	1056	
2.5	2.75	3	13	5	3	75	26500	75	26500	0.00533333	0.00332205	0.003	0.01	353.333	119.119	186	437	
2.5	2.75	3	14	4	3	25	26400	25	26400	0.003	0	0.003	0.003	1056	0	1056	1056	
2.5	2.75	3	15	2	3	25	26400	25	26400	0.003	0	0.003	0.003	1056	0	1056	1056	
2.5	2.75	1	16	5	3	25	26400	25	26400	0.01	0	0.01	0.01	1056	0	1056	1056	
2.5	2.75	1	17	4	3	50	26450	50	26450	0.003	0	0.003	0.003	529	313.147	219	839	
2.5	2.75	1	18	3	3	25	26400	25	26400	0.01	0	0.01	0.01	1056	0	1056	1056	
2.5	2.75	1	19	2	3	50	26450	50	26450	0.003	0	0.003	0.003	529	313.147	219	839	
2.5	2.75	1	20	1	3	25	26400	25	26400	0.003	0	0.003	0.003	1056	0	1056	1056	
2.75	3	4	1	5	3	50	26450	50	26450	0.0065	0.00353553	0.003	0.01	529	313.147	219	839	
2.75	3	4	2	3	3	25	26400	25	26400	0.003	0	0.003	0.003	1056	0	1056	1056	
2.75	3	4	3	1	3	50	26450	50	26450	0.003	0	0.003	0.003	529	410.122	123	935	
2.75	3	4	4	4	3	25	26400	25	26400	0.003	0	0.003	0.003	1056	0	1056	1056	
2.75	3	4	5	2	3	25	26400	25	26400	0.01	0	0.01	0.01	1056	0	1056	1056	
2.75	3	2	6	1	3	50	26450	50	26450	0.003	0	0.003	0.003	529	410.122	123	935	
2.75	3	2	7	4	3	25	26400	25	26400	0.003	0	0.003	0.003	1056	0	1056	1056	
2.75	3	2	8	5	3	25	26400	25	26400	0.01	0	0.01	0.01	1056	0	1056	1056	
2.75	3	2	9	2	3	50	26450	50	26450	0.0065	0.00353553	0.003	0.01	529	313.147	219	839	
2.75	3	2	10	3	3	25	26400	25	26400	0.003	0	0.003	0.003	1056	0	1056	1056	
2.75	3	3	11	1	3	25	26400	25	26400	0.003	0	0.003	0.003	1056	0	1056	1056	
2.75	3	3	12	3	3	25	26400	25	26400	0.003	0	0.003	0.003	1056	0	1056	1056	
2.75	3	3	13	5	3	75	26500	75	26500	0.00533333	0.00332205	0.003	0.01	353.333	119.119	186	437	
2.75	3	3	14	4	3	25	26400	25	26400	0.003	0	0.003	0.003	1056	0	1056	1056	
2.75	3	3	15	2	3	25	26400	25	26400	0.003	0	0.003	0.003	1056	0	1056	1056	
2.75	3	1	16	5	3	25	26400	25	26400	0.01	0	0.01	0.01	1056	0	1056	1056	
2.75	3	1	17	4	3	50	26450	50	26450	0.003	0	0.003	0.003	529	313.147	219	839	
2.75	3	1	18	3	3	25	26400	25	26400	0.01	0	0.01	0.01	1056	0	1056	1056	
2.75	3	1	19	2	3	50	26450	50	26450	0.003	0	0.003	0.003	529	313.147	219	839	
2.75	3	1	20	1	3	25	26400	25	26400	0.003	0	0.003	0.003	1056	0	1056	1056	
3	3.25	4	1	5	3	50	26450	50	26450	0.0065	0.00353553	0.003	0.01	529	313.147	219	839	
3	3.25	4	2	3	3	25	26400	25	26400	0.003	0	0.003	0.003	1056	0	1056	1056	
3	3.25	4	3	1	3	50	26450	50	26450	0.003	0	0.003	0.003	529	410.122	123	935	
3	3.25	4	4	4	3	25	26400	25	26400	0.003	0	0.003	0.003	1056	0	1056	1056	
3	3.25	4	5	2	3	25	26400	25	26400	0.01	0	0.01	0.01	1056	0	1056	1056	
3	3.25	2	6	1	3	50	26450	50	26450	0.003	0	0.003	0.003	529	410.122	123	935	
3	3.25	2	7	4	3	25	26400	25	26400	0.003	0	0.003	0.003	1056	0	1056	1056	
3	3.25	2	8	5	3	25	26400	25	26400	0.01	0	0.01	0.01	1056	0	1056	1056	
3	3.25	2	9	2	3	50	26450	50	26450	0.0065	0.00353553	0.003	0.01	529	313.147	219	839	
3	3.25	2	10	3	3	25	26400	25	26400	0.003	0	0.003	0.003	1056	0	1056	1056	
3	3.25	3	11	1	3	25	26400	25	26400	0.003	0	0.003	0.003	1056	0	1056	1056	
3	3.25	3	12	3	3	25	26400	25	26400	0.003	0	0.003	0.003	1056	0	1056	1056	
3	3.25	3	13	5	3	75	26500	75	26500	0.00533333	0.00332205	0.003	0.01	353.333	119.119	186	437	
3	3.25	3	14	4	3	25	26400	25	26400	0.003	0	0.003	0.003	1056	0	1056	1056	
3	3.25	3	15	2	3	25	26400	25	26400	0.003	0	0.003	0.003	1056	0	1056	1056	
3	3.25	1	16	5	3	25	26400	25	26400	0.01	0	0.01	0.01	1056	0	1056	1056	
3	3.25	1	17	4	3	50	26450	50	26450	0.003	0	0.003	0.003	529	313.147	219	839	
3	3.25	1	18	3	3	25	26400	25	26400	0.01	0	0.01	0.01	1056	0	1056	1056	
3	3.25	1	19	2	3	50	26450	50	26450	0.003	0	0.003	0.003	529	313.147	219	839	
3	3.25	1	20	1	3	25	26400	25	26400	0.003	0	0.003	0.003	1056	0	1056	1056	
3.25	3.5	4	1	5	3	50	26450	50	26450	0.0065	0.00353553	0.003	0.01	529	313.147	219	839	
3.25	3.5	4	2	3	3	25	26400	25	26400	0.003	0	0.003	0.003	1056	0	1056	1056	
3.25	3.5	4	3	1	3	50	26450	50	26450	0.003	0	0.003	0.003	529	410.122	123	935	
3.25	3.5	4	4	4	3	25	26400	25	26400	0.003	0	0.003	0.003	1056	0	1056	1056	
3.25	3.5	4	5	2	3	25	26400	25	26400	0.01	0	0.01	0.01	1056	0	1056	1056	
3.25	3.5	2	6	1	3	50	26450	50	26450	0.003	0	0.003	0.003	529	410.122	123	935	
3.25	3.5	2	7	4	3	25	26400	25	26400	0.003	0	0.003	0.003	1056	0	1056	1056	
3.25	3.5	2	8	5	3	25	26400	25	26400	0.01	0	0.01	0.01	1056	0	1056	1056	
3.25	3.5	2	9	2	3	50	26450	50	26450	0.0065	0.00353553	0.003	0.01	529	313.147	219	839	
3.25	3.5	2	10	3	3	25	26400	25	26400	0.003	0	0.003	0.003	1056	0	1056	1056	
3.25	3.5	3	11	1	3	25	26400	25	26400	0.003	0	0.003	0.003	1056	0	1056	1056	
3.25	3.5	3	12	3	3	25	26400	25	26400	0.003	0	0.003	0.003	1056	0	1056	1056	
3.25	3.5	3	13	5	3	75	26500	75	26500	0.00533333	0.00332205	0.003	0.01	353.333	119.119	186	437	
3.25	3.5	3	14	4	3	25	26400	25	26400	0.003	0	0.003	0.003	1056	0	1056	1056	
3.25	3.5	3	15	2	3	25	26400	25	26400	0.003	0	0.003	0.003	1056	0	1056	1056	
3.25	3.5	1	16	5	3	25	26400	25	26400	0.01	0	0.01	0.01	1056	0	1056	1056	
3.25	3.5	1	17	4	3	50	26450	50	26450	0.003	0	0.003	0.003	529	313.147	219	839	
3.25	3.5	1	18	3	3	25	26400	25	26400	0.01	0	0.01	0.01	1056	0	1056	1056	
3.25	3.5	1	19	2	3	50	26450	50	26450	0.003	0	0.003	0.003	529	313.147	219	839	
3.25	3.5	1	20	1	3	25	26400	25	26400	0.003	0	0.003	0.003	1056	0	1056	1056	
3.5	3.75	4	1	5	3	50	26450	50	26450	0.0065	0.00353553	0.003	0.01	529	313.147	219	839	
3.5	3.75	4	2	3	3	25	26400	25	26400	0.003	0	0.003	0.003	1056	0	1056	1056	
3.5	3.75	4	3	1	3	50	26450	50	26450	0.003	0	0.003	0.003	529	410.122	123	935	
3.5	3.75	4	4	4	3	25	26400	25	26400	0.003	0	0.003	0.003	1056	0	1056	1056	
3.5	3.75	4	5	2	3	25	26400	25	26400	0.01	0	0.01	0.01	1056	0	1056	1056	
3.5	3.75	2	6	1	3	50	26450	50	26450	0.003	0	0.003	0.003	529	410.122	123	935	
3.5	3.75	2	7	4	3	25	26400	25	26400	0.003	0	0.003	0.003	1056	0	1056	1056	
3.5	3.75	2	8	5	3	25	26400	25	26400	0.01	0	0.01	0.01	1056	0	1056	1056	
3.5	3.75	2	9	2	3	50	26450	50	26450	0.0065	0.00353553	0.003	0.01	529	313.147	219	839	
3.5	3.75	2	10	3	3	25	26400	25	26400	0.003	0	0.003	0.003	1056	0	1056	1056	
3.5	3.75	3	11	1	3	25	26400	25	26400	0.003	0	0.003	0.003	1056	0	1056	1056	
3.5	3.75	3	12	3	3	25	26400	25	26400	0.003	0	0.003	0.003	1056	0	1056	1056	
3.5	3.75	3	13	5	3	75	26500	75	26500	0.00533333	0.00332205	0.003	0.01	353.333	119.119	186	437	
3.5	3.75	3	14	4	3	25	26400	25	26400	0.003	0	0.003	0.003	1056	0	1056	1056	
3.5	3.75	3	15	2	3	25	26400	25	26400	0.003	0	0.003	0.003	1056	0	1056	1056	
3.5	3.75	1	16	5	3	25	26400	25	26400	0.01	0	0.01	0.01	1056	0	1056	1056	
3.5	3.75	1	17	4	3	50	26450	50	26450	0.003	0	0.003	0.003	529	313.147	219	839	
3.5	3.75	1	18	3	3	25	26400	25	26400	0.01	0	0.01	0.01	1056	0	1056	1056	
3.5	3.75	1	19	2	3	50	26450	50	26450	0.003	0	0.003	0.003	529	313.147	219	839	
3.5	3.75	1	20	1	3	25	26400	25	26400	0.003	0	0.003	0.003	1056	0	1056	1056	
3.75	4	4	1	5	3	50	26450	50	26450	0.0065	0.00353553	0.003	0.01	529	313.147	219	839	
3.75	4	4	2	3	3	25	26400	25	26400	0.003	0	0.003	0.003	1056	0	1056	1056	
3.75	4	4	3	1	3	50	26450	50	26450	0.003	0	0.003	0.003	529	410.122	123	935	
3.75	4	4	4	4	3	25	26400	25	26400	0.003	0	0.003	0.003	1056	0	1056	1056	
3.75	4	4	5	2	3	25	26400	25	26400	0.01	0	0.01	0.01	1056	0	1056	1056	
3.75	4	2	6	1	3	50	26450	50	26450	0.003	0	0.003	0.003	529	410.122	123	935	
3.75	4	2	7	4	3	25	26400	25	26400	0.003	0	0.003	0.003	1056	0	1056	1056	
3.75	4	2	8	5	3	25	26400	25	26400	0.01	0	0.01	0.01	1056	0	1056	1056	
3.75	4	2	9	2	3	50	26450	50	26450	0.0065	0.00353553	0.003	0.01	529	313.147	219	839	
3.75	4	2	10	3	3	25	26400	25	26400	0.003	0	0.003	0.003	1056	0	1056	1056	
3.75	4	3	11	1	3	25	26400	25	26400	0.003	0	0.003	0.003	1056	0	1056	1056	
3.75	4	3	12	3	3	25	26400	25	26400	0.003	0	0.003	0.003	1056	0	1056	1056	
3.75	4	3	13	5	3	75	26500	75	26500	0.00533333	0.00332205	0.003	0.01	353.333	119.119	186	437	
3.75	4	3	14	4	3	25	26400	25	26400	0.003	0	0.003	0.003	1056	0	1056	1056	
3.75	4	3	15	2	3	25	26400	25	26400	0.003	0	0.003	0.003	1056	0	1056	1056	
3.75	4	1	16	5	3	25	26400	25	26400	0.01	0	0.01	0.01	1056	0	1056	1056	
3.75	4	1	17	4	3	50	26450	50	26450	0.003	0	0.003	0.003	529	313.147	219	839	
3.75	4	1	18	3	3	25	26400	25	26400	0.01	0	0.01	0.01	1056	0	1056	1056	
3.75	4	1	19	2	3	50	26450	50	26450	0.003	0	0.003	0.003	529	313.147	219	839	
3.75	4	1	20	1	3	25	26400	25	26400	0.003	0	0.003	0.003	1056	0	1056	1056	
4	4.25	4	1	5	3	50	26450	50	26450	0.0065	0.00353553	0.003	0.01	529	313.147	219	839	
4	4.25	4	2	3	3	25	26400	25	26400	0.003	0	0.003	0.003	1056	0	1056	1056	
4	4.25	4	3	1	3	50	26450	50	26450	0.003	0	0.003	0.003	529	410.122	123	935	
4	4.25	4	4	4	3	25	26400	25	26400	0.003	0	0.003	0.003	1056	0	1056	1056	
4	4.25	4	5	2	3	25	26400	25	26400	0.01	0	0.01	0.01	1056	0	1056	1056	
4	4.25	2	6	1	3	50	26450	50	26450	0.003	0	0.003	0.003	529	410.122	123	935	
4	4.25	2	7	4	3	25	26400	25	26400	0.003	0	0.003	0.003	1056	0	1056	1056	
4	4.25	2	8	5	3	25	26400	25	26400	0.01	0	0.01	0.01	1056	0	1056	1056	
4	4.25	2	9	2	3	50	26450	50	26450	0.0065	0.00353553	0.003	0.01	529	313.147	219	839	
4	4.25	2	10	3	3	25	26400	25	26400	0.003	0	0.003	0.003	1056	0	1056	1056	
4	4.25	3	11	1	3	25	26400	25	26400	0.003	0	0.003	0.003	1056	0	1056	1056	
4	4.25	3	12	3	3	25	26400	25	26400	0.003	0	0.003	0.003	1056	0	1056	1056	
4	4.25	3	13	5	3	75	26500	75	26500	0.00533333	0.00332205	0.003	0.01	353.333	119.119	186	437	
4	4.25	3	14	4	3	25	26400	25	26400	0.003	0	0.003	0.003	1056	0	1056	1056	
4	4.25	3	15	2	3	25	26400	25	26400	0.003	0	0.003	0.003	1056	0	1056	1056	
4	4.25	1	16	5	3	25	26400	25	26400	0.01	0	0.01	0.01	1056	0	1056	1056	
4	4.25	1	17	4	3	50	26450	50	26450	0.003	0	0.003	0.003	529	313.147	219	839	
4	4.25	1	18	3	3	25	26400	25	26400	0.01	0	0.01	0.01	1056	0	1056	1056	
4	4.25	1	19	2	3	50	26450	50	26450	0.003	0	0.003	0.003	529	313.147	219	839	
4	4.25	1	20	1	3	25	26400	25	26400	0.003	0	0.003	0.003	1056	0	1056	1056	
4.25	4.5	4	1	5	3	50	26450	50	26450	0.0065	0.00353553	0.003	0.01	529	313.147	219	839	
4.25	4.5	4	2	3	3	25	26400	25	26400	0.003	0	0.003	0.003	1056	0	1056	1056	
4.25	4.5	4	3	1	3	50	26450	50	26450	0.003	0	0.003	0.003	529	410.122	123	935	
4.25	4.5	4	4	4	3	25	26400	25	26400	0.003	0	0.003	0.003	1056	0	1056	1056	
4.25	4.5	4	5	2	3	25	26400	25	26400	0.01	0	0.01	0.01	1056	0	1056	1056	
4.25	4.5	2	6	1	3	50	26450	50	26450	0.003	0	0.003	0.003	529	410.122	123	935	
4.25	4.5	2	7	4	3	25	26400	25	26400	0.003	0	0.003	0.003	1056	0	1056	1056	
4.25	4.5	2	8	5	3	25	26400	25	26400	0.01	0	0.01	0.01	1056	0	1056	1056	
4.25	4.5	2	9	2	3	50	26450	50	26450	0.0065	0.00353553	0.003	0.01	529	313.147	219	839	
4.25	4.5	2	10	3	3	25	26400	25	26400	0.003	0	0.003	0.003	1056	0	1056	1056	
4.25	4.5	3	11	1	3	25	26400	25	26400	0.003	0	0.003	0.003	1056	0	1056	1056	
4.25	4.5	3	12	3	3	25	26400	25	26400	0.003	0	0.003	0.003	1056	0	1056	1056	
4.25	4.5	3	13	5	3	75	26500	75	26500	0.00533333	0.00332205	0.003	0.01	353.333	119.119	186	437	
4.25	4.5	3	14	4	3	25	26400	25	26400	0.003	0	0.003	0.003	1056	0	1056	1056	
4.25	4.5	3	15	2	3	25	26400	25	26400	0.003	0	0.003	0.003	1056	0	1056	1056	
4.25	4.5	1	16	5	3	25	26400	25	26400	0.01	0	0.01	0.01	1056	0	1056	1056	
4.25	4.5	1	17	4	3	50	26450	50	26450	0.003	0	0.003	0.003	529	313.147	219	839	
4.25	4.5	1	18	3	3	25	26400	25	26400	0.01	0	0.01	0.01	1056	0	1056	1056	
4.25	4.5	1	19	2	3	50	26450	50	26450	0.003	0	0.003	0.003	529	313.147	219	839	
4.25	4.5	1	20	1	3	25	26400	25	26400	0.003	0	0.003	0.003	1056	0	1056	1056	
4.5	4.75	4	1	5	3	50	26450	50	26450	0.0065	0.00353553	0.003	0.01	529	313.147	219	839	
4.5	4.75	4	2	3	3	25	26400	25	26400	0.003	0	0.003	0.003	1056	0	1056	1056	
4.5	4.75	4	3	1	3	50	26450	50	26450	0.003	0	0.003	0.003	529	410.122	123	935	
4.5	4.75	4	4	4	3	25	26400	25	26400	0.003	0	0.003	0.003	1056	0	1056	1056	
4.5	4.75	4	5	2	3	25	26400	25	26400	0.01	0	0.01	0.01	1056	0	1056	1056	
4.5	4.75	2	6	1	3	50	26450	50	26450	0.003	0	0.003	0.003	529	410.122	123	935	
4.5	4.75	2	7	4	3	25	26400	25	26400	0.003	0	0.003	0.003	1056	0	1056	1056	
4.5	4.75	2	8	5	3	25	26400	25	26400	0.01	0	0.01	0.01	1056	0	1056	1056	
4.5	4.75	2	9	2	3	50	26450	50	26450	0.0065	0.00353553	0.003	0.01	529	313.147	219	839	
4.5	4.75	2	10	3	3	25	26400	25	26400	0.003	0	0.003	0.003	1056	0	1056	1056	
4.5	4.75	3	11	1	3	25	26400	25	26400	0.003	0	0.003	0.003	1056	0	1056	1056	
4.5	4.75	3	12	3	3	25	26400	25	26400	0.003	0	0.003	0.003	1056	0	1056	1056	
4.5	4.75	3	13	5	3	75	26500	75	26500	0.00533333	0.00332205	0.003	0.01	353.333	119.119	186	437	
4.5	4.75	3	14	4	3	25	26400	25	26400	0.003	0	0.003	0.003	1056	0	1056	1056	
4.5	4.75	3	15	2	3	25	26400	25	26400	0.003	0	0.003	0.003	1056	0	1056	1056	
4.5	4.75	1	16	5	3	25	26400	25	26400	0.01	0	0.01	0.01	1056	0	1056	1056	
4.5	4.75	1	17	4	3	50	26450	50	26450	0.003	0	0.003	0.003	529	313.147	219	839	
4.5	4.75	1	18	3	3	25	26400	25	26400	0.01	0	0.01	0.01	1056	0	1056	1056	
4.5	4.75	1	19	2	3	50	26450	50	26450	0.003	0	0.003	0.003	529	313.147	219	839	
4.5	4.75	1	20	1	3	25	26400	25	26400	0.003	0	0.003	0.003	1056	0	1056	1056	
4.75	5	4	1	5	3	50	26450	50	26450	0.0065	0.00353553	0.003	0.01	529	313.147	219	839	
4.75	5	4	2	3	3	25	26400	25	26400	0.003	0	0.003	0.003	1056	0	1056	1056	
4.75	5	4	3	1	3	50	26450	50	26450	0.003	0	0.003	0.003	529	410.122	123	935	
4.75	5	4	4	4	3	25	26400	25	26400	0.003	0	0.003	0.003	1056	0	1056	1056	
4.75	5	4	5	2	3	25	26400	25	26400	0.01	0	0.01	0.01	1056	0	1056	1056	
4.75	5	2	6	1	3	50	26450	50	26450	0.003	0	0.003	0.003	529	410.122	123	935	
4.75	5	2	7	4	3	25	26400	25	26400	0.003	0	0.003	0.003	1056	0	1056	1056	
4.75	5	2	8	5	3	25	26400	25	26400	0.01	0	0.01	0.01	1056	0	1056	1056	
4.75	5	2	9	2	3	50	26450	50	26450	0.0065	0.00353553	0.003	0.01	529	313.147	219	839	
4.75	5	2	10	3	3	25	26400	25	26400	0.003	0	0.003	0.003	1056	0	1056	1056	
4.75	5	3	11	1	3	25	26400	25	26400	0.003	0	0.003	0.003	1056	0	1056	1056	
4.75	5	3	12	3	3	25	26400	25	26400	0.003	0	0.003	0.003	1056	0	1056	1056	
4.75	5	3	13	5	3	75	26500	75	26500	0.00533333	0.00332205	0.003	0.01	353.333	119.119	186	437	
4.75	5	3	14	4	3	25	26400	25	26400	0.003	0	0.003	0.003	1056	0	1056	1056	
4.75	5	3	15	2	3	25	26400	25	26400	0.003	0	0.003	0.003	1056	0	1056	1056	
4.75	5	1	16	5	3	25	26400	25	26400	0.01	0	0.01	0.01	1056	0	1056	1056	
4.75	5	1	17	4	3	50	26450	50	26450	0.003	0	0.003	0.003	529	313.147	219	839	
4.75	5	1	18	3	3	25	26400	25	26400	0.01	0	0.01	0.01	1056	0	1056	1056	
4.75	5	1	19	2	3	50	26450	50	26450	0.003	0	0.003	0.003	529	313.147	219	839	
4.75	5	1	20	1	3	25	26400	25	26400	0.003	0	0.003	0.003	1056	0	1056	1056	
5	5.25	4	1	5	3	50	26450	50	26450	0.0065	0.00353553	0.003	0.01	529	313.147	219	839	
5	5.25	4	2	3	3	25	26400	25	26400	0.003	0	0.003	0.003	1056	0	1056	1056	
5	5.25	4	3	1	3	50	26450	50	26450	0.003	0	0.003	0.003	529	410.122	123	935	
5	5.25	4	4	4	3	25	26400	25	26400	0.003	0	0.003	0.003	1056	0	1056	1056	
5	5.25	4	5	2	3	25	26400	25	26400	0.01	0	0.01	0.01	1056	0	1056	1056	
5	5.25	2	6	1	3	50	26450	50	26450	0.003	0	0.003	0.003	529	410.122	123	935	
5	5.25	2	7	4	3	25	26400	25	26400	0.003	0	0.003	0.003	1056	0	1056	1056	
5	5.25	2	8	5	3	25	26400	25	26400	0.01	0	0.01	0.01	1056	0	1056	1056	
5	5.25	2	9	2	3	50	26450	50	26450	0.0065	0.00353553	0.003	0.01	529	313.147	219	839	
5	5.25	2	10	3	3	25	26400	25	26400	0.003	0	0.003	0.003	1056	0	1056	1056	
5	5.25	3	11	1	3	25	26400	25	26400	0.003	0	0.003	0.003	1056	0	1056	1056	
5	5.25	3	12	3	3	25	26400	25	26400	0.003	0	0.003	0.003	1056	0	1056	1056	
5	5.25	3	13	5	3	75	26500	75	26500	0.00533333	0.00332205	0.003	0.01	353.333	119.119	186	437	
5	5.25	3	14	4	3	25	26400	25	26400	0.003	0	0.003	0.003	1056	0	1056	1056	
5	5.25	3	15	2	3	25	26400	25	26400	0.003	0	0.003	0.003	1056	0	1056	1056	
5	5.25	1	16	5	3	25	26400	25	26400	0.01	0	0.01	0.01	1056	0	1056	1056	
5	5.25	1	17	4	3	50	26450	50	26450	0.003	0	0.003	0.003	529	313.147	219	839	
5	5.25	1	18	3	3	25	26400	25	26400	0.01	0	0.01	0.01	1056	0	1056	1056	
5	5.25	1	19	2	3	50	26450	50	26450	0.003	0	0.003	0.003	529	313.147	219	839	
5	5.25	1	20	1	3	25	26400	25	26400	0.003	0	0.003	0.003	1056	0	1056	1056	
5.25	5.5	4	1	5	3	50	26450	50	26450	0.0065	0.00353553	0.003	0.01	529	313.147	219	839	
5.25	5.5	4	2	3	3	25	26400	25	26400	0.003	0	0.003	0.003	1056	0	1056	1056	
5.25	5.5	4	3	1	3	50	26450	50	26450	0.003	0	0.003	0.003	529	410.122	123	935	
5.25	5.5	4	4	4	3	25	26400	25	26400	0.003	0	0.003	0.003	1056	0	1056	1056	
5.25	5.5	4	5	2	3	25	26400	25	26400	0.01	0	0.01	0.01	1056	0	1056	1056	
5.25	5.5	2	6	1	3	50	26450	50	26450	0.003	0	0.003	0.003	529	410.122	123	935	
5.25	5.5	2	7	4	3	25	26400	25	26400	0.003	0	0.003	0.003	1056	0	1056	1056	
5.25	5.5	2	8	5	3	25	26400	25	26400	0.01	0	0.01	0.01	1056	0	1056	1056	
5.25	5.5	2	9	2	3	50	26450	50	26450	0.0065	0.00353553	0.003	0.01	529	313.147	219	839	
5.25	5.5	2	10	3	3	25	26400	25	26400	0.003	0	0.003	0.003	1056	0	1056	1056	
5.25	5.5	3	11	1	3	25	26400	25	26400	0.003	0	0.003	0.003	1056	0	1056	1056	
5.25	5.5	3	12	3	3	25	26400	25	26400	0.003	0	0.003	0.003	1056	0	1056	1056	
5.25	5.5	3	13	5	3	75	26500	75	26500	0.00533333	0.00332205	0.003	0.01	353.333	119.119	186	437	
5.25	5.5	3	14	4	3	25	26400	25	26400	0.003	0	0.003	0.003	1056	0	1056	1056	
5.25	5.5	3	15	2	3	25	26400	25	26400	0.003	0	0.003	0.003	1056	0	1056	1056	
5.25	5.5	1	16	5	3	25	26400	25	26400	0.01	0	0.01	0.01	1056	0	1056	1056	
5.25	5.5	1	17	4	3	50	26450	50	26450	0.003	0	0.003	0.003	529	313.147	219	839	
5.25	5.5	1	18	3	3	25	26400	25	26400	0.01	0	0.01	0.01	1056	0	1056	1056	
5.25	5.5	1	19	2	3	50	26450	50	26450	0.003	0	0.003	0.003	529	313.147	219	839	
5.25	5.5	1	20	1	3	25	26400	25	26400	0.003	0	0.003	0.003	1056	0	1056	1056	
5.5	5.75	4	1	5	3	50	26450	50	26450	0.0065	0.00353553	0.003	0.01	529	313.147	219	839	
5.5	5.75	4	2	3	3	25	26400	25	26400	0.003	0	0.003	0.003	1056	0	1056	1056	
5.5	5.75	4	3	1	3	50	26450	50	26450	0.003	0	0.003	0.003	529	410.122	123	935	
5.5	5.75	4	4	4	3	25	26400	25	26400	0.003	0	0.003	0.003	1056	0	1056	1056	
5.5	5.75	4	5	2	3	25	26400	25	26400	0.01	0	0.01	0.01	1056	0	1056	1056	
5.5	5.75	2	6	1	3	50	26450	50	26450	0.003	0	0.003	0.003	529	410.122	123	935	
5.5	5.75	2	7	4	3	25	26400	25	26400	0.003	0	0.003	0.003	1056	0	1056	1056	
5.5	5.75	2	8	5	3	25	26400	25	26400	0.01	0	0.01	0.01	1056	0	1056	1056	
5.5	5.75	2	9	2	3	50	26450	50	26450	0.0065	0.00353553	0.003	0.01	529	313.147	219	839	
5.5	5.75	2	10	3	3	25	26400	25	26400	0.003	0	0.003	0.003	1056	0	1056	1056	
5.5	5.75	3	11	1	3	25	26400	25	26400	0.003	0	0.003	0.003	1056	0	1056	1056	
5.5	5.75	3	12	3	3	25	26400	25	26400	0.003	0	0.003	0.003	1056	0	1056	1056	
5.5	5.75	3	13	5	3	75	26500	75	26500	0.00533333	0.00332205	0.003	0.01	353.333	119.119	186	437	
5.5	5.75	3	14	4	3	25	26400	25	26400	0.003	0	0.003	0.003	1056	0	1056	1056	
5.5	5.75	3	15	2	3	25	26400	25	26400	0.003	0	0.003	0.003	1056	0	1056	1056	
5.5	5.75	1	16	5	3	25	26400	25	26400	0.01	0	0.01	0.01	1056	0	1056	1056	
5.5	5.75	1	17	4	3	50	26450	50	26450	0.003	0	0.003	0.003	529	313.147	219	839	
5.5	5.75	1	18	3	3	25	26400	25	26400	0.01	0	0.01	0.01	1056	0	1056	1056	
5.5	5.75	1	19	2	3	50	26450	50	26450	0.003	0	0.003	0.003	529	313.147	219	839	
5.5	5.75	1	20	1	3	25	26400	25	26400	0.003	0	0.003	0.003	1056	0	1056	1056	
5.75	6	4	1	5	3	50	26450	50	26450	0.0065	0.00353553	0.003	0.01	529	313.147	219	839	
5.75	6	4	2	3	3	25	26400	25	26400	0.003	0	0.003	0.003	1056	0	1056	1056	
5.75	6	4	3	1	3	50	26450	50	26450	0.003	0	0.003	0.003	529	410.122	123	935	
5.75	6	4	4	4	3	25	26400	25	26400	0.003	0	0.003	0.003	1056	0	1056	1056	
5.75	6	4	5	2	3	25	26400	25	26400	0.01	0	0.01	0.01	1056	0	1056	1056	
5.75	6	2	6	1	3	50	26450	50	26450	0.003	0	0.003	0.003	529	410.122	123	935	
5.75	6	2	7	4	3	25	26400	25	26400	0.003	0	0.003	0.003	1056	0	1056	1056	
5.75	6	2	8	5	3	25	26400	25	26400	0.01	0	0.01	0.01	1056	0	1056	1056	
5.75	6	2	9	2	3	50	26450	50	26450	0.0065	0.00353553	0.003	0.01	529	313.147	219	839	
5.75	6	2	10	3	3	25	26400	25	26400	0.003	0	0.003	0.003	1056	0	1056	1056	
5.75	6	3	11	1	3	25	26400	25	26400	0.003	0	0.003	0.003	1056	0	1056	1056	
5.75	6	3	12	3	3	25	26400	25	26400	0.003	0	0.003	0.003	1056	0	1056	1056	
5.75	6	3	13	5	3	75	26500	75	26500	0.00533333	0.00332205	0.003	0.01	353.333	119.119	186	437	
5.75	6	3	14	4	3	25	26400	25	26400	0.003	0	0.003	0.003	1056	0	1056	1056	
5.75	6	3	15	2	3	25	26400	25	26400	0.003	0	0.003	0.003	1056	0	1056	1056	
5.75	6	1	16	5	3	25	26400	25	26400	0.01	0	0.01	0.01	1056	0	1056	1056	
5.75	6	1	17	4	3	50	26450	50	26450	0.003	0	0.003	0.003	529	313.147	219	839	
5.75	6	1	18	3	3	25	26400	25	26400	0.01	0	0.01	0.01	1056	0	1056	1056	
5.75	6	1	19	2	3	50	26450	50	26450	0.003	0	0.003	0.003	529	313.147	219	839	
5.75	6	1	20	1	3	25	26400	25	26400	0.003	0	0.003	0.003	1056	0	1056	1056	
6	6.25	4	1	5	3	50	26450	50	26450	0.0065	0.00353553	0.003	0.01	529	313.147	219	839	
6	6.25	4	2	3	3	25	26400	25	26400	0.003	0	0.003	0.003	1056	0	1056	1056	
6	6.25	4	3	1	3	50	26450	50	26450	0.003	0	0.003	0.003	529	410.122	123	935	
6	6.25	4	4	4	3	25	26400	25	26400	0.003	0	0.003	0.003	1056	0	1056	1056	
6	6.25	4	5	2	3	25	26400	25	26400	0.01	0	0.01	0.01	1056	0	1056	1056	
6	6.25	2	6	1	3	50	26450	50	26450	0.003	0	0.003	0.003	529	410.122	123	935	
6	6.25	2	7	4	3	25	26400	25	26400	0.003	0	0.003	0.003	1056	0	1056	1056	
6	6.25	2	8	5	3	25	26400	25	26400	0.01	0	0.01	0.01	1056	0	1056	1056	
6	6.25	2	9	2	3	50	26450	50	26450	0.0065	0.00353553	0.003	0.01	529	313.147	219	839	
6	6.25	2	10	3	3	25	26400	25	26400	0.003	0	0.003	0.003	1056	0	1056	1056	
6	6.25	3	11	1	3	25	26400	25	26400	0.003	0	0.003	0.003	1056	0	1056	1056	
6	6.25	3	12	3	3	25	26400	25	26400	0.003	0	0.003	0.003	1056	0	1056	1056	
6	6.25	3	13	5	3	75	26500	75	26500	0.00533333	0.00332205	0.003	0.01	353.333	119.119	186	437	
6	6.25	3	14	4	3	25	26400	25	26400	0.003	0	0.003	0.003	1056	0	1056	1056	
6	6.25	3	15	2	3	25	26400	25	26400	0.003	0	0.003	0.003	1056	0	1056	1056	
6	6.25	1	16	5	3	25	26400	25	26400	0.01	0	0.01	0.01	1056	0	1056	1056	
6	6.25	1	17	4	3	50	26450	50	26450	0.003	0	0.003	0.003	529	313.147	219	839	
6	6.25	1	18	3	3	25	26400	25	26400	0.01	0	0.01	0.01	1056	0	1056	1056	
6	6.25	1	19	2	3	50	26450	50	26450	0.003	0	0.003	0.003	529	313.147	219	839	
6	6.25	1	20	1	3	25	26400	25	26400	0.003	0	0.003	0.003	1056	0	1056	1056	
6.25	6.5	4	1	5	3	50	26450	50	26450	0.0065	0.00353553	0.003	0.01	529	313.147	219	839	
6.25	6.5	4	2	3	3	25	26400	25	26400	0.003	0	0.003	0.003	1056	0	1056	1056	
6.25	6.5	4	3	1	3	50	26450	50	26450	0.003	0	0.003	0.003	529	410.122	123	935	
6.25	6.5	4	4	4	3	25	26400	25	26400	0.003	0	0.003	0.003	1056	0	1056	1056	
6.25	6.5	4	5	2	3	25	26400	25	26400	0.01	0	0.01	0.01	1056	0	1056	1056	
6.25	6.5	2	6	1	3	50	26450	50	26450	0.003	0	0.003	0.003	529	410.122	123	935	
6.25	6.5	2	7	4	3	25	26400	25	26400	0.003	0	0.003	0.003	1056	0	1056	1056	
6.25	6.5	2	8	5	3	25	26400	25	26400	0.01	0	0.01	0.01	1056	0	1056	1056	
6.25	6.5	2	9	2	3	50	26450	50	26450	0.0065	0.00353553	0.003	0.01	529	313.147	219	839	
6.25	6.5	2	10	3	3	25	26400	25	26400	0.003	0	0.003	0.003	1056	0	1056	1056	
6.25	6.5	3	11	1	3	25	26400	25	26400	0.003	0	0.003	0.003	1056	0	1056	1056	
6.25	6.5	3	12	3	3	25	26400	25	26400	0.003	0	0.003	0.003	1056	0	1056	1056	
6.25	6.5	3	13	5	3	75	26500	75	26500	0.00533333	0.00332205	0.003	0.01	353.333	119.119	186	437	
6.25	6.5	3	14	4	3	25	26400	25	26400	0.003	0	0.003	0.003	1056	0	1056	1056	
6.25	6.5	3	15	2	3	25	26400	25	26400	0.003	0	0.003	0.003	1056	0	1056	1056	
6.25	6.5	1	16	5	3	25	26400	25	26400	0.01	0	0.01	0.01	1056	0	1056	1056	
6.25	6.5	1	17	4	3	50	26450	50	26450	0.003	0	0.003	0.003	529	313.147	219	839	
6.25	6.5	1	18	3	3	25	26400	25	26400	0.01	0	0.01	0.01	1056	0	1056	1056	
6.25	6.5	1	19	2	3	50	26450	50	26450	0.003	0	0.003	0.003	529	313.147	219	839	
6.25	6.5	1	20	1	3	25	26400	25	26400	0.003	0	0.003	0.003	1056	0	1056	1056	
6.5	6.75	4	1	5	3	50	26450	50	26450	0.0065	0.00353553	0.003	0.01	529	313.147	219	839	
6.5	6.75	4	2	3	3	25	26400	25	26400	0.003	0	0.003	0.003	1056	0	1056	1056	
6.5	6.75	4	3	1	3	50	26450	50	26450	0.003	0	0.003	0.003	529	410.122	123	935	
6.5	6.75	4	4	4	3	25	26400	25	26400	0.003	0	0.003	0.003	1056	0	1056	1056	
6.5	6.75	4	5	2	3	25	26400	25	26400	0.01	0	0.01	0.01	1056	0	1056	1056	
6.5	6.75	2	6	1	3	50	26450	50	26450	0.003	0	0.003	0.003	529	410.122	123	935	
6.5	6.75	2	7	4	3	25	26400	25	26400	0.003	0	0.003	0.003	1056	0	1056	1056	
6.5	6.75	2	8	5	3	25	26400	25	26400	0.01	0	0.01	0.01	1056	0	1056	1056	
6.5	6.75	2	9	2	3	50	26450	50	26450	0.0065	0.00353553	0.003	0.01	529	313.147	219	839	
6.5	6.75	2	10	3	3	25	26400	25	26400	0.003	0	0.003	0.003	1056	0	1056	1056	
6.5	6.75	3	11	1	3	25	26400	25	26400	0.003	0	0.003	0.003	1056	0	1056	1056	
6.5	6.75	3	12	3	3	25	26400	25	26400	0.003	0	0.003	0.003	1056	0	1056	1056	
6.5	6.75	3	13	5	3	75	26500	75	26500	0.00533333	0.00332205	0.003	0.01	353.333	119.119	186	437	
6.5	6.75	3	14	4	3	25	26400	25	26400	0.003	0	0.003	0.003	1056	0	1056	1056	
6.5	6.75	3	15	2	3	25	26400	25	26400	0.003	0	0.003	0.003	1056	0	1056	1056	
6.5	6.75	1	16	5	3	25	26400	25	26400	0.01	0	0.01	0.01	1056	0	1056	1056	
6.5	6.75	1	17	4	3	50	26450	50	26450	0.003	0	0.003	0.003	529	313.147	219	839	
6.5	6.75	1	18	3	3	25	26400	25	26400	0.01	0	0.01	0.01	1056	0	1056	1056	
6.5	6.75	1	19	2	3	50	26450	50	26450	0.003	0	0.003	0.003	529	313.147	219	839	
6.5	6.75	1	20	1	3	25	26400	25	26400	0.003	0	0.003	0.003	1056	0	1056	1056	
6.75	7	4	1	5	3	50	26450	50	26450	0.0065	0.00353553	0.003	0.01	529	313.147	219	839	
6.75	7	4	2	3	3	25	26400	25	26400	0.003	0	0.003	0.003	1056	0	1056	1056	
6.75	7	4	3	1	3	50	26450	50	26450	0.003	0	0.003	0.003	529	410.122	123	935	
6.75	7	4	4	4	3	25	26400	25	26400	0.003	0	0.003	0.003	1056	0	1056	1056	
6.75	7	4	5	2	3	25	26400	25	26400	0.01	0	0.01	0.01	1056	0	1056	1056	
6.75	7	2	6	1	3	50	26450	50	26450	0.003	0	0.003	0.003	529	410.122	123	935	
6.75	7	2	7	4	3	25	26400	25	26400	0.003	0	0.003	0.003	1056	0	1056	1056	
6.75	7	2	8	5	3	25	26400	25	26400	0.01	0	0.01	0.01	1056	0	1056	1056	
6.75	7	2	9	2	3	50	26450	50	26450	0.0065	0.00353553	0.003	0.01	529	313.147	219	839	
6.75	7	2	10	3	3	25	26400	25	26400	0.003	0	0.003	0.003	1056	0	1056	1056	
6.75	7	3	11	1	3	25	26400	25	26400	0.003	0	0.003	0.003	1056	0	1056	1056	
6.75	7	3	12	3	3	25	26400	25	26400	0.003	0	0.003	0.003	1056	0	1056	1056	
6.75	7	3	13	5	3	75	26500	75	26500	0.00533333	0.00332205	0.003	0.01	353.333	119.119	186	437	
6.75	7	3	14	4	3	25	26400	25	26400	0.003	0	0.003	0.003	1056	0	1056	1056	
6.75	7	3	15	2	3	25	26400	25	26400	0.003	0	0.003	0.003	1056	0	1056	1056	
6.75	7	1	16	5	3	25	26400	25	26400	0.01	0	0.01	0.01	1056	0	1056	1056	
6.75	7	1	17	4	3	50	26450	50	26450	0.003	0	0.003	0.003	529	313.147	219	839	
6.75	7	1	18	3	3	25	26400	25	26400	0.01	0	0.01	0.01	1056	0	1056	1056	
6.75	7	1	19	2	3	50	26450	50	26450	0.003	0	0.003	0.003	529	313.147	219	839	
6.75	7	1	20	1	3	25	26400	25	26400	0.003	0	0.003	0.003	1056	0	1056	1056	
7	7.25	4	1	5	3	50	26450	50	26450	0.0065	0.00353553	0.003	0.01	529	313.147	219	839	
7	7.25	4	2	3	3	25	26400	25	26400	0.003	0	0.003	0.003	1056	0	1056	1056	
7	7.25	4	3	1	3	50	26450	50	26450	0.003	0	0.003	0.003	529	410.122	123	935	
7	7.25	4	4	4	3	25	26400	25	26400	0.003	0	0.003	0.003	1056	0	1056	1056	
7	7.25	4	5	2	3	25	26400	25	26400	0.01	0	0.01	0.01	1056	0	1056	1056	
7	7.25	2	6	1	3	50	26450	50	26450	0.003	0	0.003	0.003	529	410.122	123	935	
7	7.25	2	7	4	3	25	26400	25	26400	0.003	0	0.003	0.003	1056	0	1056	1056	
7	7.25	2	8	5	3	25	26400	25	26400	0.01	0	0.01	0.01	1056	0	1056	1056	
7	7.25	2	9	2	3	50	26450	50	26450	0.0065	0.00353553	0.003	0.01	529	313.147	219	839	
7	7.25	2	10	3	3	25	26400	25	26400	0.003	0	0.003	0.003	1056	0	1056	1056	
7	7.25	3	11	1	3	25	26400	25	26400	0.003	0	0.003	0.003	1056	0	1056	1056	
7	7.25	3	12	3	3	25	26400	25	26400	0.003	0	0.003	0.003	1056	0	1056	1056	
7	7.25	3	13	5	3	75	26500	75	26500	0.00533333	0.00332205	0.003	0.01	353.333	119.119	186	437	
7	7.25	3	14	4	3	25	26400	25	26400	0.003	0	0.003	0.003	1056	0	1056	1056	
7	7.25	3	15	2	3	25	26400	25	26400	0.003	0	0.003	0.003	1056	0	1056	1056	
7	7.25	1	16	5	3	25	26400	25	26400	0.01	0	0.01	0.01	1056	0	1056	1056	
7	7.25	1	17	4	3	50	26450	50	26450	0.003	0	0.003	0.003	529	313.147	219	839	
7	7.25	1	18	3	3	25	26400	25	26400	0.01	0	0.01	0.01	1056	0	1056	1056	
7	7.25	1	19	2	3	50	26450	50	26450	0.003	0	0.003	0.003	529	313.147	219	839	
7	7.25	1	20	1	3	25	26400	25	26400	0.003	0	0.003	0.003	1056	0	1056	1056	
7.25	7.5	4	1	5	3	50	26450	50	26450	0.0065	0.00353553	0.003	0.01	529	313.147	219	839	
7.25	7.5	4	2	3	3	25	26400	25	26400	0.003	0	0.003	0.003	1056	0	1056	1056	
7.25	7.5	4	3	1	3	50	26450	50	26450	0.003	0	0.003	0.003	529	410.122	123	935	
7.25	7.5	4	4	4	3	25	26400	25	26400	0.003	0	0.003	0.003	1056	0	1056	1056	
7.25	7.5	4	5	2	3	25	26400	25	26400	0.01	0	0.01	0.01	1056	0	1056	1056	
7.25	7.5	2	6	1	3	50	26450	50	26450	0.003	0	0.003	0.003	529	410.122	123	935	
7.25	7.5	2	7	4	3	25	26400	25	26400	0.003	0	0.003	0.003	1056	0	1056	1056	
7.25	7.5	2	8	5	3	25	26400	25	26400	0.01	0	0.01	0.01	1056	0	1056	1056	
7.25	7.5	2	9	2	3	50	26450	50	26450	0.0065	0.00353553	0.003	0.01	529	313.147	219	839	
7.25	7.5	2	10	3	3	25	26400	25	26400	0.003	0	0.003	0.003	1056	0	1056	1056	
7.25	7.5	3	11	1	3	25	26400	25	26400	0.003	0	0.003	0.003	1056	0	1056	1056	
7.25	7.5	3	12	3	3	25	26400	25	26400	0.003	0	0.003	0.003	1056	0	1056	1056	
7.25	7.5	3	13	5	3	75	26500	75	26500	0.00533333	0.00332205	0.003	0.01	353.333	119.119	186	437	
7.25	7.5	3	14	4	3	25	26400	25	26400	0.003	0	0.003	0.003	1056	0	1056	1056	
7.25	7.5	3	15	2	3	25	26400	25	26400	0.003	0	0.003	0.003	1056	0	1056	1056	
7.25	7.5	1	16	5	3	25	26400	25	26400	0.01	0	0.01	0.01	1056	0	1056	1056	
7.25	7.5	1	17	4	3	50	26450	50	26450	0.003	0	0.003	0.003	529	313.147	219	839	
7.25	7.5	1	18	3	3	25	26400	25	26400	0.01	0	0.01	0.01	1056	0	1056	1056	
7.25	7.5	1	19	2	3	50	26450	50	26450	0.003	0	0.003	0.003	529	313.147	219	839	
7.25	7.5	1	20	1	3	25	26400	25	26400	0.003	0	0.003	0.003	1056	0	1056	1056	
7.5	7.75	4	1	5	3	50	26450	50	26450	0.0065	0.00353553	0.003	0.01	529	313.147	219	839	
7.5	7.75	4	2	3	3	25	26400	25	26400	0.003	0	0.003	0.003	1056	0	1056	1056	
7.5	7.75	4	3	1	3	50	26450	50	26450	0.003	0	0.003	0.003	529	410.122	123	935	
7.5	7.75	4	4	4	3	25	26400	25	26400	0.003	0	0.003	0.003	1056	0	1056	1056	
7.5	7.75	4	5	2	3	25	26400	25	26400	0.01	0	0.01	0.01	1056	0	1056	1056	
7.5	7.75	2	6	1	3	50	26450	50	26450	0.003	0	0.003	0.003	529	410.122	123	935	
7.5	7.75	2	7	4	3	25	26400	25	26400	0.003	0	0.003	0.003	1056	0	1056	1056	
7.5	7.75	2	8	5	3	25	26400	25	26400	0.01	0	0.01	0.01	1056	0	1056	1056	
7.5	7.75	2	9	2	3	50	26450	50	26450	0.0065	0.00353553	0.003	0.01	529	313.147	219	839	
7.5	7.75	2	10	3	3	25	26400	25	26400	0.003	0	0.003	0.003	1056	0	1056	1056	
7.5	7.75	3	11	1	3	25	26400	25	26400	0.003	0	0.003	0.003	1056	0	1056	1056	
7.5	7.75	3	12	3	3	25	26400	25	26400	0.003	0	0.003	0.003	1056	0	1056	1056	
7.5	7.75	3	13	5	3	75	26500	75	26500	0.00533333	0.00332205	0.003	0.01	353.333	119.119	186	437	
7.5	7.75	3	14	4	3	25	26400	25	26400	0.003	0	0.003	0.003	1056	0	1056	1056	
7.5	7.75	3	15	2	3	25	26400	25	26400	0.003	0	0.003	0.003	1056	0	1056	1056	
7.5	7.75	1	16	5	3	25	26400	25	26400	0.01	0	0.01	0.01	1056	0	1056	1056	
7.5	7.75	1	17	4	3	50	26450	50	26450	0.003	0	0.003	0.003	529	313.147	219	839	
7.5	7.75	1	18	3	3	25	26400	25	26400	0.01	0	0.01	0.01	1056	0	1056	1056	
7.5	7.75	1	19	2	3	50	26450	50	26450	0.003	0	0.003	0.003	529	313.147	219	839	
7.5	7.75	1	20	1	3	25	26400	25	26400	0.003	0	0.003	0.003	1056	0	1056	1056	
7.75	8	4	1	5	3	50	26450	50	26450	0.0065	0.00353553	0.003	0.01	529	313.147	219	839	
7.75	8	4	2	3	3	25	26400	25	26400	0.003	0	0.003	0.003	1056	0	1056	1056	
7.75	8	4	3	1	3	50	26450	50	26450	0.003	0	0.003	0.003	529	410.122	123	935	
7.75	8	4	4	4	3	25	26400	25	26400	0.003	0	0.003	0.003	1056	0	1056	1056	
7.75	8	4	5	2	3	25	26400	25	26400	0.01	0	0.01	0.01	1056	0	1056	1056	
7.75	8	2	6	1	3	50	26450	50	26450	0.003	0	0.003	0.003	529	410.122	123	935	
7.75	8	2	7	4	3	25	26400	25	26400	0.003	0	0.003	0.003	1056	0	1056	1056	
7.75	8	2	8	5	3	25	26400	25	26400	0.01	0	0.01	0.01	1056	0	1056	1056	
7.75	8	2	9	2	3	50	26450	50	26450	0.0065	0.00353553	0.003	0.01	529	313.147	219	839	
7.75	8	2	10	3	3	25	26400	25	26400	0.003	0	0.003	0.003	1056	0	1056	1056	
7.75	8	3	11	1	3	25	26400	25	26400	0.003	0	0.003	0.003	1056	0	1056	1056	
7.75	8	3	12	3	3	25	26400	25	26400	0.003	0	0.003	0.003	1056	0	1056	1056	
7.75	8	3	13	5	3	75	26500	75	26500	0.00533333	0.00332205	0.003	0.01	353.333	119.119	186	437	
7.75	8	3	14	4	3	25	26400	25	26400	0.003	0	0.003	0.003	1056	0	1056	1056	
7.75	8	3	15	2	3	25	26400	25	26400	0.003	0	0.003	0.003	1056	0	1056	1056	
7.75	8	1	16	5	3	25	26400	25	26400	0.01	0	0.01	0.01	1056	0	1056	1056	
7.75	8	1	17	4	3	50	26450	50	26450	0.003	0	0.003	0.003	529	313.147	219	839	
7.75	8	1	18	3	3	25	26400	25	26400	0.01	0	0.01	0.01	1056	0	1056	1056	
7.75	8	1	19	2	3	50	26450	50	26450	0.003	0	0.003	0.003	529	313.147	219	839	
7.75	8	1	20	1	3	25	26400	25	26400	0.003	0	0.003	0.003	1056	0	1056	1056	
8	8.25	4	1	5	3	50	26450	50	26450	0.0065	0.00353553	0.003	0.01	529	313.147	219	839	
8	8.25	4	2	3	3	25	26400	25	26400	0.003	0	0.003	0.003	1056	0	1056	1056	
8	8.25	4	3	1	3	50	26450	50	26450	0.003	0	0.003	0.003	529	410.122	123	935	
8	8.25	4	4	4	3	25	26400	25	26400	0.003	0	0.003	0.003	1056	0	1056	1056	
8	8.25	4	5	2	3	25	26400	25	26400	0.01	0	0.01	0.01	1056	0	1056	1056	
8	8.25	2	6	1	3	50	26450	50	26450	0.003	0	0.003	0.003	529	410.122	123	935	
8	8.25	2	7	4	3	25	26400	25	26400	0.003	0	0.003	0.003	1056	0	1056	1056	
8	8.25	2	8	5	3	25	26400	25	26400	0.01	0	0.01	0.01	1056	0	1056	1056	
8	8.25	2	9	2	3	50	26450	50	26450	0.0065	0.00353553	0.003	0.01	529	313.147	219	839	
8	8.25	2	10	3	3	25	26400	25	26400	0.003	0	0.003	0.003	1056	0	1056	1056	
8	8.25	3	11	1	3	25	26400	25	26400	0.003	0	0.003	0.003	1056	0	1056	1056	
8	8.25	3	12	3	3	25	26400	25	26400	0.003	0	0.003	0.003	1056	0	1056	1056	
8	8.25	3	13	5	3	75	26500	75	26500	0.00533333	0.00332205	0.003	0.01	353.333	119.119	186	437	
8	8.25	3	14	4	3	25	26400	25	26400	0.003	0	0.003	0.003	1056	0	1056	1056	
8	8.25	3	15	2	3	25	26400	25	26400	0.003	0	0.003	0.003	1056	0	1056	1056	
8	8.25	1	16	5	3	25	26400	25	26400	0.01	0	0.01	0.01	1056	0	1056	1056	
8	8.25	1	17	4	3	50	26450	50	26450	0.003	0	0.003	0.003	529	313.147	219	839	
8	8.25	1	18	3	3	25	26400	25	26400	0.01	0	0.01	0.01	1056	0	1056	1056	
8	8.25	1	19	2	3	50	26450	50	26450	0.003	0	0.003	0.003	529	313.147	219	839	
8	8.25	1	20	1	3	25	26400	25	26400	0.003	0	0.003	0.003	1056	0	1056	1056	
8.25	8.5	4	1	5	3	50	26450	50	26450	0.0065	0.00353553	0.003	0.01	529	313.147	219	839	
8.25	8.5	4	2	3	3	25	26400	25	26400	0.003	0	0.003	0.003	1056	0	1056	1056	
8.25	8.5	4	3	1	3	50	26450	50	26450	0.003	0	0.003	0.003	529	410.122	123	935	
8.25	8.5	4	4	4	3	25	26400	25	26400	0.003	0	0.003	0.003	1056	0	1056	1056	
8.25	8.5	4	5	2	3	25	26400	25	26400	0.01	0	0.01	0.01	1056	0	1056	1056	
8.25	8.5	2	6	1	3	50	26450	50	26450	0.003	0	0.003	0.003	529	410.122	123	935	
8.25	8.5	2	7	4	3	25	26400	25	26400	0.003	0	0.003	0.003	1056	0	1056	1056	
8.25	8.5	2	8	5	3	25	26400	25	26400	0.01	0	0.01	0.01	1056	0	1056	1056	
8.25	8.5	2	9	2	3	50	26450	50	26450	0.0065	0.00353553	0.003	0.01	529	313.147	219	839	
8.25	8.5	2	10	3	3	25	26400	25	26400	0.003	0	0.003	0.003	1056	0	1056	1056	
8.25	8.5	3	11	1	3	25	26400	25	26400	0.003	0	0.003	0.003	1056	0	1056	1056	
8.25	8.5	3	12	3	3	25	26400	25	26400	0.003	0	0.003	0.003	1056	0	1056	1056	
8.25	8.5	3	13	5	3	75	26500	75	26500	0.00533333	0.00332205	0.003	0.01	353.333	119.119	186	437	
8.25	8.5	3	14	4	3	25	26400	25	26400	0.003	0	0.003	0.003	1056	0	1056	1056	
8.25	8.5	3	15	2	3	25	26400	25	26400	0.003	0	0.003	0.003	1056	0	1056	1056	
8.25	8.5	1	16	5	3	25	26400	25	26400	0.01	0	0.01	0.01	1056	0	1056	1056	
8.25	8.5	1	17	4	3	50	26450	50	26450	0.003	0	0.003	0.003	529	313.147	219	839	
8.25	8.5	1	18	3	3	25	26400	25	26400	0.01	0	0.01	0.01	1056	0	1056	1056	
8.25	8.5	1	19	2	3	50	26450	50	26450	0.003	0	0.003	0.003	529	313.147	219	839	
8.25	8.5	1	20	1	3	25	26400	25	26400	0.003	0	0.003	0.003	1056	0	1056	1056	
8.5	8.75	4	1	5	3	50	26450	50	26450	0.0065	0.00353553	0.003	0.01	529	313.147	219	839	
8.5	8.75	4	2	3	3	25	26400	25	26400	0.003	0	0.003	0.003	1056	0	1056	1056	
8.5	8.75	4	3	1	3	50	26450	50	26450	0.003	0	0.003	0.003	529	410.122	123	935	
8.5	8.75	4	4	4	3	25	26400	25	26400	0.003	0	0.003	0.003	1056	0	1056	1056	
8.5	8.75	4	5	2	3	25	26400	25	26400	0.01	0	0.01	0.01	1056	0	1056	1056	
8.5	8.75	2	6	1	3	50	26450	50	26450	0.003	0	0.003	0.003	529	410.122	123	935	
8.5	8.75	2	7	4	3	25	26400	25	26400	0.003	0	0.003	0.003	1056	0	1056	1056	
8.5	8.75	2	8	5	3	25	26400	25	26400	0.01	0	0.01	0.01	1056	0	1056	1056	
8.5	8.75	2	9	2	3	50	26450	50	26450	0.0065	0.00353553	0.003	0.01	529	313.147	219	839	
8.5	8.75	2	10	3	3	25	26400	25	26400	0.003	0	0.003	0.003	1056	0	1056	1056	
8.5	8.75	3	11	1	3	25	26400	25	26400	0.003	0	0.003	0.003	1056	0	1056	1056	
8.5	8.75	3	12	3	3	25	26400	25	26400	0.003	0	0.003	0.003	1056	0	1056	1056	
8.5	8.75	3	13	5	3	75	26500	75	26500	0.00533333	0.00332205	0.003	0.01	353.333	119.119	186	437	
8.5	8.75	3	14	4	3	25	26400	25	26400	0.003	0	0.003	0.003	1056	0	1056	1056	
8.5	8.75	3	15	2	3	25	26400	25	26400	0.003	0	0.003	0.003	1056	0	1056	1056	
8.5	8.75	1	16	5	3	25	26400	25	26400	0.01	0	0.01	0.01	1056	0	1056	1056	
8.5	8.75	1	17	4	3	50	26450	50	26450	0.003	0	0.003	0.003	529	313.147	219	839	
8.5	8.75	1	18	3	3	25	26400	25	26400	0.01	0	0.01	0.01	1056	0	1056	1056	
8.5	8.75	1	19	2	3	50	26450	50	26450	0.003	0	0.003	0.003	529	313.147	219	839	
8.5	8.75	1	20	1	3	25	26400	25	26400	0.003	0	0.003	0.003	1056	0	1056	1056	
8.75	9	4	1	5	3	50	26450	50	26450	0.0065	0.00353553	0.003	0.01	529	313.147	219	839	
8.75	9	4	2	3	3	25	26400	25	26400	0.003	0	0.003	0.003	1056	0	1056	1056	
8.75	9	4	3	1	3	50	26450	50	26450	0.003	0	0.003	0.003	529	410.122	123	935	
8.75	9	4	4	4	3	25	26400	25	26400	0.003	0	0.003	0.003	1056	0	1056	1056	
8.75	9	4	5	2	3	25	26400	25	26400	0.01	0	0.01	0.01	1056	0	1056	1056	
8.75	9	2	6	1	3	50	26450	50	26450	0.003	0	0.003	0.003	529	410.122	123	935	
8.75	9	2	7	4	3	25	26400	25	26400	0.003	0	0.003	0.003	1056	0	1056	1056	
8.75	9	2	8	5	3	25	26400	25	26400	0.01	0	0.01	0.01	1056	0	1056	1056	
8.75	9	2	9	2	3	50	26450	50	26450	0.0065	0.00353553	0.003	0.01	529	313.147	219	839	
8.75	9	2	10	3	3	25	26400	25	26400	0.003	0	0.003	0.003	1056	0	1056	1056	
8.75	9	3	11	1	3	25	26400	25	26400	0.003	0	0.003	0.003	1056	0	1056	1056	
8.75	9	3	12	3	3	25	26400	25	26400	0.003	0	0.003	0.003	1056	0	1056	1056	
8.75	9	3	13	5	3	75	26500	75	26500	0.00533333	0.00332205	0.003	0.01	353.333	119.119	186	437	
8.75	9	3	14	4	3	25	26400	25	26400	0.003	0	0.003	0.003	1056	0	1056	1056	
8.75	9	3	15	2	3	25	26400	25	26400	0.003	0	0.003	0.003	1056	0	1056	1056	
8.75	9	1	16	5	3	25	26400	25	26400	0.01	0	0.01	0.01	1056	0	1056	1056	
8.75	9	1	17	4	3	50	26450	50	26450	0.003	0	0.003	0.003	529	313.147	219	839	
8.75	9	1	18	3	3	25	26400	25	26400	0.01	0	0.01	0.01	1056	0	1056	1056	
8.75	9	1	19	2	3	50	26450	50	26450	0.003	0	0.003	0.003	529	313.147	219	839	
8.75	9	1	20	1	3	25	26400	25	26400	0.003	0	0.003	0.003	1056	0	1056	1056	
9	9.25	4	1	5	3	50	26450	50	26450	0.0065	0.00353553	0.003	0.01	529	313.147	219	839	
9	9.25	4	2	3	3	25	26400	25	26400	0.003	0	0.003	0.003	1056	0	1056	1056	
9	9.25	4	3	1	3	50	26450	50	26450	0.003	0	0.003	0.003	529	410.122	123	935	
9	9.25	4	4	4	3	25	26400	25	26400	0.003	0	0.003	0.003	1056	0	1056	1056	
9	9.25	4	5	2	3	25	26400	25	26400	0.01	0	0.01	0.01	1056	0	1056	1056	
9	9.25	2	6	1	3	50	26450	50	26450	0.003	0	0.003	0.003	529	410.122	123	935	
9	9.25	2	7	4	3	25	26400	25	26400	0.003	0	0.003	0.003	1056	0	1056	1056	
9	9.25	2	8	5	3	25	26400	25	26400	0.01	0	0.01	0.01	1056	0	1056	1056	
9	9.25	2	9	2	3	50	26450	50	26450	0.0065	0.00353553	0.003	0.01	529	313.147	219	839	
9	9.25	2	10	3	3	25	26400	25	26400	0.003	0	0.003	0.003	1056	0	1056	1056	
9	9.25	3	11	1	3	25	26400	25	26400	0.003	0	0.003	0.003	1056	0	1056	1056	
9	9.25	3	12	3	3	25	26400	25	26400	0.003	0	0.003	0.003	1056	0	1056	1056	
9	9.25	3	13	5	3	75	26500	75	26500	0.00533333	0.00332205	0.003	0.01	353.333	119.119	186	437	
9	9.25	3	14	4	3	25	26400	25	26400	0.003	0	0.003	0.003	1056	0	1056	1056	
9	9.25	3	15	2	3	25	26400	25	26400	0.003	0	0.003	0.003	1056	0	1056	1056	
9	9.25	1	16	5	3	25	26400	25	26400	0.01	0	0.01	0.01	1056	0	1056	1056	
9	9.25	1	17	4	3	50	26450	50	26450	0.003	0	0.003	0.003	529	313.147	219	839	
9	9.25	1	18	3	3	25	26400	25	26400	0.01	0	0.01	0.01	1056	0	1056	1056	
9	9.25	1	19	2	3	50	26450	50	26450	0.003	0	0.003	0.003	529	313.147	219	839	
9	9.25	1	20	1	3	25	26400	25	26400	0.003	0	0.003	0.003	1056	0	1056	1056	
9.25	9.5	4	1	5	3	50	26450	50	26450	0.0065	0.00353553	0.003	0.01	529	313.147	219	839	
9.25	9.5	4	2	3	3	25	26400	25	26400	0.003	0	0.003	0.003	1056	0	1056	1056	
9.25	9.5	4	3	1	3	50	26450	50	26450	0.003	0	0.003	0.003	529	410.122	123	935	
9.25	9.5	4	4	4	3	25	26400	25	26400	0.003	0	0.003	0.003	1056	0	1056	1056	
9.25	9.5	4	5	2	3	25	26400	25	26400	0.01	0	0.01	0.01	1056	0	1056	1056	
9.25	9.5	2	6	1	3	50	26450	50	26450	0.003	0	0.003	0.003	529	410.122	123	935	
9.25	9.5	2	7	4	3	25	26400	25	26400	0.003	0	0.003	0.003	1056	0	1056	1056	
9.25	9.5	2	8	5	3	25	26400	25	26400	0.01	0	0.01	0.01	1056	0	1056	1056	
9.25	9.5	2	9	2	3	50	26450	50	26450	0.0065	0.00353553	0.003	0.01	529	313.147	219	839	
9.25	9.5	2	10	3	3	25	26400	25	26400	0.003	0	0.003	0.003	1056	0	1056	1056	
9.25	9.5	3	11	1	3	25	26400	25	26400	0.003	0	0.003	0.003	1056	0	1056	1056	
9.25	9.5	3	12	3	3	25	26400	25	26400	0.003	0	0.003	0.003	1056	0	1056	1056	
9.25	9.5	3	13	5	3	75	26500	75	26500	0.00533333	0.00332205	0.003	0.01	353.333	119.119	186	437	
9.25	9.5	3	14	4	3	25	26400	25	26400	0.003	0	0.003	0.003	1056	0	1056	1056	
9.25	9.5	3	15	2	3	25	26400	25	26400	0.003	0	0.003	0.003	1056	0	1056	1056	
9.25	9.5	1	16	5	3	25	26400	25	26400	0.01	0	0.01	0.01	1056	0	1056	1056	
9.25	9.5	1	17	4	3	50	26450	50	26450	0.003	0	0.003	0.003	529	313.147	219	839	
9.25	9.5	1	18	3	3	25	26400	25	26400	0.01	0	0.01	0.01	1056	0	1056	1056	
9.25	9.5	1	19	2	3	50	26450	50	26450	0.003	0	0.003	0.003	529	313.147	219	839	
9.25	9.5	1	20	1	3	25	26400	25	26400	0.003	0	0.003	0.003	1056	0	1056	1056	
9.5	9.75	4	1	5	3	50	26450	50	26450	0.0065	0.00353553	0.003	0.01	529	313.147	219	839	
9.5	9.75	4	2	3	3	25	26400	25	26400	0.003	0	0.003	0.003	1056	0	1056	1056	
9.5	9.75	4	3	1	3	50	26450	50	26450	0.003	0	0.003	0.003	529	410.122	123	935	
9.5	9.75	4	4	4	3	25	26400	25	26400	0.003	0	0.003	0.003	1056	0	1056	1056	
9.5	9.75	4	5	2	3	25	26400	25	26400	0.01	0	0.01	0.01	1056	0	1056	1056	
9.5	9.75	2	6	1	3	50	26450	50	26450	0.003	0	0.003	0.003	529	410.122	123	935	
9.5	9.75	2	7	4	3	25	26400	25	26400	0.003	0	0.003	0.003	1056	0	1056	1056	
9.5	9.75	2	8	5	3	25	26400	25	26400	0.01	0	0.01	0.01	1056	0	1056	1056	
9.5	9.75	2	9	2	3	50	26450	50	26450	0.0065	0.00353553	0.003	0.01	529	313.147	219	839	
9.5	9.75	2	10	3	3	25	26400	25	26400	0.003	0	0.003	0.003	1056	0	1056	1056	
9.5	9.75	3	11	1	3	25	26400	25	26400	0.003	0	0.003	0.003	1056	0	1056	1056	
9.5	9.75	3	12	3	3	25	26400	25	26400	0.003	0	0.003	0.003	1056	0	1056	1056	
9.5	9.75	3	13	5	3	75	26500	75	26500	0.00533333	0.00332205	0.003	0.01	353.333	119.119	186	437	
9.5	9.75	3	14	4	3	25	26400	25	26400	0.003	0	0.003	0.003	1056	0	1056	1056	
9.5	9.75	3	15	2	3	25	26400	25	26400	0.003	0	0.003	0.003	1056	0	1056	1056	
9.5	9.75	1	16	5	3	25	26400	25	26400	0.01	0	0.01	0.01	1056	0	1056	1056	
9.5	9.75	1	17	4	3	50	26450	50	26450	0.003	0	0.003	0.003	529	313.147	219	839	
9.5	9.75	1	18	3	3	25	26400	25	26400	0.01	0	0.01	0.01	1056	0	1056	1056	
9.5	9.75	1	19	2	3	50	26450	50	26450	0.003	0	0.003	0.003	529	313.147	219	839	
9.5	9.75	1	20	1	3	25	26400	25	26400	0.003	0	0.003	0.003	1056	0	1056	1056	
9.75	10	4	1	5	3	50	26450	50	26450	0.0065	0.00353553	0.003	0.01	529	313.147	219	839	
9.75	10	4	2	3	3	25	26400	25	26400	0.003	0	0.003	0.003	1056	0	1056	1056	
9.75	10	4	3	1	3	50	26450	50	26450	0.003	0	0.003	0.003	529	410.122	123	935	
9.75	10	4	4	4	3	25	26400	25	26400	0.003	0	0.003	0.003	1056	0	1056	1056	
9.75	10	4	5	2	3	25	26400	25	26400	0.01	0	0.01	0.01	1056	0	1056	1056	
9.75	10	2	6	1	3	50	26450	50	26450	0.003	0	0.003	0.003	529	410.122	123	935	
9.75	10	2	7	4	3	25	26400	25	26400	0.003	0	0.003	0.003	1056	0	1056	1056	
9.75	10	2	8	5	3	25	26400	25	26400	0.01	0	0.01	0.01	1056	0	1056	1056	
9.75	10	2	9	2	3	50	26450	50	26450	0.0065	0.00353553	0.003	0.01	529	313.147	219	839	
9.75	10	2	10	3	3	25	26400	25	26400	0.003	0	0.003	0.003	1056	0	1056	1056	
9.75	10	3	11	1	3	25	26400	25	26400	0.003	0	0.003	0.003	1056	0	1056	1056	
9.75	10	3	12	3	3	25	26400	25	26400	0.003	0	0.003	0.003	1056	0	1056	1056	
9.75	10	3	13	5	3	75	26500	75	26500	0.00533333	0.00332205	0.003	0.01	353.333	119.119	186	437	
9.75	10	3	14	4	3	25	26400	25	26400	0.003	0	0.003	0.003	1056	0	1056	1056	
9.75	10	3	15	2	3	25	26400	25	26400	0.003	0	0.003	0.003	1056	0	1056	1056	
9.75	10	1	16	5	3	25	26400	25	26400	0.01	0	0.01	0.01	1056	0	1056	1056	
9.75	10	1	17	4	3	50	26450	50	26450	0.003	0	0.003	0.003	529	313.147	219	839	
9.75	10	1	18	3	3	25	26400	25	26400	0.01	0	0.01	0.01	1056	0	1056	1056	
9.75	10	1	19	2	3	50	26450	50	26450	0.003	0	0.003	0.003	529	313.147	219	839	
9.75	10	1	20	1	3	25	26400	25	26400	0.003	0	0.003	0.003	1056	0	1056	1056	
