% start	end	CellId	IMSI	RNTI	LCID	nTxPDUs	TxBytes	nRxPDUs	RxBytes	delay	stdDev	min	max	PduSize	stdDev	min	max
0.5	0.75	4	1	5	3	50	45504	49	44667	0.00314286	0.001	0.003	0.01	911.571	508	839	4395	
0.5	0.75	4	2	3	3	46	22832	46	22832	0.00315217	0.00103209	0.003	0.01	496.348	402.517	437	3167	
0.5	0.75	4	3	2	3	46	43423	46	43423	0.00330435	0.00144329	0.003	0.01	943.978	552.946	839	4395	
0.5	0.75	4	4	1	3	46	42367	46	42367	0.00330435	0.00144329	0.003	0.01	921.022	524.569	839	4395	
0.5	0.75	4	5	4	3	53	52843	52	51908	0.00313461	0.000970725	0.003	0.01	998.231	455.964	935	4223	
0.5	0.75	2	6	4	3	55	103367	54	101531	0.00312963	0.000952579	0.003	0.01	1880.2	324.83	1836	4223	
0.5	0.75	2	7	5	3	41	29235	41	29235	0.00317073	0.00109322	0.003	0.01	713.049	589.4	621	4395	
0.5	0.75	2	8	2	3	49	50452	49	50452	0.00328571	0.0013994	0.003	0.01	1029.63	518.775	935	4395	
0.5	0.75	2	9	3	3	42	28627	42	28627	0.00316667	0.00108012	0.003	0.01	681.595	392.86	620	3167	
0.5	0.75	2	10	1	3	54	100923	53	99087	0.00326415	0.00134666	0.003	0.01	1869.57	369.437	1056	4395	
0.5	0.75	3	11	5	3	44	23186	44	23186	0.00315909	0.00105529	0.003	0.01	526.955	596.691	437	4395	
0.5	0.75	3	12	3	3	47	41761	47	41761	0.00314894	0.00102105	0.003	0.01	888.532	339.574	839	3167	
0.5	0.75	3	13	1	3	49	61428	48	60237	0.00329167	0.00141359	0.003	0.01	1254.94	463.282	1056	4395	
0.5	0.75	3	14	4	3	51	63773	51	63773	0.00313725	0.000980196	0.003	0.01	1250.45	424.565	1191	4223	
0.5	0.75	3	15	2	3	50	79803	49	78276	0.00328571	0.0013994	0.003	0.01	1597.47	416.441	1527	4395	
0.5	0.75	1	16	3	3	52	50852	52	50852	0.00313461	0.000970725	0.003	0.01	977.923	309.523	935	3167	
0.5	0.75	1	17	2	3	37	28242	37	28242	0.00337838	0.0016047	0.003	0.01	763.297	660.744	621	4395	
0.5	0.75	1	18	4	3	52	51908	52	51908	0.00313461	0.000970725	0.003	0.01	998.231	455.964	935	4223	
0.5	0.75	1	19	5	3	54	85326	53	83799	0.00313207	0.000961524	0.003	0.01	1581.11	393.95	1527	4395	
0.5	0.75	1	20	1	3	46	42367	45	41528	0.00331111	0.00145886	0.003	0.01	922.844	530.349	839	4395	
0.75	1	4	1	5	3	48	40272	49	41109	0.003	0	0.003	0.003	838.959	0.285714	837	839	
0.75	1	4	2	3	3	50	21850	49	21413	0.003	0	0.003	0.003	437	0	437	437	
0.75	1	4	3	2	3	49	41109	48	40270	0.003	0	0.003	0.003	838.958	0.288675	837	839	
0.75	1	4	4	1	3	49	41109	49	41109	0.003	0	0.003	0.003	838.959	0.285714	837	839	
0.75	1	4	5	4	3	54	56122	55	57057	0.003	0	0.003	0.003	1037.4	126.57	935	1191	
0.75	1	2	6	4	3	53	97308	54	99144	0.003	0	0.003	0.003	1836	0	1836	1836	
0.75	1	2	7	5	3	46	28566	45	27945	0.003	0	0.003	0.003	621	0	621	621	
0.75	1	2	8	2	3	53	49555	53	49555	0.003	0	0.003	0.003	935	0	935	935	
0.75	1	2	9	3	3	45	27944	45	27944	0.003	0	0.003	0.003	620.978	0.149071	620	621	
0.75	1	2	10	1	3	53	97308	53	97308	0.003	0	0.003	0.003	1836	0	1836	1836	
0.75	1	3	11	5	3	49	21411	49	21411	0.003	0	0.003	0.003	436.959	0.285714	435	437	
0.75	1	3	12	3	3	49	41111	49	41111	0.003	0	0.003	0.003	839	0	839	839	
0.75	1	3	13	1	3	50	59550	51	60741	0.003	0	0.003	0.003	1191	0	1191	1191	
0.75	1	3	14	4	3	51	60741	50	59550	0.003	0	0.003	0.003	1191	0	1191	1191	
0.75	1	3	15	2	3	51	77877	51	77877	0.003	0	0.003	0.003	1527	0	1527	1527	
0.75	1	1	16	3	3	52	48620	52	48620	0.003	0	0.003	0.003	935	0	935	935	
0.75	1	1	17	2	3	44	27324	44	27324	0.003	0	0.003	0.003	621	0	621	621	
0.75	1	1	18	4	3	52	48620	52	48620	0.003	0	0.003	0.003	935	0	935	935	
0.75	1	1	19	5	3	52	79404	52	79404	0.003	0	0.003	0.003	1527	0	1527	1527	
0.75	1	1	20	1	3	50	41948	50	41948	0.003	0	0.003	0.003	838.96	0.282843	837	839	
1	1.25	4	1	5	3	51	42789	50	41950	0.003	0	0.003	0.003	839	0	839	839	
1	1.25	4	2	3	3	51	22287	52	22724	0.003	0	0.003	0.003	437	0	437	437	
1	1.25	4	3	2	3	50	41950	51	42789	0.003	0	0.003	0.003	839	0	839	839	
1	1.25	4	4	1	3	50	41950	50	41950	0.003	0	0.003	0.003	839	0	839	839	
1	1.25	4	5	4	3	48	51792	47	50857	0.003	0	0.003	0.003	1082.06	127.941	935	1191	
1	1.25	2	6	4	3	54	99144	53	97308	0.003	0	0.003	0.003	1836	0	1836	1836	
1	1.25	2	7	5	3	44	27324	45	27945	0.003	0	0.003	0.003	621	0	621	621	
1	1.25	2	8	2	3	54	50488	53	49553	0.003	0	0.003	0.003	934.962	0.274721	933	935	
1	1.25	2	9	3	3	45	27943	45	27943	0.003	0	0.003	0.003	620.956	0.208409	620	621	
1	1.25	2	10	1	3	53	97308	54	99144	0.003	0	0.003	0.003	1836	0	1836	1836	
1	1.25	3	11	5	3	49	21413	49	21413	0.003	0	0.003	0.003	437	0	437	437	
1	1.25	3	12	3	3	49	41111	48	40272	0.003	0	0.003	0.003	839	0	839	839	
1	1.25	3	13	1	3	51	60741	51	60741	0.003	0	0.003	0.003	1191	0	1191	1191	
1	1.25	3	14	4	3	51	60741	51	60741	0.003	0	0.003	0.003	1191	0	1191	1191	
1	1.25	3	15	2	3	50	76350	51	77877	0.003	0	0.003	0.003	1527	0	1527	1527	
1	1.25	1	16	3	3	52	48620	52	48620	0.003	0	0.003	0.003	935	0	935	935	
1	1.25	1	17	2	3	44	27324	44	27324	0.003	0	0.003	0.003	621	0	621	621	
1	1.25	1	18	4	3	52	48620	52	48620	0.003	0	0.003	0.003	935	0	935	935	
1	1.25	1	19	5	3	52	79404	52	79404	0.003	0	0.003	0.003	1527	0	1527	1527	
1	1.25	1	20	1	3	50	41950	50	41950	0.003	0	0.003	0.003	839	0	839	839	
1.25	1.5	4	1	5	3	49	41111	50	41950	0.003	0	0.003	0.003	839	0	839	839	
1.25	1.5	4	2	3	3	50	21850	50	21850	0.003	0	0.003	0.003	437	0	437	437	
1.25	1.5	4	3	2	3	50	41950	49	41111	0.003	0	0.003	0.003	839	0	839	839	
1.25	1.5	4	4	1	3	50	41950	49	41111	0.003	0	0.003	0.003	839	0	839	839	
1.25	1.5	4	5	4	3	51	47685	52	48620	0.003	0	0.003	0.003	935	0	935	935	
1.25	1.5	2	6	4	3	53	97308	53	97308	0.003	0	0.003	0.003	1836	0	1836	1836	
1.25	1.5	2	7	5	3	45	27945	45	27945	0.003	0	0.003	0.003	621	0	621	621	
1.25	1.5	2	8	2	3	53	49555	54	50490	0.003	0	0.003	0.003	935	0	935	935	
1.25	1.5	2	9	3	3	45	27943	45	27943	0.003	0	0.003	0.003	620.956	0.208409	620	621	
1.25	1.5	2	10	1	3	54	99144	53	97308	0.003	0	0.003	0.003	1836	0	1836	1836	
1.25	1.5	3	11	5	3	50	21850	50	21850	0.003	0	0.003	0.003	437	0	437	437	
1.25	1.5	3	12	3	3	48	40272	49	41111	0.003	0	0.003	0.003	839	0	839	839	
1.25	1.5	3	13	1	3	51	60741	50	59550	0.003	0	0.003	0.003	1191	0	1191	1191	
1.25	1.5	3	14	4	3	50	59550	51	60741	0.003	0	0.003	0.003	1191	0	1191	1191	
1.25	1.5	3	15	2	3	51	77877	50	76350	0.003	0	0.003	0.003	1527	0	1527	1527	
1.25	1.5	1	16	3	3	52	48620	52	48620	0.003	0	0.003	0.003	935	0	935	935	
1.25	1.5	1	17	2	3	45	27945	44	27324	0.003	0	0.003	0.003	621	0	621	621	
1.25	1.5	1	18	4	3	52	48620	52	48620	0.003	0	0.003	0.003	935	0	935	935	
1.25	1.5	1	19	5	3	51	77877	52	79404	0.003	0	0.003	0.003	1527	0	1527	1527	
1.25	1.5	1	20	1	3	50	41950	50	41950	0.003	0	0.003	0.003	839	0	839	839	
1.5	1.75	4	1	5	3	50	41950	49	41111	0.003	0	0.003	0.003	839	0	839	839	
1.5	1.75	4	2	3	3	50	21850	50	21850	0.003	0	0.003	0.003	437	0	437	437	
1.5	1.75	4	3	2	3	49	41111	50	41950	0.003	0	0.003	0.003	839	0	839	839	
1.5	1.75	4	4	1	3	49	41111	50	41950	0.003	0	0.003	0.003	839	0	839	839	
1.5	1.75	4	5	4	3	52	48620	51	47685	0.003	0	0.003	0.003	935	0	935	935	
1.5	1.75	2	6	4	3	54	99144	55	100980	0.003	0	0.003	0.003	1836	0	1836	1836	
1.5	1.75	2	7	5	3	46	28566	46	28566	0.003	0	0.003	0.003	621	0	621	621	
1.5	1.75	2	8	2	3	50	44350	49	43511	0.003	0	0.003	0.003	887.98	48.4873	839	935	
1.5	1.75	2	9	3	3	46	28565	45	27944	0.003	0	0.003	0.003	620.978	0.149071	620	621	
1.5	1.75	2	10	1	3	54	99144	55	100980	0.003	0	0.003	0.003	1836	0	1836	1836	
1.5	1.75	3	11	5	3	49	21413	49	21413	0.003	0	0.003	0.003	437	0	437	437	
1.5	1.75	3	12	3	3	49	41111	48	40272	0.003	0	0.003	0.003	839	0	839	839	
1.5	1.75	3	13	1	3	50	59550	51	60741	0.003	0	0.003	0.003	1191	0	1191	1191	
1.5	1.75	3	14	4	3	51	60741	51	60741	0.003	0	0.003	0.003	1191	0	1191	1191	
1.5	1.75	3	15	2	3	51	77877	51	77877	0.003	0	0.003	0.003	1527	0	1527	1527	
1.5	1.75	1	16	3	3	52	48620	52	48620	0.003	0	0.003	0.003	935	0	935	935	
1.5	1.75	1	17	2	3	44	27324	44	27324	0.003	0	0.003	0.003	621	0	621	621	
1.5	1.75	1	18	4	3	52	48620	52	48620	0.003	0	0.003	0.003	935	0	935	935	
1.5	1.75	1	19	5	3	52	79404	52	79404	0.003	0	0.003	0.003	1527	0	1527	1527	
1.5	1.75	1	20	1	3	50	41950	50	41950	0.003	0	0.003	0.003	839	0	839	839	
1.75	2	4	1	5	3	49	41111	50	41950	0.003	0	0.003	0.003	839	0	839	839	
1.75	2	4	2	3	3	51	22287	50	21850	0.003	0	0.003	0.003	437	0	437	437	
1.75	2	4	3	2	3	49	41111	49	41111	0.003	0	0.003	0.003	839	0	839	839	
1.75	2	4	4	1	3	50	41950	49	41111	0.003	0	0.003	0.003	839	0	839	839	
1.75	2	4	5	4	3	51	47685	52	48620	0.003	0	0.003	0.003	935	0	935	935	
1.75	2	2	6	4	3	54	99144	54	99144	0.003	0	0.003	0.003	1836	0	1836	1836	
1.75	2	2	7	5	3	46	28566	45	27945	0.003	0	0.003	0.003	621	0	621	621	
1.75	2	2	8	2	3	51	42787	52	43626	0.003	0	0.003	0.003	838.962	0.27735	837	839	
1.75	2	2	9	3	3	45	27943	46	28564	0.003	0	0.003	0.003	620.957	0.206185	620	621	
1.75	2	2	10	1	3	54	99144	53	97308	0.003	0	0.003	0.003	1836	0	1836	1836	
1.75	2	3	11	5	3	50	21850	49	21413	0.003	0	0.003	0.003	437	0	437	437	
1.75	2	3	12	3	3	48	40272	49	41111	0.003	0	0.003	0.003	839	0	839	839	
1.75	2	3	13	1	3	51	60741	51	60741	0.003	0	0.003	0.003	1191	0	1191	1191	
1.75	2	3	14	4	3	51	60741	50	59550	0.003	0	0.003	0.003	1191	0	1191	1191	
1.75	2	3	15	2	3	50	76350	51	77877	0.003	0	0.003	0.003	1527	0	1527	1527	
1.75	2	1	16	3	3	52	48620	52	48620	0.003	0	0.003	0.003	935	0	935	935	
1.75	2	1	17	2	3	44	27324	45	27945	0.003	0	0.003	0.003	621	0	621	621	
1.75	2	1	18	4	3	52	48620	51	47685	0.003	0	0.003	0.003	935	0	935	935	
1.75	2	1	19	5	3	53	80931	52	79404	0.003	0	0.003	0.003	1527	0	1527	1527	
1.75	2	1	20	1	3	49	41111	50	41950	0.003	0	0.003	0.003	839	0	839	839	
2	2.25	4	1	5	3	49	41111	49	41111	0.003	0	0.003	0.003	839	0	839	839	
2	2.25	4	2	3	3	50	21850	51	22287	0.003	0	0.003	0.003	437	0	437	437	
2	2.25	4	3	2	3	50	41950	49	41111	0.003	0	0.003	0.003	839	0	839	839	
2	2.25	4	4	1	3	49	41111	50	41950	0.003	0	0.003	0.003	839	0	839	839	
2	2.25	4	5	4	3	52	48620	51	47685	0.003	0	0.003	0.003	935	0	935	935	
2	2.25	2	6	4	3	54	99144	54	99144	0.003	0	0.003	0.003	1836	0	1836	1836	
2	2.25	2	7	5	3	45	27945	45	27945	0.003	0	0.003	0.003	621	0	621	621	
2	2.25	2	8	2	3	51	42789	51	42789	0.003	0	0.003	0.003	839	0	839	839	
2	2.25	2	9	3	3	45	27944	45	27944	0.003	0	0.003	0.003	620.978	0.149071	620	621	
2	2.25	2	10	1	3	55	103860	55	103716	0.003	0	0.003	0.003	1885.75	69.1055	1836	1980	
2	2.25	3	11	5	3	49	21413	50	21850	0.003	0	0.003	0.003	437	0	437	437	
2	2.25	3	12	3	3	49	41111	49	41111	0.003	0	0.003	0.003	839	0	839	839	
2	2.25	3	13	1	3	51	60741	50	59550	0.003	0	0.003	0.003	1191	0	1191	1191	
2	2.25	3	14	4	3	50	59550	51	60741	0.003	0	0.003	0.003	1191	0	1191	1191	
2	2.25	3	15	2	3	51	77877	50	76350	0.003	0	0.003	0.003	1527	0	1527	1527	
2	2.25	1	16	3	3	52	48618	52	48618	0.003	0	0.003	0.003	934.962	0.27735	933	935	
2	2.25	1	17	2	3	44	27324	44	27324	0.003	0	0.003	0.003	621	0	621	621	
2	2.25	1	18	4	3	52	48618	52	48618	0.003	0	0.003	0.003	934.962	0.27735	933	935	
2	2.25	1	19	5	3	52	79404	52	79404	0.003	0	0.003	0.003	1527	0	1527	1527	
2	2.25	1	20	1	3	50	41950	50	41950	0.003	0	0.003	0.003	839	0	839	839	
2.25	2.5	4	1	5	3	50	41950	49	41111	0.003	0	0.003	0.003	839	0	839	839	
2.25	2.5	4	2	3	3	50	21848	50	21848	0.003	0	0.003	0.003	436.96	0.282843	435	437	
2.25	2.5	4	3	2	3	49	41111	50	41950	0.003	0	0.003	0.003	839	0	839	839	
2.25	2.5	4	4	1	3	50	41950	49	41111	0.003	0	0.003	0.003	839	0	839	839	
2.25	2.5	4	5	4	3	51	47685	52	48620	0.003	0	0.003	0.003	935	0	935	935	
2.25	2.5	2	6	4	3	53	97308	53	97308	0.003	0	0.003	0.003	1836	0	1836	1836	
2.25	2.5	2	7	5	3	45	27945	45	27945	0.003	0	0.003	0.003	621	0	621	621	
2.25	2.5	2	8	2	3	54	47416	54	47416	0.003	0	0.003	0.003	878.074	47.5684	839	935	
2.25	2.5	2	9	3	3	45	27943	45	27943	0.003	0	0.003	0.003	620.956	0.208409	620	621	
2.25	2.5	2	10	1	3	53	104940	53	104940	0.003	0	0.003	0.003	1980	0	1980	1980	
2.25	2.5	3	11	5	3	50	21850	49	21413	0.003	0	0.003	0.003	437	0	437	437	
2.25	2.5	3	12	3	3	49	41109	48	40270	0.003	0	0.003	0.003	838.958	0.288675	837	839	
2.25	2.5	3	13	1	3	50	59550	51	60741	0.003	0	0.003	0.003	1191	0	1191	1191	
2.25	2.5	3	14	4	3	51	60741	51	60741	0.003	0	0.003	0.003	1191	0	1191	1191	
2.25	2.5	3	15	2	3	50	76350	51	77877	0.003	0	0.003	0.003	1527	0	1527	1527	
2.25	2.5	1	16	3	3	52	48620	52	48620	0.003	0	0.003	0.003	935	0	935	935	
2.25	2.5	1	17	2	3	44	27324	44	27324	0.003	0	0.003	0.003	621	0	621	621	
2.25	2.5	1	18	4	3	52	48620	52	48620	0.003	0	0.003	0.003	935	0	935	935	
2.25	2.5	1	19	5	3	52	79404	52	79404	0.003	0	0.003	0.003	1527	0	1527	1527	
2.25	2.5	1	20	1	3	50	41950	50	41950	0.003	0	0.003	0.003	839	0	839	839	
2.5	2.75	4	1	5	3	49	41109	49	41109	0.003	0	0.003	0.003	838.959	0.285714	837	839	
2.5	2.75	4	2	3	3	49	21413	49	21413	0.003	0	0.003	0.003	437	0	437	437	
2.5	2.75	4	3	2	3	49	41109	48	40270	0.003	0	0.003	0.003	838.958	0.288675	837	839	
2.5	2.75	4	4	1	3	48	40270	49	41109	0.003	0	0.003	0.003	838.959	0.285714	837	839	
2.5	2.75	4	5	4	3	55	61409	55	61409	0.003	0	0.003	0.003	1116.53	117.342	935	1191	
2.5	2.75	2	6	4	3	53	97308	53	97308	0.003	0	0.003	0.003	1836	0	1836	1836	
2.5	2.75	2	7	5	3	45	27945	45	27945	0.003	0	0.003	0.003	621	0	621	621	
2.5	2.75	2	8	2	3	54	50490	53	49555	0.003	0	0.003	0.003	935	0	935	935	
2.5	2.75	2	9	3	3	45	27944	45	27944	0.003	0	0.003	0.003	620.978	0.149071	620	621	
2.5	2.75	2	10	1	3	53	104940	54	106920	0.003	0	0.003	0.003	1980	0	1980	1980	
2.5	2.75	3	11	5	3	49	21413	50	21850	0.003	0	0.003	0.003	437	0	437	437	
2.5	2.75	3	12	3	3	48	40272	49	41111	0.003	0	0.003	0.003	839	0	839	839	
2.5	2.75	3	13	1	3	51	60741	50	59550	0.003	0	0.003	0.003	1191	0	1191	1191	
2.5	2.75	3	14	4	3	51	60741	50	59550	0.003	0	0.003	0.003	1191	0	1191	1191	
2.5	2.75	3	15	2	3	51	77877	51	77877	0.003	0	0.003	0.003	1527	0	1527	1527	
2.5	2.75	1	16	3	3	52	48620	52	48620	0.003	0	0.003	0.003	935	0	935	935	
2.5	2.75	1	17	2	3	44	27324	44	27324	0.003	0	0.003	0.003	621	0	621	621	
2.5	2.75	1	18	4	3	52	48620	52	48620	0.003	0	0.003	0.003	935	0	935	935	
2.5	2.75	1	19	5	3	52	79404	52	79404	0.003	0	0.003	0.003	1527	0	1527	1527	
2.5	2.75	1	20	1	3	50	41948	50	41948	0.003	0	0.003	0.003	838.96	0.282843	837	839	
2.75	3	4	1	5	3	49	41111	49	41111	0.003	0	0.003	0.003	839	0	839	839	
2.75	3	4	2	3	3	51	22287	50	21850	0.003	0	0.003	0.003	437	0	437	437	
2.75	3	4	3	2	3	49	41111	50	41950	0.003	0	0.003	0.003	839	0	839	839	
2.75	3	4	4	1	3	49	41111	49	41111	0.003	0	0.003	0.003	839	0	839	839	
2.75	3	4	5	4	3	52	61932	52	61932	0.003	0	0.003	0.003	1191	0	1191	1191	
2.75	3	2	6	4	3	54	99144	53	97308	0.003	0	0.003	0.003	1836	0	1836	1836	
2.75	3	2	7	5	3	45	27945	45	27945	0.003	0	0.003	0.003	621	0	621	621	
2.75	3	2	8	2	3	53	49555	54	50490	0.003	0	0.003	0.003	935	0	935	935	
2.75	3	2	9	3	3	45	27943	45	27943	0.003	0	0.003	0.003	620.956	0.208409	620	621	
2.75	3	2	10	1	3	53	104940	53	104940	0.003	0	0.003	0.003	1980	0	1980	1980	
2.75	3	3	11	5	3	49	21411	49	21411	0.003	0	0.003	0.003	436.959	0.285714	435	437	
2.75	3	3	12	3	3	49	41111	48	40272	0.003	0	0.003	0.003	839	0	839	839	
2.75	3	3	13	1	3	51	60741	51	60741	0.003	0	0.003	0.003	1191	0	1191	1191	
2.75	3	3	14	4	3	50	59550	51	60741	0.003	0	0.003	0.003	1191	0	1191	1191	
2.75	3	3	15	2	3	51	77877	51	77877	0.003	0	0.003	0.003	1527	0	1527	1527	
2.75	3	1	16	3	3	52	48620	52	48620	0.003	0	0.003	0.003	935	0	935	935	
2.75	3	1	17	2	3	45	27945	44	27324	0.003	0	0.003	0.003	621	0	621	621	
2.75	3	1	18	4	3	52	48620	52	48620	0.003	0	0.003	0.003	935	0	935	935	
2.75	3	1	19	5	3	51	77877	52	79404	0.003	0	0.003	0.003	1527	0	1527	1527	
2.75	3	1	20	1	3	50	41950	50	41950	0.003	0	0.003	0.003	839	0	839	839	
3	3.25	4	1	5	3	49	41111	50	41950	0.003	0	0.003	0.003	839	0	839	839	
3	3.25	4	2	3	3	50	21850	50	21850	0.003	0	0.003	0.003	437	0	437	437	
3	3.25	4	3	2	3	49	41111	49	41111	0.003	0	0.003	0.003	839	0	839	839	
3	3.25	4	4	1	3	50	41950	50	41950	0.003	0	0.003	0.003	839	0	839	839	
3	3.25	4	5	4	3	52	61930	51	60739	0.003	0	0.003	0.003	1190.96	0.280056	1189	1191	
3	3.25	2	6	4	3	53	97308	54	99144	0.003	0	0.003	0.003	1836	0	1836	1836	
3	3.25	2	7	5	3	45	27945	45	27945	0.003	0	0.003	0.003	621	0	621	621	
3	3.25	2	8	2	3	53	49555	53	49555	0.003	0	0.003	0.003	935	0	935	935	
3	3.25	2	9	3	3	45	27944	45	27944	0.003	0	0.003	0.003	620.978	0.149071	620	621	
3	3.25	2	10	1	3	54	106918	53	104938	0.003	0	0.003	0.003	1979.96	0.274721	1978	1980	
3	3.25	3	11	5	3	50	21850	49	21413	0.003	0	0.003	0.003	437	0	437	437	
3	3.25	3	12	3	3	48	40272	49	41111	0.003	0	0.003	0.003	839	0	839	839	
3	3.25	3	13	1	3	50	59550	51	60741	0.003	0	0.003	0.003	1191	0	1191	1191	
3	3.25	3	14	4	3	51	60741	51	60741	0.003	0	0.003	0.003	1191	0	1191	1191	
3	3.25	3	15	2	3	51	77877	50	76350	0.003	0	0.003	0.003	1527	0	1527	1527	
3	3.25	1	16	3	3	52	48620	52	48620	0.003	0	0.003	0.003	935	0	935	935	
3	3.25	1	17	2	3	44	27324	44	27324	0.003	0	0.003	0.003	621	0	621	621	
3	3.25	1	18	4	3	52	48620	52	48620	0.003	0	0.003	0.003	935	0	935	935	
3	3.25	1	19	5	3	52	79402	52	79402	0.003	0	0.003	0.003	1526.96	0.27735	1525	1527	
3	3.25	1	20	1	3	50	41950	50	41950	0.003	0	0.003	0.003	839	0	839	839	
3.25	3.5	4	1	5	3	50	41950	49	41111	0.003	0	0.003	0.003	839	0	839	839	
3.25	3.5	4	2	3	3	50	21850	50	21850	0.003	0	0.003	0.003	437	0	437	437	
3.25	3.5	4	3	2	3	50	41950	50	41950	0.003	0	0.003	0.003	839	0	839	839	
3.25	3.5	4	4	1	3	49	41111	49	41111	0.003	0	0.003	0.003	839	0	839	839	
3.25	3.5	4	5	4	3	51	60741	52	61932	0.003	0	0.003	0.003	1191	0	1191	1191	
3.25	3.5	2	6	4	3	53	97308	53	97308	0.003	0	0.003	0.003	1836	0	1836	1836	
3.25	3.5	2	7	5	3	45	27945	46	28566	0.003	0	0.003	0.003	621	0	621	621	
3.25	3.5	2	8	2	3	54	50490	53	49555	0.003	0	0.003	0.003	935	0	935	935	
3.25	3.5	2	9	3	3	45	27943	45	27943	0.003	0	0.003	0.003	620.956	0.208409	620	621	
3.25	3.5	2	10	1	3	53	104940	53	104940	0.003	0	0.003	0.003	1980	0	1980	1980	
3.25	3.5	3	11	5	3	49	21413	50	21850	0.003	0	0.003	0.003	437	0	437	437	
3.25	3.5	3	12	3	3	49	41111	48	40272	0.003	0	0.003	0.003	839	0	839	839	
3.25	3.5	3	13	1	3	51	60741	51	60741	0.003	0	0.003	0.003	1191	0	1191	1191	
3.25	3.5	3	14	4	3	51	60741	50	59550	0.003	0	0.003	0.003	1191	0	1191	1191	
3.25	3.5	3	15	2	3	50	76342	51	77869	0.003	0	0.003	0.003	1526.84	0.543049	1525	1527	
3.25	3.5	1	16	3	3	52	48620	52	48620	0.003	0	0.003	0.003	935	0	935	935	
3.25	3.5	1	17	2	3	44	27324	45	27945	0.003	0	0.003	0.003	621	0	621	621	
3.25	3.5	1	18	4	3	52	48620	52	48620	0.003	0	0.003	0.003	935	0	935	935	
3.25	3.5	1	19	5	3	52	79394	52	79394	0.003	0	0.003	0.003	1526.81	0.595357	1525	1527	
3.25	3.5	1	20	1	3	50	41950	49	41111	0.003	0	0.003	0.003	839	0	839	839	
3.5	3.75	4	1	5	3	49	41111	50	41950	0.003	0	0.003	0.003	839	0	839	839	
3.5	3.75	4	2	3	3	50	21850	51	22287	0.003	0	0.003	0.003	437	0	437	437	
3.5	3.75	4	3	2	3	49	41111	49	41111	0.003	0	0.003	0.003	839	0	839	839	
3.5	3.75	4	4	1	3	50	41950	49	41111	0.003	0	0.003	0.003	839	0	839	839	
3.5	3.75	4	5	4	3	52	61932	51	60741	0.003	0	0.003	0.003	1191	0	1191	1191	
3.5	3.75	2	6	4	3	54	99144	53	97308	0.003	0	0.003	0.003	1836	0	1836	1836	
3.5	3.75	2	7	5	3	45	27945	45	27945	0.003	0	0.003	0.003	621	0	621	621	
3.5	3.75	2	8	2	3	53	49555	53	49555	0.003	0	0.003	0.003	935	0	935	935	
3.5	3.75	2	9	3	3	45	27943	45	27943	0.003	0	0.003	0.003	620.956	0.208409	620	621	
3.5	3.75	2	10	1	3	53	104940	54	106920	0.003	0	0.003	0.003	1980	0	1980	1980	
3.5	3.75	3	11	5	3	50	21850	49	21413	0.003	0	0.003	0.003	437	0	437	437	
3.5	3.75	3	12	3	3	48	40272	49	41111	0.003	0	0.003	0.003	839	0	839	839	
3.5	3.75	3	13	1	3	51	60741	50	59550	0.003	0	0.003	0.003	1191	0	1191	1191	
3.5	3.75	3	14	4	3	50	59550	51	60741	0.003	0	0.003	0.003	1191	0	1191	1191	
3.5	3.75	3	15	2	3	51	77865	51	77865	0.003	0	0.003	0.003	1526.76	0.650791	1525	1527	
3.5	3.75	1	16	3	3	52	48620	52	48620	0.003	0	0.003	0.003	935	0	935	935	
3.5	3.75	1	17	2	3	44	27324	44	27324	0.003	0	0.003	0.003	621	0	621	621	
3.5	3.75	1	18	4	3	52	48620	52	48620	0.003	0	0.003	0.003	935	0	935	935	
3.5	3.75	1	19	5	3	52	79392	52	79392	0.003	0	0.003	0.003	1526.77	0.645205	1525	1527	
3.5	3.75	1	20	1	3	50	41950	50	41950	0.003	0	0.003	0.003	839	0	839	839	
3.75	4	4	1	5	3	49	41111	49	41111	0.003	0	0.003	0.003	839	0	839	839	
3.75	4	4	2	3	3	50	21850	50	21850	0.003	0	0.003	0.003	437	0	437	437	
3.75	4	4	3	2	3	50	41950	49	41111	0.003	0	0.003	0.003	839	0	839	839	
3.75	4	4	4	1	3	49	41111	50	41950	0.003	0	0.003	0.003	839	0	839	839	
3.75	4	4	5	4	3	52	61932	52	61932	0.003	0	0.003	0.003	1191	0	1191	1191	
3.75	4	2	6	4	3	54	99144	55	100980	0.003	0	0.003	0.003	1836	0	1836	1836	
3.75	4	2	7	5	3	46	28566	46	28566	0.003	0	0.003	0.003	621	0	621	621	
3.75	4	2	8	2	3	49	41783	49	41879	0.003	0	0.003	0.003	854.673	35.85	839	935	
3.75	4	2	9	3	3	46	28565	46	28565	0.003	0	0.003	0.003	620.978	0.147442	620	621	
3.75	4	2	10	1	3	55	108900	54	106920	0.003	0	0.003	0.003	1980	0	1980	1980	
3.75	4	3	11	5	3	49	21413	49	21413	0.003	0	0.003	0.003	437	0	437	437	
3.75	4	3	12	3	3	49	41111	49	41111	0.003	0	0.003	0.003	839	0	839	839	
3.75	4	3	13	1	3	50	59550	51	60741	0.003	0	0.003	0.003	1191	0	1191	1191	
3.75	4	3	14	4	3	51	60741	51	60741	0.003	0	0.003	0.003	1191	0	1191	1191	
3.75	4	3	15	2	3	51	77865	50	76338	0.003	0	0.003	0.003	1526.76	0.656521	1525	1527	
3.75	4	1	16	3	3	52	48618	52	48618	0.003	0	0.003	0.003	934.962	0.27735	933	935	
3.75	4	1	17	2	3	44	27324	44	27324	0.003	0	0.003	0.003	621	0	621	621	
3.75	4	1	18	4	3	52	48618	52	48618	0.003	0	0.003	0.003	934.962	0.27735	933	935	
3.75	4	1	19	5	3	52	79392	52	79392	0.003	0	0.003	0.003	1526.77	0.645205	1525	1527	
3.75	4	1	20	1	3	50	41950	50	41950	0.003	0	0.003	0.003	839	0	839	839	
4	4.25	4	1	5	3	50	41950	49	41111	0.003	0	0.003	0.003	839	0	839	839	
4	4.25	4	2	3	3	50	21848	50	21848	0.003	0	0.003	0.003	436.96	0.282843	435	437	
4	4.25	4	3	2	3	49	41111	50	41950	0.003	0	0.003	0.003	839	0	839	839	
4	4.25	4	4	1	3	50	41950	49	41111	0.003	0	0.003	0.003	839	0	839	839	
4	4.25	4	5	4	3	51	60741	52	61932	0.003	0	0.003	0.003	1191	0	1191	1191	
4	4.25	2	6	4	3	54	99144	54	99144	0.003	0	0.003	0.003	1836	0	1836	1836	
4	4.25	2	7	5	3	46	28566	45	27945	0.003	0	0.003	0.003	621	0	621	621	
4	4.25	2	8	2	3	51	42787	52	43626	0.003	0	0.003	0.003	838.962	0.27735	837	839	
4	4.25	2	9	3	3	46	28564	45	27943	0.003	0	0.003	0.003	620.956	0.208409	620	621	
4	4.25	2	10	1	3	53	104940	54	106920	0.003	0	0.003	0.003	1980	0	1980	1980	
4	4.25	3	11	5	3	49	21413	50	21850	0.003	0	0.003	0.003	437	0	437	437	
4	4.25	3	12	3	3	49	41109	48	40270	0.003	0	0.003	0.003	838.958	0.288675	837	839	
4	4.25	3	13	1	3	51	60741	51	60741	0.003	0	0.003	0.003	1191	0	1191	1191	
4	4.25	3	14	4	3	51	60741	50	59550	0.003	0	0.003	0.003	1191	0	1191	1191	
4	4.25	3	15	2	3	50	76340	51	77867	0.003	0	0.003	0.003	1526.8	0.600653	1525	1527	
4	4.25	1	16	3	3	52	48620	52	48620	0.003	0	0.003	0.003	935	0	935	935	
4	4.25	1	17	2	3	44	27324	44	27324	0.003	0	0.003	0.003	621	0	621	621	
4	4.25	1	18	4	3	52	48620	52	48620	0.003	0	0.003	0.003	935	0	935	935	
4	4.25	1	19	5	3	52	79392	52	79392	0.003	0	0.003	0.003	1526.77	0.645205	1525	1527	
4	4.25	1	20	1	3	50	41950	50	41950	0.003	0	0.003	0.003	839	0	839	839	
4.25	4.5	4	1	5	3	49	41109	50	41948	0.003	0	0.003	0.003	838.96	0.282843	837	839	
4.25	4.5	4	2	3	3	51	22287	50	21850	0.003	0	0.003	0.003	437	0	437	437	
4.25	4.5	4	3	2	3	49	41109	49	41109	0.003	0	0.003	0.003	838.959	0.285714	837	839	
4.25	4.5	4	4	1	3	49	41109	49	41109	0.003	0	0.003	0.003	838.959	0.285714	837	839	
4.25	4.5	4	5	4	3	52	61932	52	61932	0.003	0	0.003	0.003	1191	0	1191	1191	
4.25	4.5	2	6	4	3	54	99144	54	99144	0.003	0	0.003	0.003	1836	0	1836	1836	
4.25	4.5	2	7	5	3	45	27945	46	28566	0.003	0	0.003	0.003	621	0	621	621	
4.25	4.5	2	8	2	3	52	43628	52	43628	0.003	0	0.003	0.003	839	0	839	839	
4.25	4.5	2	9	3	3	46	28565	46	28565	0.003	0	0.003	0.003	620.978	0.147442	620	621	
4.25	4.5	2	10	1	3	53	103212	52	101376	0.003	0	0.003	0.003	1949.54	59.3833	1836	1980	
4.25	4.5	3	11	5	3	50	21850	50	21850	0.003	0	0.003	0.003	437	0	437	437	
4.25	4.5	3	12	3	3	48	40272	49	41111	0.003	0	0.003	0.003	839	0	839	839	
4.25	4.5	3	13	1	3	51	60741	50	59550	0.003	0	0.003	0.003	1191	0	1191	1191	
4.25	4.5	3	14	4	3	50	59550	51	60741	0.003	0	0.003	0.003	1191	0	1191	1191	
4.25	4.5	3	15	2	3	51	77865	50	76338	0.003	0	0.003	0.003	1526.76	0.656521	1525	1527	
4.25	4.5	1	16	3	3	52	48620	52	48620	0.003	0	0.003	0.003	935	0	935	935	
4.25	4.5	1	17	2	3	45	27945	44	27324	0.003	0	0.003	0.003	621	0	621	621	
4.25	4.5	1	18	4	3	52	48620	52	48620	0.003	0	0.003	0.003	935	0	935	935	
4.25	4.5	1	19	5	3	52	79392	52	79392	0.003	0	0.003	0.003	1526.77	0.645205	1525	1527	
4.25	4.5	1	20	1	3	49	41109	50	41948	0.003	0	0.003	0.003	838.96	0.282843	837	839	
4.5	4.75	4	1	5	3	49	41111	49	41111	0.003	0	0.003	0.003	839	0	839	839	
4.5	4.75	4	2	3	3	50	21850	50	21850	0.003	0	0.003	0.003	437	0	437	437	
4.5	4.75	4	3	2	3	50	41950	50	41950	0.003	0	0.003	0.003	839	0	839	839	
4.5	4.75	4	4	1	3	49	41111	50	41950	0.003	0	0.003	0.003	839	0	839	839	
4.5	4.75	4	5	4	3	52	61932	51	60741	0.003	0	0.003	0.003	1191	0	1191	1191	
4.5	4.75	2	6	4	3	54	99144	54	99144	0.003	0	0.003	0.003	1836	0	1836	1836	
4.5	4.75	2	7	5	3	46	28563	45	27942	0.003	0	0.003	0.003	620.933	0.330289	619	621	
4.5	4.75	2	8	2	3	51	42789	51	42789	0.003	0	0.003	0.003	839	0	839	839	
4.5	4.75	2	9	3	3	45	27943	46	28564	0.003	0	0.003	0.003	620.957	0.206185	620	621	
4.5	4.75	2	10	1	3	54	99144	54	99144	0.003	0	0.003	0.003	1836	0	1836	1836	
4.5	4.75	3	11	5	3	49	21411	49	21411	0.003	0	0.003	0.003	436.959	0.285714	435	437	
4.5	4.75	3	12	3	3	49	41111	48	40272	0.003	0	0.003	0.003	839	0	839	839	
4.5	4.75	3	13	1	3	50	59550	51	60741	0.003	0	0.003	0.003	1191	0	1191	1191	
4.5	4.75	3	14	4	3	51	60741	51	60741	0.003	0	0.003	0.003	1191	0	1191	1191	
4.5	4.75	3	15	2	3	51	77865	51	77867	0.003	0	0.003	0.003	1526.8	0.600653	1525	1527	
4.5	4.75	1	16	3	3	52	48620	52	48620	0.003	0	0.003	0.003	935	0	935	935	
4.5	4.75	1	17	2	3	44	27322	44	27322	0.003	0	0.003	0.003	620.955	0.301511	619	621	
4.5	4.75	1	18	4	3	52	48620	52	48620	0.003	0	0.003	0.003	935	0	935	935	
4.5	4.75	1	19	5	3	52	79394	52	79394	0.003	0	0.003	0.003	1526.81	0.595357	1525	1527	
4.5	4.75	1	20	1	3	50	41950	50	41950	0.003	0	0.003	0.003	839	0	839	839	
4.75	5	4	1	5	3	50	41950	49	41111	0.003	0	0.003	0.003	839	0	839	839	
4.75	5	4	2	3	3	50	21850	51	22287	0.003	0	0.003	0.003	437	0	437	437	
4.75	5	4	3	2	3	49	41111	49	41111	0.003	0	0.003	0.003	839	0	839	839	
4.75	5	4	4	1	3	50	41950	49	41111	0.003	0	0.003	0.003	839	0	839	839	
4.75	5	4	5	4	3	51	60741	52	61932	0.003	0	0.003	0.003	1191	0	1191	1191	
4.75	5	2	6	4	3	54	99144	54	99144	0.003	0	0.003	0.003	1836	0	1836	1836	
4.75	5	2	7	5	3	45	27944	46	28565	0.003	0	0.003	0.003	620.978	0.147442	620	621	
4.75	5	2	8	2	3	52	43628	51	42789	0.003	0	0.003	0.003	839	0	839	839	
4.75	5	2	9	3	3	45	27944	45	27944	0.003	0	0.003	0.003	620.978	0.149071	620	621	
4.75	5	2	10	1	3	54	99144	54	99144	0.003	0	0.003	0.003	1836	0	1836	1836	
4.75	5	3	11	5	3	50	21850	49	21413	0.003	0	0.003	0.003	437	0	437	437	
4.75	5	3	12	3	3	48	40272	49	41111	0.003	0	0.003	0.003	839	0	839	839	
4.75	5	3	13	1	3	51	60741	51	60741	0.003	0	0.003	0.003	1191	0	1191	1191	
4.75	5	3	14	4	3	51	60741	50	59550	0.003	0	0.003	0.003	1191	0	1191	1191	
4.75	5	3	15	2	3	50	76340	51	77865	0.003	0	0.003	0.003	1526.76	0.650791	1525	1527	
4.75	5	1	16	3	3	52	48620	52	48620	0.003	0	0.003	0.003	935	0	935	935	
4.75	5	1	17	2	3	44	27323	44	27323	0.003	0	0.003	0.003	620.977	0.150756	620	621	
4.75	5	1	18	4	3	52	48620	52	48620	0.003	0	0.003	0.003	935	0	935	935	
4.75	5	1	19	5	3	52	79392	52	79392	0.003	0	0.003	0.003	1526.77	0.645205	1525	1527	
4.75	5	1	20	1	3	50	41950	50	41950	0.003	0	0.003	0.003	839	0	839	839	
5	5.25	4	1	5	3	49	41111	50	41950	0.003	0	0.003	0.003	839	0	839	839	
5	5.25	4	2	3	3	50	21850	50	21850	0.003	0	0.003	0.003	437	0	437	437	
5	5.25	4	3	2	3	50	41950	49	41111	0.003	0	0.003	0.003	839	0	839	839	
5	5.25	4	4	1	3	49	41111	50	41950	0.003	0	0.003	0.003	839	0	839	839	
5	5.25	4	5	4	3	52	61932	51	60741	0.003	0	0.003	0.003	1191	0	1191	1191	
5	5.25	2	6	4	3	54	99144	54	99144	0.003	0	0.003	0.003	1836	0	1836	1836	
5	5.25	2	7	5	3	45	27943	45	27943	0.003	0	0.003	0.003	620.956	0.208409	620	621	
5	5.25	2	8	2	3	51	42789	52	43628	0.003	0	0.003	0.003	839	0	839	839	
5	5.25	2	9	3	3	46	28564	45	27943	0.003	0	0.003	0.003	620.956	0.208409	620	621	
5	5.25	2	10	1	3	54	99144	54	99144	0.003	0	0.003	0.003	1836	0	1836	1836	
5	5.25	3	11	5	3	49	21413	50	21850	0.003	0	0.003	0.003	437	0	437	437	
5	5.25	3	12	3	3	49	41111	48	40272	0.003	0	0.003	0.003	839	0	839	839	
5	5.25	3	13	1	3	51	60741	50	59550	0.003	0	0.003	0.003	1191	0	1191	1191	
5	5.25	3	14	4	3	50	59550	51	60741	0.003	0	0.003	0.003	1191	0	1191	1191	
5	5.25	3	15	2	3	51	77865	51	77865	0.003	0	0.003	0.003	1526.76	0.650791	1525	1527	
5	5.25	1	16	3	3	52	48620	51	47685	0.003	0	0.003	0.003	935	0	935	935	
5	5.25	1	17	2	3	44	27322	45	27943	0.003	0	0.003	0.003	620.956	0.208409	620	621	
5	5.25	1	18	4	3	52	48620	52	48620	0.003	0	0.003	0.003	935	0	935	935	
5	5.25	1	19	5	3	52	79392	52	79392	0.003	0	0.003	0.003	1526.77	0.645205	1525	1527	
5	5.25	1	20	1	3	50	41950	50	41950	0.003	0	0.003	0.003	839	0	839	839	
5.25	5.5	4	1	5	3	50	41950	49	41111	0.003	0	0.003	0.003	839	0	839	839	
5.25	5.5	4	2	3	3	50	21850	50	21850	0.003	0	0.003	0.003	437	0	437	437	
5.25	5.5	4	3	2	3	49	41111	50	41950	0.003	0	0.003	0.003	839	0	839	839	
5.25	5.5	4	4	1	3	49	41111	49	41111	0.003	0	0.003	0.003	839	0	839	839	
5.25	5.5	4	5	4	3	52	61932	52	61932	0.003	0	0.003	0.003	1191	0	1191	1191	
5.25	5.5	2	6	4	3	54	99144	54	99144	0.003	0	0.003	0.003	1836	0	1836	1836	
5.25	5.5	2	7	5	3	46	28565	45	27944	0.003	0	0.003	0.003	620.978	0.149071	620	621	
5.25	5.5	2	8	2	3	51	42789	51	42789	0.003	0	0.003	0.003	839	0	839	839	
5.25	5.5	2	9	3	3	45	27943	46	28564	0.003	0	0.003	0.003	620.957	0.206185	620	621	
5.25	5.5	2	10	1	3	54	99144	54	99144	0.003	0	0.003	0.003	1836	0	1836	1836	
5.25	5.5	3	11	5	3	49	21413	49	21413	0.003	0	0.003	0.003	437	0	437	437	
5.25	5.5	3	12	3	3	49	41111	49	41111	0.003	0	0.003	0.003	839	0	839	839	
5.25	5.5	3	13	1	3	50	59550	51	60741	0.003	0	0.003	0.003	1191	0	1191	1191	
5.25	5.5	3	14	4	3	51	60741	51	60741	0.003	0	0.003	0.003	1191	0	1191	1191	
5.25	5.5	3	15	2	3	51	77867	50	76340	0.003	0	0.003	0.003	1526.8	0.606092	1525	1527	
5.25	5.5	1	16	3	3	52	48620	52	48620	0.003	0	0.003	0.003	935	0	935	935	
5.25	5.5	1	17	2	3	44	27323	44	27323	0.003	0	0.003	0.003	620.977	0.150756	620	621	
5.25	5.5	1	18	4	3	52	48620	52	48620	0.003	0	0.003	0.003	935	0	935	935	
5.25	5.5	1	19	5	3	52	79392	52	79392	0.003	0	0.003	0.003	1526.77	0.645205	1525	1527	
5.25	5.5	1	20	1	3	50	41950	50	41950	0.003	0	0.003	0.003	839	0	839	839	
5.5	5.75	4	1	5	3	49	41111	50	41950	0.003	0	0.003	0.003	839	0	839	839	
5.5	5.75	4	2	3	3	51	22287	50	21850	0.003	0	0.003	0.003	437	0	437	437	
5.5	5.75	4	3	2	3	49	41111	49	41111	0.003	0	0.003	0.003	839	0	839	839	
5.5	5.75	4	4	1	3	50	41950	49	41111	0.003	0	0.003	0.003	839	0	839	839	
5.5	5.75	4	5	4	3	51	60741	52	61932	0.003	0	0.003	0.003	1191	0	1191	1191	
5.5	5.75	2	6	4	3	54	99144	54	99144	0.003	0	0.003	0.003	1836	0	1836	1836	
5.5	5.75	2	7	5	3	45	27943	46	28564	0.003	0	0.003	0.003	620.957	0.206185	620	621	
5.5	5.75	2	8	2	3	51	42789	51	42789	0.003	0	0.003	0.003	839	0	839	839	
5.5	5.75	2	9	3	3	46	28565	45	27944	0.003	0	0.003	0.003	620.978	0.149071	620	621	
5.5	5.75	2	10	1	3	54	99144	54	99144	0.003	0	0.003	0.003	1836	0	1836	1836	
5.5	5.75	3	11	5	3	50	21850	49	21413	0.003	0	0.003	0.003	437	0	437	437	
5.5	5.75	3	12	3	3	48	40272	49	41111	0.003	0	0.003	0.003	839	0	839	839	
5.5	5.75	3	13	1	3	51	60741	51	60741	0.003	0	0.003	0.003	1191	0	1191	1191	
5.5	5.75	3	14	4	3	51	60741	50	59550	0.003	0	0.003	0.003	1191	0	1191	1191	
5.5	5.75	3	15	2	3	50	76338	51	77865	0.003	0	0.003	0.003	1526.76	0.650791	1525	1527	
5.5	5.75	1	16	3	3	52	48618	52	48618	0.003	0	0.003	0.003	934.962	0.27735	933	935	
5.5	5.75	1	17	2	3	44	27322	44	27322	0.003	0	0.003	0.003	620.955	0.210707	620	621	
5.5	5.75	1	18	4	3	52	48618	52	48618	0.003	0	0.003	0.003	934.962	0.27735	933	935	
5.5	5.75	1	19	5	3	52	79394	52	79394	0.003	0	0.003	0.003	1526.81	0.595357	1525	1527	
5.5	5.75	1	20	1	3	50	41950	50	41950	0.003	0	0.003	0.003	839	0	839	839	
5.75	6	4	1	5	3	49	41111	49	41111	0.003	0	0.003	0.003	839	0	839	839	
5.75	6	4	2	3	3	50	21848	50	21848	0.003	0	0.003	0.003	436.96	0.282843	435	437	
5.75	6	4	3	2	3	50	41950	49	41111	0.003	0	0.003	0.003	839	0	839	839	
5.75	6	4	4	1	3	49	41111	50	41950	0.003	0	0.003	0.003	839	0	839	839	
5.75	6	4	5	4	3	52	61932	52	61932	0.003	0	0.003	0.003	1191	0	1191	1191	
5.75	6	2	6	4	3	54	99144	54	99144	0.003	0	0.003	0.003	1836	0	1836	1836	
5.75	6	2	7	5	3	45	27944	45	27944	0.003	0	0.003	0.003	620.978	0.149071	620	621	
5.75	6	2	8	2	3	52	43626	51	42787	0.003	0	0.003	0.003	838.961	0.280056	837	839	
5.75	6	2	9	3	3	45	27943	46	28564	0.003	0	0.003	0.003	620.957	0.206185	620	621	
5.75	6	2	10	1	3	54	99143	54	99143	0.003	0	0.003	0.003	1835.98	0.136083	1835	1836	
5.75	6	3	11	5	3	49	21413	50	21850	0.003	0	0.003	0.003	437	0	437	437	
5.75	6	3	12	3	3	49	41109	48	40270	0.003	0	0.003	0.003	838.958	0.288675	837	839	
5.75	6	3	13	1	3	51	60741	50	59550	0.003	0	0.003	0.003	1191	0	1191	1191	
5.75	6	3	14	4	3	50	59550	51	60741	0.003	0	0.003	0.003	1191	0	1191	1191	
5.75	6	3	15	2	3	51	77865	51	77865	0.003	0	0.003	0.003	1526.76	0.650791	1525	1527	
5.75	6	1	16	3	3	52	48620	53	49555	0.003	0	0.003	0.003	935	0	935	935	
5.75	6	1	17	2	3	44	27323	44	27323	0.003	0	0.003	0.003	620.977	0.150756	620	621	
5.75	6	1	18	4	3	52	48620	52	48620	0.003	0	0.003	0.003	935	0	935	935	
5.75	6	1	19	5	3	52	79392	52	79392	0.003	0	0.003	0.003	1526.77	0.645205	1525	1527	
5.75	6	1	20	1	3	50	41950	49	41111	0.003	0	0.003	0.003	839	0	839	839	
6	6.25	4	1	5	3	50	41948	50	41948	0.003	0	0.003	0.003	838.96	0.282843	837	839	
6	6.25	4	2	3	3	50	21850	50	21850	0.003	0	0.003	0.003	437	0	437	437	
6	6.25	4	3	2	3	49	41109	50	41948	0.003	0	0.003	0.003	838.96	0.282843	837	839	
6	6.25	4	4	1	3	49	41109	49	41109	0.003	0	0.003	0.003	838.959	0.285714	837	839	
6	6.25	4	5	4	3	52	61932	51	60741	0.003	0	0.003	0.003	1191	0	1191	1191	
6	6.25	2	6	4	3	54	99144	54	99144	0.003	0	0.003	0.003	1836	0	1836	1836	
6	6.25	2	7	5	3	46	28564	45	27943	0.003	0	0.003	0.003	620.956	0.208409	620	621	
6	6.25	2	8	2	3	51	42789	52	43628	0.003	0	0.003	0.003	839	0	839	839	
6	6.25	2	9	3	3	45	27944	45	27944	0.003	0	0.003	0.003	620.978	0.149071	620	621	
6	6.25	2	10	1	3	54	99144	54	99144	0.003	0	0.003	0.003	1836	0	1836	1836	
6	6.25	3	11	5	3	50	21850	49	21413	0.003	0	0.003	0.003	437	0	437	437	
6	6.25	3	12	3	3	48	40272	49	41111	0.003	0	0.003	0.003	839	0	839	839	
6	6.25	3	13	1	3	50	59550	51	60741	0.003	0	0.003	0.003	1191	0	1191	1191	
6	6.25	3	14	4	3	51	60741	51	60741	0.003	0	0.003	0.003	1191	0	1191	1191	
6	6.25	3	15	2	3	51	77867	50	76340	0.003	0	0.003	0.003	1526.8	0.606092	1525	1527	
6	6.25	1	16	3	3	52	48620	52	48620	0.003	0	0.003	0.003	935	0	935	935	
6	6.25	1	17	2	3	45	27943	44	27322	0.003	0	0.003	0.003	620.955	0.210707	620	621	
6	6.25	1	18	4	3	51	47685	52	48620	0.003	0	0.003	0.003	935	0	935	935	
6	6.25	1	19	5	3	52	79392	52	79392	0.003	0	0.003	0.003	1526.77	0.645205	1525	1527	
6	6.25	1	20	1	3	50	41948	50	41948	0.003	0	0.003	0.003	838.96	0.282843	837	839	
6.25	6.5	4	1	5	3	49	41111	49	41111	0.003	0	0.003	0.003	839	0	839	839	
6.25	6.5	4	2	3	3	50	21850	51	22287	0.003	0	0.003	0.003	437	0	437	437	
6.25	6.5	4	3	2	3	50	41950	49	41111	0.003	0	0.003	0.003	839	0	839	839	
6.25	6.5	4	4	1	3	50	41950	49	41111	0.003	0	0.003	0.003	839	0	839	839	
6.25	6.5	4	5	4	3	51	60741	52	61932	0.003	0	0.003	0.003	1191	0	1191	1191	
6.25	6.5	2	6	4	3	54	99144	54	99144	0.003	0	0.003	0.003	1836	0	1836	1836	
6.25	6.5	2	7	5	3	45	27944	46	28565	0.003	0	0.003	0.003	620.978	0.147442	620	621	
6.25	6.5	2	8	2	3	51	42789	51	42789	0.003	0	0.003	0.003	839	0	839	839	
6.25	6.5	2	9	3	3	46	28564	45	27943	0.003	0	0.003	0.003	620.956	0.208409	620	621	
6.25	6.5	2	10	1	3	54	99144	54	99144	0.003	0	0.003	0.003	1836	0	1836	1836	
6.25	6.5	3	11	5	3	49	21411	50	21848	0.003	0	0.003	0.003	436.96	0.282843	435	437	
6.25	6.5	3	12	3	3	49	41111	48	40272	0.003	0	0.003	0.003	839	0	839	839	
6.25	6.5	3	13	1	3	51	60741	51	60741	0.003	0	0.003	0.003	1191	0	1191	1191	
6.25	6.5	3	14	4	3	51	60741	50	59550	0.003	0	0.003	0.003	1191	0	1191	1191	
6.25	6.5	3	15	2	3	50	76338	51	77865	0.003	0	0.003	0.003	1526.76	0.650791	1525	1527	
6.25	6.5	1	16	3	3	52	48620	52	48620	0.003	0	0.003	0.003	935	0	935	935	
6.25	6.5	1	17	2	3	44	27323	44	27323	0.003	0	0.003	0.003	620.977	0.150756	620	621	
6.25	6.5	1	18	4	3	52	48620	52	48620	0.003	0	0.003	0.003	935	0	935	935	
6.25	6.5	1	19	5	3	52	79392	52	79392	0.003	0	0.003	0.003	1526.77	0.645205	1525	1527	
6.25	6.5	1	20	1	3	50	41950	50	41950	0.003	0	0.003	0.003	839	0	839	839	
6.5	6.75	4	1	5	3	50	41950	49	41111	0.003	0	0.003	0.003	839	0	839	839	
6.5	6.75	4	2	3	3	50	21850	50	21850	0.003	0	0.003	0.003	437	0	437	437	
6.5	6.75	4	3	2	3	49	41111	50	41950	0.003	0	0.003	0.003	839	0	839	839	
6.5	6.75	4	4	1	3	49	41111	50	41950	0.003	0	0.003	0.003	839	0	839	839	
6.5	6.75	4	5	4	3	52	61932	51	60741	0.003	0	0.003	0.003	1191	0	1191	1191	
6.5	6.75	2	6	4	3	54	99144	54	99144	0.003	0	0.003	0.003	1836	0	1836	1836	
6.5	6.75	2	7	5	3	46	28564	45	27943	0.003	0	0.003	0.003	620.956	0.208409	620	621	
6.5	6.75	2	8	2	3	52	43628	51	42789	0.003	0	0.003	0.003	839	0	839	839	
6.5	6.75	2	9	3	3	45	27944	46	28565	0.003	0	0.003	0.003	620.978	0.147442	620	621	
6.5	6.75	2	10	1	3	53	97308	54	99144	0.003	0	0.003	0.003	1836	0	1836	1836	
6.5	6.75	3	11	5	3	49	21413	49	21413	0.003	0	0.003	0.003	437	0	437	437	
6.5	6.75	3	12	3	3	48	40272	49	41111	0.003	0	0.003	0.003	839	0	839	839	
6.5	6.75	3	13	1	3	51	60741	50	59550	0.003	0	0.003	0.003	1191	0	1191	1191	
6.5	6.75	3	14	4	3	51	60741	51	60741	0.003	0	0.003	0.003	1191	0	1191	1191	
6.5	6.75	3	15	2	3	51	77865	51	77865	0.003	0	0.003	0.003	1526.76	0.650791	1525	1527	
6.5	6.75	1	16	3	3	52	48620	51	47685	0.003	0	0.003	0.003	935	0	935	935	
6.5	6.75	1	17	2	3	44	27322	45	27943	0.003	0	0.003	0.003	620.956	0.208409	620	621	
6.5	6.75	1	18	4	3	52	48620	52	48620	0.003	0	0.003	0.003	935	0	935	935	
6.5	6.75	1	19	5	3	52	79392	52	79392	0.003	0	0.003	0.003	1526.77	0.645205	1525	1527	
6.5	6.75	1	20	1	3	50	41950	50	41950	0.003	0	0.003	0.003	839	0	839	839	
6.75	7	4	1	5	3	49	41111	50	41950	0.003	0	0.003	0.003	839	0	839	839	
6.75	7	4	2	3	3	50	21850	50	21850	0.003	0	0.003	0.003	437	0	437	437	
6.75	7	4	3	2	3	49	41111	49	41111	0.003	0	0.003	0.003	839	0	839	839	
6.75	7	4	4	1	3	50	41950	49	41111	0.003	0	0.003	0.003	839	0	839	839	
6.75	7	4	5	4	3	52	61932	52	61932	0.003	0	0.003	0.003	1191	0	1191	1191	
6.75	7	2	6	4	3	54	99144	53	97308	0.003	0	0.003	0.003	1836	0	1836	1836	
6.75	7	2	7	5	3	45	27943	46	28564	0.003	0	0.003	0.003	620.957	0.206185	620	621	
6.75	7	2	8	2	3	51	42789	52	43628	0.003	0	0.003	0.003	839	0	839	839	
6.75	7	2	9	3	3	46	28564	45	27943	0.003	0	0.003	0.003	620.956	0.208409	620	621	
6.75	7	2	10	1	3	54	99144	54	99144	0.003	0	0.003	0.003	1836	0	1836	1836	
6.75	7	3	11	5	3	50	21850	49	21413	0.003	0	0.003	0.003	437	0	437	437	
6.75	7	3	12	3	3	49	41111	49	41111	0.003	0	0.003	0.003	839	0	839	839	
6.75	7	3	13	1	3	50	59550	51	60741	0.003	0	0.003	0.003	1191	0	1191	1191	
6.75	7	3	14	4	3	50	59550	51	60741	0.003	0	0.003	0.003	1191	0	1191	1191	
6.75	7	3	15	2	3	51	77867	50	76340	0.003	0	0.003	0.003	1526.8	0.606092	1525	1527	
6.75	7	1	16	3	3	52	48620	52	48620	0.003	0	0.003	0.003	935	0	935	935	
6.75	7	1	17	2	3	44	27323	44	27323	0.003	0	0.003	0.003	620.977	0.150756	620	621	
6.75	7	1	18	4	3	53	49555	52	48620	0.003	0	0.003	0.003	935	0	935	935	
6.75	7	1	19	5	3	52	79394	52	79394	0.003	0	0.003	0.003	1526.81	0.595357	1525	1527	
6.75	7	1	20	1	3	49	41111	50	41950	0.003	0	0.003	0.003	839	0	839	839	
7	7.25	4	1	5	3	49	41111	49	41111	0.003	0	0.003	0.003	839	0	839	839	
7	7.25	4	2	3	3	51	22287	50	21850	0.003	0	0.003	0.003	437	0	437	437	
7	7.25	4	3	2	3	50	41950	49	41111	0.003	0	0.003	0.003	839	0	839	839	
7	7.25	4	4	1	3	49	41111	50	41950	0.003	0	0.003	0.003	839	0	839	839	
7	7.25	4	5	4	3	51	60741	52	61932	0.003	0	0.003	0.003	1191	0	1191	1191	
7	7.25	2	6	4	3	54	99144	54	99144	0.003	0	0.003	0.003	1836	0	1836	1836	
7	7.25	2	7	5	3	46	28565	45	27944	0.003	0	0.003	0.003	620.978	0.149071	620	621	
7	7.25	2	8	2	3	51	42789	51	42789	0.003	0	0.003	0.003	839	0	839	839	
7	7.25	2	9	3	3	45	27943	46	28564	0.003	0	0.003	0.003	620.957	0.206185	620	621	
7	7.25	2	10	1	3	54	99144	54	99144	0.003	0	0.003	0.003	1836	0	1836	1836	
7	7.25	3	11	5	3	50	21850	51	22287	0.003	0	0.003	0.003	437	0	437	437	
7	7.25	3	12	3	3	50	41950	49	41111	0.003	0	0.003	0.003	839	0	839	839	
7	7.25	3	13	1	3	52	61932	52	61932	0.003	0	0.003	0.003	1191	0	1191	1191	
7	7.25	3	14	4	3	47	53161	46	52226	0.003	0	0.003	0.003	1135.35	106.759	935	1191	
7	7.25	3	15	2	3	51	77865	52	79392	0.003	0	0.003	0.003	1526.77	0.645205	1525	1527	
7	7.25	1	16	3	3	52	48620	52	48620	0.003	0	0.003	0.003	935	0	935	935	
7	7.25	1	17	2	3	44	27322	44	27322	0.003	0	0.003	0.003	620.955	0.210707	620	621	
7	7.25	1	18	4	3	52	48620	52	48620	0.003	0	0.003	0.003	935	0	935	935	
7	7.25	1	19	5	3	52	79392	52	79392	0.003	0	0.003	0.003	1526.77	0.645205	1525	1527	
7	7.25	1	20	1	3	50	41950	50	41950	0.003	0	0.003	0.003	839	0	839	839	
7.25	7.5	4	1	5	3	50	41950	50	41950	0.003	0	0.003	0.003	839	0	839	839	
7.25	7.5	4	2	3	3	50	21850	50	21850	0.003	0	0.003	0.003	437	0	437	437	
7.25	7.5	4	3	2	3	49	41111	50	41950	0.003	0	0.003	0.003	839	0	839	839	
7.25	7.5	4	4	1	3	49	41111	49	41111	0.003	0	0.003	0.003	839	0	839	839	
7.25	7.5	4	5	4	3	52	61932	51	60741	0.003	0	0.003	0.003	1191	0	1191	1191	
7.25	7.5	2	6	4	3	54	99144	54	99144	0.003	0	0.003	0.003	1836	0	1836	1836	
7.25	7.5	2	7	5	3	45	27943	46	28564	0.003	0	0.003	0.003	620.957	0.206185	620	621	
7.25	7.5	2	8	2	3	52	43628	51	42789	0.003	0	0.003	0.003	839	0	839	839	
7.25	7.5	2	9	3	3	45	27944	45	27944	0.003	0	0.003	0.003	620.978	0.149071	620	621	
7.25	7.5	2	10	1	3	54	99144	54	99144	0.003	0	0.003	0.003	1836	0	1836	1836	
7.25	7.5	3	11	5	3	50	21850	49	21413	0.003	0	0.003	0.003	437	0	437	437	
7.25	7.5	3	12	3	3	48	40272	49	41111	0.003	0	0.003	0.003	839	0	839	839	
7.25	7.5	3	13	1	3	51	60741	50	59550	0.003	0	0.003	0.003	1191	0	1191	1191	
7.25	7.5	3	14	4	3	50	46750	51	47685	0.003	0	0.003	0.003	935	0	935	935	
7.25	7.5	3	15	2	3	51	77865	51	77865	0.003	0	0.003	0.003	1526.76	0.650791	1525	1527	
7.25	7.5	1	16	3	3	52	48618	52	48618	0.003	0	0.003	0.003	934.962	0.27735	933	935	
7.25	7.5	1	17	2	3	44	27323	44	27323	0.003	0	0.003	0.003	620.977	0.150756	620	621	
7.25	7.5	1	18	4	3	52	48618	52	48618	0.003	0	0.003	0.003	934.962	0.27735	933	935	
7.25	7.5	1	19	5	3	52	79392	52	79392	0.003	0	0.003	0.003	1526.77	0.645205	1525	1527	
7.25	7.5	1	20	1	3	50	41950	50	41950	0.003	0	0.003	0.003	839	0	839	839	
7.5	7.75	4	1	5	3	49	41111	49	41111	0.003	0	0.003	0.003	839	0	839	839	
7.5	7.75	4	2	3	3	50	21848	51	22285	0.003	0	0.003	0.003	436.961	0.280056	435	437	
7.5	7.75	4	3	2	3	49	41111	49	41111	0.003	0	0.003	0.003	839	0	839	839	
7.5	7.75	4	4	1	3	50	41950	49	41111	0.003	0	0.003	0.003	839	0	839	839	
7.5	7.75	4	5	4	3	52	61932	52	61932	0.003	0	0.003	0.003	1191	0	1191	1191	
7.5	7.75	2	6	4	3	54	99144	54	99144	0.003	0	0.003	0.003	1836	0	1836	1836	
7.5	7.75	2	7	5	3	45	27944	45	27944	0.003	0	0.003	0.003	620.978	0.149071	620	621	
7.5	7.75	2	8	2	3	51	42787	52	43626	0.003	0	0.003	0.003	838.962	0.27735	837	839	
7.5	7.75	2	9	3	3	46	28564	45	27943	0.003	0	0.003	0.003	620.956	0.208409	620	621	
7.5	7.75	2	10	1	3	54	99144	54	99144	0.003	0	0.003	0.003	1836	0	1836	1836	
7.5	7.75	3	11	5	3	49	21413	50	21850	0.003	0	0.003	0.003	437	0	437	437	
7.5	7.75	3	12	3	3	49	41109	48	40272	0.003	0	0.003	0.003	839	0	839	839	
7.5	7.75	3	13	1	3	50	59550	51	60741	0.003	0	0.003	0.003	1191	0	1191	1191	
7.5	7.75	3	14	4	3	51	47685	51	47685	0.003	0	0.003	0.003	935	0	935	935	
7.5	7.75	3	15	2	3	51	77867	50	76340	0.003	0	0.003	0.003	1526.8	0.606092	1525	1527	
7.5	7.75	1	16	3	3	52	48620	52	48620	0.003	0	0.003	0.003	935	0	935	935	
7.5	7.75	1	17	2	3	45	27943	44	27322	0.003	0	0.003	0.003	620.955	0.210707	620	621	
7.5	7.75	1	18	4	3	51	47685	52	48620	0.003	0	0.003	0.003	935	0	935	935	
7.5	7.75	1	19	5	3	52	79392	52	79392	0.003	0	0.003	0.003	1526.77	0.645205	1525	1527	
7.5	7.75	1	20	1	3	50	41950	50	41950	0.003	0	0.003	0.003	839	0	839	839	
7.75	8	4	1	5	3	50	41948	49	41109	0.003	0	0.003	0.003	838.959	0.285714	837	839	
7.75	8	4	2	3	3	50	21850	50	21850	0.003	0	0.003	0.003	437	0	437	437	
7.75	8	4	3	2	3	50	41948	49	41109	0.003	0	0.003	0.003	838.959	0.285714	837	839	
7.75	8	4	4	1	3	49	41109	50	41948	0.003	0	0.003	0.003	838.96	0.282843	837	839	
7.75	8	4	5	4	3	51	60741	52	61932	0.003	0	0.003	0.003	1191	0	1191	1191	
7.75	8	2	6	4	3	54	99144	54	99144	0.003	0	0.003	0.003	1836	0	1836	1836	
7.75	8	2	7	5	3	46	28564	45	27943	0.003	0	0.003	0.003	620.956	0.208409	620	621	
7.75	8	2	8	2	3	51	42789	51	42789	0.003	0	0.003	0.003	839	0	839	839	
7.75	8	2	9	3	3	45	27944	46	28565	0.003	0	0.003	0.003	620.978	0.147442	620	621	
7.75	8	2	10	1	3	54	99144	54	99144	0.003	0	0.003	0.003	1836	0	1836	1836	
7.75	8	3	11	5	3	50	21850	49	21413	0.003	0	0.003	0.003	437	0	437	437	
7.75	8	3	12	3	3	48	40272	49	41109	0.003	0	0.003	0.003	838.959	0.285714	837	839	
7.75	8	3	13	1	3	51	60741	51	60741	0.003	0	0.003	0.003	1191	0	1191	1191	
7.75	8	3	14	4	3	51	47685	50	46750	0.003	0	0.003	0.003	935	0	935	935	
7.75	8	3	15	2	3	50	76338	51	77865	0.003	0	0.003	0.003	1526.76	0.650791	1525	1527	
7.75	8	1	16	3	3	52	48620	52	48620	0.003	0	0.003	0.003	935	0	935	935	
7.75	8	1	17	2	3	44	27322	44	27322	0.003	0	0.003	0.003	620.955	0.210707	620	621	
7.75	8	1	18	4	3	52	48620	52	48620	0.003	0	0.003	0.003	935	0	935	935	
7.75	8	1	19	5	3	52	79394	52	79394	0.003	0	0.003	0.003	1526.81	0.595357	1525	1527	
7.75	8	1	20	1	3	50	41948	50	41948	0.003	0	0.003	0.003	838.96	0.282843	837	839	
8	8.25	4	1	5	3	49	41111	50	41950	0.003	0	0.003	0.003	839	0	839	839	
8	8.25	4	2	3	3	50	21850	50	21850	0.003	0	0.003	0.003	437	0	437	437	
8	8.25	4	3	2	3	49	41111	50	41950	0.003	0	0.003	0.003	839	0	839	839	
8	8.25	4	4	1	3	50	41950	49	41111	0.003	0	0.003	0.003	839	0	839	839	
8	8.25	4	5	4	3	52	61932	51	60741	0.003	0	0.003	0.003	1191	0	1191	1191	
8	8.25	2	6	4	3	54	99144	54	99144	0.003	0	0.003	0.003	1836	0	1836	1836	
8	8.25	2	7	5	3	45	27944	46	28565	0.003	0	0.003	0.003	620.978	0.147442	620	621	
8	8.25	2	8	2	3	51	42789	51	42789	0.003	0	0.003	0.003	839	0	839	839	
8	8.25	2	9	3	3	46	28564	45	27943	0.003	0	0.003	0.003	620.956	0.208409	620	621	
8	8.25	2	10	1	3	54	99144	54	99144	0.003	0	0.003	0.003	1836	0	1836	1836	
8	8.25	3	11	5	3	49	21411	50	21848	0.003	0	0.003	0.003	436.96	0.282843	435	437	
8	8.25	3	12	3	3	49	41111	49	41111	0.003	0	0.003	0.003	839	0	839	839	
8	8.25	3	13	1	3	51	60741	50	59550	0.003	0	0.003	0.003	1191	0	1191	1191	
8	8.25	3	14	4	3	50	46750	51	47685	0.003	0	0.003	0.003	935	0	935	935	
8	8.25	3	15	2	3	51	77867	50	76340	0.003	0	0.003	0.003	1526.8	0.606092	1525	1527	
8	8.25	1	16	3	3	52	48620	52	48620	0.003	0	0.003	0.003	935	0	935	935	
8	8.25	1	17	2	3	44	27323	44	27323	0.003	0	0.003	0.003	620.977	0.150756	620	621	
8	8.25	1	18	4	3	52	48620	52	48620	0.003	0	0.003	0.003	935	0	935	935	
8	8.25	1	19	5	3	52	79392	52	79392	0.003	0	0.003	0.003	1526.77	0.645205	1525	1527	
8	8.25	1	20	1	3	50	41950	50	41950	0.003	0	0.003	0.003	839	0	839	839	
8.25	8.5	4	1	5	3	49	41111	49	41111	0.003	0	0.003	0.003	839	0	839	839	
8.25	8.5	4	2	3	3	51	22287	50	21850	0.003	0	0.003	0.003	437	0	437	437	
8.25	8.5	4	3	2	3	50	41950	49	41111	0.003	0	0.003	0.003	839	0	839	839	
8.25	8.5	4	4	1	3	49	41111	50	41950	0.003	0	0.003	0.003	839	0	839	839	
8.25	8.5	4	5	4	3	51	60741	52	61932	0.003	0	0.003	0.003	1191	0	1191	1191	
8.25	8.5	2	6	4	3	54	99144	54	99144	0.003	0	0.003	0.003	1836	0	1836	1836	
8.25	8.5	2	7	5	3	45	27943	45	27943	0.003	0	0.003	0.003	620.956	0.208409	620	621	
8.25	8.5	2	8	2	3	52	43628	51	42789	0.003	0	0.003	0.003	839	0	839	839	
8.25	8.5	2	9	3	3	45	27944	46	28565	0.003	0	0.003	0.003	620.978	0.147442	620	621	
8.25	8.5	2	10	1	3	54	99144	54	99144	0.003	0	0.003	0.003	1836	0	1836	1836	
8.25	8.5	3	11	5	3	50	21850	49	21413	0.003	0	0.003	0.003	437	0	437	437	
8.25	8.5	3	12	3	3	49	41111	48	40272	0.003	0	0.003	0.003	839	0	839	839	
8.25	8.5	3	13	1	3	50	59550	51	60741	0.003	0	0.003	0.003	1191	0	1191	1191	
8.25	8.5	3	14	4	3	51	47685	51	47685	0.003	0	0.003	0.003	935	0	935	935	
8.25	8.5	3	15	2	3	50	76338	51	77865	0.003	0	0.003	0.003	1526.76	0.650791	1525	1527	
8.25	8.5	1	16	3	3	52	48620	52	48620	0.003	0	0.003	0.003	935	0	935	935	
8.25	8.5	1	17	2	3	44	27322	45	27943	0.003	0	0.003	0.003	620.956	0.208409	620	621	
8.25	8.5	1	18	4	3	52	48620	52	48620	0.003	0	0.003	0.003	935	0	935	935	
8.25	8.5	1	19	5	3	52	79392	52	79392	0.003	0	0.003	0.003	1526.77	0.645205	1525	1527	
8.25	8.5	1	20	1	3	50	41950	49	41111	0.003	0	0.003	0.003	839	0	839	839	
8.5	8.75	4	1	5	3	51	42789	50	41950	0.003	0	0.003	0.003	839	0	839	839	
8.5	8.75	4	2	3	3	51	22287	51	22287	0.003	0	0.003	0.003	437	0	437	437	
8.5	8.75	4	3	2	3	50	41950	51	42789	0.003	0	0.003	0.003	839	0	839	839	
8.5	8.75	4	4	1	3	50	41950	50	41950	0.003	0	0.003	0.003	839	0	839	839	
8.5	8.75	4	5	4	3	48	44880	48	44880	0.003	0	0.003	0.003	935	0	935	935	
8.5	8.75	2	6	4	3	54	99144	54	99144	0.003	0	0.003	0.003	1836	0	1836	1836	
8.5	8.75	2	7	5	3	46	28564	45	27943	0.003	0	0.003	0.003	620.956	0.208409	620	621	
8.5	8.75	2	8	2	3	51	42789	52	43628	0.003	0	0.003	0.003	839	0	839	839	
8.5	8.75	2	9	3	3	45	27943	45	27943	0.003	0	0.003	0.003	620.956	0.208409	620	621	
8.5	8.75	2	10	1	3	54	99144	54	99144	0.003	0	0.003	0.003	1836	0	1836	1836	
8.5	8.75	3	11	5	3	49	21413	50	21850	0.003	0	0.003	0.003	437	0	437	437	
8.5	8.75	3	12	3	3	48	40272	49	41111	0.003	0	0.003	0.003	839	0	839	839	
8.5	8.75	3	13	1	3	51	60741	50	59550	0.003	0	0.003	0.003	1191	0	1191	1191	
8.5	8.75	3	14	4	3	51	47685	50	46750	0.003	0	0.003	0.003	935	0	935	935	
8.5	8.75	3	15	2	3	51	77865	51	77865	0.003	0	0.003	0.003	1526.76	0.650791	1525	1527	
8.5	8.75	1	16	3	3	52	48620	52	48620	0.003	0	0.003	0.003	935	0	935	935	
8.5	8.75	1	17	2	3	44	27323	44	27323	0.003	0	0.003	0.003	620.977	0.150756	620	621	
8.5	8.75	1	18	4	3	52	48620	52	48620	0.003	0	0.003	0.003	935	0	935	935	
8.5	8.75	1	19	5	3	52	79392	52	79392	0.003	0	0.003	0.003	1526.77	0.645205	1525	1527	
8.5	8.75	1	20	1	3	50	41950	50	41950	0.003	0	0.003	0.003	839	0	839	839	
8.75	9	4	1	5	3	49	41111	50	41950	0.003	0	0.003	0.003	839	0	839	839	
8.75	9	4	2	3	3	50	21850	51	22287	0.003	0	0.003	0.003	437	0	437	437	
8.75	9	4	3	2	3	50	41950	49	41111	0.003	0	0.003	0.003	839	0	839	839	
8.75	9	4	4	1	3	50	41950	49	41111	0.003	0	0.003	0.003	839	0	839	839	
8.75	9	4	5	4	3	51	47685	51	47685	0.003	0	0.003	0.003	935	0	935	935	
8.75	9	2	6	4	3	54	99144	54	99144	0.003	0	0.003	0.003	1836	0	1836	1836	
8.75	9	2	7	5	3	45	27944	46	28565	0.003	0	0.003	0.003	620.978	0.147442	620	621	
8.75	9	2	8	2	3	51	42789	51	42789	0.003	0	0.003	0.003	839	0	839	839	
8.75	9	2	9	3	3	46	28564	45	27944	0.003	0	0.003	0.003	620.978	0.149071	620	621	
8.75	9	2	10	1	3	54	99144	54	99144	0.003	0	0.003	0.003	1836	0	1836	1836	
8.75	9	3	11	5	3	49	21413	49	21413	0.003	0	0.003	0.003	437	0	437	437	
8.75	9	3	12	3	3	49	41111	48	40272	0.003	0	0.003	0.003	839	0	839	839	
8.75	9	3	13	1	3	51	60741	51	60741	0.003	0	0.003	0.003	1191	0	1191	1191	
8.75	9	3	14	4	3	50	46750	51	47685	0.003	0	0.003	0.003	935	0	935	935	
8.75	9	3	15	2	3	51	77867	51	77867	0.003	0	0.003	0.003	1526.8	0.600653	1525	1527	
8.75	9	1	16	3	3	52	48618	52	48618	0.003	0	0.003	0.003	934.962	0.27735	933	935	
8.75	9	1	17	2	3	44	27322	44	27322	0.003	0	0.003	0.003	620.955	0.210707	620	621	
8.75	9	1	18	4	3	52	48618	52	48618	0.003	0	0.003	0.003	934.962	0.27735	933	935	
8.75	9	1	19	5	3	52	79392	52	79392	0.003	0	0.003	0.003	1526.77	0.645205	1525	1527	
8.75	9	1	20	1	3	50	41950	50	41950	0.003	0	0.003	0.003	839	0	839	839	
9	9.25	4	1	5	3	50	41950	49	41111	0.003	0	0.003	0.003	839	0	839	839	
9	9.25	4	2	3	3	50	21850	50	21850	0.003	0	0.003	0.003	437	0	437	437	
9	9.25	4	3	2	3	49	41111	50	41950	0.003	0	0.003	0.003	839	0	839	839	
9	9.25	4	4	1	3	49	41111	50	41950	0.003	0	0.003	0.003	839	0	839	839	
9	9.25	4	5	4	3	52	48620	51	47685	0.003	0	0.003	0.003	935	0	935	935	
9	9.25	2	6	4	3	53	97308	54	99144	0.003	0	0.003	0.003	1836	0	1836	1836	
9	9.25	2	7	5	3	46	28564	45	27943	0.003	0	0.003	0.003	620.956	0.208409	620	621	
9	9.25	2	8	2	3	52	43628	51	42789	0.003	0	0.003	0.003	839	0	839	839	
9	9.25	2	9	3	3	45	27944	46	28564	0.003	0	0.003	0.003	620.957	0.206185	620	621	
9	9.25	2	10	1	3	54	99144	54	99144	0.003	0	0.003	0.003	1836	0	1836	1836	
9	9.25	3	11	5	3	50	21850	50	21850	0.003	0	0.003	0.003	437	0	437	437	
9	9.25	3	12	3	3	48	40272	49	41111	0.003	0	0.003	0.003	839	0	839	839	
9	9.25	3	13	1	3	50	59550	51	60741	0.003	0	0.003	0.003	1191	0	1191	1191	
9	9.25	3	14	4	3	51	47685	50	46750	0.003	0	0.003	0.003	935	0	935	935	
9	9.25	3	15	2	3	51	77865	50	76338	0.003	0	0.003	0.003	1526.76	0.656521	1525	1527	
9	9.25	1	16	3	3	52	48620	52	48620	0.003	0	0.003	0.003	935	0	935	935	
9	9.25	1	17	2	3	44	27323	44	27323	0.003	0	0.003	0.003	620.977	0.150756	620	621	
9	9.25	1	18	4	3	52	48620	52	48620	0.003	0	0.003	0.003	935	0	935	935	
9	9.25	1	19	5	3	52	79394	52	79394	0.003	0	0.003	0.003	1526.81	0.595357	1525	1527	
9	9.25	1	20	1	3	50	41950	50	41950	0.003	0	0.003	0.003	839	0	839	839	
9.25	9.5	4	1	5	3	49	41111	50	41950	0.003	0	0.003	0.003	839	0	839	839	
9.25	9.5	4	2	3	3	51	22285	50	21848	0.003	0	0.003	0.003	436.96	0.282843	435	437	
9.25	9.5	4	3	2	3	49	41111	49	41111	0.003	0	0.003	0.003	839	0	839	839	
9.25	9.5	4	4	1	3	50	41950	49	41111	0.003	0	0.003	0.003	839	0	839	839	
9.25	9.5	4	5	4	3	51	47685	52	48620	0.003	0	0.003	0.003	935	0	935	935	
9.25	9.5	2	6	4	3	54	99144	54	99144	0.003	0	0.003	0.003	1836	0	1836	1836	
9.25	9.5	2	7	5	3	45	27944	46	28565	0.003	0	0.003	0.003	620.978	0.147442	620	621	
9.25	9.5	2	8	2	3	51	42787	52	43626	0.003	0	0.003	0.003	838.962	0.27735	837	839	
9.25	9.5	2	9	3	3	46	28564	45	27943	0.003	0	0.003	0.003	620.956	0.208409	620	621	
9.25	9.5	2	10	1	3	54	99144	53	97308	0.003	0	0.003	0.003	1836	0	1836	1836	
9.25	9.5	3	11	5	3	49	21413	49	21413	0.003	0	0.003	0.003	437	0	437	437	
9.25	9.5	3	12	3	3	49	41111	49	41111	0.003	0	0.003	0.003	839	0	839	839	
9.25	9.5	3	13	1	3	51	60741	50	59550	0.003	0	0.003	0.003	1191	0	1191	1191	
9.25	9.5	3	14	4	3	51	47683	51	47683	0.003	0	0.003	0.003	934.961	0.280056	933	935	
9.25	9.5	3	15	2	3	50	76338	51	77865	0.003	0	0.003	0.003	1526.76	0.650791	1525	1527	
9.25	9.5	1	16	3	3	52	48620	52	48620	0.003	0	0.003	0.003	935	0	935	935	
9.25	9.5	1	17	2	3	45	27943	44	27322	0.003	0	0.003	0.003	620.955	0.210707	620	621	
9.25	9.5	1	18	4	3	52	48620	52	48620	0.003	0	0.003	0.003	935	0	935	935	
9.25	9.5	1	19	5	3	52	79392	52	79392	0.003	0	0.003	0.003	1526.77	0.645205	1525	1527	
9.25	9.5	1	20	1	3	49	41111	50	41950	0.003	0	0.003	0.003	839	0	839	839	
9.5	9.75	4	1	5	3	49	41109	48	40270	0.003	0	0.003	0.003	838.958	0.288675	837	839	
9.5	9.75	4	2	3	3	49	21413	49	21413	0.003	0	0.003	0.003	437	0	437	437	
9.5	9.75	4	3	2	3	49	41109	49	41109	0.003	0	0.003	0.003	838.959	0.285714	837	839	
9.5	9.75	4	4	1	3	48	40270	49	41109	0.003	0	0.003	0.003	838.959	0.285714	837	839	
9.5	9.75	4	5	4	3	55	64225	55	64225	0.003	0	0.003	0.003	1167.73	74.2731	935	1191	
9.5	9.75	2	6	4	3	54	99144	54	99144	0.003	0	0.003	0.003	1836	0	1836	1836	
9.5	9.75	2	7	5	3	46	28564	45	27943	0.003	0	0.003	0.003	620.956	0.208409	620	621	
9.5	9.75	2	8	2	3	51	42789	51	42789	0.003	0	0.003	0.003	839	0	839	839	
9.5	9.75	2	9	3	3	45	27944	46	28565	0.003	0	0.003	0.003	620.978	0.147442	620	621	
9.5	9.75	2	10	1	3	54	99144	54	99144	0.003	0	0.003	0.003	1836	0	1836	1836	
9.5	9.75	3	11	5	3	49	21413	49	21413	0.003	0	0.003	0.003	437	0	437	437	
9.5	9.75	3	12	3	3	48	40270	47	39431	0.003	0	0.003	0.003	838.957	0.29173	837	839	
9.5	9.75	3	13	1	3	50	59550	50	59550	0.003	0	0.003	0.003	1191	0	1191	1191	
9.5	9.75	3	14	4	3	53	59539	54	60474	0.003	0	0.003	0.003	1119.89	115.74	935	1191	
9.5	9.75	3	15	2	3	50	76340	50	76340	0.003	0	0.003	0.003	1526.8	0.606092	1525	1527	
9.5	9.75	1	16	3	3	52	48620	52	48620	0.003	0	0.003	0.003	935	0	935	935	
9.5	9.75	1	17	2	3	44	27323	45	27944	0.003	0	0.003	0.003	620.978	0.149071	620	621	
9.5	9.75	1	18	4	3	52	48620	52	48620	0.003	0	0.003	0.003	935	0	935	935	
9.5	9.75	1	19	5	3	52	79392	51	77865	0.003	0	0.003	0.003	1526.76	0.650791	1525	1527	
9.5	9.75	1	20	1	3	50	41948	50	41948	0.003	0	0.003	0.003	838.96	0.282843	837	839	
9.75	10	4	1	5	3	49	41111	50	41950	0.003	0	0.003	0.003	839	0	839	839	
9.75	10	4	2	3	3	50	21850	51	22287	0.003	0	0.003	0.003	437	0	437	437	
9.75	10	4	3	2	3	49	41111	49	41111	0.003	0	0.003	0.003	839	0	839	839	
9.75	10	4	4	1	3	50	41950	49	41111	0.003	0	0.003	0.003	839	0	839	839	
9.75	10	4	5	4	3	52	61932	51	60741	0.003	0	0.003	0.003	1191	0	1191	1191	
9.75	10	2	6	4	3	54	99144	53	97308	0.003	0	0.003	0.003	1836	0	1836	1836	
9.75	10	2	7	5	3	44	27323	45	27944	0.003	0	0.003	0.003	620.978	0.149071	620	621	
9.75	10	2	8	2	3	54	46170	54	46170	0.003	0	0.003	0.003	855	36.113	839	935	
9.75	10	2	9	3	3	45	27943	44	27322	0.003	0	0.003	0.003	620.955	0.210707	620	621	
9.75	10	2	10	1	3	53	97308	54	99144	0.003	0	0.003	0.003	1836	0	1836	1836	
9.75	10	3	11	5	3	49	21411	49	21411	0.003	0	0.003	0.003	436.959	0.285714	435	437	
9.75	10	3	12	3	3	48	40272	49	41111	0.003	0	0.003	0.003	839	0	839	839	
9.75	10	3	13	1	3	51	60741	51	60741	0.003	0	0.003	0.003	1191	0	1191	1191	
9.75	10	3	14	4	3	51	60739	51	60739	0.003	0	0.003	0.003	1190.96	0.280056	1189	1191	
9.75	10	3	15	2	3	51	77865	50	76338	0.003	0	0.003	0.003	1526.76	0.656521	1525	1527	
9.75	10	1	16	3	3	52	48620	52	48620	0.003	0	0.003	0.003	935	0	935	935	
9.75	10	1	17	2	3	44	27322	44	27322	0.003	0	0.003	0.003	620.955	0.210707	620	621	
9.75	10	1	18	4	3	52	48620	52	48620	0.003	0	0.003	0.003	935	0	935	935	
9.75	10	1	19	5	3	52	79392	52	79392	0.003	0	0.003	0.003	1526.77	0.645205	1525	1527	
9.75	10	1	20	1	3	50	41950	50	41950	0.003	0	0.003	0.003	839	0	839	839	
