% start	end	CellId	IMSI	RNTI	LCID	nTxPDUs	TxBytes	nRxPDUs	RxBytes	delay	stdDev	min	max	PduSize	stdDev	min	max
0.5	0.75	4	1	3	3	49	43439	49	43439	0.00314286	0.001	0.003	0.01	886.51	332.571	839	3167	
0.5	0.75	4	2	1	3	52	81801	52	81801	0.00326923	0.00135929	0.003	0.01	1573.1	404.309	1056	4395	
0.5	0.75	4	3	4	3	53	66155	52	64964	0.00313461	0.000970725	0.003	0.01	1249.31	420.463	1191	4223	
0.5	0.75	4	4	2	3	46	43423	45	42584	0.00331111	0.00145886	0.003	0.01	946.311	558.965	839	4395	
0.5	0.75	4	5	5	3	41	29235	41	29235	0.00317073	0.00109322	0.003	0.01	713.049	589.4	621	4395	
0.5	0.75	2	6	3	3	46	40922	46	40922	0.00315217	0.00103209	0.003	0.01	889.609	343.245	839	3167	
0.5	0.75	2	7	2	3	48	76749	48	76749	0.00329167	0.00141359	0.003	0.01	1598.94	420.72	1527	4395	
0.5	0.75	2	8	5	3	48	48340	48	48340	0.00314583	0.00101036	0.003	0.01	1007.08	499.408	935	4395	
0.5	0.75	2	9	1	3	49	77220	48	75693	0.00329167	0.00141359	0.003	0.01	1576.94	420.93	1056	4395	
0.5	0.75	2	10	4	3	50	79036	49	77509	0.00314286	0.001	0.003	0.01	1581.82	385.173	1525	4223	
0.5	0.75	3	11	1	3	39	28428	38	27807	0.00336842	0.00158406	0.003	0.01	731.763	614.379	621	4395	
0.5	0.75	3	12	3	3	51	45117	51	45117	0.00313725	0.000980196	0.003	0.01	884.647	325.985	839	3167	
0.5	0.75	3	13	2	3	42	23987	41	23550	0.00334146	0.00152659	0.003	0.01	574.39	665.159	437	4395	
0.5	0.75	3	14	4	3	55	68537	55	68537	0.00312727	0.00094388	0.003	0.01	1246.13	408.835	1191	4223	
0.5	0.75	3	15	5	3	54	53950	54	53950	0.00312963	0.000952579	0.003	0.01	999.074	470.846	935	4395	
0.5	0.75	1	16	1	3	52	97251	51	95415	0.00327451	0.00137227	0.003	0.01	1870.88	376.692	1056	4395	
0.5	0.75	1	17	2	3	47	48582	47	48582	0.00329787	0.00142821	0.003	0.01	1033.66	529.55	935	4395	
0.5	0.75	1	18	4	3	47	42817	47	42817	0.00314894	0.00102105	0.003	0.01	911	493.607	839	4223	
0.5	0.75	1	19	5	3	47	42989	47	42989	0.00314894	0.00102105	0.003	0.01	914.66	518.696	839	4395	
0.5	0.75	1	20	3	3	48	42600	47	41761	0.00314894	0.00102105	0.003	0.01	888.532	339.574	839	3167	
0.75	1	4	1	3	3	50	41950	50	41950	0.003	0	0.003	0.003	839	0	839	839	
0.75	1	4	2	1	3	53	80931	52	79404	0.003	0	0.003	0.003	1527	0	1527	1527	
0.75	1	4	3	4	3	52	61932	53	63123	0.003	0	0.003	0.003	1191	0	1191	1191	
0.75	1	4	4	2	3	50	41948	50	41948	0.003	0	0.003	0.003	838.96	0.282843	837	839	
0.75	1	4	5	5	3	45	27945	45	27945	0.003	0	0.003	0.003	621	0	621	621	
0.75	1	2	6	3	3	48	40272	48	40272	0.003	0	0.003	0.003	839	0	839	839	
0.75	1	2	7	2	3	51	77877	50	76350	0.003	0	0.003	0.003	1527	0	1527	1527	
0.75	1	2	8	5	3	51	47685	50	46750	0.003	0	0.003	0.003	935	0	935	935	
0.75	1	2	9	1	3	50	76350	51	77877	0.003	0	0.003	0.003	1527	0	1527	1527	
0.75	1	2	10	4	3	50	76338	51	77865	0.003	0	0.003	0.003	1526.76	0.650791	1525	1527	
0.75	1	3	11	1	3	44	27324	45	27945	0.003	0	0.003	0.003	621	0	621	621	
0.75	1	3	12	3	3	51	42789	50	41950	0.003	0	0.003	0.003	839	0	839	839	
0.75	1	3	13	2	3	50	21848	51	22285	0.003	0	0.003	0.003	436.961	0.280056	435	437	
0.75	1	3	14	4	3	53	63123	52	61932	0.003	0	0.003	0.003	1191	0	1191	1191	
0.75	1	3	15	5	3	52	48620	52	48620	0.003	0	0.003	0.003	935	0	935	935	
0.75	1	1	16	1	3	51	93636	52	95472	0.003	0	0.003	0.003	1836	0	1836	1836	
0.75	1	1	17	2	3	51	47685	51	47685	0.003	0	0.003	0.003	935	0	935	935	
0.75	1	1	18	4	3	50	41950	49	41111	0.003	0	0.003	0.003	839	0	839	839	
0.75	1	1	19	5	3	49	41109	49	41109	0.003	0	0.003	0.003	838.959	0.285714	837	839	
0.75	1	1	20	3	3	49	41111	49	41111	0.003	0	0.003	0.003	839	0	839	839	
1	1.25	4	1	3	3	51	42789	50	41950	0.003	0	0.003	0.003	839	0	839	839	
1	1.25	4	2	1	3	52	79404	53	80931	0.003	0	0.003	0.003	1527	0	1527	1527	
1	1.25	4	3	4	3	53	63123	52	61932	0.003	0	0.003	0.003	1191	0	1191	1191	
1	1.25	4	4	2	3	50	41950	51	42789	0.003	0	0.003	0.003	839	0	839	839	
1	1.25	4	5	5	3	44	27324	44	27324	0.003	0	0.003	0.003	621	0	621	621	
1	1.25	2	6	3	3	49	41111	48	40272	0.003	0	0.003	0.003	839	0	839	839	
1	1.25	2	7	2	3	50	76350	51	77877	0.003	0	0.003	0.003	1527	0	1527	1527	
1	1.25	2	8	5	3	50	46748	51	47683	0.003	0	0.003	0.003	934.961	0.280056	933	935	
1	1.25	2	9	1	3	50	76350	50	76350	0.003	0	0.003	0.003	1527	0	1527	1527	
1	1.25	2	10	4	3	51	77867	50	76340	0.003	0	0.003	0.003	1526.8	0.606092	1525	1527	
1	1.25	3	11	1	3	44	27324	44	27324	0.003	0	0.003	0.003	621	0	621	621	
1	1.25	3	12	3	3	50	41950	50	41950	0.003	0	0.003	0.003	839	0	839	839	
1	1.25	3	13	2	3	52	22724	51	22287	0.003	0	0.003	0.003	437	0	437	437	
1	1.25	3	14	4	3	52	61932	53	63123	0.003	0	0.003	0.003	1191	0	1191	1191	
1	1.25	3	15	5	3	52	48618	52	48618	0.003	0	0.003	0.003	934.962	0.27735	933	935	
1	1.25	1	16	1	3	51	93636	51	93636	0.003	0	0.003	0.003	1836	0	1836	1836	
1	1.25	1	17	2	3	52	48618	51	47683	0.003	0	0.003	0.003	934.961	0.280056	933	935	
1	1.25	1	18	4	3	49	41111	49	41111	0.003	0	0.003	0.003	839	0	839	839	
1	1.25	1	19	5	3	49	41111	49	41111	0.003	0	0.003	0.003	839	0	839	839	
1	1.25	1	20	3	3	49	41111	50	41950	0.003	0	0.003	0.003	839	0	839	839	
1.25	1.5	4	1	3	3	50	41950	51	42789	0.003	0	0.003	0.003	839	0	839	839	
1.25	1.5	4	2	1	3	52	79404	52	79404	0.003	0	0.003	0.003	1527	0	1527	1527	
1.25	1.5	4	3	4	3	52	61932	53	63123	0.003	0	0.003	0.003	1191	0	1191	1191	
1.25	1.5	4	4	2	3	51	42789	50	41950	0.003	0	0.003	0.003	839	0	839	839	
1.25	1.5	4	5	5	3	45	27945	44	27324	0.003	0	0.003	0.003	621	0	621	621	
1.25	1.5	2	6	3	3	48	40272	49	41111	0.003	0	0.003	0.003	839	0	839	839	
1.25	1.5	2	7	2	3	51	77877	50	76350	0.003	0	0.003	0.003	1527	0	1527	1527	
1.25	1.5	2	8	5	3	50	46750	50	46750	0.003	0	0.003	0.003	935	0	935	935	
1.25	1.5	2	9	1	3	51	77877	50	76350	0.003	0	0.003	0.003	1527	0	1527	1527	
1.25	1.5	2	10	4	3	50	76338	51	77865	0.003	0	0.003	0.003	1526.76	0.650791	1525	1527	
1.25	1.5	3	11	1	3	45	27945	45	27945	0.003	0	0.003	0.003	621	0	621	621	
1.25	1.5	3	12	3	3	50	41950	50	41950	0.003	0	0.003	0.003	839	0	839	839	
1.25	1.5	3	13	2	3	50	21850	51	22287	0.003	0	0.003	0.003	437	0	437	437	
1.25	1.5	3	14	4	3	52	61932	52	61932	0.003	0	0.003	0.003	1191	0	1191	1191	
1.25	1.5	3	15	5	3	53	49555	52	48620	0.003	0	0.003	0.003	935	0	935	935	
1.25	1.5	1	16	1	3	52	95472	51	93636	0.003	0	0.003	0.003	1836	0	1836	1836	
1.25	1.5	1	17	2	3	51	47685	51	47685	0.003	0	0.003	0.003	935	0	935	935	
1.25	1.5	1	18	4	3	49	41111	50	41950	0.003	0	0.003	0.003	839	0	839	839	
1.25	1.5	1	19	5	3	49	41111	49	41111	0.003	0	0.003	0.003	839	0	839	839	
1.25	1.5	1	20	3	3	49	41111	49	41111	0.003	0	0.003	0.003	839	0	839	839	
1.5	1.75	4	1	3	3	50	41950	50	41950	0.003	0	0.003	0.003	839	0	839	839	
1.5	1.75	4	2	1	3	53	80931	53	80931	0.003	0	0.003	0.003	1527	0	1527	1527	
1.5	1.75	4	3	4	3	53	63123	52	61932	0.003	0	0.003	0.003	1191	0	1191	1191	
1.5	1.75	4	4	2	3	50	41950	50	41950	0.003	0	0.003	0.003	839	0	839	839	
1.5	1.75	4	5	5	3	44	27324	45	27945	0.003	0	0.003	0.003	621	0	621	621	
1.5	1.75	2	6	3	3	49	41111	48	40272	0.003	0	0.003	0.003	839	0	839	839	
1.5	1.75	2	7	2	3	50	76350	51	77877	0.003	0	0.003	0.003	1527	0	1527	1527	
1.5	1.75	2	8	5	3	51	47685	50	46750	0.003	0	0.003	0.003	935	0	935	935	
1.5	1.75	2	9	1	3	50	76350	51	77877	0.003	0	0.003	0.003	1527	0	1527	1527	
1.5	1.75	2	10	4	3	50	76340	50	76340	0.003	0	0.003	0.003	1526.8	0.606092	1525	1527	
1.5	1.75	3	11	1	3	44	27324	44	27324	0.003	0	0.003	0.003	621	0	621	621	
1.5	1.75	3	12	3	3	50	41950	51	42789	0.003	0	0.003	0.003	839	0	839	839	
1.5	1.75	3	13	2	3	51	22287	51	22287	0.003	0	0.003	0.003	437	0	437	437	
1.5	1.75	3	14	4	3	53	63123	52	61932	0.003	0	0.003	0.003	1191	0	1191	1191	
1.5	1.75	3	15	5	3	52	48620	52	48620	0.003	0	0.003	0.003	935	0	935	935	
1.5	1.75	1	16	1	3	51	93636	52	95472	0.003	0	0.003	0.003	1836	0	1836	1836	
1.5	1.75	1	17	2	3	51	47685	52	48620	0.003	0	0.003	0.003	935	0	935	935	
1.5	1.75	1	18	4	3	49	41111	48	40272	0.003	0	0.003	0.003	839	0	839	839	
1.5	1.75	1	19	5	3	50	41950	49	41111	0.003	0	0.003	0.003	839	0	839	839	
1.5	1.75	1	20	3	3	49	41111	49	41111	0.003	0	0.003	0.003	839	0	839	839	
1.75	2	4	1	3	3	51	42789	50	41950	0.003	0	0.003	0.003	839	0	839	839	
1.75	2	4	2	1	3	52	79404	52	79404	0.003	0	0.003	0.003	1527	0	1527	1527	
1.75	2	4	3	4	3	52	61932	53	63123	0.003	0	0.003	0.003	1191	0	1191	1191	
1.75	2	4	4	2	3	50	41950	51	42789	0.003	0	0.003	0.003	839	0	839	839	
1.75	2	4	5	5	3	45	27945	44	27324	0.003	0	0.003	0.003	621	0	621	621	
1.75	2	2	6	3	3	49	41111	50	41950	0.003	0	0.003	0.003	839	0	839	839	
1.75	2	2	7	2	3	51	77877	51	77877	0.003	0	0.003	0.003	1527	0	1527	1527	
1.75	2	2	8	5	3	51	47685	52	48620	0.003	0	0.003	0.003	935	0	935	935	
1.75	2	2	9	1	3	47	71097	46	69906	0.003	0	0.003	0.003	1519.7	49.5405	1191	1527	
1.75	2	2	10	4	3	52	79392	51	77865	0.003	0	0.003	0.003	1526.76	0.650791	1525	1527	
1.75	2	3	11	1	3	45	27945	44	27324	0.003	0	0.003	0.003	621	0	621	621	
1.75	2	3	12	3	3	50	41950	50	41950	0.003	0	0.003	0.003	839	0	839	839	
1.75	2	3	13	2	3	51	22287	51	22287	0.003	0	0.003	0.003	437	0	437	437	
1.75	2	3	14	4	3	52	61932	52	61932	0.003	0	0.003	0.003	1191	0	1191	1191	
1.75	2	3	15	5	3	52	48620	53	49555	0.003	0	0.003	0.003	935	0	935	935	
1.75	2	1	16	1	3	51	93636	51	93636	0.003	0	0.003	0.003	1836	0	1836	1836	
1.75	2	1	17	2	3	52	48620	51	47685	0.003	0	0.003	0.003	935	0	935	935	
1.75	2	1	18	4	3	49	41111	50	41950	0.003	0	0.003	0.003	839	0	839	839	
1.75	2	1	19	5	3	49	41111	49	41111	0.003	0	0.003	0.003	839	0	839	839	
1.75	2	1	20	3	3	49	41111	49	41111	0.003	0	0.003	0.003	839	0	839	839	
2	2.25	4	1	3	3	50	41950	50	41950	0.003	0	0.003	0.003	839	0	839	839	
2	2.25	4	2	1	3	53	80931	53	80931	0.003	0	0.003	0.003	1527	0	1527	1527	
2	2.25	4	3	4	3	53	63123	52	61932	0.003	0	0.003	0.003	1191	0	1191	1191	
2	2.25	4	4	2	3	50	41950	50	41950	0.003	0	0.003	0.003	839	0	839	839	
2	2.25	4	5	5	3	44	27324	45	27945	0.003	0	0.003	0.003	621	0	621	621	
2	2.25	2	6	3	3	48	40272	48	40272	0.003	0	0.003	0.003	839	0	839	839	
2	2.25	2	7	2	3	51	77877	50	76350	0.003	0	0.003	0.003	1527	0	1527	1527	
2	2.25	2	8	5	3	51	47685	50	46750	0.003	0	0.003	0.003	935	0	935	935	
2	2.25	2	9	1	3	50	59550	51	60741	0.003	0	0.003	0.003	1191	0	1191	1191	
2	2.25	2	10	4	3	50	76338	51	77865	0.003	0	0.003	0.003	1526.76	0.650791	1525	1527	
2	2.25	3	11	1	3	44	27324	44	27324	0.003	0	0.003	0.003	621	0	621	621	
2	2.25	3	12	3	3	50	41950	50	41950	0.003	0	0.003	0.003	839	0	839	839	
2	2.25	3	13	2	3	51	22287	51	22287	0.003	0	0.003	0.003	437	0	437	437	
2	2.25	3	14	4	3	52	61932	53	63123	0.003	0	0.003	0.003	1191	0	1191	1191	
2	2.25	3	15	5	3	53	49555	52	48620	0.003	0	0.003	0.003	935	0	935	935	
2	2.25	1	16	1	3	52	95472	51	93636	0.003	0	0.003	0.003	1836	0	1836	1836	
2	2.25	1	17	2	3	51	47685	51	47685	0.003	0	0.003	0.003	935	0	935	935	
2	2.25	1	18	4	3	49	41111	49	41111	0.003	0	0.003	0.003	839	0	839	839	
2	2.25	1	19	5	3	49	41111	50	41950	0.003	0	0.003	0.003	839	0	839	839	
2	2.25	1	20	3	3	49	41111	49	41111	0.003	0	0.003	0.003	839	0	839	839	
2.25	2.5	4	1	3	3	50	41948	51	42787	0.003	0	0.003	0.003	838.961	0.280056	837	839	
2.25	2.5	4	2	1	3	52	79404	52	79404	0.003	0	0.003	0.003	1527	0	1527	1527	
2.25	2.5	4	3	4	3	52	61932	53	63123	0.003	0	0.003	0.003	1191	0	1191	1191	
2.25	2.5	4	4	2	3	51	42789	50	41950	0.003	0	0.003	0.003	839	0	839	839	
2.25	2.5	4	5	5	3	45	27945	44	27324	0.003	0	0.003	0.003	621	0	621	621	
2.25	2.5	2	6	3	3	49	41109	48	40270	0.003	0	0.003	0.003	838.958	0.288675	837	839	
2.25	2.5	2	7	2	3	50	76350	51	77877	0.003	0	0.003	0.003	1527	0	1527	1527	
2.25	2.5	2	8	5	3	50	46750	51	47685	0.003	0	0.003	0.003	935	0	935	935	
2.25	2.5	2	9	1	3	50	59550	50	59550	0.003	0	0.003	0.003	1191	0	1191	1191	
2.25	2.5	2	10	4	3	51	77867	50	76340	0.003	0	0.003	0.003	1526.8	0.606092	1525	1527	
2.25	2.5	3	11	1	3	44	27324	45	27945	0.003	0	0.003	0.003	621	0	621	621	
2.25	2.5	3	12	3	3	50	41948	50	41948	0.003	0	0.003	0.003	838.96	0.282843	837	839	
2.25	2.5	3	13	2	3	51	22287	51	22287	0.003	0	0.003	0.003	437	0	437	437	
2.25	2.5	3	14	4	3	53	63123	52	61932	0.003	0	0.003	0.003	1191	0	1191	1191	
2.25	2.5	3	15	5	3	52	48620	52	48620	0.003	0	0.003	0.003	935	0	935	935	
2.25	2.5	1	16	1	3	51	93636	52	95472	0.003	0	0.003	0.003	1836	0	1836	1836	
2.25	2.5	1	17	2	3	51	47685	52	48620	0.003	0	0.003	0.003	935	0	935	935	
2.25	2.5	1	18	4	3	49	41109	49	41109	0.003	0	0.003	0.003	838.959	0.285714	837	839	
2.25	2.5	1	19	5	3	49	41111	48	40272	0.003	0	0.003	0.003	839	0	839	839	
2.25	2.5	1	20	3	3	50	41948	49	41109	0.003	0	0.003	0.003	838.959	0.285714	837	839	
2.5	2.75	4	1	3	3	50	41950	50	41950	0.003	0	0.003	0.003	839	0	839	839	
2.5	2.75	4	2	1	3	53	80931	53	80931	0.003	0	0.003	0.003	1527	0	1527	1527	
2.5	2.75	4	3	4	3	53	63123	52	61932	0.003	0	0.003	0.003	1191	0	1191	1191	
2.5	2.75	4	4	2	3	50	41948	50	41948	0.003	0	0.003	0.003	838.96	0.282843	837	839	
2.5	2.75	4	5	5	3	44	27324	45	27945	0.003	0	0.003	0.003	621	0	621	621	
2.5	2.75	2	6	3	3	48	40272	49	41111	0.003	0	0.003	0.003	839	0	839	839	
2.5	2.75	2	7	2	3	51	77877	50	76350	0.003	0	0.003	0.003	1527	0	1527	1527	
2.5	2.75	2	8	5	3	50	46750	50	46750	0.003	0	0.003	0.003	935	0	935	935	
2.5	2.75	2	9	1	3	51	60741	50	59550	0.003	0	0.003	0.003	1191	0	1191	1191	
2.5	2.75	2	10	4	3	50	76338	51	77865	0.003	0	0.003	0.003	1526.76	0.650791	1525	1527	
2.5	2.75	3	11	1	3	45	27945	44	27324	0.003	0	0.003	0.003	621	0	621	621	
2.5	2.75	3	12	3	3	50	41950	50	41950	0.003	0	0.003	0.003	839	0	839	839	
2.5	2.75	3	13	2	3	51	22285	51	22285	0.003	0	0.003	0.003	436.961	0.280056	435	437	
2.5	2.75	3	14	4	3	52	61932	52	61932	0.003	0	0.003	0.003	1191	0	1191	1191	
2.5	2.75	3	15	5	3	52	48618	53	49553	0.003	0	0.003	0.003	934.962	0.274721	933	935	
2.5	2.75	1	16	1	3	51	93636	51	93636	0.003	0	0.003	0.003	1836	0	1836	1836	
2.5	2.75	1	17	2	3	52	48620	51	47685	0.003	0	0.003	0.003	935	0	935	935	
2.5	2.75	1	18	4	3	49	41111	49	41111	0.003	0	0.003	0.003	839	0	839	839	
2.5	2.75	1	19	5	3	49	41109	50	41948	0.003	0	0.003	0.003	838.96	0.282843	837	839	
2.5	2.75	1	20	3	3	49	41111	49	41111	0.003	0	0.003	0.003	839	0	839	839	
2.75	3	4	1	3	3	51	42789	50	41950	0.003	0	0.003	0.003	839	0	839	839	
2.75	3	4	2	1	3	52	79404	52	79404	0.003	0	0.003	0.003	1527	0	1527	1527	
2.75	3	4	3	4	3	52	61932	53	63123	0.003	0	0.003	0.003	1191	0	1191	1191	
2.75	3	4	4	2	3	50	41950	51	42789	0.003	0	0.003	0.003	839	0	839	839	
2.75	3	4	5	5	3	45	27945	44	27324	0.003	0	0.003	0.003	621	0	621	621	
2.75	3	2	6	3	3	48	40272	48	40272	0.003	0	0.003	0.003	839	0	839	839	
2.75	3	2	7	2	3	50	76350	51	77877	0.003	0	0.003	0.003	1527	0	1527	1527	
2.75	3	2	8	5	3	51	47683	50	46748	0.003	0	0.003	0.003	934.96	0.282843	933	935	
2.75	3	2	9	1	3	50	59550	51	60741	0.003	0	0.003	0.003	1191	0	1191	1191	
2.75	3	2	10	4	3	51	77865	50	76340	0.003	0	0.003	0.003	1526.8	0.606092	1525	1527	
2.75	3	3	11	1	3	44	27324	44	27324	0.003	0	0.003	0.003	621	0	621	621	
2.75	3	3	12	3	3	51	42789	50	41950	0.003	0	0.003	0.003	839	0	839	839	
2.75	3	3	13	2	3	51	22287	51	22287	0.003	0	0.003	0.003	437	0	437	437	
2.75	3	3	14	4	3	52	61932	53	63123	0.003	0	0.003	0.003	1191	0	1191	1191	
2.75	3	3	15	5	3	52	48620	52	48620	0.003	0	0.003	0.003	935	0	935	935	
2.75	3	1	16	1	3	52	95472	51	93636	0.003	0	0.003	0.003	1836	0	1836	1836	
2.75	3	1	17	2	3	51	47683	52	48618	0.003	0	0.003	0.003	934.962	0.27735	933	935	
2.75	3	1	18	4	3	49	41111	49	41111	0.003	0	0.003	0.003	839	0	839	839	
2.75	3	1	19	5	3	49	41111	49	41111	0.003	0	0.003	0.003	839	0	839	839	
2.75	3	1	20	3	3	49	41111	49	41111	0.003	0	0.003	0.003	839	0	839	839	
3	3.25	4	1	3	3	50	41950	51	42789	0.003	0	0.003	0.003	839	0	839	839	
3	3.25	4	2	1	3	53	80929	52	79402	0.003	0	0.003	0.003	1526.96	0.27735	1525	1527	
3	3.25	4	3	4	3	53	63123	52	61932	0.003	0	0.003	0.003	1191	0	1191	1191	
3	3.25	4	4	2	3	50	41950	50	41950	0.003	0	0.003	0.003	839	0	839	839	
3	3.25	4	5	5	3	44	27324	45	27945	0.003	0	0.003	0.003	621	0	621	621	
3	3.25	2	6	3	3	49	41111	48	40272	0.003	0	0.003	0.003	839	0	839	839	
3	3.25	2	7	2	3	50	76350	50	76350	0.003	0	0.003	0.003	1527	0	1527	1527	
3	3.25	2	8	5	3	50	46750	51	47685	0.003	0	0.003	0.003	935	0	935	935	
3	3.25	2	9	1	3	51	60741	50	59550	0.003	0	0.003	0.003	1191	0	1191	1191	
3	3.25	2	10	4	3	50	76340	51	77865	0.003	0	0.003	0.003	1526.76	0.650791	1525	1527	
3	3.25	3	11	1	3	44	27324	45	27945	0.003	0	0.003	0.003	621	0	621	621	
3	3.25	3	12	3	3	50	41950	50	41950	0.003	0	0.003	0.003	839	0	839	839	
3	3.25	3	13	2	3	51	22287	51	22287	0.003	0	0.003	0.003	437	0	437	437	
3	3.25	3	14	4	3	52	61932	52	61932	0.003	0	0.003	0.003	1191	0	1191	1191	
3	3.25	3	15	5	3	53	49555	52	48620	0.003	0	0.003	0.003	935	0	935	935	
3	3.25	1	16	1	3	51	93636	52	95472	0.003	0	0.003	0.003	1836	0	1836	1836	
3	3.25	1	17	2	3	51	47685	51	47685	0.003	0	0.003	0.003	935	0	935	935	
3	3.25	1	18	4	3	50	41950	49	41111	0.003	0	0.003	0.003	839	0	839	839	
3	3.25	1	19	5	3	49	41111	49	41111	0.003	0	0.003	0.003	839	0	839	839	
3	3.25	1	20	3	3	49	41111	49	41111	0.003	0	0.003	0.003	839	0	839	839	
3.25	3.5	4	1	3	3	50	41950	50	41950	0.003	0	0.003	0.003	839	0	839	839	
3.25	3.5	4	2	1	3	52	79392	53	80919	0.003	0	0.003	0.003	1526.77	0.639757	1525	1527	
3.25	3.5	4	3	4	3	52	61932	53	63123	0.003	0	0.003	0.003	1191	0	1191	1191	
3.25	3.5	4	4	2	3	51	42789	50	41950	0.003	0	0.003	0.003	839	0	839	839	
3.25	3.5	4	5	5	3	45	27945	44	27324	0.003	0	0.003	0.003	621	0	621	621	
3.25	3.5	2	6	3	3	48	40272	49	41111	0.003	0	0.003	0.003	839	0	839	839	
3.25	3.5	2	7	2	3	51	77869	50	76342	0.003	0	0.003	0.003	1526.84	0.548095	1525	1527	
3.25	3.5	2	8	5	3	51	47685	50	46750	0.003	0	0.003	0.003	935	0	935	935	
3.25	3.5	2	9	1	3	50	59550	51	60741	0.003	0	0.003	0.003	1191	0	1191	1191	
3.25	3.5	2	10	4	3	50	76338	50	76338	0.003	0	0.003	0.003	1526.76	0.656521	1525	1527	
3.25	3.5	3	11	1	3	44	27324	44	27324	0.003	0	0.003	0.003	621	0	621	621	
3.25	3.5	3	12	3	3	50	41950	51	42789	0.003	0	0.003	0.003	839	0	839	839	
3.25	3.5	3	13	2	3	51	22287	51	22287	0.003	0	0.003	0.003	437	0	437	437	
3.25	3.5	3	14	4	3	53	63123	52	61932	0.003	0	0.003	0.003	1191	0	1191	1191	
3.25	3.5	3	15	5	3	52	48620	52	48620	0.003	0	0.003	0.003	935	0	935	935	
3.25	3.5	1	16	1	3	51	93636	51	93636	0.003	0	0.003	0.003	1836	0	1836	1836	
3.25	3.5	1	17	2	3	52	48620	51	47685	0.003	0	0.003	0.003	935	0	935	935	
3.25	3.5	1	18	4	3	49	41111	49	41111	0.003	0	0.003	0.003	839	0	839	839	
3.25	3.5	1	19	5	3	49	41111	49	41111	0.003	0	0.003	0.003	839	0	839	839	
3.25	3.5	1	20	3	3	49	41111	50	41950	0.003	0	0.003	0.003	839	0	839	839	
3.5	3.75	4	1	3	3	50	41950	50	41950	0.003	0	0.003	0.003	839	0	839	839	
3.5	3.75	4	2	1	3	53	80919	52	79392	0.003	0	0.003	0.003	1526.77	0.645205	1525	1527	
3.5	3.75	4	3	4	3	53	63123	52	61932	0.003	0	0.003	0.003	1191	0	1191	1191	
3.5	3.75	4	4	2	3	50	41950	51	42789	0.003	0	0.003	0.003	839	0	839	839	
3.5	3.75	4	5	5	3	44	27324	45	27945	0.003	0	0.003	0.003	621	0	621	621	
3.5	3.75	2	6	3	3	48	40272	48	40272	0.003	0	0.003	0.003	839	0	839	839	
3.5	3.75	2	7	2	3	50	76338	51	77865	0.003	0	0.003	0.003	1526.76	0.650791	1525	1527	
3.5	3.75	2	8	5	3	50	46750	51	47685	0.003	0	0.003	0.003	935	0	935	935	
3.5	3.75	2	9	1	3	51	60740	50	59549	0.003	0	0.003	0.003	1190.98	0.141421	1190	1191	
3.5	3.75	2	10	4	3	51	77867	50	76340	0.003	0	0.003	0.003	1526.8	0.606092	1525	1527	
3.5	3.75	3	11	1	3	45	27945	44	27324	0.003	0	0.003	0.003	621	0	621	621	
3.5	3.75	3	12	3	3	50	41950	50	41950	0.003	0	0.003	0.003	839	0	839	839	
3.5	3.75	3	13	2	3	51	22287	51	22287	0.003	0	0.003	0.003	437	0	437	437	
3.5	3.75	3	14	4	3	52	61932	52	61932	0.003	0	0.003	0.003	1191	0	1191	1191	
3.5	3.75	3	15	5	3	52	48620	53	49555	0.003	0	0.003	0.003	935	0	935	935	
3.5	3.75	1	16	1	3	52	95472	51	93636	0.003	0	0.003	0.003	1836	0	1836	1836	
3.5	3.75	1	17	2	3	51	47685	52	48620	0.003	0	0.003	0.003	935	0	935	935	
3.5	3.75	1	18	4	3	49	41111	49	41111	0.003	0	0.003	0.003	839	0	839	839	
3.5	3.75	1	19	5	3	49	41111	49	41111	0.003	0	0.003	0.003	839	0	839	839	
3.5	3.75	1	20	3	3	49	41111	49	41111	0.003	0	0.003	0.003	839	0	839	839	
3.75	4	4	1	3	3	51	42789	50	41950	0.003	0	0.003	0.003	839	0	839	839	
3.75	4	4	2	1	3	52	79394	53	80921	0.003	0	0.003	0.003	1526.81	0.590196	1525	1527	
3.75	4	4	3	4	3	52	61932	53	63123	0.003	0	0.003	0.003	1191	0	1191	1191	
3.75	4	4	4	2	3	50	41950	50	41950	0.003	0	0.003	0.003	839	0	839	839	
3.75	4	4	5	5	3	45	27945	44	27324	0.003	0	0.003	0.003	621	0	621	621	
3.75	4	2	6	3	3	49	41111	48	40272	0.003	0	0.003	0.003	839	0	839	839	
3.75	4	2	7	2	3	51	77867	50	76340	0.003	0	0.003	0.003	1526.8	0.606092	1525	1527	
3.75	4	2	8	5	3	50	46750	50	46750	0.003	0	0.003	0.003	935	0	935	935	
3.75	4	2	9	1	3	50	59550	51	60741	0.003	0	0.003	0.003	1191	0	1191	1191	
3.75	4	2	10	4	3	50	76338	51	77865	0.003	0	0.003	0.003	1526.76	0.650791	1525	1527	
3.75	4	3	11	1	3	44	27324	45	27945	0.003	0	0.003	0.003	621	0	621	621	
3.75	4	3	12	3	3	50	41950	50	41950	0.003	0	0.003	0.003	839	0	839	839	
3.75	4	3	13	2	3	51	22287	51	22287	0.003	0	0.003	0.003	437	0	437	437	
3.75	4	3	14	4	3	52	61932	52	61932	0.003	0	0.003	0.003	1191	0	1191	1191	
3.75	4	3	15	5	3	53	49555	52	48620	0.003	0	0.003	0.003	935	0	935	935	
3.75	4	1	16	1	3	51	93636	52	95472	0.003	0	0.003	0.003	1836	0	1836	1836	
3.75	4	1	17	2	3	51	47685	51	47685	0.003	0	0.003	0.003	935	0	935	935	
3.75	4	1	18	4	3	49	41111	49	41111	0.003	0	0.003	0.003	839	0	839	839	
3.75	4	1	19	5	3	50	41950	49	41111	0.003	0	0.003	0.003	839	0	839	839	
3.75	4	1	20	3	3	49	41111	49	41111	0.003	0	0.003	0.003	839	0	839	839	
4	4.25	4	1	3	3	50	41948	51	42787	0.003	0	0.003	0.003	838.961	0.280056	837	839	
4	4.25	4	2	1	3	53	80919	52	79392	0.003	0	0.003	0.003	1526.77	0.645205	1525	1527	
4	4.25	4	3	4	3	53	63123	52	61932	0.003	0	0.003	0.003	1191	0	1191	1191	
4	4.25	4	4	2	3	50	41950	50	41950	0.003	0	0.003	0.003	839	0	839	839	
4	4.25	4	5	5	3	44	27324	45	27945	0.003	0	0.003	0.003	621	0	621	621	
4	4.25	2	6	3	3	48	40270	49	41109	0.003	0	0.003	0.003	838.959	0.285714	837	839	
4	4.25	2	7	2	3	50	76338	51	77865	0.003	0	0.003	0.003	1526.76	0.650791	1525	1527	
4	4.25	2	8	5	3	51	47685	50	46750	0.003	0	0.003	0.003	935	0	935	935	
4	4.25	2	9	1	3	50	59550	50	59550	0.003	0	0.003	0.003	1191	0	1191	1191	
4	4.25	2	10	4	3	51	77865	50	76340	0.003	0	0.003	0.003	1526.8	0.606092	1525	1527	
4	4.25	3	11	1	3	45	27945	44	27324	0.003	0	0.003	0.003	621	0	621	621	
4	4.25	3	12	3	3	50	41948	50	41948	0.003	0	0.003	0.003	838.96	0.282843	837	839	
4	4.25	3	13	2	3	51	22287	51	22287	0.003	0	0.003	0.003	437	0	437	437	
4	4.25	3	14	4	3	52	61932	53	63123	0.003	0	0.003	0.003	1191	0	1191	1191	
4	4.25	3	15	5	3	52	48620	52	48620	0.003	0	0.003	0.003	935	0	935	935	
4	4.25	1	16	1	3	51	93636	51	93636	0.003	0	0.003	0.003	1836	0	1836	1836	
4	4.25	1	17	2	3	52	48620	51	47685	0.003	0	0.003	0.003	935	0	935	935	
4	4.25	1	18	4	3	49	41109	50	41948	0.003	0	0.003	0.003	838.96	0.282843	837	839	
4	4.25	1	19	5	3	49	41111	49	41111	0.003	0	0.003	0.003	839	0	839	839	
4	4.25	1	20	3	3	49	41109	49	41109	0.003	0	0.003	0.003	838.959	0.285714	837	839	
4.25	4.5	4	1	3	3	50	41950	50	41950	0.003	0	0.003	0.003	839	0	839	839	
4.25	4.5	4	2	1	3	52	79392	53	80919	0.003	0	0.003	0.003	1526.77	0.639757	1525	1527	
4.25	4.5	4	3	4	3	52	61932	53	63123	0.003	0	0.003	0.003	1191	0	1191	1191	
4.25	4.5	4	4	2	3	51	42787	50	41948	0.003	0	0.003	0.003	838.96	0.282843	837	839	
4.25	4.5	4	5	5	3	45	27945	44	27324	0.003	0	0.003	0.003	621	0	621	621	
4.25	4.5	2	6	3	3	50	41950	49	41111	0.003	0	0.003	0.003	839	0	839	839	
4.25	4.5	2	7	2	3	46	66538	46	66538	0.003	0	0.003	0.003	1446.48	144.808	1191	1527	
4.25	4.5	2	8	5	3	51	47685	52	48620	0.003	0	0.003	0.003	935	0	935	935	
4.25	4.5	2	9	1	3	52	61932	51	60741	0.003	0	0.003	0.003	1191	0	1191	1191	
4.25	4.5	2	10	4	3	51	77867	52	79392	0.003	0	0.003	0.003	1526.77	0.645205	1525	1527	
4.25	4.5	3	11	1	3	44	27324	44	27324	0.003	0	0.003	0.003	621	0	621	621	
4.25	4.5	3	12	3	3	50	41950	50	41950	0.003	0	0.003	0.003	839	0	839	839	
4.25	4.5	3	13	2	3	51	22285	51	22285	0.003	0	0.003	0.003	436.961	0.280056	435	437	
4.25	4.5	3	14	4	3	53	63123	52	61932	0.003	0	0.003	0.003	1191	0	1191	1191	
4.25	4.5	3	15	5	3	52	48618	53	49553	0.003	0	0.003	0.003	934.962	0.274721	933	935	
4.25	4.5	1	16	1	3	52	95472	51	93636	0.003	0	0.003	0.003	1836	0	1836	1836	
4.25	4.5	1	17	2	3	51	47685	52	48620	0.003	0	0.003	0.003	935	0	935	935	
4.25	4.5	1	18	4	3	49	41111	49	41111	0.003	0	0.003	0.003	839	0	839	839	
4.25	4.5	1	19	5	3	49	41109	49	41109	0.003	0	0.003	0.003	838.959	0.285714	837	839	
4.25	4.5	1	20	3	3	49	41111	49	41111	0.003	0	0.003	0.003	839	0	839	839	
4.5	4.75	4	1	3	3	51	42789	50	41950	0.003	0	0.003	0.003	839	0	839	839	
4.5	4.75	4	2	1	3	53	80919	52	79392	0.003	0	0.003	0.003	1526.77	0.645205	1525	1527	
4.5	4.75	4	3	4	3	52	61932	52	61932	0.003	0	0.003	0.003	1191	0	1191	1191	
4.5	4.75	4	4	2	3	50	41950	51	42789	0.003	0	0.003	0.003	839	0	839	839	
4.5	4.75	4	5	5	3	44	27322	45	27943	0.003	0	0.003	0.003	620.956	0.298142	619	621	
4.5	4.75	2	6	3	3	48	40272	48	40272	0.003	0	0.003	0.003	839	0	839	839	
4.5	4.75	2	7	2	3	51	60740	51	60740	0.003	0	0.003	0.003	1190.98	0.140028	1190	1191	
4.5	4.75	2	8	5	3	51	47683	50	46748	0.003	0	0.003	0.003	934.96	0.282843	933	935	
4.5	4.75	2	9	1	3	50	59550	51	60741	0.003	0	0.003	0.003	1191	0	1191	1191	
4.5	4.75	2	10	4	3	50	76338	50	76338	0.003	0	0.003	0.003	1526.76	0.656521	1525	1527	
4.5	4.75	3	11	1	3	44	27322	45	27943	0.003	0	0.003	0.003	620.956	0.298142	619	621	
4.5	4.75	3	12	3	3	51	42789	50	41950	0.003	0	0.003	0.003	839	0	839	839	
4.5	4.75	3	13	2	3	51	22287	51	22287	0.003	0	0.003	0.003	437	0	437	437	
4.5	4.75	3	14	4	3	52	61932	52	61932	0.003	0	0.003	0.003	1191	0	1191	1191	
4.5	4.75	3	15	5	3	52	48620	52	48620	0.003	0	0.003	0.003	935	0	935	935	
4.5	4.75	1	16	1	3	51	93636	52	95472	0.003	0	0.003	0.003	1836	0	1836	1836	
4.5	4.75	1	17	2	3	51	47683	51	47683	0.003	0	0.003	0.003	934.961	0.280056	933	935	
4.5	4.75	1	18	4	3	49	41111	49	41111	0.003	0	0.003	0.003	839	0	839	839	
4.5	4.75	1	19	5	3	49	41111	49	41111	0.003	0	0.003	0.003	839	0	839	839	
4.5	4.75	1	20	3	3	50	41950	49	41111	0.003	0	0.003	0.003	839	0	839	839	
4.75	5	4	1	3	3	50	41950	50	41950	0.003	0	0.003	0.003	839	0	839	839	
4.75	5	4	2	1	3	52	79392	53	80919	0.003	0	0.003	0.003	1526.77	0.639757	1525	1527	
4.75	5	4	3	4	3	53	63123	53	63123	0.003	0	0.003	0.003	1191	0	1191	1191	
4.75	5	4	4	2	3	50	41950	50	41950	0.003	0	0.003	0.003	839	0	839	839	
4.75	5	4	5	5	3	45	27943	44	27322	0.003	0	0.003	0.003	620.955	0.210707	620	621	
4.75	5	2	6	3	3	48	40272	49	41111	0.003	0	0.003	0.003	839	0	839	839	
4.75	5	2	7	2	3	50	59550	50	59550	0.003	0	0.003	0.003	1191	0	1191	1191	
4.75	5	2	8	5	3	50	46750	51	47685	0.003	0	0.003	0.003	935	0	935	935	
4.75	5	2	9	1	3	51	60741	50	59550	0.003	0	0.003	0.003	1191	0	1191	1191	
4.75	5	2	10	4	3	51	77867	50	76340	0.003	0	0.003	0.003	1526.8	0.606092	1525	1527	
4.75	5	3	11	1	3	44	27323	44	27323	0.003	0	0.003	0.003	620.977	0.150756	620	621	
4.75	5	3	12	3	3	50	41950	50	41950	0.003	0	0.003	0.003	839	0	839	839	
4.75	5	3	13	2	3	51	22287	51	22287	0.003	0	0.003	0.003	437	0	437	437	
4.75	5	3	14	4	3	52	61932	53	63123	0.003	0	0.003	0.003	1191	0	1191	1191	
4.75	5	3	15	5	3	53	49555	52	48620	0.003	0	0.003	0.003	935	0	935	935	
4.75	5	1	16	1	3	51	93636	51	93636	0.003	0	0.003	0.003	1836	0	1836	1836	
4.75	5	1	17	2	3	52	48620	51	47685	0.003	0	0.003	0.003	935	0	935	935	
4.75	5	1	18	4	3	49	41111	49	41111	0.003	0	0.003	0.003	839	0	839	839	
4.75	5	1	19	5	3	49	41111	50	41950	0.003	0	0.003	0.003	839	0	839	839	
4.75	5	1	20	3	3	49	41111	49	41111	0.003	0	0.003	0.003	839	0	839	839	
5	5.25	4	1	3	3	50	41950	51	42789	0.003	0	0.003	0.003	839	0	839	839	
5	5.25	4	2	1	3	53	80919	52	79392	0.003	0	0.003	0.003	1526.77	0.645205	1525	1527	
5	5.25	4	3	4	3	52	61932	52	61932	0.003	0	0.003	0.003	1191	0	1191	1191	
5	5.25	4	4	2	3	51	42789	50	41950	0.003	0	0.003	0.003	839	0	839	839	
5	5.25	4	5	5	3	44	27323	45	27944	0.003	0	0.003	0.003	620.978	0.149071	620	621	
5	5.25	2	6	3	3	49	41111	48	40272	0.003	0	0.003	0.003	839	0	839	839	
5	5.25	2	7	2	3	51	60741	50	59550	0.003	0	0.003	0.003	1191	0	1191	1191	
5	5.25	2	8	5	3	50	46750	50	46750	0.003	0	0.003	0.003	935	0	935	935	
5	5.25	2	9	1	3	50	59550	51	60741	0.003	0	0.003	0.003	1191	0	1191	1191	
5	5.25	2	10	4	3	50	76338	51	77865	0.003	0	0.003	0.003	1526.76	0.650791	1525	1527	
5	5.25	3	11	1	3	45	27943	44	27322	0.003	0	0.003	0.003	620.955	0.210707	620	621	
5	5.25	3	12	3	3	50	41950	51	42789	0.003	0	0.003	0.003	839	0	839	839	
5	5.25	3	13	2	3	51	22287	51	22287	0.003	0	0.003	0.003	437	0	437	437	
5	5.25	3	14	4	3	52	61932	52	61932	0.003	0	0.003	0.003	1191	0	1191	1191	
5	5.25	3	15	5	3	52	48620	52	48620	0.003	0	0.003	0.003	935	0	935	935	
5	5.25	1	16	1	3	52	95472	51	93636	0.003	0	0.003	0.003	1836	0	1836	1836	
5	5.25	1	17	2	3	51	47685	52	48620	0.003	0	0.003	0.003	935	0	935	935	
5	5.25	1	18	4	3	49	41111	49	41111	0.003	0	0.003	0.003	839	0	839	839	
5	5.25	1	19	5	3	49	41111	49	41111	0.003	0	0.003	0.003	839	0	839	839	
5	5.25	1	20	3	3	49	41111	49	41111	0.003	0	0.003	0.003	839	0	839	839	
5.25	5.5	4	1	3	3	50	41950	50	41950	0.003	0	0.003	0.003	839	0	839	839	
5.25	5.5	4	2	1	3	52	79394	53	80921	0.003	0	0.003	0.003	1526.81	0.590196	1525	1527	
5.25	5.5	4	3	4	3	53	63123	53	63123	0.003	0	0.003	0.003	1191	0	1191	1191	
5.25	5.5	4	4	2	3	50	41950	50	41950	0.003	0	0.003	0.003	839	0	839	839	
5.25	5.5	4	5	5	3	45	27943	44	27322	0.003	0	0.003	0.003	620.955	0.210707	620	621	
5.25	5.5	2	6	3	3	48	40272	49	41111	0.003	0	0.003	0.003	839	0	839	839	
5.25	5.5	2	7	2	3	50	59550	51	60741	0.003	0	0.003	0.003	1191	0	1191	1191	
5.25	5.5	2	8	5	3	51	47685	50	46750	0.003	0	0.003	0.003	935	0	935	935	
5.25	5.5	2	9	1	3	50	59550	50	59550	0.003	0	0.003	0.003	1191	0	1191	1191	
5.25	5.5	2	10	4	3	51	77865	50	76338	0.003	0	0.003	0.003	1526.76	0.656521	1525	1527	
5.25	5.5	3	11	1	3	44	27323	45	27944	0.003	0	0.003	0.003	620.978	0.149071	620	621	
5.25	5.5	3	12	3	3	50	41950	50	41950	0.003	0	0.003	0.003	839	0	839	839	
5.25	5.5	3	13	2	3	51	22287	51	22287	0.003	0	0.003	0.003	437	0	437	437	
5.25	5.5	3	14	4	3	53	63123	52	61932	0.003	0	0.003	0.003	1191	0	1191	1191	
5.25	5.5	3	15	5	3	52	48620	52	48620	0.003	0	0.003	0.003	935	0	935	935	
5.25	5.5	1	16	1	3	51	93636	52	95472	0.003	0	0.003	0.003	1836	0	1836	1836	
5.25	5.5	1	17	2	3	51	47685	51	47685	0.003	0	0.003	0.003	935	0	935	935	
5.25	5.5	1	18	4	3	50	41950	49	41111	0.003	0	0.003	0.003	839	0	839	839	
5.25	5.5	1	19	5	3	49	41111	49	41111	0.003	0	0.003	0.003	839	0	839	839	
5.25	5.5	1	20	3	3	49	41111	49	41111	0.003	0	0.003	0.003	839	0	839	839	
5.5	5.75	4	1	3	3	51	42789	50	41950	0.003	0	0.003	0.003	839	0	839	839	
5.5	5.75	4	2	1	3	53	80919	52	79392	0.003	0	0.003	0.003	1526.77	0.645205	1525	1527	
5.5	5.75	4	3	4	3	52	61932	52	61932	0.003	0	0.003	0.003	1191	0	1191	1191	
5.5	5.75	4	4	2	3	50	41950	51	42789	0.003	0	0.003	0.003	839	0	839	839	
5.5	5.75	4	5	5	3	44	27323	45	27944	0.003	0	0.003	0.003	620.978	0.149071	620	621	
5.5	5.75	2	6	3	3	48	40272	48	40272	0.003	0	0.003	0.003	839	0	839	839	
5.5	5.75	2	7	2	3	51	60741	50	59550	0.003	0	0.003	0.003	1191	0	1191	1191	
5.5	5.75	2	8	5	3	50	46750	51	47685	0.003	0	0.003	0.003	935	0	935	935	
5.5	5.75	2	9	1	3	51	60741	50	59550	0.003	0	0.003	0.003	1191	0	1191	1191	
5.5	5.75	2	10	4	3	50	76340	51	77867	0.003	0	0.003	0.003	1526.8	0.600653	1525	1527	
5.5	5.75	3	11	1	3	45	27943	44	27322	0.003	0	0.003	0.003	620.955	0.210707	620	621	
5.5	5.75	3	12	3	3	50	41950	50	41950	0.003	0	0.003	0.003	839	0	839	839	
5.5	5.75	3	13	2	3	51	22287	50	21850	0.003	0	0.003	0.003	437	0	437	437	
5.5	5.75	3	14	4	3	52	61932	53	63123	0.003	0	0.003	0.003	1191	0	1191	1191	
5.5	5.75	3	15	5	3	52	48620	53	49555	0.003	0	0.003	0.003	935	0	935	935	
5.5	5.75	1	16	1	3	51	93636	51	93636	0.003	0	0.003	0.003	1836	0	1836	1836	
5.5	5.75	1	17	2	3	52	48620	51	47685	0.003	0	0.003	0.003	935	0	935	935	
5.5	5.75	1	18	4	3	49	41111	49	41111	0.003	0	0.003	0.003	839	0	839	839	
5.5	5.75	1	19	5	3	49	41111	49	41111	0.003	0	0.003	0.003	839	0	839	839	
5.5	5.75	1	20	3	3	49	41111	50	41950	0.003	0	0.003	0.003	839	0	839	839	
5.75	6	4	1	3	3	50	41948	51	42787	0.003	0	0.003	0.003	838.961	0.280056	837	839	
5.75	6	4	2	1	3	52	79392	53	80919	0.003	0	0.003	0.003	1526.77	0.639757	1525	1527	
5.75	6	4	3	4	3	53	63123	52	61932	0.003	0	0.003	0.003	1191	0	1191	1191	
5.75	6	4	4	2	3	50	41950	50	41950	0.003	0	0.003	0.003	839	0	839	839	
5.75	6	4	5	5	3	45	27943	44	27322	0.003	0	0.003	0.003	620.955	0.210707	620	621	
5.75	6	2	6	3	3	49	41109	48	40270	0.003	0	0.003	0.003	838.958	0.288675	837	839	
5.75	6	2	7	2	3	50	59550	51	60741	0.003	0	0.003	0.003	1191	0	1191	1191	
5.75	6	2	8	5	3	51	47685	50	46750	0.003	0	0.003	0.003	935	0	935	935	
5.75	6	2	9	1	3	50	59550	51	60741	0.003	0	0.003	0.003	1191	0	1191	1191	
5.75	6	2	10	4	3	50	76338	50	76338	0.003	0	0.003	0.003	1526.76	0.656521	1525	1527	
5.75	6	3	11	1	3	44	27322	44	27322	0.003	0	0.003	0.003	620.955	0.210707	620	621	
5.75	6	3	12	3	3	50	41948	50	41948	0.003	0	0.003	0.003	838.96	0.282843	837	839	
5.75	6	3	13	2	3	51	22287	52	22724	0.003	0	0.003	0.003	437	0	437	437	
5.75	6	3	14	4	3	52	61932	52	61932	0.003	0	0.003	0.003	1191	0	1191	1191	
5.75	6	3	15	5	3	53	49555	52	48620	0.003	0	0.003	0.003	935	0	935	935	
5.75	6	1	16	1	3	52	95472	51	93636	0.003	0	0.003	0.003	1836	0	1836	1836	
5.75	6	1	17	2	3	51	47685	52	48620	0.003	0	0.003	0.003	935	0	935	935	
5.75	6	1	18	4	3	49	41109	49	41109	0.003	0	0.003	0.003	838.959	0.285714	837	839	
5.75	6	1	19	5	3	49	41111	49	41111	0.003	0	0.003	0.003	839	0	839	839	
5.75	6	1	20	3	3	49	41109	49	41109	0.003	0	0.003	0.003	838.959	0.285714	837	839	
6	6.25	4	1	3	3	50	41950	50	41950	0.003	0	0.003	0.003	839	0	839	839	
6	6.25	4	2	1	3	53	80919	52	79392	0.003	0	0.003	0.003	1526.77	0.645205	1525	1527	
6	6.25	4	3	4	3	52	61932	53	63123	0.003	0	0.003	0.003	1191	0	1191	1191	
6	6.25	4	4	2	3	51	42787	50	41948	0.003	0	0.003	0.003	838.96	0.282843	837	839	
6	6.25	4	5	5	3	44	27323	45	27944	0.003	0	0.003	0.003	620.978	0.149071	620	621	
6	6.25	2	6	3	3	48	40272	49	41111	0.003	0	0.003	0.003	839	0	839	839	
6	6.25	2	7	2	3	50	59550	50	59550	0.003	0	0.003	0.003	1191	0	1191	1191	
6	6.25	2	8	5	3	50	46750	51	47685	0.003	0	0.003	0.003	935	0	935	935	
6	6.25	2	9	1	3	51	60741	50	59550	0.003	0	0.003	0.003	1191	0	1191	1191	
6	6.25	2	10	4	3	51	77867	50	76340	0.003	0	0.003	0.003	1526.8	0.606092	1525	1527	
6	6.25	3	11	1	3	44	27323	45	27944	0.003	0	0.003	0.003	620.978	0.149071	620	621	
6	6.25	3	12	3	3	50	41950	50	41950	0.003	0	0.003	0.003	839	0	839	839	
6	6.25	3	13	2	3	51	22285	51	22285	0.003	0	0.003	0.003	436.961	0.280056	435	437	
6	6.25	3	14	4	3	53	63123	52	61932	0.003	0	0.003	0.003	1191	0	1191	1191	
6	6.25	3	15	5	3	52	48618	52	48618	0.003	0	0.003	0.003	934.962	0.27735	933	935	
6	6.25	1	16	1	3	51	93636	52	95472	0.003	0	0.003	0.003	1836	0	1836	1836	
6	6.25	1	17	2	3	51	47683	51	47683	0.003	0	0.003	0.003	934.961	0.280056	933	935	
6	6.25	1	18	4	3	49	41111	49	41111	0.003	0	0.003	0.003	839	0	839	839	
6	6.25	1	19	5	3	50	41948	49	41109	0.003	0	0.003	0.003	838.959	0.285714	837	839	
6	6.25	1	20	3	3	49	41111	49	41111	0.003	0	0.003	0.003	839	0	839	839	
6.25	6.5	4	1	3	3	50	41950	50	41950	0.003	0	0.003	0.003	839	0	839	839	
6.25	6.5	4	2	1	3	52	79392	53	80919	0.003	0	0.003	0.003	1526.77	0.639757	1525	1527	
6.25	6.5	4	3	4	3	53	63123	52	61932	0.003	0	0.003	0.003	1191	0	1191	1191	
6.25	6.5	4	4	2	3	50	41950	51	42789	0.003	0	0.003	0.003	839	0	839	839	
6.25	6.5	4	5	5	3	45	27943	44	27322	0.003	0	0.003	0.003	620.955	0.210707	620	621	
6.25	6.5	2	6	3	3	48	40272	48	40272	0.003	0	0.003	0.003	839	0	839	839	
6.25	6.5	2	7	2	3	51	60741	50	59550	0.003	0	0.003	0.003	1191	0	1191	1191	
6.25	6.5	2	8	5	3	51	47683	50	46748	0.003	0	0.003	0.003	934.96	0.282843	933	935	
6.25	6.5	2	9	1	3	50	59550	51	60741	0.003	0	0.003	0.003	1191	0	1191	1191	
6.25	6.5	2	10	4	3	50	76338	51	77865	0.003	0	0.003	0.003	1526.76	0.650791	1525	1527	
6.25	6.5	3	11	1	3	44	27322	44	27322	0.003	0	0.003	0.003	620.955	0.210707	620	621	
6.25	6.5	3	12	3	3	51	42789	50	41950	0.003	0	0.003	0.003	839	0	839	839	
6.25	6.5	3	13	2	3	51	22287	51	22287	0.003	0	0.003	0.003	437	0	437	437	
6.25	6.5	3	14	4	3	52	61932	52	61932	0.003	0	0.003	0.003	1191	0	1191	1191	
6.25	6.5	3	15	5	3	52	48620	53	49555	0.003	0	0.003	0.003	935	0	935	935	
6.25	6.5	1	16	1	3	54	99144	54	99144	0.003	0	0.003	0.003	1836	0	1836	1836	
6.25	6.5	1	17	2	3	54	50490	54	50490	0.003	0	0.003	0.003	935	0	935	935	
6.25	6.5	1	18	4	3	39	24872	39	25090	0.003	0	0.003	0.003	643.333	67.0123	620	839	
6.25	6.5	1	19	5	3	51	42789	52	43628	0.003	0	0.003	0.003	839	0	839	839	
6.25	6.5	1	20	3	3	52	43628	51	42789	0.003	0	0.003	0.003	839	0	839	839	
6.5	6.75	4	1	3	3	51	42789	50	41950	0.003	0	0.003	0.003	839	0	839	839	
6.5	6.75	4	2	1	3	53	80919	52	79392	0.003	0	0.003	0.003	1526.77	0.645205	1525	1527	
6.5	6.75	4	3	4	3	52	61932	53	63123	0.003	0	0.003	0.003	1191	0	1191	1191	
6.5	6.75	4	4	2	3	50	41950	50	41950	0.003	0	0.003	0.003	839	0	839	839	
6.5	6.75	4	5	5	3	44	27323	45	27944	0.003	0	0.003	0.003	620.978	0.149071	620	621	
6.5	6.75	2	6	3	3	48	40272	48	40272	0.003	0	0.003	0.003	839	0	839	839	
6.5	6.75	2	7	2	3	50	59550	51	60741	0.003	0	0.003	0.003	1191	0	1191	1191	
6.5	6.75	2	8	5	3	50	46750	51	47685	0.003	0	0.003	0.003	935	0	935	935	
6.5	6.75	2	9	1	3	51	60741	50	59550	0.003	0	0.003	0.003	1191	0	1191	1191	
6.5	6.75	2	10	4	3	51	77865	50	76338	0.003	0	0.003	0.003	1526.76	0.656521	1525	1527	
6.5	6.75	3	11	1	3	45	27944	44	27323	0.003	0	0.003	0.003	620.977	0.150756	620	621	
6.5	6.75	3	12	3	3	50	41950	50	41950	0.003	0	0.003	0.003	839	0	839	839	
6.5	6.75	3	13	2	3	51	22287	51	22287	0.003	0	0.003	0.003	437	0	437	437	
6.5	6.75	3	14	4	3	52	61932	53	63123	0.003	0	0.003	0.003	1191	0	1191	1191	
6.5	6.75	3	15	5	3	52	48620	52	48620	0.003	0	0.003	0.003	935	0	935	935	
6.5	6.75	1	16	1	3	53	97308	52	95472	0.003	0	0.003	0.003	1836	0	1836	1836	
6.5	6.75	1	17	2	3	53	49555	52	48620	0.003	0	0.003	0.003	935	0	935	935	
6.5	6.75	1	18	4	3	44	27323	45	27944	0.003	0	0.003	0.003	620.978	0.149071	620	621	
6.5	6.75	1	19	5	3	50	41950	50	41950	0.003	0	0.003	0.003	839	0	839	839	
6.5	6.75	1	20	3	3	50	41950	51	42789	0.003	0	0.003	0.003	839	0	839	839	
6.75	7	4	1	3	3	50	41950	51	42789	0.003	0	0.003	0.003	839	0	839	839	
6.75	7	4	2	1	3	52	79394	53	80921	0.003	0	0.003	0.003	1526.81	0.590196	1525	1527	
6.75	7	4	3	4	3	53	63123	52	61932	0.003	0	0.003	0.003	1191	0	1191	1191	
6.75	7	4	4	2	3	50	41950	50	41950	0.003	0	0.003	0.003	839	0	839	839	
6.75	7	4	5	5	3	45	27943	44	27322	0.003	0	0.003	0.003	620.955	0.210707	620	621	
6.75	7	2	6	3	3	49	41111	48	40272	0.003	0	0.003	0.003	839	0	839	839	
6.75	7	2	7	2	3	51	60741	50	59550	0.003	0	0.003	0.003	1191	0	1191	1191	
6.75	7	2	8	5	3	50	46750	50	46750	0.003	0	0.003	0.003	935	0	935	935	
6.75	7	2	9	1	3	50	59550	51	60741	0.003	0	0.003	0.003	1191	0	1191	1191	
6.75	7	2	10	4	3	50	76340	51	77867	0.003	0	0.003	0.003	1526.8	0.600653	1525	1527	
6.75	7	3	11	1	3	44	27322	45	27943	0.003	0	0.003	0.003	620.956	0.208409	620	621	
6.75	7	3	12	3	3	50	41950	51	42789	0.003	0	0.003	0.003	839	0	839	839	
6.75	7	3	13	2	3	51	22287	50	21850	0.003	0	0.003	0.003	437	0	437	437	
6.75	7	3	14	4	3	52	61932	52	61932	0.003	0	0.003	0.003	1191	0	1191	1191	
6.75	7	3	15	5	3	53	49555	52	48620	0.003	0	0.003	0.003	935	0	935	935	
6.75	7	1	16	1	3	52	95472	53	97308	0.003	0	0.003	0.003	1836	0	1836	1836	
6.75	7	1	17	2	3	53	49555	53	49555	0.003	0	0.003	0.003	935	0	935	935	
6.75	7	1	18	4	3	44	27322	44	27322	0.003	0	0.003	0.003	620.955	0.210707	620	621	
6.75	7	1	19	5	3	51	42789	50	41950	0.003	0	0.003	0.003	839	0	839	839	
6.75	7	1	20	3	3	50	41950	50	41950	0.003	0	0.003	0.003	839	0	839	839	
7	7.25	4	1	3	3	50	41950	50	41950	0.003	0	0.003	0.003	839	0	839	839	
7	7.25	4	2	1	3	53	80919	52	79392	0.003	0	0.003	0.003	1526.77	0.645205	1525	1527	
7	7.25	4	3	4	3	52	61932	53	63123	0.003	0	0.003	0.003	1191	0	1191	1191	
7	7.25	4	4	2	3	51	42789	50	41950	0.003	0	0.003	0.003	839	0	839	839	
7	7.25	4	5	5	3	44	27323	45	27944	0.003	0	0.003	0.003	620.978	0.149071	620	621	
7	7.25	2	6	3	3	48	40272	49	41111	0.003	0	0.003	0.003	839	0	839	839	
7	7.25	2	7	2	3	50	59550	51	60741	0.003	0	0.003	0.003	1191	0	1191	1191	
7	7.25	2	8	5	3	51	47685	50	46750	0.003	0	0.003	0.003	935	0	935	935	
7	7.25	2	9	1	3	50	59550	50	59550	0.003	0	0.003	0.003	1191	0	1191	1191	
7	7.25	2	10	4	3	51	77865	50	76338	0.003	0	0.003	0.003	1526.76	0.656521	1525	1527	
7	7.25	3	11	1	3	44	27323	44	27323	0.003	0	0.003	0.003	620.977	0.150756	620	621	
7	7.25	3	12	3	3	50	41950	50	41950	0.003	0	0.003	0.003	839	0	839	839	
7	7.25	3	13	2	3	51	22287	51	22287	0.003	0	0.003	0.003	437	0	437	437	
7	7.25	3	14	4	3	53	63123	52	61932	0.003	0	0.003	0.003	1191	0	1191	1191	
7	7.25	3	15	5	3	52	48620	53	49555	0.003	0	0.003	0.003	935	0	935	935	
7	7.25	1	16	1	3	53	97308	52	95472	0.003	0	0.003	0.003	1836	0	1836	1836	
7	7.25	1	17	2	3	52	48620	53	49555	0.003	0	0.003	0.003	935	0	935	935	
7	7.25	1	18	4	3	45	27944	44	27323	0.003	0	0.003	0.003	620.977	0.150756	620	621	
7	7.25	1	19	5	3	50	41950	51	42789	0.003	0	0.003	0.003	839	0	839	839	
7	7.25	1	20	3	3	50	41950	50	41950	0.003	0	0.003	0.003	839	0	839	839	
7.25	7.5	4	1	3	3	50	41950	50	41950	0.003	0	0.003	0.003	839	0	839	839	
7.25	7.5	4	2	1	3	52	79392	53	80919	0.003	0	0.003	0.003	1526.77	0.639757	1525	1527	
7.25	7.5	4	3	4	3	53	63123	52	61932	0.003	0	0.003	0.003	1191	0	1191	1191	
7.25	7.5	4	4	2	3	50	41950	51	42789	0.003	0	0.003	0.003	839	0	839	839	
7.25	7.5	4	5	5	3	45	27943	44	27322	0.003	0	0.003	0.003	620.955	0.210707	620	621	
7.25	7.5	2	6	3	3	48	40272	48	40272	0.003	0	0.003	0.003	839	0	839	839	
7.25	7.5	2	7	2	3	51	60741	50	59550	0.003	0	0.003	0.003	1191	0	1191	1191	
7.25	7.5	2	8	5	3	50	46750	51	47685	0.003	0	0.003	0.003	935	0	935	935	
7.25	7.5	2	9	1	3	51	60741	50	59550	0.003	0	0.003	0.003	1191	0	1191	1191	
7.25	7.5	2	10	4	3	50	76340	51	77867	0.003	0	0.003	0.003	1526.8	0.600653	1525	1527	
7.25	7.5	3	11	1	3	45	27943	44	27322	0.003	0	0.003	0.003	620.955	0.210707	620	621	
7.25	7.5	3	12	3	3	50	41950	50	41950	0.003	0	0.003	0.003	839	0	839	839	
7.25	7.5	3	13	2	3	51	22287	51	22287	0.003	0	0.003	0.003	437	0	437	437	
7.25	7.5	3	14	4	3	52	61932	53	63123	0.003	0	0.003	0.003	1191	0	1191	1191	
7.25	7.5	3	15	5	3	52	48620	52	48620	0.003	0	0.003	0.003	935	0	935	935	
7.25	7.5	1	16	1	3	52	95472	53	97308	0.003	0	0.003	0.003	1836	0	1836	1836	
7.25	7.5	1	17	2	3	53	49555	52	48620	0.003	0	0.003	0.003	935	0	935	935	
7.25	7.5	1	18	4	3	44	27322	45	27943	0.003	0	0.003	0.003	620.956	0.208409	620	621	
7.25	7.5	1	19	5	3	50	41950	50	41950	0.003	0	0.003	0.003	839	0	839	839	
7.25	7.5	1	20	3	3	51	42789	50	41950	0.003	0	0.003	0.003	839	0	839	839	
7.5	7.75	4	1	3	3	51	42787	50	41948	0.003	0	0.003	0.003	838.96	0.282843	837	839	
7.5	7.75	4	2	1	3	53	80919	52	79392	0.003	0	0.003	0.003	1526.77	0.645205	1525	1527	
7.5	7.75	4	3	4	3	52	61932	53	63123	0.003	0	0.003	0.003	1191	0	1191	1191	
7.5	7.75	4	4	2	3	50	41950	50	41950	0.003	0	0.003	0.003	839	0	839	839	
7.5	7.75	4	5	5	3	44	27322	45	27943	0.003	0	0.003	0.003	620.956	0.208409	620	621	
7.5	7.75	2	6	3	3	49	41111	48	40272	0.003	0	0.003	0.003	839	0	839	839	
7.5	7.75	2	7	2	3	50	59550	51	60741	0.003	0	0.003	0.003	1191	0	1191	1191	
7.5	7.75	2	8	5	3	51	47685	50	46750	0.003	0	0.003	0.003	935	0	935	935	
7.5	7.75	2	9	1	3	50	59550	51	60741	0.003	0	0.003	0.003	1191	0	1191	1191	
7.5	7.75	2	10	4	3	50	76338	50	76338	0.003	0	0.003	0.003	1526.76	0.656521	1525	1527	
7.5	7.75	3	11	1	3	44	27323	45	27944	0.003	0	0.003	0.003	620.978	0.149071	620	621	
7.5	7.75	3	12	3	3	50	41948	50	41948	0.003	0	0.003	0.003	838.96	0.282843	837	839	
7.5	7.75	3	13	2	3	51	22287	51	22287	0.003	0	0.003	0.003	437	0	437	437	
7.5	7.75	3	14	4	3	52	61932	52	61932	0.003	0	0.003	0.003	1191	0	1191	1191	
7.5	7.75	3	15	5	3	53	49555	52	48620	0.003	0	0.003	0.003	935	0	935	935	
7.5	7.75	1	16	1	3	53	97308	53	97308	0.003	0	0.003	0.003	1836	0	1836	1836	
7.5	7.75	1	17	2	3	52	48620	53	49555	0.003	0	0.003	0.003	935	0	935	935	
7.5	7.75	1	18	4	3	45	27944	44	27323	0.003	0	0.003	0.003	620.977	0.150756	620	621	
7.5	7.75	1	19	5	3	50	41950	50	41950	0.003	0	0.003	0.003	839	0	839	839	
7.5	7.75	1	20	3	3	50	41948	50	41948	0.003	0	0.003	0.003	838.96	0.282843	837	839	
7.75	8	4	1	3	3	50	41950	51	42789	0.003	0	0.003	0.003	839	0	839	839	
7.75	8	4	2	1	3	52	79392	53	80919	0.003	0	0.003	0.003	1526.77	0.639757	1525	1527	
7.75	8	4	3	4	3	53	63123	52	61932	0.003	0	0.003	0.003	1191	0	1191	1191	
7.75	8	4	4	2	3	50	41948	50	41948	0.003	0	0.003	0.003	838.96	0.282843	837	839	
7.75	8	4	5	5	3	45	27944	44	27323	0.003	0	0.003	0.003	620.977	0.150756	620	621	
7.75	8	2	6	3	3	48	40270	49	41109	0.003	0	0.003	0.003	838.959	0.285714	837	839	
7.75	8	2	7	2	3	50	59550	50	59550	0.003	0	0.003	0.003	1191	0	1191	1191	
7.75	8	2	8	5	3	50	46750	51	47685	0.003	0	0.003	0.003	935	0	935	935	
7.75	8	2	9	1	3	51	60741	50	59550	0.003	0	0.003	0.003	1191	0	1191	1191	
7.75	8	2	10	4	3	51	77865	50	76338	0.003	0	0.003	0.003	1526.76	0.656521	1525	1527	
7.75	8	3	11	1	3	44	27322	44	27322	0.003	0	0.003	0.003	620.955	0.210707	620	621	
7.75	8	3	12	3	3	50	41950	50	41950	0.003	0	0.003	0.003	839	0	839	839	
7.75	8	3	13	2	3	51	22285	52	22722	0.003	0	0.003	0.003	436.962	0.27735	435	437	
7.75	8	3	14	4	3	53	63123	52	61932	0.003	0	0.003	0.003	1191	0	1191	1191	
7.75	8	3	15	5	3	52	48618	52	48618	0.003	0	0.003	0.003	934.962	0.27735	933	935	
7.75	8	1	16	1	3	52	95472	52	95472	0.003	0	0.003	0.003	1836	0	1836	1836	
7.75	8	1	17	2	3	53	49553	52	48618	0.003	0	0.003	0.003	934.962	0.27735	933	935	
7.75	8	1	18	4	3	44	27322	45	27943	0.003	0	0.003	0.003	620.956	0.208409	620	621	
7.75	8	1	19	5	3	51	42787	50	41948	0.003	0	0.003	0.003	838.96	0.282843	837	839	
7.75	8	1	20	3	3	50	41950	51	42789	0.003	0	0.003	0.003	839	0	839	839	
8	8.25	4	1	3	3	50	41950	50	41950	0.003	0	0.003	0.003	839	0	839	839	
8	8.25	4	2	1	3	53	80919	52	79392	0.003	0	0.003	0.003	1526.77	0.645205	1525	1527	
8	8.25	4	3	4	3	52	61932	53	63123	0.003	0	0.003	0.003	1191	0	1191	1191	
8	8.25	4	4	2	3	51	42789	50	41950	0.003	0	0.003	0.003	839	0	839	839	
8	8.25	4	5	5	3	44	27322	45	27943	0.003	0	0.003	0.003	620.956	0.208409	620	621	
8	8.25	2	6	3	3	48	40272	48	40272	0.003	0	0.003	0.003	839	0	839	839	
8	8.25	2	7	2	3	51	60741	50	59550	0.003	0	0.003	0.003	1191	0	1191	1191	
8	8.25	2	8	5	3	51	47683	50	46748	0.003	0	0.003	0.003	934.96	0.282843	933	935	
8	8.25	2	9	1	3	50	59550	51	60741	0.003	0	0.003	0.003	1191	0	1191	1191	
8	8.25	2	10	4	3	50	76340	51	77867	0.003	0	0.003	0.003	1526.8	0.600653	1525	1527	
8	8.25	3	11	1	3	45	27944	44	27323	0.003	0	0.003	0.003	620.977	0.150756	620	621	
8	8.25	3	12	3	3	50	41950	50	41950	0.003	0	0.003	0.003	839	0	839	839	
8	8.25	3	13	2	3	51	22287	50	21850	0.003	0	0.003	0.003	437	0	437	437	
8	8.25	3	14	4	3	52	61932	53	63123	0.003	0	0.003	0.003	1191	0	1191	1191	
8	8.25	3	15	5	3	52	48620	53	49555	0.003	0	0.003	0.003	935	0	935	935	
8	8.25	1	16	1	3	54	103752	54	103752	0.003	0	0.003	0.003	1921.33	71.419	1836	1980	
8	8.25	1	17	2	3	52	48620	52	48620	0.003	0	0.003	0.003	935	0	935	935	
8	8.25	1	18	4	3	44	27323	44	27323	0.003	0	0.003	0.003	620.977	0.150756	620	621	
8	8.25	1	19	5	3	50	41950	50	41950	0.003	0	0.003	0.003	839	0	839	839	
8	8.25	1	20	3	3	50	41950	50	41950	0.003	0	0.003	0.003	839	0	839	839	
8.25	8.5	4	1	3	3	51	42789	50	41950	0.003	0	0.003	0.003	839	0	839	839	
8.25	8.5	4	2	1	3	52	79394	53	80921	0.003	0	0.003	0.003	1526.81	0.590196	1525	1527	
8.25	8.5	4	3	4	3	53	63123	52	61932	0.003	0	0.003	0.003	1191	0	1191	1191	
8.25	8.5	4	4	2	3	50	41950	51	42789	0.003	0	0.003	0.003	839	0	839	839	
8.25	8.5	4	5	5	3	44	27323	44	27323	0.003	0	0.003	0.003	620.977	0.150756	620	621	
8.25	8.5	2	6	3	3	49	41111	48	40272	0.003	0	0.003	0.003	839	0	839	839	
8.25	8.5	2	7	2	3	50	59550	51	60741	0.003	0	0.003	0.003	1191	0	1191	1191	
8.25	8.5	2	8	5	3	50	46750	51	47685	0.003	0	0.003	0.003	935	0	935	935	
8.25	8.5	2	9	1	3	50	59550	50	59550	0.003	0	0.003	0.003	1191	0	1191	1191	
8.25	8.5	2	10	4	3	51	77865	50	76338	0.003	0	0.003	0.003	1526.76	0.656521	1525	1527	
8.25	8.5	3	11	1	3	44	27322	45	27943	0.003	0	0.003	0.003	620.956	0.208409	620	621	
8.25	8.5	3	12	3	3	51	42789	50	41950	0.003	0	0.003	0.003	839	0	839	839	
8.25	8.5	3	13	2	3	51	22287	51	22287	0.003	0	0.003	0.003	437	0	437	437	
8.25	8.5	3	14	4	3	52	61932	52	61932	0.003	0	0.003	0.003	1191	0	1191	1191	
8.25	8.5	3	15	5	3	52	48620	52	48620	0.003	0	0.003	0.003	935	0	935	935	
8.25	8.5	1	16	1	3	53	104940	52	102960	0.003	0	0.003	0.003	1980	0	1980	1980	
8.25	8.5	1	17	2	3	52	48620	53	49555	0.003	0	0.003	0.003	935	0	935	935	
8.25	8.5	1	18	4	3	45	27943	45	27943	0.003	0	0.003	0.003	620.956	0.208409	620	621	
8.25	8.5	1	19	5	3	50	41950	50	41950	0.003	0	0.003	0.003	839	0	839	839	
8.25	8.5	1	20	3	3	50	41950	50	41950	0.003	0	0.003	0.003	839	0	839	839	
8.5	8.75	4	1	3	3	50	41950	50	41950	0.003	0	0.003	0.003	839	0	839	839	
8.5	8.75	4	2	1	3	52	79392	52	79392	0.003	0	0.003	0.003	1526.77	0.645205	1525	1527	
8.5	8.75	4	3	4	3	52	61932	53	63123	0.003	0	0.003	0.003	1191	0	1191	1191	
8.5	8.75	4	4	2	3	51	42789	50	41950	0.003	0	0.003	0.003	839	0	839	839	
8.5	8.75	4	5	5	3	45	27943	45	27943	0.003	0	0.003	0.003	620.956	0.208409	620	621	
8.5	8.75	2	6	3	3	48	40272	49	41111	0.003	0	0.003	0.003	839	0	839	839	
8.5	8.75	2	7	2	3	51	60741	50	59550	0.003	0	0.003	0.003	1191	0	1191	1191	
8.5	8.75	2	8	5	3	50	46750	50	46750	0.003	0	0.003	0.003	935	0	935	935	
8.5	8.75	2	9	1	3	51	60741	50	59550	0.003	0	0.003	0.003	1191	0	1191	1191	
8.5	8.75	2	10	4	3	50	76340	51	77867	0.003	0	0.003	0.003	1526.8	0.600653	1525	1527	
8.5	8.75	3	11	1	3	44	27323	44	27323	0.003	0	0.003	0.003	620.977	0.150756	620	621	
8.5	8.75	3	12	3	3	50	41950	51	42789	0.003	0	0.003	0.003	839	0	839	839	
8.5	8.75	3	13	2	3	51	22287	51	22287	0.003	0	0.003	0.003	437	0	437	437	
8.5	8.75	3	14	4	3	52	61932	52	61932	0.003	0	0.003	0.003	1191	0	1191	1191	
8.5	8.75	3	15	5	3	53	49555	52	48620	0.003	0	0.003	0.003	935	0	935	935	
8.5	8.75	1	16	1	3	52	102960	53	104940	0.003	0	0.003	0.003	1980	0	1980	1980	
8.5	8.75	1	17	2	3	53	49555	52	48620	0.003	0	0.003	0.003	935	0	935	935	
8.5	8.75	1	18	4	3	44	27323	44	27323	0.003	0	0.003	0.003	620.977	0.150756	620	621	
8.5	8.75	1	19	5	3	50	41950	51	42789	0.003	0	0.003	0.003	839	0	839	839	
8.5	8.75	1	20	3	3	51	42789	50	41950	0.003	0	0.003	0.003	839	0	839	839	
8.75	9	4	1	3	3	50	41950	51	42789	0.003	0	0.003	0.003	839	0	839	839	
8.75	9	4	2	1	3	53	80919	53	80919	0.003	0	0.003	0.003	1526.77	0.639757	1525	1527	
8.75	9	4	3	4	3	53	63123	52	61932	0.003	0	0.003	0.003	1191	0	1191	1191	
8.75	9	4	4	2	3	50	41950	50	41950	0.003	0	0.003	0.003	839	0	839	839	
8.75	9	4	5	5	3	44	27323	44	27323	0.003	0	0.003	0.003	620.977	0.150756	620	621	
8.75	9	2	6	3	3	48	40272	48	40272	0.003	0	0.003	0.003	839	0	839	839	
8.75	9	2	7	2	3	50	59550	51	60741	0.003	0	0.003	0.003	1191	0	1191	1191	
8.75	9	2	8	5	3	51	47685	50	46750	0.003	0	0.003	0.003	935	0	935	935	
8.75	9	2	9	1	3	50	59550	51	60741	0.003	0	0.003	0.003	1191	0	1191	1191	
8.75	9	2	10	4	3	51	77865	50	76338	0.003	0	0.003	0.003	1526.76	0.656521	1525	1527	
8.75	9	3	11	1	3	45	27943	44	27322	0.003	0	0.003	0.003	620.955	0.210707	620	621	
8.75	9	3	12	3	3	50	41950	50	41950	0.003	0	0.003	0.003	839	0	839	839	
8.75	9	3	13	2	3	51	22287	51	22287	0.003	0	0.003	0.003	437	0	437	437	
8.75	9	3	14	4	3	52	61932	52	61932	0.003	0	0.003	0.003	1191	0	1191	1191	
8.75	9	3	15	5	3	52	48620	53	49555	0.003	0	0.003	0.003	935	0	935	935	
8.75	9	1	16	1	3	53	104940	52	102960	0.003	0	0.003	0.003	1980	0	1980	1980	
8.75	9	1	17	2	3	52	48620	53	49555	0.003	0	0.003	0.003	935	0	935	935	
8.75	9	1	18	4	3	45	27943	44	27322	0.003	0	0.003	0.003	620.955	0.210707	620	621	
8.75	9	1	19	5	3	50	41950	50	41950	0.003	0	0.003	0.003	839	0	839	839	
8.75	9	1	20	3	3	50	41950	51	42789	0.003	0	0.003	0.003	839	0	839	839	
9	9.25	4	1	3	3	51	42789	50	41950	0.003	0	0.003	0.003	839	0	839	839	
9	9.25	4	2	1	3	52	79392	52	79392	0.003	0	0.003	0.003	1526.77	0.645205	1525	1527	
9	9.25	4	3	4	3	52	61932	53	63123	0.003	0	0.003	0.003	1191	0	1191	1191	
9	9.25	4	4	2	3	50	41950	50	41950	0.003	0	0.003	0.003	839	0	839	839	
9	9.25	4	5	5	3	45	27943	45	27943	0.003	0	0.003	0.003	620.956	0.208409	620	621	
9	9.25	2	6	3	3	49	41111	48	40272	0.003	0	0.003	0.003	839	0	839	839	
9	9.25	2	7	2	3	50	59550	50	59550	0.003	0	0.003	0.003	1191	0	1191	1191	
9	9.25	2	8	5	3	50	46750	51	47685	0.003	0	0.003	0.003	935	0	935	935	
9	9.25	2	9	1	3	51	60741	50	59550	0.003	0	0.003	0.003	1191	0	1191	1191	
9	9.25	2	10	4	3	50	76338	51	77865	0.003	0	0.003	0.003	1526.76	0.650791	1525	1527	
9	9.25	3	11	1	3	44	27323	45	27944	0.003	0	0.003	0.003	620.978	0.149071	620	621	
9	9.25	3	12	3	3	50	41950	49	41111	0.003	0	0.003	0.003	839	0	839	839	
9	9.25	3	13	2	3	51	22287	51	22287	0.003	0	0.003	0.003	437	0	437	437	
9	9.25	3	14	4	3	53	63123	53	63123	0.003	0	0.003	0.003	1191	0	1191	1191	
9	9.25	3	15	5	3	52	48620	52	48620	0.003	0	0.003	0.003	935	0	935	935	
9	9.25	1	16	1	3	52	102960	53	104940	0.003	0	0.003	0.003	1980	0	1980	1980	
9	9.25	1	17	2	3	53	49555	52	48620	0.003	0	0.003	0.003	935	0	935	935	
9	9.25	1	18	4	3	44	27323	45	27944	0.003	0	0.003	0.003	620.978	0.149071	620	621	
9	9.25	1	19	5	3	51	42789	50	41950	0.003	0	0.003	0.003	839	0	839	839	
9	9.25	1	20	3	3	50	41950	50	41950	0.003	0	0.003	0.003	839	0	839	839	
9.25	9.5	4	1	3	3	50	41948	50	41948	0.003	0	0.003	0.003	838.96	0.282843	837	839	
9.25	9.5	4	2	1	3	53	80919	53	80919	0.003	0	0.003	0.003	1526.77	0.639757	1525	1527	
9.25	9.5	4	3	4	3	53	63123	52	61932	0.003	0	0.003	0.003	1191	0	1191	1191	
9.25	9.5	4	4	2	3	50	41950	51	42789	0.003	0	0.003	0.003	839	0	839	839	
9.25	9.5	4	5	5	3	44	27323	44	27323	0.003	0	0.003	0.003	620.977	0.150756	620	621	
9.25	9.5	2	6	3	3	48	40272	49	41111	0.003	0	0.003	0.003	839	0	839	839	
9.25	9.5	2	7	2	3	51	60741	50	59550	0.003	0	0.003	0.003	1191	0	1191	1191	
9.25	9.5	2	8	5	3	51	47685	50	46750	0.003	0	0.003	0.003	935	0	935	935	
9.25	9.5	2	9	1	3	50	59550	51	60741	0.003	0	0.003	0.003	1191	0	1191	1191	
9.25	9.5	2	10	4	3	50	76340	50	76340	0.003	0	0.003	0.003	1526.8	0.606092	1525	1527	
9.25	9.5	3	11	1	3	44	27322	44	27322	0.003	0	0.003	0.003	620.955	0.210707	620	621	
9.25	9.5	3	12	3	3	50	41948	51	42787	0.003	0	0.003	0.003	838.961	0.280056	837	839	
9.25	9.5	3	13	2	3	51	22287	51	22287	0.003	0	0.003	0.003	437	0	437	437	
9.25	9.5	3	14	4	3	52	61932	52	61932	0.003	0	0.003	0.003	1191	0	1191	1191	
9.25	9.5	3	15	5	3	53	49553	52	48618	0.003	0	0.003	0.003	934.962	0.27735	933	935	
9.25	9.5	1	16	1	3	53	104940	52	102960	0.003	0	0.003	0.003	1980	0	1980	1980	
9.25	9.5	1	17	2	3	52	48620	53	49555	0.003	0	0.003	0.003	935	0	935	935	
9.25	9.5	1	18	4	3	45	27943	44	27322	0.003	0	0.003	0.003	620.955	0.210707	620	621	
9.25	9.5	1	19	5	3	50	41950	51	42789	0.003	0	0.003	0.003	839	0	839	839	
9.25	9.5	1	20	3	3	50	41948	50	41948	0.003	0	0.003	0.003	838.96	0.282843	837	839	
9.5	9.75	4	1	3	3	50	41950	50	41950	0.003	0	0.003	0.003	839	0	839	839	
9.5	9.75	4	2	1	3	52	79392	52	79392	0.003	0	0.003	0.003	1526.77	0.645205	1525	1527	
9.5	9.75	4	3	4	3	52	61932	53	63123	0.003	0	0.003	0.003	1191	0	1191	1191	
9.5	9.75	4	4	2	3	51	42787	50	41948	0.003	0	0.003	0.003	838.96	0.282843	837	839	
9.5	9.75	4	5	5	3	45	27943	45	27943	0.003	0	0.003	0.003	620.956	0.208409	620	621	
9.5	9.75	2	6	3	3	48	40270	48	40270	0.003	0	0.003	0.003	838.958	0.288675	837	839	
9.5	9.75	2	7	2	3	50	59550	51	60741	0.003	0	0.003	0.003	1191	0	1191	1191	
9.5	9.75	2	8	5	3	50	46750	51	47685	0.003	0	0.003	0.003	935	0	935	935	
9.5	9.75	2	9	1	3	51	60741	50	59550	0.003	0	0.003	0.003	1191	0	1191	1191	
9.5	9.75	2	10	4	3	51	77865	50	76338	0.003	0	0.003	0.003	1526.76	0.656521	1525	1527	
9.5	9.75	3	11	1	3	45	27944	44	27323	0.003	0	0.003	0.003	620.977	0.150756	620	621	
9.5	9.75	3	12	3	3	50	41950	50	41950	0.003	0	0.003	0.003	839	0	839	839	
9.5	9.75	3	13	2	3	51	22285	51	22285	0.003	0	0.003	0.003	436.961	0.280056	435	437	
9.5	9.75	3	14	4	3	52	61932	52	61932	0.003	0	0.003	0.003	1191	0	1191	1191	
9.5	9.75	3	15	5	3	52	48620	53	49555	0.003	0	0.003	0.003	935	0	935	935	
9.5	9.75	1	16	1	3	50	98998	51	100978	0.003	0	0.003	0.003	1979.96	0.280056	1978	1980	
9.5	9.75	1	17	2	3	50	46748	50	46748	0.003	0	0.003	0.003	934.96	0.282843	933	935	
9.5	9.75	1	18	4	3	52	39267	53	39888	0.003	0	0.003	0.003	752.604	107.67	620	839	
9.5	9.75	1	19	5	3	49	41109	48	40270	0.003	0	0.003	0.003	838.958	0.288675	837	839	
9.5	9.75	1	20	3	3	49	41111	48	40272	0.003	0	0.003	0.003	839	0	839	839	
9.75	10	4	1	3	3	50	41950	51	42789	0.003	0	0.003	0.003	839	0	839	839	
9.75	10	4	2	1	3	53	80921	52	79394	0.003	0	0.003	0.003	1526.81	0.595357	1525	1527	
9.75	10	4	3	4	3	53	63123	52	61932	0.003	0	0.003	0.003	1191	0	1191	1191	
9.75	10	4	4	2	3	50	41950	51	42789	0.003	0	0.003	0.003	839	0	839	839	
9.75	10	4	5	5	3	44	27323	44	27323	0.003	0	0.003	0.003	620.977	0.150756	620	621	
9.75	10	2	6	3	3	49	41111	48	40272	0.003	0	0.003	0.003	839	0	839	839	
9.75	10	2	7	2	3	51	60741	50	59550	0.003	0	0.003	0.003	1191	0	1191	1191	
9.75	10	2	8	5	3	50	46748	50	46748	0.003	0	0.003	0.003	934.96	0.282843	933	935	
9.75	10	2	9	1	3	50	59550	51	60741	0.003	0	0.003	0.003	1191	0	1191	1191	
9.75	10	2	10	4	3	50	76340	51	77867	0.003	0	0.003	0.003	1526.8	0.600653	1525	1527	
9.75	10	3	11	1	3	44	27322	45	27943	0.003	0	0.003	0.003	620.956	0.208409	620	621	
9.75	10	3	12	3	3	50	41950	50	41950	0.003	0	0.003	0.003	839	0	839	839	
9.75	10	3	13	2	3	51	22287	51	22287	0.003	0	0.003	0.003	437	0	437	437	
9.75	10	3	14	4	3	53	63123	52	61932	0.003	0	0.003	0.003	1191	0	1191	1191	
9.75	10	3	15	5	3	52	48620	52	48620	0.003	0	0.003	0.003	935	0	935	935	
9.75	10	1	16	1	3	51	100980	51	100980	0.003	0	0.003	0.003	1980	0	1980	1980	
9.75	10	1	17	2	3	52	48620	51	47685	0.003	0	0.003	0.003	935	0	935	935	
9.75	10	1	18	4	3	49	41110	49	41110	0.003	0	0.003	0.003	838.98	0.142857	838	839	
9.75	10	1	19	5	3	49	41111	49	41111	0.003	0	0.003	0.003	839	0	839	839	
9.75	10	1	20	3	3	49	41111	50	41950	0.003	0	0.003	0.003	839	0	839	839	
