% start	end	CellId	IMSI	RNTI	LCID	nTxPDUs	TxBytes	nRxPDUs	RxBytes	delay	stdDev	min	max	PduSize	stdDev	min	max
0.5	0.75	4	1	5	3	48	43828	48	43828	0.00314583	0.00101036	0.003	0.01	913.083	513.264	839	4395	
0.5	0.75	4	2	3	3	53	127187	53	127187	0.00313207	0.000961524	0.003	0.01	2399.75	107.416	2385	3167	
0.5	0.75	4	3	1	3	48	48461	47	47526	0.00329787	0.00142821	0.003	0.01	1011.19	504.618	935	4395	
0.5	0.75	4	4	4	3	56	237037	56	237037	0.003	0	0.003	0.003	4232.8	480.015	2112	4395	
0.5	0.75	4	5	2	3	37	28242	36	27621	0.00338889	0.00162617	0.003	0.01	767.25	669.673	621	4395	
0.5	0.75	2	6	1	3	48	48461	48	48461	0.00329167	0.00141359	0.003	0.01	1009.6	499.342	935	4395	
0.5	0.75	2	7	4	3	54	101531	53	99695	0.00313207	0.000961524	0.003	0.01	1881.04	327.88	1836	4223	
0.5	0.75	2	8	5	3	41	29235	41	29235	0.00317073	0.00109322	0.003	0.01	713.049	589.4	621	4395	
0.5	0.75	2	9	2	3	45	42584	45	42584	0.00331111	0.00145886	0.003	0.01	946.311	558.965	839	4395	
0.5	0.75	2	10	3	3	53	65099	52	63908	0.00313461	0.000970725	0.003	0.01	1229	274.022	1191	3167	
0.5	0.75	3	11	1	3	47	59046	46	57855	0.00330435	0.00144329	0.003	0.01	1257.72	473.265	1056	4395	
0.5	0.75	3	12	3	3	53	168631	52	165449	0.00313461	0.000970725	0.003	0.01	3181.71	2.08013	3167	3182	
0.5	0.75	3	13	5	3	42	22312	42	22312	0.00316667	0.00108012	0.003	0.01	531.238	610.733	437	4395	
0.5	0.75	3	14	4	3	50	101243	50	101243	0.00314	0.000989949	0.003	0.01	2024.86	317.208	1980	4223	
0.5	0.75	3	15	2	3	49	99567	49	99567	0.00328571	0.0013994	0.003	0.01	2031.98	345.122	1980	4395	
0.5	0.75	1	16	5	3	43	30477	42	29856	0.00316667	0.00108012	0.003	0.01	710.857	582.341	621	4395	
0.5	0.75	1	17	4	3	51	46173	51	46173	0.00313725	0.000980196	0.003	0.01	905.353	473.855	839	4223	
0.5	0.75	1	18	3	3	47	27685	47	27685	0.00314894	0.00102105	0.003	0.01	589.043	395.049	437	3167	
0.5	0.75	1	19	2	3	47	44262	47	44262	0.00329787	0.00142821	0.003	0.01	941.745	547.117	839	4395	
0.5	0.75	1	20	1	3	53	66192	52	65001	0.00326923	0.00135929	0.003	0.01	1250.02	445.076	1056	4395	
0.75	1	4	1	5	3	41	30255	41	30255	0.003	0	0.003	0.003	737.927	110.013	621	839	
0.75	1	4	2	3	3	54	128788	54	128788	0.003	0	0.003	0.003	2384.96	0.272166	2383	2385	
0.75	1	4	3	1	3	54	50490	54	50490	0.003	0	0.003	0.003	935	0	935	935	
0.75	1	4	4	4	3	56	246120	55	241725	0.003	0	0.003	0.003	4395	0	4395	4395	
0.75	1	4	5	2	3	45	27945	46	28566	0.003	0	0.003	0.003	621	0	621	621	
0.75	1	2	6	1	3	52	48620	52	48620	0.003	0	0.003	0.003	935	0	935	935	
0.75	1	2	7	4	3	52	95472	53	97308	0.003	0	0.003	0.003	1836	0	1836	1836	
0.75	1	2	8	5	3	44	27324	44	27324	0.003	0	0.003	0.003	621	0	621	621	
0.75	1	2	9	2	3	50	41948	49	41109	0.003	0	0.003	0.003	838.959	0.285714	837	839	
0.75	1	2	10	3	3	52	61932	52	61932	0.003	0	0.003	0.003	1191	0	1191	1191	
0.75	1	3	11	1	3	50	59550	50	59550	0.003	0	0.003	0.003	1191	0	1191	1191	
0.75	1	3	12	3	3	51	162282	52	165464	0.003	0	0.003	0.003	3182	0	3182	3182	
0.75	1	3	13	5	3	49	21411	48	20974	0.003	0	0.003	0.003	436.958	0.288675	435	437	
0.75	1	3	14	4	3	50	99000	50	99000	0.003	0	0.003	0.003	1980	0	1980	1980	
0.75	1	3	15	2	3	50	99000	50	99000	0.003	0	0.003	0.003	1980	0	1980	1980	
0.75	1	1	16	5	3	46	28566	46	28566	0.003	0	0.003	0.003	621	0	621	621	
0.75	1	1	17	4	3	52	43628	51	42789	0.003	0	0.003	0.003	839	0	839	839	
0.75	1	1	18	3	3	46	28566	46	28566	0.003	0	0.003	0.003	621	0	621	621	
0.75	1	1	19	2	3	52	43626	52	43626	0.003	0	0.003	0.003	838.962	0.27735	837	839	
0.75	1	1	20	1	3	54	64314	55	65505	0.003	0	0.003	0.003	1191	0	1191	1191	
1	1.25	4	1	5	3	45	27945	44	27324	0.003	0	0.003	0.003	621	0	621	621	
1	1.25	4	2	3	3	53	126403	53	126403	0.003	0	0.003	0.003	2384.96	0.274721	2383	2385	
1	1.25	4	3	1	3	53	49553	53	49553	0.003	0	0.003	0.003	934.962	0.274721	933	935	
1	1.25	4	4	4	3	54	237330	55	241725	0.003	0	0.003	0.003	4395	0	4395	4395	
1	1.25	4	5	2	3	45	27945	45	27945	0.003	0	0.003	0.003	621	0	621	621	
1	1.25	2	6	1	3	52	48618	52	48618	0.003	0	0.003	0.003	934.962	0.27735	933	935	
1	1.25	2	7	4	3	52	95472	52	95472	0.003	0	0.003	0.003	1836	0	1836	1836	
1	1.25	2	8	5	3	44	27324	44	27324	0.003	0	0.003	0.003	621	0	621	621	
1	1.25	2	9	2	3	50	41950	50	41950	0.003	0	0.003	0.003	839	0	839	839	
1	1.25	2	10	3	3	52	61932	52	61932	0.003	0	0.003	0.003	1191	0	1191	1191	
1	1.25	3	11	1	3	50	59550	50	59550	0.003	0	0.003	0.003	1191	0	1191	1191	
1	1.25	3	12	3	3	52	165464	51	162282	0.003	0	0.003	0.003	3182	0	3182	3182	
1	1.25	3	13	5	3	48	20976	49	21413	0.003	0	0.003	0.003	437	0	437	437	
1	1.25	3	14	4	3	50	99000	50	99000	0.003	0	0.003	0.003	1980	0	1980	1980	
1	1.25	3	15	2	3	50	99000	50	99000	0.003	0	0.003	0.003	1980	0	1980	1980	
1	1.25	1	16	5	3	46	28566	46	28566	0.003	0	0.003	0.003	621	0	621	621	
1	1.25	1	17	4	3	52	43628	52	43628	0.003	0	0.003	0.003	839	0	839	839	
1	1.25	1	18	3	3	46	28566	46	28566	0.003	0	0.003	0.003	621	0	621	621	
1	1.25	1	19	2	3	52	43628	52	43628	0.003	0	0.003	0.003	839	0	839	839	
1	1.25	1	20	1	3	54	64314	54	64314	0.003	0	0.003	0.003	1191	0	1191	1191	
1.25	1.5	4	1	5	3	45	27945	45	27945	0.003	0	0.003	0.003	621	0	621	621	
1.25	1.5	4	2	3	3	53	126403	53	126403	0.003	0	0.003	0.003	2384.96	0.274721	2383	2385	
1.25	1.5	4	3	1	3	52	48620	53	49555	0.003	0	0.003	0.003	935	0	935	935	
1.25	1.5	4	4	4	3	55	241725	54	237330	0.003	0	0.003	0.003	4395	0	4395	4395	
1.25	1.5	4	5	2	3	45	27945	45	27945	0.003	0	0.003	0.003	621	0	621	621	
1.25	1.5	2	6	1	3	52	48620	52	48620	0.003	0	0.003	0.003	935	0	935	935	
1.25	1.5	2	7	4	3	52	95472	52	95472	0.003	0	0.003	0.003	1836	0	1836	1836	
1.25	1.5	2	8	5	3	44	27324	44	27324	0.003	0	0.003	0.003	621	0	621	621	
1.25	1.5	2	9	2	3	50	41950	50	41950	0.003	0	0.003	0.003	839	0	839	839	
1.25	1.5	2	10	3	3	52	61932	52	61932	0.003	0	0.003	0.003	1191	0	1191	1191	
1.25	1.5	3	11	1	3	50	59550	50	59550	0.003	0	0.003	0.003	1191	0	1191	1191	
1.25	1.5	3	12	3	3	51	162282	52	165464	0.003	0	0.003	0.003	3182	0	3182	3182	
1.25	1.5	3	13	5	3	49	21413	49	21413	0.003	0	0.003	0.003	437	0	437	437	
1.25	1.5	3	14	4	3	50	99000	50	99000	0.003	0	0.003	0.003	1980	0	1980	1980	
1.25	1.5	3	15	2	3	50	98999	49	97019	0.003	0	0.003	0.003	1979.98	0.142857	1979	1980	
1.25	1.5	1	16	5	3	45	27945	46	28566	0.003	0	0.003	0.003	621	0	621	621	
1.25	1.5	1	17	4	3	52	43628	52	43628	0.003	0	0.003	0.003	839	0	839	839	
1.25	1.5	1	18	3	3	46	28566	46	28566	0.003	0	0.003	0.003	621	0	621	621	
1.25	1.5	1	19	2	3	52	43628	52	43628	0.003	0	0.003	0.003	839	0	839	839	
1.25	1.5	1	20	1	3	55	65505	54	64314	0.003	0	0.003	0.003	1191	0	1191	1191	
1.5	1.75	4	1	5	3	45	27945	45	27945	0.003	0	0.003	0.003	621	0	621	621	
1.5	1.75	4	2	3	3	53	126403	52	124018	0.003	0	0.003	0.003	2384.96	0.27735	2383	2385	
1.5	1.75	4	3	1	3	53	49555	53	49555	0.003	0	0.003	0.003	935	0	935	935	
1.5	1.75	4	4	4	3	54	237330	55	241725	0.003	0	0.003	0.003	4395	0	4395	4395	
1.5	1.75	4	5	2	3	45	27945	45	27945	0.003	0	0.003	0.003	621	0	621	621	
1.5	1.75	2	6	1	3	53	49555	52	48620	0.003	0	0.003	0.003	935	0	935	935	
1.5	1.75	2	7	4	3	52	95472	52	95472	0.003	0	0.003	0.003	1836	0	1836	1836	
1.5	1.75	2	8	5	3	44	27324	44	27324	0.003	0	0.003	0.003	621	0	621	621	
1.5	1.75	2	9	2	3	49	41111	50	41950	0.003	0	0.003	0.003	839	0	839	839	
1.5	1.75	2	10	3	3	52	61932	52	61932	0.003	0	0.003	0.003	1191	0	1191	1191	
1.5	1.75	3	11	1	3	50	59550	50	59550	0.003	0	0.003	0.003	1191	0	1191	1191	
1.5	1.75	3	12	3	3	51	162282	51	162282	0.003	0	0.003	0.003	3182	0	3182	3182	
1.5	1.75	3	13	5	3	49	21413	49	21413	0.003	0	0.003	0.003	437	0	437	437	
1.5	1.75	3	14	4	3	50	99000	50	99000	0.003	0	0.003	0.003	1980	0	1980	1980	
1.5	1.75	3	15	2	3	50	99000	50	99000	0.003	0	0.003	0.003	1980	0	1980	1980	
1.5	1.75	1	16	5	3	46	28566	46	28566	0.003	0	0.003	0.003	621	0	621	621	
1.5	1.75	1	17	4	3	52	43628	52	43628	0.003	0	0.003	0.003	839	0	839	839	
1.5	1.75	1	18	3	3	46	28566	46	28566	0.003	0	0.003	0.003	621	0	621	621	
1.5	1.75	1	19	2	3	52	43628	51	42789	0.003	0	0.003	0.003	839	0	839	839	
1.5	1.75	1	20	1	3	54	64314	55	65505	0.003	0	0.003	0.003	1191	0	1191	1191	
1.75	2	4	1	5	3	52	37742	52	37524	0.003	0	0.003	0.003	721.615	109.737	621	839	
1.75	2	4	2	3	3	51	121635	51	121635	0.003	0	0.003	0.003	2385	0	2385	2385	
1.75	2	4	3	1	3	51	47685	51	47685	0.003	0	0.003	0.003	935	0	935	935	
1.75	2	4	4	4	3	53	232935	53	232935	0.003	0	0.003	0.003	4395	0	4395	4395	
1.75	2	4	5	2	3	43	26703	43	26703	0.003	0	0.003	0.003	621	0	621	621	
1.75	2	2	6	1	3	52	48620	52	48620	0.003	0	0.003	0.003	935	0	935	935	
1.75	2	2	7	4	3	52	95472	52	95472	0.003	0	0.003	0.003	1836	0	1836	1836	
1.75	2	2	8	5	3	44	27324	44	27324	0.003	0	0.003	0.003	621	0	621	621	
1.75	2	2	9	2	3	50	41950	49	41111	0.003	0	0.003	0.003	839	0	839	839	
1.75	2	2	10	3	3	52	61932	53	63123	0.003	0	0.003	0.003	1191	0	1191	1191	
1.75	2	3	11	1	3	49	58359	50	59550	0.003	0	0.003	0.003	1191	0	1191	1191	
1.75	2	3	12	3	3	52	165464	52	165464	0.003	0	0.003	0.003	3182	0	3182	3182	
1.75	2	3	13	5	3	49	21413	48	20976	0.003	0	0.003	0.003	437	0	437	437	
1.75	2	3	14	4	3	50	99000	50	99000	0.003	0	0.003	0.003	1980	0	1980	1980	
1.75	2	3	15	2	3	50	99000	50	99000	0.003	0	0.003	0.003	1980	0	1980	1980	
1.75	2	1	16	5	3	46	28566	46	28566	0.003	0	0.003	0.003	621	0	621	621	
1.75	2	1	17	4	3	51	42789	52	43628	0.003	0	0.003	0.003	839	0	839	839	
1.75	2	1	18	3	3	46	28566	46	28566	0.003	0	0.003	0.003	621	0	621	621	
1.75	2	1	19	2	3	52	43628	52	43628	0.003	0	0.003	0.003	839	0	839	839	
1.75	2	1	20	1	3	55	65505	54	64314	0.003	0	0.003	0.003	1191	0	1191	1191	
2	2.25	4	1	5	3	39	25527	40	26366	0.003	0	0.003	0.003	659.15	83.8881	621	839	
2	2.25	4	2	3	3	54	128788	54	128788	0.003	0	0.003	0.003	2384.96	0.272166	2383	2385	
2	2.25	4	3	1	3	55	51425	54	50490	0.003	0	0.003	0.003	935	0	935	935	
2	2.25	4	4	4	3	56	246118	56	246118	0.003	0	0.003	0.003	4394.96	0.267261	4393	4395	
2	2.25	4	5	2	3	46	28566	46	28566	0.003	0	0.003	0.003	621	0	621	621	
2	2.25	2	6	1	3	52	48620	52	48620	0.003	0	0.003	0.003	935	0	935	935	
2	2.25	2	7	4	3	52	95472	52	95472	0.003	0	0.003	0.003	1836	0	1836	1836	
2	2.25	2	8	5	3	44	27324	44	27324	0.003	0	0.003	0.003	621	0	621	621	
2	2.25	2	9	2	3	50	41950	50	41950	0.003	0	0.003	0.003	839	0	839	839	
2	2.25	2	10	3	3	52	61932	52	61932	0.003	0	0.003	0.003	1191	0	1191	1191	
2	2.25	3	11	1	3	50	59550	50	59550	0.003	0	0.003	0.003	1191	0	1191	1191	
2	2.25	3	12	3	3	52	165464	51	162282	0.003	0	0.003	0.003	3182	0	3182	3182	
2	2.25	3	13	5	3	48	20976	49	21413	0.003	0	0.003	0.003	437	0	437	437	
2	2.25	3	14	4	3	50	99000	50	99000	0.003	0	0.003	0.003	1980	0	1980	1980	
2	2.25	3	15	2	3	50	99000	50	99000	0.003	0	0.003	0.003	1980	0	1980	1980	
2	2.25	1	16	5	3	46	28566	46	28566	0.003	0	0.003	0.003	621	0	621	621	
2	2.25	1	17	4	3	52	43626	52	43626	0.003	0	0.003	0.003	838.962	0.27735	837	839	
2	2.25	1	18	3	3	46	28566	46	28566	0.003	0	0.003	0.003	621	0	621	621	
2	2.25	1	19	2	3	52	43628	52	43628	0.003	0	0.003	0.003	839	0	839	839	
2	2.25	1	20	1	3	54	64314	54	64314	0.003	0	0.003	0.003	1191	0	1191	1191	
2.25	2.5	4	1	5	3	45	27945	45	27945	0.003	0	0.003	0.003	621	0	621	621	
2.25	2.5	4	2	3	3	53	126403	53	126403	0.003	0	0.003	0.003	2384.96	0.274721	2383	2385	
2.25	2.5	4	3	1	3	52	48620	53	49555	0.003	0	0.003	0.003	935	0	935	935	
2.25	2.5	4	4	4	3	55	241725	54	237330	0.003	0	0.003	0.003	4395	0	4395	4395	
2.25	2.5	4	5	2	3	45	27945	45	27945	0.003	0	0.003	0.003	621	0	621	621	
2.25	2.5	2	6	1	3	52	48620	52	48620	0.003	0	0.003	0.003	935	0	935	935	
2.25	2.5	2	7	4	3	53	97308	52	95472	0.003	0	0.003	0.003	1836	0	1836	1836	
2.25	2.5	2	8	5	3	44	27324	44	27324	0.003	0	0.003	0.003	621	0	621	621	
2.25	2.5	2	9	2	3	49	41111	50	41950	0.003	0	0.003	0.003	839	0	839	839	
2.25	2.5	2	10	3	3	52	61932	52	61932	0.003	0	0.003	0.003	1191	0	1191	1191	
2.25	2.5	3	11	1	3	50	59550	50	59550	0.003	0	0.003	0.003	1191	0	1191	1191	
2.25	2.5	3	12	3	3	51	162282	52	165464	0.003	0	0.003	0.003	3182	0	3182	3182	
2.25	2.5	3	13	5	3	49	21413	48	20976	0.003	0	0.003	0.003	437	0	437	437	
2.25	2.5	3	14	4	3	50	99000	50	99000	0.003	0	0.003	0.003	1980	0	1980	1980	
2.25	2.5	3	15	2	3	50	99000	50	99000	0.003	0	0.003	0.003	1980	0	1980	1980	
2.25	2.5	1	16	5	3	46	28566	46	28566	0.003	0	0.003	0.003	621	0	621	621	
2.25	2.5	1	17	4	3	52	43628	52	43628	0.003	0	0.003	0.003	839	0	839	839	
2.25	2.5	1	18	3	3	46	28566	45	27945	0.003	0	0.003	0.003	621	0	621	621	
2.25	2.5	1	19	2	3	52	43626	52	43626	0.003	0	0.003	0.003	838.962	0.27735	837	839	
2.25	2.5	1	20	1	3	54	64314	55	65505	0.003	0	0.003	0.003	1191	0	1191	1191	
2.5	2.75	4	1	5	3	45	27943	44	27322	0.003	0	0.003	0.003	620.955	0.301511	619	621	
2.5	2.75	4	2	3	3	53	126403	53	126403	0.003	0	0.003	0.003	2384.96	0.274721	2383	2385	
2.5	2.75	4	3	1	3	53	49553	53	49553	0.003	0	0.003	0.003	934.962	0.274721	933	935	
2.5	2.75	4	4	4	3	54	237330	55	241725	0.003	0	0.003	0.003	4395	0	4395	4395	
2.5	2.75	4	5	2	3	45	27945	45	27945	0.003	0	0.003	0.003	621	0	621	621	
2.5	2.75	2	6	1	3	52	48620	52	48620	0.003	0	0.003	0.003	935	0	935	935	
2.5	2.75	2	7	4	3	52	95472	52	95472	0.003	0	0.003	0.003	1836	0	1836	1836	
2.5	2.75	2	8	5	3	44	27324	44	27324	0.003	0	0.003	0.003	621	0	621	621	
2.5	2.75	2	9	2	3	50	41948	50	41948	0.003	0	0.003	0.003	838.96	0.282843	837	839	
2.5	2.75	2	10	3	3	52	61932	52	61932	0.003	0	0.003	0.003	1191	0	1191	1191	
2.5	2.75	3	11	1	3	50	59550	50	59550	0.003	0	0.003	0.003	1191	0	1191	1191	
2.5	2.75	3	12	3	3	51	162282	51	162282	0.003	0	0.003	0.003	3182	0	3182	3182	
2.5	2.75	3	13	5	3	49	21413	49	21413	0.003	0	0.003	0.003	437	0	437	437	
2.5	2.75	3	14	4	3	50	99000	50	99000	0.003	0	0.003	0.003	1980	0	1980	1980	
2.5	2.75	3	15	2	3	50	99000	50	99000	0.003	0	0.003	0.003	1980	0	1980	1980	
2.5	2.75	1	16	5	3	46	28566	46	28566	0.003	0	0.003	0.003	621	0	621	621	
2.5	2.75	1	17	4	3	52	43628	52	43628	0.003	0	0.003	0.003	839	0	839	839	
2.5	2.75	1	18	3	3	46	28566	46	28566	0.003	0	0.003	0.003	621	0	621	621	
2.5	2.75	1	19	2	3	52	43628	52	43628	0.003	0	0.003	0.003	839	0	839	839	
2.5	2.75	1	20	1	3	54	64314	54	64314	0.003	0	0.003	0.003	1191	0	1191	1191	
2.75	3	4	1	5	3	45	27943	45	27944	0.003	0	0.003	0.003	620.978	0.149071	620	621	
2.75	3	4	2	3	3	52	124018	53	126403	0.003	0	0.003	0.003	2384.96	0.274721	2383	2385	
2.75	3	4	3	1	3	53	49555	53	49555	0.003	0	0.003	0.003	935	0	935	935	
2.75	3	4	4	4	3	55	241725	54	237330	0.003	0	0.003	0.003	4395	0	4395	4395	
2.75	3	4	5	2	3	45	27945	45	27945	0.003	0	0.003	0.003	621	0	621	621	
2.75	3	2	6	1	3	52	48618	52	48618	0.003	0	0.003	0.003	934.962	0.27735	933	935	
2.75	3	2	7	4	3	52	95472	52	95472	0.003	0	0.003	0.003	1836	0	1836	1836	
2.75	3	2	8	5	3	44	27324	44	27324	0.003	0	0.003	0.003	621	0	621	621	
2.75	3	2	9	2	3	50	41950	50	41950	0.003	0	0.003	0.003	839	0	839	839	
2.75	3	2	10	3	3	52	61932	52	61932	0.003	0	0.003	0.003	1191	0	1191	1191	
2.75	3	3	11	1	3	50	59550	50	59550	0.003	0	0.003	0.003	1191	0	1191	1191	
2.75	3	3	12	3	3	52	165462	52	165462	0.003	0	0.003	0.003	3181.96	0.27735	3180	3182	
2.75	3	3	13	5	3	48	20974	49	21411	0.003	0	0.003	0.003	436.959	0.285714	435	437	
2.75	3	3	14	4	3	50	98998	49	97018	0.003	0	0.003	0.003	1979.96	0.285714	1978	1980	
2.75	3	3	15	2	3	50	99000	50	99000	0.003	0	0.003	0.003	1980	0	1980	1980	
2.75	3	1	16	5	3	46	28566	46	28566	0.003	0	0.003	0.003	621	0	621	621	
2.75	3	1	17	4	3	52	43628	52	43628	0.003	0	0.003	0.003	839	0	839	839	
2.75	3	1	18	3	3	46	28566	46	28566	0.003	0	0.003	0.003	621	0	621	621	
2.75	3	1	19	2	3	51	42789	52	43628	0.003	0	0.003	0.003	839	0	839	839	
2.75	3	1	20	1	3	55	65505	54	64314	0.003	0	0.003	0.003	1191	0	1191	1191	
3	3.25	4	1	5	3	44	27323	45	27943	0.003	0	0.003	0.003	620.956	0.208409	620	621	
3	3.25	4	2	3	3	53	126405	53	126405	0.003	0	0.003	0.003	2385	0	2385	2385	
3	3.25	4	3	1	3	53	49555	52	48620	0.003	0	0.003	0.003	935	0	935	935	
3	3.25	4	4	4	3	55	241725	55	241725	0.003	0	0.003	0.003	4395	0	4395	4395	
3	3.25	4	5	2	3	45	27945	45	27945	0.003	0	0.003	0.003	621	0	621	621	
3	3.25	2	6	1	3	52	48620	53	49555	0.003	0	0.003	0.003	935	0	935	935	
3	3.25	2	7	4	3	52	95472	52	95472	0.003	0	0.003	0.003	1836	0	1836	1836	
3	3.25	2	8	5	3	44	27324	44	27324	0.003	0	0.003	0.003	621	0	621	621	
3	3.25	2	9	2	3	50	41950	49	41111	0.003	0	0.003	0.003	839	0	839	839	
3	3.25	2	10	3	3	52	61932	52	61932	0.003	0	0.003	0.003	1191	0	1191	1191	
3	3.25	3	11	1	3	50	59550	50	59550	0.003	0	0.003	0.003	1191	0	1191	1191	
3	3.25	3	12	3	3	51	162282	51	162282	0.003	0	0.003	0.003	3182	0	3182	3182	
3	3.25	3	13	5	3	49	21413	49	21413	0.003	0	0.003	0.003	437	0	437	437	
3	3.25	3	14	4	3	50	99000	50	99000	0.003	0	0.003	0.003	1980	0	1980	1980	
3	3.25	3	15	2	3	50	99000	50	99000	0.003	0	0.003	0.003	1980	0	1980	1980	
3	3.25	1	16	5	3	46	28566	46	28566	0.003	0	0.003	0.003	621	0	621	621	
3	3.25	1	17	4	3	52	43628	51	42789	0.003	0	0.003	0.003	839	0	839	839	
3	3.25	1	18	3	3	46	28566	46	28566	0.003	0	0.003	0.003	621	0	621	621	
3	3.25	1	19	2	3	52	43628	52	43628	0.003	0	0.003	0.003	839	0	839	839	
3	3.25	1	20	1	3	54	64314	55	65505	0.003	0	0.003	0.003	1191	0	1191	1191	
3.25	3.5	4	1	5	3	45	27943	45	27943	0.003	0	0.003	0.003	620.956	0.208409	620	621	
3.25	3.5	4	2	3	3	53	126403	53	126403	0.003	0	0.003	0.003	2384.96	0.274721	2383	2385	
3.25	3.5	4	3	1	3	53	49555	53	49555	0.003	0	0.003	0.003	935	0	935	935	
3.25	3.5	4	4	4	3	54	237330	55	241725	0.003	0	0.003	0.003	4395	0	4395	4395	
3.25	3.5	4	5	2	3	45	27945	44	27324	0.003	0	0.003	0.003	621	0	621	621	
3.25	3.5	2	6	1	3	52	48620	52	48620	0.003	0	0.003	0.003	935	0	935	935	
3.25	3.5	2	7	4	3	52	95472	52	95472	0.003	0	0.003	0.003	1836	0	1836	1836	
3.25	3.5	2	8	5	3	44	27324	44	27324	0.003	0	0.003	0.003	621	0	621	621	
3.25	3.5	2	9	2	3	49	41111	50	41950	0.003	0	0.003	0.003	839	0	839	839	
3.25	3.5	2	10	3	3	53	63123	52	61932	0.003	0	0.003	0.003	1191	0	1191	1191	
3.25	3.5	3	11	1	3	50	59550	50	59550	0.003	0	0.003	0.003	1191	0	1191	1191	
3.25	3.5	3	12	3	3	52	165464	52	165464	0.003	0	0.003	0.003	3182	0	3182	3182	
3.25	3.5	3	13	5	3	49	21413	48	20976	0.003	0	0.003	0.003	437	0	437	437	
3.25	3.5	3	14	4	3	50	99000	50	99000	0.003	0	0.003	0.003	1980	0	1980	1980	
3.25	3.5	3	15	2	3	49	97020	50	99000	0.003	0	0.003	0.003	1980	0	1980	1980	
3.25	3.5	1	16	5	3	46	28566	46	28566	0.003	0	0.003	0.003	621	0	621	621	
3.25	3.5	1	17	4	3	52	43628	52	43628	0.003	0	0.003	0.003	839	0	839	839	
3.25	3.5	1	18	3	3	45	27945	46	28566	0.003	0	0.003	0.003	621	0	621	621	
3.25	3.5	1	19	2	3	52	43628	52	43628	0.003	0	0.003	0.003	839	0	839	839	
3.25	3.5	1	20	1	3	55	65505	54	64314	0.003	0	0.003	0.003	1191	0	1191	1191	
3.5	3.75	4	1	5	3	54	42472	53	41633	0.003	0	0.003	0.003	785.528	94.6931	621	839	
3.5	3.75	4	2	3	3	51	121633	50	119248	0.003	0	0.003	0.003	2384.96	0.282843	2383	2385	
3.5	3.75	4	3	1	3	50	46750	51	47685	0.003	0	0.003	0.003	935	0	935	935	
3.5	3.75	4	4	4	3	52	228540	52	228540	0.003	0	0.003	0.003	4395	0	4395	4395	
3.5	3.75	4	5	2	3	43	26703	44	27324	0.003	0	0.003	0.003	621	0	621	621	
3.5	3.75	2	6	1	3	52	48620	52	48620	0.003	0	0.003	0.003	935	0	935	935	
3.5	3.75	2	7	4	3	52	95472	52	95472	0.003	0	0.003	0.003	1836	0	1836	1836	
3.5	3.75	2	8	5	3	44	27324	44	27324	0.003	0	0.003	0.003	621	0	621	621	
3.5	3.75	2	9	2	3	50	41950	50	41950	0.003	0	0.003	0.003	839	0	839	839	
3.5	3.75	2	10	3	3	52	61932	52	61932	0.003	0	0.003	0.003	1191	0	1191	1191	
3.5	3.75	3	11	1	3	50	59550	50	59550	0.003	0	0.003	0.003	1191	0	1191	1191	
3.5	3.75	3	12	3	3	51	162282	51	162282	0.003	0	0.003	0.003	3182	0	3182	3182	
3.5	3.75	3	13	5	3	49	21413	49	21413	0.003	0	0.003	0.003	437	0	437	437	
3.5	3.75	3	14	4	3	50	99000	50	99000	0.003	0	0.003	0.003	1980	0	1980	1980	
3.5	3.75	3	15	2	3	50	98998	50	98998	0.003	0	0.003	0.003	1979.96	0.282843	1978	1980	
3.5	3.75	1	16	5	3	46	28566	46	28566	0.003	0	0.003	0.003	621	0	621	621	
3.5	3.75	1	17	4	3	52	43628	52	43628	0.003	0	0.003	0.003	839	0	839	839	
3.5	3.75	1	18	3	3	46	28566	46	28566	0.003	0	0.003	0.003	621	0	621	621	
3.5	3.75	1	19	2	3	52	43628	52	43628	0.003	0	0.003	0.003	839	0	839	839	
3.5	3.75	1	20	1	3	54	64314	54	64314	0.003	0	0.003	0.003	1191	0	1191	1191	
3.75	4	4	1	5	3	49	41111	50	41950	0.003	0	0.003	0.003	839	0	839	839	
3.75	4	4	2	3	3	51	121633	52	124018	0.003	0	0.003	0.003	2384.96	0.27735	2383	2385	
3.75	4	4	3	1	3	52	48620	51	47685	0.003	0	0.003	0.003	935	0	935	935	
3.75	4	4	4	4	3	54	237328	53	232933	0.003	0	0.003	0.003	4394.96	0.274721	4393	4395	
3.75	4	4	5	2	3	44	27324	44	27324	0.003	0	0.003	0.003	621	0	621	621	
3.75	4	2	6	1	3	52	48620	52	48620	0.003	0	0.003	0.003	935	0	935	935	
3.75	4	2	7	4	3	52	95472	53	97308	0.003	0	0.003	0.003	1836	0	1836	1836	
3.75	4	2	8	5	3	44	27324	44	27324	0.003	0	0.003	0.003	621	0	621	621	
3.75	4	2	9	2	3	50	41950	49	41111	0.003	0	0.003	0.003	839	0	839	839	
3.75	4	2	10	3	3	52	61932	52	61932	0.003	0	0.003	0.003	1191	0	1191	1191	
3.75	4	3	11	1	3	50	59550	50	59550	0.003	0	0.003	0.003	1191	0	1191	1191	
3.75	4	3	12	3	3	52	165464	51	162282	0.003	0	0.003	0.003	3182	0	3182	3182	
3.75	4	3	13	5	3	48	20976	49	21413	0.003	0	0.003	0.003	437	0	437	437	
3.75	4	3	14	4	3	50	99000	50	99000	0.003	0	0.003	0.003	1980	0	1980	1980	
3.75	4	3	15	2	3	50	99000	50	99000	0.003	0	0.003	0.003	1980	0	1980	1980	
3.75	4	1	16	5	3	46	28566	45	27945	0.003	0	0.003	0.003	621	0	621	621	
3.75	4	1	17	4	3	52	43626	52	43626	0.003	0	0.003	0.003	838.962	0.27735	837	839	
3.75	4	1	18	3	3	46	28566	46	28566	0.003	0	0.003	0.003	621	0	621	621	
3.75	4	1	19	2	3	52	43628	52	43628	0.003	0	0.003	0.003	839	0	839	839	
3.75	4	1	20	1	3	54	64314	55	65505	0.003	0	0.003	0.003	1191	0	1191	1191	
4	4.25	4	1	5	3	50	41950	50	41950	0.003	0	0.003	0.003	839	0	839	839	
4	4.25	4	2	3	3	52	124020	51	121635	0.003	0	0.003	0.003	2385	0	2385	2385	
4	4.25	4	3	1	3	51	47685	52	48620	0.003	0	0.003	0.003	935	0	935	935	
4	4.25	4	4	4	3	53	232935	54	237330	0.003	0	0.003	0.003	4395	0	4395	4395	
4	4.25	4	5	2	3	44	27324	43	26703	0.003	0	0.003	0.003	621	0	621	621	
4	4.25	2	6	1	3	52	48620	52	48620	0.003	0	0.003	0.003	935	0	935	935	
4	4.25	2	7	4	3	52	95472	52	95472	0.003	0	0.003	0.003	1836	0	1836	1836	
4	4.25	2	8	5	3	44	27324	44	27324	0.003	0	0.003	0.003	621	0	621	621	
4	4.25	2	9	2	3	50	41950	50	41950	0.003	0	0.003	0.003	839	0	839	839	
4	4.25	2	10	3	3	52	61932	52	61932	0.003	0	0.003	0.003	1191	0	1191	1191	
4	4.25	3	11	1	3	50	59550	50	59550	0.003	0	0.003	0.003	1191	0	1191	1191	
4	4.25	3	12	3	3	51	162282	52	165464	0.003	0	0.003	0.003	3182	0	3182	3182	
4	4.25	3	13	5	3	49	21413	48	20976	0.003	0	0.003	0.003	437	0	437	437	
4	4.25	3	14	4	3	50	99000	50	99000	0.003	0	0.003	0.003	1980	0	1980	1980	
4	4.25	3	15	2	3	50	99000	50	99000	0.003	0	0.003	0.003	1980	0	1980	1980	
4	4.25	1	16	5	3	46	28566	46	28566	0.003	0	0.003	0.003	621	0	621	621	
4	4.25	1	17	4	3	51	42789	52	43628	0.003	0	0.003	0.003	839	0	839	839	
4	4.25	1	18	3	3	46	28566	46	28566	0.003	0	0.003	0.003	621	0	621	621	
4	4.25	1	19	2	3	52	43626	52	43626	0.003	0	0.003	0.003	838.962	0.27735	837	839	
4	4.25	1	20	1	3	55	65505	54	64314	0.003	0	0.003	0.003	1191	0	1191	1191	
4.25	4.5	4	1	5	3	50	41950	49	41111	0.003	0	0.003	0.003	839	0	839	839	
4.25	4.5	4	2	3	3	51	121633	52	124018	0.003	0	0.003	0.003	2384.96	0.27735	2383	2385	
4.25	4.5	4	3	1	3	52	48618	52	48618	0.003	0	0.003	0.003	934.962	0.27735	933	935	
4.25	4.5	4	4	4	3	53	232935	53	232935	0.003	0	0.003	0.003	4395	0	4395	4395	
4.25	4.5	4	5	2	3	44	27324	44	27324	0.003	0	0.003	0.003	621	0	621	621	
4.25	4.5	2	6	1	3	52	48618	52	48618	0.003	0	0.003	0.003	934.962	0.27735	933	935	
4.25	4.5	2	7	4	3	52	95472	52	95472	0.003	0	0.003	0.003	1836	0	1836	1836	
4.25	4.5	2	8	5	3	45	27945	44	27324	0.003	0	0.003	0.003	621	0	621	621	
4.25	4.5	2	9	2	3	49	41109	50	41948	0.003	0	0.003	0.003	838.96	0.282843	837	839	
4.25	4.5	2	10	3	3	52	61932	52	61932	0.003	0	0.003	0.003	1191	0	1191	1191	
4.25	4.5	3	11	1	3	50	59550	50	59550	0.003	0	0.003	0.003	1191	0	1191	1191	
4.25	4.5	3	12	3	3	52	165464	51	162282	0.003	0	0.003	0.003	3182	0	3182	3182	
4.25	4.5	3	13	5	3	48	20976	49	21413	0.003	0	0.003	0.003	437	0	437	437	
4.25	4.5	3	14	4	3	50	99000	50	99000	0.003	0	0.003	0.003	1980	0	1980	1980	
4.25	4.5	3	15	2	3	50	99000	50	99000	0.003	0	0.003	0.003	1980	0	1980	1980	
4.25	4.5	1	16	5	3	46	28566	46	28566	0.003	0	0.003	0.003	621	0	621	621	
4.25	4.5	1	17	4	3	52	43628	52	43628	0.003	0	0.003	0.003	839	0	839	839	
4.25	4.5	1	18	3	3	46	28566	46	28566	0.003	0	0.003	0.003	621	0	621	621	
4.25	4.5	1	19	2	3	52	43628	51	42789	0.003	0	0.003	0.003	839	0	839	839	
4.25	4.5	1	20	1	3	54	64314	55	65505	0.003	0	0.003	0.003	1191	0	1191	1191	
4.5	4.75	4	1	5	3	49	41111	50	41950	0.003	0	0.003	0.003	839	0	839	839	
4.5	4.75	4	2	3	3	52	124018	52	124018	0.003	0	0.003	0.003	2384.96	0.27735	2383	2385	
4.5	4.75	4	3	1	3	52	48620	51	47685	0.003	0	0.003	0.003	935	0	935	935	
4.5	4.75	4	4	4	3	54	237330	53	232935	0.003	0	0.003	0.003	4395	0	4395	4395	
4.5	4.75	4	5	2	3	43	26701	44	27322	0.003	0	0.003	0.003	620.955	0.301511	619	621	
4.5	4.75	2	6	1	3	52	48620	52	48620	0.003	0	0.003	0.003	935	0	935	935	
4.5	4.75	2	7	4	3	52	95472	52	95472	0.003	0	0.003	0.003	1836	0	1836	1836	
4.5	4.75	2	8	5	3	44	27322	44	27322	0.003	0	0.003	0.003	620.955	0.301511	619	621	
4.5	4.75	2	9	2	3	50	41950	50	41950	0.003	0	0.003	0.003	839	0	839	839	
4.5	4.75	2	10	3	3	52	61932	52	61932	0.003	0	0.003	0.003	1191	0	1191	1191	
4.5	4.75	3	11	1	3	50	59550	49	58359	0.003	0	0.003	0.003	1191	0	1191	1191	
4.5	4.75	3	12	3	3	51	162282	52	165464	0.003	0	0.003	0.003	3182	0	3182	3182	
4.5	4.75	3	13	5	3	49	21411	49	21411	0.003	0	0.003	0.003	436.959	0.285714	435	437	
4.5	4.75	3	14	4	3	50	99000	50	99000	0.003	0	0.003	0.003	1980	0	1980	1980	
4.5	4.75	3	15	2	3	50	99000	50	99000	0.003	0	0.003	0.003	1980	0	1980	1980	
4.5	4.75	1	16	5	3	46	28563	46	28563	0.003	0	0.003	0.003	620.935	0.326747	619	621	
4.5	4.75	1	17	4	3	52	43628	52	43628	0.003	0	0.003	0.003	839	0	839	839	
4.5	4.75	1	18	3	3	46	28566	46	28566	0.003	0	0.003	0.003	621	0	621	621	
4.5	4.75	1	19	2	3	52	43628	52	43628	0.003	0	0.003	0.003	839	0	839	839	
4.5	4.75	1	20	1	3	54	64314	54	64314	0.003	0	0.003	0.003	1191	0	1191	1191	
4.75	5	4	1	5	3	50	41950	49	41111	0.003	0	0.003	0.003	839	0	839	839	
4.75	5	4	2	3	3	52	124018	51	121633	0.003	0	0.003	0.003	2384.96	0.280056	2383	2385	
4.75	5	4	3	1	3	51	47685	52	48620	0.003	0	0.003	0.003	935	0	935	935	
4.75	5	4	4	4	3	53	232935	54	237330	0.003	0	0.003	0.003	4395	0	4395	4395	
4.75	5	4	5	2	3	44	27323	44	27323	0.003	0	0.003	0.003	620.977	0.150756	620	621	
4.75	5	2	6	1	3	52	48620	52	48620	0.003	0	0.003	0.003	935	0	935	935	
4.75	5	2	7	4	3	52	95472	52	95472	0.003	0	0.003	0.003	1836	0	1836	1836	
4.75	5	2	8	5	3	44	27323	44	27323	0.003	0	0.003	0.003	620.977	0.150756	620	621	
4.75	5	2	9	2	3	50	41950	50	41950	0.003	0	0.003	0.003	839	0	839	839	
4.75	5	2	10	3	3	52	61932	52	61932	0.003	0	0.003	0.003	1191	0	1191	1191	
4.75	5	3	11	1	3	50	59550	51	60741	0.003	0	0.003	0.003	1191	0	1191	1191	
4.75	5	3	12	3	3	52	165464	51	162282	0.003	0	0.003	0.003	3182	0	3182	3182	
4.75	5	3	13	5	3	49	21413	48	20976	0.003	0	0.003	0.003	437	0	437	437	
4.75	5	3	14	4	3	49	97020	50	99000	0.003	0	0.003	0.003	1980	0	1980	1980	
4.75	5	3	15	2	3	50	99000	50	99000	0.003	0	0.003	0.003	1980	0	1980	1980	
4.75	5	1	16	5	3	46	28564	46	28564	0.003	0	0.003	0.003	620.957	0.206185	620	621	
4.75	5	1	17	4	3	52	43628	52	43628	0.003	0	0.003	0.003	839	0	839	839	
4.75	5	1	18	3	3	46	28566	46	28566	0.003	0	0.003	0.003	621	0	621	621	
4.75	5	1	19	2	3	51	42789	52	43628	0.003	0	0.003	0.003	839	0	839	839	
4.75	5	1	20	1	3	55	65505	54	64314	0.003	0	0.003	0.003	1191	0	1191	1191	
5	5.25	4	1	5	3	49	41111	50	41950	0.003	0	0.003	0.003	839	0	839	839	
5	5.25	4	2	3	3	51	121633	52	124018	0.003	0	0.003	0.003	2384.96	0.27735	2383	2385	
5	5.25	4	3	1	3	52	48620	51	47685	0.003	0	0.003	0.003	935	0	935	935	
5	5.25	4	4	4	3	54	237330	53	232935	0.003	0	0.003	0.003	4395	0	4395	4395	
5	5.25	4	5	2	3	44	27322	44	27322	0.003	0	0.003	0.003	620.955	0.210707	620	621	
5	5.25	2	6	1	3	52	48620	52	48620	0.003	0	0.003	0.003	935	0	935	935	
5	5.25	2	7	4	3	52	95472	52	95472	0.003	0	0.003	0.003	1836	0	1836	1836	
5	5.25	2	8	5	3	44	27322	44	27322	0.003	0	0.003	0.003	620.955	0.210707	620	621	
5	5.25	2	9	2	3	50	41950	49	41111	0.003	0	0.003	0.003	839	0	839	839	
5	5.25	2	10	3	3	52	61932	53	63123	0.003	0	0.003	0.003	1191	0	1191	1191	
5	5.25	3	11	1	3	50	59550	49	58359	0.003	0	0.003	0.003	1191	0	1191	1191	
5	5.25	3	12	3	3	51	162280	52	165462	0.003	0	0.003	0.003	3181.96	0.27735	3180	3182	
5	5.25	3	13	5	3	49	21413	49	21413	0.003	0	0.003	0.003	437	0	437	437	
5	5.25	3	14	4	3	50	98998	50	98998	0.003	0	0.003	0.003	1979.96	0.282843	1978	1980	
5	5.25	3	15	2	3	50	99000	50	99000	0.003	0	0.003	0.003	1980	0	1980	1980	
5	5.25	1	16	5	3	46	28565	46	28565	0.003	0	0.003	0.003	620.978	0.147442	620	621	
5	5.25	1	17	4	3	52	43628	51	42789	0.003	0	0.003	0.003	839	0	839	839	
5	5.25	1	18	3	3	46	28566	46	28566	0.003	0	0.003	0.003	621	0	621	621	
5	5.25	1	19	2	3	52	43628	52	43628	0.003	0	0.003	0.003	839	0	839	839	
5	5.25	1	20	1	3	54	64314	55	65505	0.003	0	0.003	0.003	1191	0	1191	1191	
5.25	5.5	4	1	5	3	50	41948	50	41948	0.003	0	0.003	0.003	838.96	0.282843	837	839	
5.25	5.5	4	2	3	3	52	124020	51	121635	0.003	0	0.003	0.003	2385	0	2385	2385	
5.25	5.5	4	3	1	3	51	47685	52	48620	0.003	0	0.003	0.003	935	0	935	935	
5.25	5.5	4	4	4	3	53	232933	53	232933	0.003	0	0.003	0.003	4394.96	0.274721	4393	4395	
5.25	5.5	4	5	2	3	44	27323	44	27323	0.003	0	0.003	0.003	620.977	0.150756	620	621	
5.25	5.5	2	6	1	3	52	48620	52	48620	0.003	0	0.003	0.003	935	0	935	935	
5.25	5.5	2	7	4	3	52	95472	52	95472	0.003	0	0.003	0.003	1836	0	1836	1836	
5.25	5.5	2	8	5	3	44	27323	44	27323	0.003	0	0.003	0.003	620.977	0.150756	620	621	
5.25	5.5	2	9	2	3	50	41950	50	41950	0.003	0	0.003	0.003	839	0	839	839	
5.25	5.5	2	10	3	3	52	61932	52	61932	0.003	0	0.003	0.003	1191	0	1191	1191	
5.25	5.5	3	11	1	3	50	59550	50	59550	0.003	0	0.003	0.003	1191	0	1191	1191	
5.25	5.5	3	12	3	3	52	165464	51	162282	0.003	0	0.003	0.003	3182	0	3182	3182	
5.25	5.5	3	13	5	3	48	20976	49	21413	0.003	0	0.003	0.003	437	0	437	437	
5.25	5.5	3	14	4	3	50	99000	50	99000	0.003	0	0.003	0.003	1980	0	1980	1980	
5.25	5.5	3	15	2	3	50	99000	50	99000	0.003	0	0.003	0.003	1980	0	1980	1980	
5.25	5.5	1	16	5	3	45	27943	46	28564	0.003	0	0.003	0.003	620.957	0.206185	620	621	
5.25	5.5	1	17	4	3	52	43628	52	43628	0.003	0	0.003	0.003	839	0	839	839	
5.25	5.5	1	18	3	3	46	28563	46	28563	0.003	0	0.003	0.003	620.935	0.326747	619	621	
5.25	5.5	1	19	2	3	52	43628	52	43628	0.003	0	0.003	0.003	839	0	839	839	
5.25	5.5	1	20	1	3	55	65505	54	64314	0.003	0	0.003	0.003	1191	0	1191	1191	
5.5	5.75	4	1	5	3	39	24219	38	23598	0.003	0	0.003	0.003	621	0	621	621	
5.5	5.75	4	2	3	3	54	128788	55	131173	0.003	0	0.003	0.003	2384.96	0.26968	2383	2385	
5.5	5.75	4	3	1	3	55	51425	54	50490	0.003	0	0.003	0.003	935	0	935	935	
5.5	5.75	4	4	4	3	56	246120	57	250515	0.003	0	0.003	0.003	4395	0	4395	4395	
5.5	5.75	4	5	2	3	46	28564	46	28564	0.003	0	0.003	0.003	620.957	0.206185	620	621	
5.5	5.75	2	6	1	3	53	49555	52	48620	0.003	0	0.003	0.003	935	0	935	935	
5.5	5.75	2	7	4	3	52	95472	52	95472	0.003	0	0.003	0.003	1836	0	1836	1836	
5.5	5.75	2	8	5	3	44	27322	44	27322	0.003	0	0.003	0.003	620.955	0.210707	620	621	
5.5	5.75	2	9	2	3	49	41111	50	41950	0.003	0	0.003	0.003	839	0	839	839	
5.5	5.75	2	10	3	3	52	61932	52	61932	0.003	0	0.003	0.003	1191	0	1191	1191	
5.5	5.75	3	11	1	3	50	59550	50	59550	0.003	0	0.003	0.003	1191	0	1191	1191	
5.5	5.75	3	12	3	3	51	162282	52	165464	0.003	0	0.003	0.003	3182	0	3182	3182	
5.5	5.75	3	13	5	3	49	21413	48	20976	0.003	0	0.003	0.003	437	0	437	437	
5.5	5.75	3	14	4	3	50	99000	50	99000	0.003	0	0.003	0.003	1980	0	1980	1980	
5.5	5.75	3	15	2	3	50	99000	50	99000	0.003	0	0.003	0.003	1980	0	1980	1980	
5.5	5.75	1	16	5	3	46	28565	46	28565	0.003	0	0.003	0.003	620.978	0.147442	620	621	
5.5	5.75	1	17	4	3	52	43626	52	43626	0.003	0	0.003	0.003	838.962	0.27735	837	839	
5.5	5.75	1	18	3	3	46	28565	46	28565	0.003	0	0.003	0.003	620.978	0.147442	620	621	
5.5	5.75	1	19	2	3	52	43628	52	43628	0.003	0	0.003	0.003	839	0	839	839	
5.5	5.75	1	20	1	3	54	64314	54	64314	0.003	0	0.003	0.003	1191	0	1191	1191	
5.75	6	4	1	5	3	45	27945	45	27945	0.003	0	0.003	0.003	621	0	621	621	
5.75	6	4	2	3	3	53	126403	53	126403	0.003	0	0.003	0.003	2384.96	0.274721	2383	2385	
5.75	6	4	3	1	3	53	49555	53	49555	0.003	0	0.003	0.003	935	0	935	935	
5.75	6	4	4	4	3	54	237330	54	237330	0.003	0	0.003	0.003	4395	0	4395	4395	
5.75	6	4	5	2	3	45	27943	45	27943	0.003	0	0.003	0.003	620.956	0.208409	620	621	
5.75	6	2	6	1	3	52	48620	52	48620	0.003	0	0.003	0.003	935	0	935	935	
5.75	6	2	7	4	3	52	95472	52	95472	0.003	0	0.003	0.003	1836	0	1836	1836	
5.75	6	2	8	5	3	44	27323	44	27323	0.003	0	0.003	0.003	620.977	0.150756	620	621	
5.75	6	2	9	2	3	50	41950	50	41950	0.003	0	0.003	0.003	839	0	839	839	
5.75	6	2	10	3	3	52	61932	52	61932	0.003	0	0.003	0.003	1191	0	1191	1191	
5.75	6	3	11	1	3	50	59550	50	59550	0.003	0	0.003	0.003	1191	0	1191	1191	
5.75	6	3	12	3	3	51	162282	51	162282	0.003	0	0.003	0.003	3182	0	3182	3182	
5.75	6	3	13	5	3	49	21413	49	21413	0.003	0	0.003	0.003	437	0	437	437	
5.75	6	3	14	4	3	50	99000	50	99000	0.003	0	0.003	0.003	1980	0	1980	1980	
5.75	6	3	15	2	3	50	98998	50	98998	0.003	0	0.003	0.003	1979.96	0.282843	1978	1980	
5.75	6	1	16	5	3	46	28564	46	28564	0.003	0	0.003	0.003	620.957	0.206185	620	621	
5.75	6	1	17	4	3	52	43628	52	43628	0.003	0	0.003	0.003	839	0	839	839	
5.75	6	1	18	3	3	46	28564	45	27943	0.003	0	0.003	0.003	620.956	0.208409	620	621	
5.75	6	1	19	2	3	52	43626	52	43626	0.003	0	0.003	0.003	838.962	0.27735	837	839	
5.75	6	1	20	1	3	54	64314	55	65505	0.003	0	0.003	0.003	1191	0	1191	1191	
6	6.25	4	1	5	3	45	27945	45	27945	0.003	0	0.003	0.003	621	0	621	621	
6	6.25	4	2	3	3	53	126403	52	124018	0.003	0	0.003	0.003	2384.96	0.27735	2383	2385	
6	6.25	4	3	1	3	52	48618	53	49553	0.003	0	0.003	0.003	934.962	0.274721	933	935	
6	6.25	4	4	4	3	55	241725	55	241725	0.003	0	0.003	0.003	4395	0	4395	4395	
6	6.25	4	5	2	3	45	27944	45	27944	0.003	0	0.003	0.003	620.978	0.149071	620	621	
6	6.25	2	6	1	3	52	48618	52	48618	0.003	0	0.003	0.003	934.962	0.27735	933	935	
6	6.25	2	7	4	3	52	95472	52	95472	0.003	0	0.003	0.003	1836	0	1836	1836	
6	6.25	2	8	5	3	44	27322	44	27322	0.003	0	0.003	0.003	620.955	0.210707	620	621	
6	6.25	2	9	2	3	50	41948	50	41948	0.003	0	0.003	0.003	838.96	0.282843	837	839	
6	6.25	2	10	3	3	52	61932	52	61932	0.003	0	0.003	0.003	1191	0	1191	1191	
6	6.25	3	11	1	3	50	59550	50	59550	0.003	0	0.003	0.003	1191	0	1191	1191	
6	6.25	3	12	3	3	52	165464	52	165464	0.003	0	0.003	0.003	3182	0	3182	3182	
6	6.25	3	13	5	3	48	20976	49	21413	0.003	0	0.003	0.003	437	0	437	437	
6	6.25	3	14	4	3	50	99000	50	99000	0.003	0	0.003	0.003	1980	0	1980	1980	
6	6.25	3	15	2	3	50	99000	49	97020	0.003	0	0.003	0.003	1980	0	1980	1980	
6	6.25	1	16	5	3	46	28565	46	28565	0.003	0	0.003	0.003	620.978	0.147442	620	621	
6	6.25	1	17	4	3	51	42789	52	43628	0.003	0	0.003	0.003	839	0	839	839	
6	6.25	1	18	3	3	46	28564	46	28564	0.003	0	0.003	0.003	620.957	0.206185	620	621	
6	6.25	1	19	2	3	52	43628	52	43628	0.003	0	0.003	0.003	839	0	839	839	
6	6.25	1	20	1	3	55	65505	54	64314	0.003	0	0.003	0.003	1191	0	1191	1191	
6.25	6.5	4	1	5	3	44	27324	45	27945	0.003	0	0.003	0.003	621	0	621	621	
6.25	6.5	4	2	3	3	53	126403	53	126403	0.003	0	0.003	0.003	2384.96	0.274721	2383	2385	
6.25	6.5	4	3	1	3	53	49555	53	49555	0.003	0	0.003	0.003	935	0	935	935	
6.25	6.5	4	4	4	3	55	241725	54	237330	0.003	0	0.003	0.003	4395	0	4395	4395	
6.25	6.5	4	5	2	3	45	27943	45	27943	0.003	0	0.003	0.003	620.956	0.208409	620	621	
6.25	6.5	2	6	1	3	52	48620	52	48620	0.003	0	0.003	0.003	935	0	935	935	
6.25	6.5	2	7	4	3	53	97308	52	95472	0.003	0	0.003	0.003	1836	0	1836	1836	
6.25	6.5	2	8	5	3	44	27323	45	27944	0.003	0	0.003	0.003	620.978	0.149071	620	621	
6.25	6.5	2	9	2	3	49	41111	49	41111	0.003	0	0.003	0.003	839	0	839	839	
6.25	6.5	2	10	3	3	52	61932	52	61932	0.003	0	0.003	0.003	1191	0	1191	1191	
6.25	6.5	3	11	1	3	50	59550	50	59550	0.003	0	0.003	0.003	1191	0	1191	1191	
6.25	6.5	3	12	3	3	51	162282	51	162282	0.003	0	0.003	0.003	3182	0	3182	3182	
6.25	6.5	3	13	5	3	49	21411	49	21411	0.003	0	0.003	0.003	436.959	0.285714	435	437	
6.25	6.5	3	14	4	3	50	99000	50	99000	0.003	0	0.003	0.003	1980	0	1980	1980	
6.25	6.5	3	15	2	3	50	99000	50	99000	0.003	0	0.003	0.003	1980	0	1980	1980	
6.25	6.5	1	16	5	3	46	28564	46	28564	0.003	0	0.003	0.003	620.957	0.206185	620	621	
6.25	6.5	1	17	4	3	52	43628	52	43628	0.003	0	0.003	0.003	839	0	839	839	
6.25	6.5	1	18	3	3	46	28565	46	28565	0.003	0	0.003	0.003	620.978	0.147442	620	621	
6.25	6.5	1	19	2	3	52	43628	52	43628	0.003	0	0.003	0.003	839	0	839	839	
6.25	6.5	1	20	1	3	54	64314	54	64314	0.003	0	0.003	0.003	1191	0	1191	1191	
6.5	6.75	4	1	5	3	54	41818	53	40979	0.003	0	0.003	0.003	773.189	101.036	621	839	
6.5	6.75	4	2	3	3	50	119250	51	121635	0.003	0	0.003	0.003	2385	0	2385	2385	
6.5	6.75	4	3	1	3	51	47685	50	46750	0.003	0	0.003	0.003	935	0	935	935	
6.5	6.75	4	4	4	3	52	228540	53	232935	0.003	0	0.003	0.003	4395	0	4395	4395	
6.5	6.75	4	5	2	3	43	26702	43	26702	0.003	0	0.003	0.003	620.977	0.152499	620	621	
6.5	6.75	2	6	1	3	52	48620	53	49555	0.003	0	0.003	0.003	935	0	935	935	
6.5	6.75	2	7	4	3	52	95472	52	95472	0.003	0	0.003	0.003	1836	0	1836	1836	
6.5	6.75	2	8	5	3	44	27322	43	26701	0.003	0	0.003	0.003	620.953	0.213083	620	621	
6.5	6.75	2	9	2	3	50	41950	50	41950	0.003	0	0.003	0.003	839	0	839	839	
6.5	6.75	2	10	3	3	52	61932	52	61932	0.003	0	0.003	0.003	1191	0	1191	1191	
6.5	6.75	3	11	1	3	49	58359	50	59550	0.003	0	0.003	0.003	1191	0	1191	1191	
6.5	6.75	3	12	3	3	52	165464	52	165464	0.003	0	0.003	0.003	3182	0	3182	3182	
6.5	6.75	3	13	5	3	49	21413	48	20976	0.003	0	0.003	0.003	437	0	437	437	
6.5	6.75	3	14	4	3	50	99000	50	99000	0.003	0	0.003	0.003	1980	0	1980	1980	
6.5	6.75	3	15	2	3	50	99000	50	99000	0.003	0	0.003	0.003	1980	0	1980	1980	
6.5	6.75	1	16	5	3	46	28564	46	28564	0.003	0	0.003	0.003	620.957	0.206185	620	621	
6.5	6.75	1	17	4	3	52	43628	52	43628	0.003	0	0.003	0.003	839	0	839	839	
6.5	6.75	1	18	3	3	46	28564	46	28564	0.003	0	0.003	0.003	620.957	0.206185	620	621	
6.5	6.75	1	19	2	3	52	43628	51	42789	0.003	0	0.003	0.003	839	0	839	839	
6.5	6.75	1	20	1	3	54	64314	55	65505	0.003	0	0.003	0.003	1191	0	1191	1191	
6.75	7	4	1	5	3	49	41111	50	41950	0.003	0	0.003	0.003	839	0	839	839	
6.75	7	4	2	3	3	52	124018	51	121633	0.003	0	0.003	0.003	2384.96	0.280056	2383	2385	
6.75	7	4	3	1	3	52	48620	52	48620	0.003	0	0.003	0.003	935	0	935	935	
6.75	7	4	4	4	3	53	232935	53	232935	0.003	0	0.003	0.003	4395	0	4395	4395	
6.75	7	4	5	2	3	44	27322	44	27322	0.003	0	0.003	0.003	620.955	0.210707	620	621	
6.75	7	2	6	1	3	52	48620	52	48620	0.003	0	0.003	0.003	935	0	935	935	
6.75	7	2	7	4	3	52	95472	52	95472	0.003	0	0.003	0.003	1836	0	1836	1836	
6.75	7	2	8	5	3	44	27322	44	27323	0.003	0	0.003	0.003	620.977	0.150756	620	621	
6.75	7	2	9	2	3	50	41950	50	41950	0.003	0	0.003	0.003	839	0	839	839	
6.75	7	2	10	3	3	52	61932	52	61932	0.003	0	0.003	0.003	1191	0	1191	1191	
6.75	7	3	11	1	3	51	60741	50	59550	0.003	0	0.003	0.003	1191	0	1191	1191	
6.75	7	3	12	3	3	51	162282	51	162282	0.003	0	0.003	0.003	3182	0	3182	3182	
6.75	7	3	13	5	3	48	20976	49	21413	0.003	0	0.003	0.003	437	0	437	437	
6.75	7	3	14	4	3	50	99000	50	99000	0.003	0	0.003	0.003	1980	0	1980	1980	
6.75	7	3	15	2	3	50	99000	50	99000	0.003	0	0.003	0.003	1980	0	1980	1980	
6.75	7	1	16	5	3	46	28565	46	28565	0.003	0	0.003	0.003	620.978	0.147442	620	621	
6.75	7	1	17	4	3	52	43628	52	43628	0.003	0	0.003	0.003	839	0	839	839	
6.75	7	1	18	3	3	45	27944	46	28565	0.003	0	0.003	0.003	620.978	0.147442	620	621	
6.75	7	1	19	2	3	52	43628	52	43628	0.003	0	0.003	0.003	839	0	839	839	
6.75	7	1	20	1	3	55	65505	54	64314	0.003	0	0.003	0.003	1191	0	1191	1191	
7	7.25	4	1	5	3	50	41950	50	41950	0.003	0	0.003	0.003	839	0	839	839	
7	7.25	4	2	3	3	51	121633	52	124018	0.003	0	0.003	0.003	2384.96	0.27735	2383	2385	
7	7.25	4	3	1	3	51	47685	52	48620	0.003	0	0.003	0.003	935	0	935	935	
7	7.25	4	4	4	3	54	237328	53	232933	0.003	0	0.003	0.003	4394.96	0.274721	4393	4395	
7	7.25	4	5	2	3	44	27323	43	26702	0.003	0	0.003	0.003	620.977	0.152499	620	621	
7	7.25	2	6	1	3	52	48620	52	48620	0.003	0	0.003	0.003	935	0	935	935	
7	7.25	2	7	4	3	52	95472	53	97308	0.003	0	0.003	0.003	1836	0	1836	1836	
7	7.25	2	8	5	3	44	27323	44	27322	0.003	0	0.003	0.003	620.955	0.210707	620	621	
7	7.25	2	9	2	3	50	41950	49	41111	0.003	0	0.003	0.003	839	0	839	839	
7	7.25	2	10	3	3	52	61932	52	61932	0.003	0	0.003	0.003	1191	0	1191	1191	
7	7.25	3	11	1	3	49	58359	50	59550	0.003	0	0.003	0.003	1191	0	1191	1191	
7	7.25	3	12	3	3	52	165464	51	162282	0.003	0	0.003	0.003	3182	0	3182	3182	
7	7.25	3	13	5	3	49	21413	49	21413	0.003	0	0.003	0.003	437	0	437	437	
7	7.25	3	14	4	3	50	99000	50	99000	0.003	0	0.003	0.003	1980	0	1980	1980	
7	7.25	3	15	2	3	50	99000	50	99000	0.003	0	0.003	0.003	1980	0	1980	1980	
7	7.25	1	16	5	3	46	28564	46	28564	0.003	0	0.003	0.003	620.957	0.206185	620	621	
7	7.25	1	17	4	3	52	43628	52	43628	0.003	0	0.003	0.003	839	0	839	839	
7	7.25	1	18	3	3	46	28564	46	28564	0.003	0	0.003	0.003	620.957	0.206185	620	621	
7	7.25	1	19	2	3	52	43628	52	43628	0.003	0	0.003	0.003	839	0	839	839	
7	7.25	1	20	1	3	54	64314	54	64314	0.003	0	0.003	0.003	1191	0	1191	1191	
7.25	7.5	4	1	5	3	50	41950	49	41111	0.003	0	0.003	0.003	839	0	839	839	
7.25	7.5	4	2	3	3	52	124018	52	124018	0.003	0	0.003	0.003	2384.96	0.27735	2383	2385	
7.25	7.5	4	3	1	3	52	48620	51	47685	0.003	0	0.003	0.003	935	0	935	935	
7.25	7.5	4	4	4	3	53	232935	54	237330	0.003	0	0.003	0.003	4395	0	4395	4395	
7.25	7.5	4	5	2	3	43	26701	44	27322	0.003	0	0.003	0.003	620.955	0.210707	620	621	
7.25	7.5	2	6	1	3	52	48620	52	48620	0.003	0	0.003	0.003	935	0	935	935	
7.25	7.5	2	7	4	3	52	95472	52	95472	0.003	0	0.003	0.003	1836	0	1836	1836	
7.25	7.5	2	8	5	3	44	27322	44	27322	0.003	0	0.003	0.003	620.955	0.210707	620	621	
7.25	7.5	2	9	2	3	50	41950	50	41950	0.003	0	0.003	0.003	839	0	839	839	
7.25	7.5	2	10	3	3	52	61932	52	61932	0.003	0	0.003	0.003	1191	0	1191	1191	
7.25	7.5	3	11	1	3	50	59550	50	59550	0.003	0	0.003	0.003	1191	0	1191	1191	
7.25	7.5	3	12	3	3	51	162282	52	165464	0.003	0	0.003	0.003	3182	0	3182	3182	
7.25	7.5	3	13	5	3	49	21413	48	20976	0.003	0	0.003	0.003	437	0	437	437	
7.25	7.5	3	14	4	3	50	99000	50	99000	0.003	0	0.003	0.003	1980	0	1980	1980	
7.25	7.5	3	15	2	3	50	99000	50	99000	0.003	0	0.003	0.003	1980	0	1980	1980	
7.25	7.5	1	16	5	3	46	28565	45	27944	0.003	0	0.003	0.003	620.978	0.149071	620	621	
7.25	7.5	1	17	4	3	52	43626	52	43626	0.003	0	0.003	0.003	838.962	0.27735	837	839	
7.25	7.5	1	18	3	3	46	28564	46	28564	0.003	0	0.003	0.003	620.957	0.206185	620	621	
7.25	7.5	1	19	2	3	52	43628	52	43628	0.003	0	0.003	0.003	839	0	839	839	
7.25	7.5	1	20	1	3	54	64314	55	65505	0.003	0	0.003	0.003	1191	0	1191	1191	
7.5	7.75	4	1	5	3	39	26399	40	27238	0.003	0	0.003	0.003	680.95	98.5802	621	839	
7.5	7.75	4	2	3	3	54	128788	54	128788	0.003	0	0.003	0.003	2384.96	0.272166	2383	2385	
7.5	7.75	4	3	1	3	54	50490	54	50490	0.003	0	0.003	0.003	935	0	935	935	
7.5	7.75	4	4	4	3	56	246120	56	246120	0.003	0	0.003	0.003	4395	0	4395	4395	
7.5	7.75	4	5	2	3	47	29186	46	28565	0.003	0	0.003	0.003	620.978	0.147442	620	621	
7.5	7.75	2	6	1	3	52	48620	52	48620	0.003	0	0.003	0.003	935	0	935	935	
7.5	7.75	2	7	4	3	52	95472	52	95472	0.003	0	0.003	0.003	1836	0	1836	1836	
7.5	7.75	2	8	5	3	44	27323	44	27323	0.003	0	0.003	0.003	620.977	0.150756	620	621	
7.5	7.75	2	9	2	3	49	41111	50	41950	0.003	0	0.003	0.003	839	0	839	839	
7.5	7.75	2	10	3	3	53	63123	52	61932	0.003	0	0.003	0.003	1191	0	1191	1191	
7.5	7.75	3	11	1	3	50	59550	50	59550	0.003	0	0.003	0.003	1191	0	1191	1191	
7.5	7.75	3	12	3	3	52	165462	51	162280	0.003	0	0.003	0.003	3181.96	0.280056	3180	3182	
7.5	7.75	3	13	5	3	48	20976	49	21413	0.003	0	0.003	0.003	437	0	437	437	
7.5	7.75	3	14	4	3	50	98998	50	98998	0.003	0	0.003	0.003	1979.96	0.282843	1978	1980	
7.5	7.75	3	15	2	3	50	99000	50	99000	0.003	0	0.003	0.003	1980	0	1980	1980	
7.5	7.75	1	16	5	3	46	28564	46	28564	0.003	0	0.003	0.003	620.957	0.206185	620	621	
7.5	7.75	1	17	4	3	52	43628	52	43628	0.003	0	0.003	0.003	839	0	839	839	
7.5	7.75	1	18	3	3	46	28565	46	28565	0.003	0	0.003	0.003	620.978	0.147442	620	621	
7.5	7.75	1	19	2	3	51	42787	52	43626	0.003	0	0.003	0.003	838.962	0.27735	837	839	
7.5	7.75	1	20	1	3	55	65505	54	64314	0.003	0	0.003	0.003	1191	0	1191	1191	
7.75	8	4	1	5	3	45	27945	45	27945	0.003	0	0.003	0.003	621	0	621	621	
7.75	8	4	2	3	3	53	126405	53	126405	0.003	0	0.003	0.003	2385	0	2385	2385	
7.75	8	4	3	1	3	53	49553	53	49553	0.003	0	0.003	0.003	934.962	0.274721	933	935	
7.75	8	4	4	4	3	54	237330	54	237330	0.003	0	0.003	0.003	4395	0	4395	4395	
7.75	8	4	5	2	3	45	27943	45	27943	0.003	0	0.003	0.003	620.956	0.208409	620	621	
7.75	8	2	6	1	3	52	48618	52	48618	0.003	0	0.003	0.003	934.962	0.27735	933	935	
7.75	8	2	7	4	3	52	95472	52	95472	0.003	0	0.003	0.003	1836	0	1836	1836	
7.75	8	2	8	5	3	44	27322	44	27322	0.003	0	0.003	0.003	620.955	0.210707	620	621	
7.75	8	2	9	2	3	50	41948	50	41948	0.003	0	0.003	0.003	838.96	0.282843	837	839	
7.75	8	2	10	3	3	52	61932	52	61932	0.003	0	0.003	0.003	1191	0	1191	1191	
7.75	8	3	11	1	3	50	59550	50	59550	0.003	0	0.003	0.003	1191	0	1191	1191	
7.75	8	3	12	3	3	51	162282	52	165464	0.003	0	0.003	0.003	3182	0	3182	3182	
7.75	8	3	13	5	3	49	21413	49	21413	0.003	0	0.003	0.003	437	0	437	437	
7.75	8	3	14	4	3	50	99000	49	97020	0.003	0	0.003	0.003	1980	0	1980	1980	
7.75	8	3	15	2	3	50	99000	50	99000	0.003	0	0.003	0.003	1980	0	1980	1980	
7.75	8	1	16	5	3	46	28564	46	28564	0.003	0	0.003	0.003	620.957	0.206185	620	621	
7.75	8	1	17	4	3	52	43628	51	42789	0.003	0	0.003	0.003	839	0	839	839	
7.75	8	1	18	3	3	46	28564	46	28564	0.003	0	0.003	0.003	620.957	0.206185	620	621	
7.75	8	1	19	2	3	52	43628	52	43628	0.003	0	0.003	0.003	839	0	839	839	
7.75	8	1	20	1	3	54	64314	55	65505	0.003	0	0.003	0.003	1191	0	1191	1191	
8	8.25	4	1	5	3	45	27945	45	27945	0.003	0	0.003	0.003	621	0	621	621	
8	8.25	4	2	3	3	53	126403	52	124018	0.003	0	0.003	0.003	2384.96	0.27735	2383	2385	
8	8.25	4	3	1	3	53	49555	53	49555	0.003	0	0.003	0.003	935	0	935	935	
8	8.25	4	4	4	3	55	241725	55	241725	0.003	0	0.003	0.003	4395	0	4395	4395	
8	8.25	4	5	2	3	44	27323	45	27944	0.003	0	0.003	0.003	620.978	0.149071	620	621	
8	8.25	2	6	1	3	52	48620	52	48620	0.003	0	0.003	0.003	935	0	935	935	
8	8.25	2	7	4	3	52	95472	52	95472	0.003	0	0.003	0.003	1836	0	1836	1836	
8	8.25	2	8	5	3	44	27323	45	27944	0.003	0	0.003	0.003	620.978	0.149071	620	621	
8	8.25	2	9	2	3	50	41950	49	41111	0.003	0	0.003	0.003	839	0	839	839	
8	8.25	2	10	3	3	52	61932	52	61932	0.003	0	0.003	0.003	1191	0	1191	1191	
8	8.25	3	11	1	3	50	59550	50	59550	0.003	0	0.003	0.003	1191	0	1191	1191	
8	8.25	3	12	3	3	52	165464	51	162282	0.003	0	0.003	0.003	3182	0	3182	3182	
8	8.25	3	13	5	3	49	21411	49	21411	0.003	0	0.003	0.003	436.959	0.285714	435	437	
8	8.25	3	14	4	3	50	99000	50	99000	0.003	0	0.003	0.003	1980	0	1980	1980	
8	8.25	3	15	2	3	49	97020	50	99000	0.003	0	0.003	0.003	1980	0	1980	1980	
8	8.25	1	16	5	3	46	28565	46	28565	0.003	0	0.003	0.003	620.978	0.147442	620	621	
8	8.25	1	17	4	3	52	43628	52	43628	0.003	0	0.003	0.003	839	0	839	839	
8	8.25	1	18	3	3	46	28565	46	28565	0.003	0	0.003	0.003	620.978	0.147442	620	621	
8	8.25	1	19	2	3	52	43628	52	43628	0.003	0	0.003	0.003	839	0	839	839	
8	8.25	1	20	1	3	54	64314	54	64314	0.003	0	0.003	0.003	1191	0	1191	1191	
8.25	8.5	4	1	5	3	45	27945	45	27945	0.003	0	0.003	0.003	621	0	621	621	
8.25	8.5	4	2	3	3	53	126403	53	126403	0.003	0	0.003	0.003	2384.96	0.274721	2383	2385	
8.25	8.5	4	3	1	3	52	48620	53	49555	0.003	0	0.003	0.003	935	0	935	935	
8.25	8.5	4	4	4	3	55	241725	54	237330	0.003	0	0.003	0.003	4395	0	4395	4395	
8.25	8.5	4	5	2	3	45	27943	45	27943	0.003	0	0.003	0.003	620.956	0.208409	620	621	
8.25	8.5	2	6	1	3	52	48620	52	48620	0.003	0	0.003	0.003	935	0	935	935	
8.25	8.5	2	7	4	3	52	95472	52	95472	0.003	0	0.003	0.003	1836	0	1836	1836	
8.25	8.5	2	8	5	3	44	27322	44	27322	0.003	0	0.003	0.003	620.955	0.210707	620	621	
8.25	8.5	2	9	2	3	50	41950	50	41950	0.003	0	0.003	0.003	839	0	839	839	
8.25	8.5	2	10	3	3	52	61932	52	61932	0.003	0	0.003	0.003	1191	0	1191	1191	
8.25	8.5	3	11	1	3	50	59550	50	59550	0.003	0	0.003	0.003	1191	0	1191	1191	
8.25	8.5	3	12	3	3	51	162282	52	165464	0.003	0	0.003	0.003	3182	0	3182	3182	
8.25	8.5	3	13	5	3	49	21413	48	20976	0.003	0	0.003	0.003	437	0	437	437	
8.25	8.5	3	14	4	3	50	99000	50	99000	0.003	0	0.003	0.003	1980	0	1980	1980	
8.25	8.5	3	15	2	3	50	98998	50	98998	0.003	0	0.003	0.003	1979.96	0.282843	1978	1980	
8.25	8.5	1	16	5	3	46	28564	46	28564	0.003	0	0.003	0.003	620.957	0.206185	620	621	
8.25	8.5	1	17	4	3	51	42789	52	43628	0.003	0	0.003	0.003	839	0	839	839	
8.25	8.5	1	18	3	3	46	28564	46	28564	0.003	0	0.003	0.003	620.957	0.206185	620	621	
8.25	8.5	1	19	2	3	52	43628	52	43628	0.003	0	0.003	0.003	839	0	839	839	
8.25	8.5	1	20	1	3	55	65505	54	64314	0.003	0	0.003	0.003	1191	0	1191	1191	
8.5	8.75	4	1	5	3	53	40543	52	39704	0.003	0	0.003	0.003	763.538	104.724	621	839	
8.5	8.75	4	2	3	3	50	119248	51	121633	0.003	0	0.003	0.003	2384.96	0.280056	2383	2385	
8.5	8.75	4	3	1	3	51	47685	51	47685	0.003	0	0.003	0.003	935	0	935	935	
8.5	8.75	4	4	4	3	52	228538	53	232933	0.003	0	0.003	0.003	4394.96	0.274721	4393	4395	
8.5	8.75	4	5	2	3	44	27323	43	26702	0.003	0	0.003	0.003	620.977	0.152499	620	621	
8.5	8.75	2	6	1	3	53	49555	52	48620	0.003	0	0.003	0.003	935	0	935	935	
8.5	8.75	2	7	4	3	52	95472	52	95472	0.003	0	0.003	0.003	1836	0	1836	1836	
8.5	8.75	2	8	5	3	44	27323	44	27323	0.003	0	0.003	0.003	620.977	0.150756	620	621	
8.5	8.75	2	9	2	3	49	41111	50	41950	0.003	0	0.003	0.003	839	0	839	839	
8.5	8.75	2	10	3	3	52	61932	52	61932	0.003	0	0.003	0.003	1191	0	1191	1191	
8.5	8.75	3	11	1	3	50	59550	50	59550	0.003	0	0.003	0.003	1191	0	1191	1191	
8.5	8.75	3	12	3	3	52	165464	51	162282	0.003	0	0.003	0.003	3182	0	3182	3182	
8.5	8.75	3	13	5	3	48	20976	49	21413	0.003	0	0.003	0.003	437	0	437	437	
8.5	8.75	3	14	4	3	50	99000	50	99000	0.003	0	0.003	0.003	1980	0	1980	1980	
8.5	8.75	3	15	2	3	50	99000	50	99000	0.003	0	0.003	0.003	1980	0	1980	1980	
8.5	8.75	1	16	5	3	46	28565	46	28565	0.003	0	0.003	0.003	620.978	0.147442	620	621	
8.5	8.75	1	17	4	3	52	43628	52	43628	0.003	0	0.003	0.003	839	0	839	839	
8.5	8.75	1	18	3	3	46	28565	46	28565	0.003	0	0.003	0.003	620.978	0.147442	620	621	
8.5	8.75	1	19	2	3	52	43628	51	42789	0.003	0	0.003	0.003	839	0	839	839	
8.5	8.75	1	20	1	3	54	64314	55	65505	0.003	0	0.003	0.003	1191	0	1191	1191	
8.75	9	4	1	5	3	49	41111	50	41950	0.003	0	0.003	0.003	839	0	839	839	
8.75	9	4	2	3	3	52	124020	52	124020	0.003	0	0.003	0.003	2385	0	2385	2385	
8.75	9	4	3	1	3	52	48620	51	47685	0.003	0	0.003	0.003	935	0	935	935	
8.75	9	4	4	4	3	54	237330	53	232935	0.003	0	0.003	0.003	4395	0	4395	4395	
8.75	9	4	5	2	3	43	26701	44	27322	0.003	0	0.003	0.003	620.955	0.210707	620	621	
8.75	9	2	6	1	3	52	48620	52	48620	0.003	0	0.003	0.003	935	0	935	935	
8.75	9	2	7	4	3	52	95472	52	95472	0.003	0	0.003	0.003	1836	0	1836	1836	
8.75	9	2	8	5	3	44	27322	44	27322	0.003	0	0.003	0.003	620.955	0.210707	620	621	
8.75	9	2	9	2	3	50	41950	50	41950	0.003	0	0.003	0.003	839	0	839	839	
8.75	9	2	10	3	3	52	61932	52	61932	0.003	0	0.003	0.003	1191	0	1191	1191	
8.75	9	3	11	1	3	50	59550	50	59550	0.003	0	0.003	0.003	1191	0	1191	1191	
8.75	9	3	12	3	3	51	162282	52	165464	0.003	0	0.003	0.003	3182	0	3182	3182	
8.75	9	3	13	5	3	49	21413	48	20976	0.003	0	0.003	0.003	437	0	437	437	
8.75	9	3	14	4	3	50	99000	50	99000	0.003	0	0.003	0.003	1980	0	1980	1980	
8.75	9	3	15	2	3	50	99000	50	99000	0.003	0	0.003	0.003	1980	0	1980	1980	
8.75	9	1	16	5	3	45	27943	46	28564	0.003	0	0.003	0.003	620.957	0.206185	620	621	
8.75	9	1	17	4	3	52	43626	52	43626	0.003	0	0.003	0.003	838.962	0.27735	837	839	
8.75	9	1	18	3	3	46	28564	46	28564	0.003	0	0.003	0.003	620.957	0.206185	620	621	
8.75	9	1	19	2	3	52	43628	52	43628	0.003	0	0.003	0.003	839	0	839	839	
8.75	9	1	20	1	3	55	65505	54	64314	0.003	0	0.003	0.003	1191	0	1191	1191	
9	9.25	4	1	5	3	50	41950	50	41950	0.003	0	0.003	0.003	839	0	839	839	
9	9.25	4	2	3	3	52	124018	51	121633	0.003	0	0.003	0.003	2384.96	0.280056	2383	2385	
9	9.25	4	3	1	3	51	47685	52	48620	0.003	0	0.003	0.003	935	0	935	935	
9	9.25	4	4	4	3	53	232935	53	232935	0.003	0	0.003	0.003	4395	0	4395	4395	
9	9.25	4	5	2	3	44	27323	44	27323	0.003	0	0.003	0.003	620.977	0.150756	620	621	
9	9.25	2	6	1	3	52	48620	52	48620	0.003	0	0.003	0.003	935	0	935	935	
9	9.25	2	7	4	3	52	95472	52	95472	0.003	0	0.003	0.003	1836	0	1836	1836	
9	9.25	2	8	5	3	44	27323	44	27323	0.003	0	0.003	0.003	620.977	0.150756	620	621	
9	9.25	2	9	2	3	50	41950	49	41111	0.003	0	0.003	0.003	839	0	839	839	
9	9.25	2	10	3	3	52	61932	53	63123	0.003	0	0.003	0.003	1191	0	1191	1191	
9	9.25	3	11	1	3	50	59550	50	59550	0.003	0	0.003	0.003	1191	0	1191	1191	
9	9.25	3	12	3	3	52	165464	51	162282	0.003	0	0.003	0.003	3182	0	3182	3182	
9	9.25	3	13	5	3	49	21413	49	21413	0.003	0	0.003	0.003	437	0	437	437	
9	9.25	3	14	4	3	49	97020	50	99000	0.003	0	0.003	0.003	1980	0	1980	1980	
9	9.25	3	15	2	3	50	99000	50	99000	0.003	0	0.003	0.003	1980	0	1980	1980	
9	9.25	1	16	5	3	46	28565	46	28565	0.003	0	0.003	0.003	620.978	0.147442	620	621	
9	9.25	1	17	4	3	52	43628	52	43628	0.003	0	0.003	0.003	839	0	839	839	
9	9.25	1	18	3	3	46	28564	46	28564	0.003	0	0.003	0.003	620.957	0.206185	620	621	
9	9.25	1	19	2	3	52	43626	52	43626	0.003	0	0.003	0.003	838.962	0.27735	837	839	
9	9.25	1	20	1	3	54	64314	54	64314	0.003	0	0.003	0.003	1191	0	1191	1191	
9.25	9.5	4	1	5	3	50	41950	49	41111	0.003	0	0.003	0.003	839	0	839	839	
9.25	9.5	4	2	3	3	51	121633	52	124018	0.003	0	0.003	0.003	2384.96	0.27735	2383	2385	
9.25	9.5	4	3	1	3	52	48618	51	47683	0.003	0	0.003	0.003	934.961	0.280056	933	935	
9.25	9.5	4	4	4	3	53	232935	54	237330	0.003	0	0.003	0.003	4395	0	4395	4395	
9.25	9.5	4	5	2	3	44	27322	44	27322	0.003	0	0.003	0.003	620.955	0.210707	620	621	
9.25	9.5	2	6	1	3	52	48620	52	48620	0.003	0	0.003	0.003	935	0	935	935	
9.25	9.5	2	7	4	3	52	95472	52	95472	0.003	0	0.003	0.003	1836	0	1836	1836	
9.25	9.5	2	8	5	3	44	27322	44	27322	0.003	0	0.003	0.003	620.955	0.210707	620	621	
9.25	9.5	2	9	2	3	50	41950	50	41950	0.003	0	0.003	0.003	839	0	839	839	
9.25	9.5	2	10	3	3	52	61932	52	61932	0.003	0	0.003	0.003	1191	0	1191	1191	
9.25	9.5	3	11	1	3	50	59550	50	59550	0.003	0	0.003	0.003	1191	0	1191	1191	
9.25	9.5	3	12	3	3	51	162282	52	165464	0.003	0	0.003	0.003	3182	0	3182	3182	
9.25	9.5	3	13	5	3	49	21413	49	21413	0.003	0	0.003	0.003	437	0	437	437	
9.25	9.5	3	14	4	3	51	100980	50	99000	0.003	0	0.003	0.003	1980	0	1980	1980	
9.25	9.5	3	15	2	3	49	96300	49	96300	0.003	0	0.003	0.003	1965.31	44.0408	1836	1980	
9.25	9.5	1	16	5	3	46	28564	46	28564	0.003	0	0.003	0.003	620.957	0.206185	620	621	
9.25	9.5	1	17	4	3	52	43628	52	43628	0.003	0	0.003	0.003	839	0	839	839	
9.25	9.5	1	18	3	3	46	28565	45	27944	0.003	0	0.003	0.003	620.978	0.149071	620	621	
9.25	9.5	1	19	2	3	52	43628	52	43628	0.003	0	0.003	0.003	839	0	839	839	
9.25	9.5	1	20	1	3	54	64314	55	65505	0.003	0	0.003	0.003	1191	0	1191	1191	
9.5	9.75	4	1	5	3	49	41111	50	41950	0.003	0	0.003	0.003	839	0	839	839	
9.5	9.75	4	2	3	3	52	124018	51	121633	0.003	0	0.003	0.003	2384.96	0.280056	2383	2385	
9.5	9.75	4	3	1	3	52	48620	52	48620	0.003	0	0.003	0.003	935	0	935	935	
9.5	9.75	4	4	4	3	53	232935	53	232935	0.003	0	0.003	0.003	4395	0	4395	4395	
9.5	9.75	4	5	2	3	44	27322	44	27322	0.003	0	0.003	0.003	620.955	0.210707	620	621	
9.5	9.75	2	6	1	3	52	48618	52	48618	0.003	0	0.003	0.003	934.962	0.27735	933	935	
9.5	9.75	2	7	4	3	53	97308	52	95472	0.003	0	0.003	0.003	1836	0	1836	1836	
9.5	9.75	2	8	5	3	44	27323	44	27323	0.003	0	0.003	0.003	620.977	0.150756	620	621	
9.5	9.75	2	9	2	3	49	41109	50	41948	0.003	0	0.003	0.003	838.96	0.282843	837	839	
9.5	9.75	2	10	3	3	52	61932	52	61932	0.003	0	0.003	0.003	1191	0	1191	1191	
9.5	9.75	3	11	1	3	50	59550	50	59550	0.003	0	0.003	0.003	1191	0	1191	1191	
9.5	9.75	3	12	3	3	52	165464	51	162282	0.003	0	0.003	0.003	3182	0	3182	3182	
9.5	9.75	3	13	5	3	48	20976	49	21413	0.003	0	0.003	0.003	437	0	437	437	
9.5	9.75	3	14	4	3	50	99000	50	99000	0.003	0	0.003	0.003	1980	0	1980	1980	
9.5	9.75	3	15	2	3	50	91798	50	91798	0.003	0	0.003	0.003	1835.96	0.282843	1834	1836	
9.5	9.75	1	16	5	3	46	28564	46	28564	0.003	0	0.003	0.003	620.957	0.206185	620	621	
9.5	9.75	1	17	4	3	52	43628	52	43628	0.003	0	0.003	0.003	839	0	839	839	
9.5	9.75	1	18	3	3	46	28564	46	28564	0.003	0	0.003	0.003	620.957	0.206185	620	621	
9.5	9.75	1	19	2	3	51	42789	52	43628	0.003	0	0.003	0.003	839	0	839	839	
9.5	9.75	1	20	1	3	55	65505	54	64314	0.003	0	0.003	0.003	1191	0	1191	1191	
9.75	10	4	1	5	3	50	41949	49	41110	0.003	0	0.003	0.003	838.98	0.142857	838	839	
9.75	10	4	2	3	3	51	121633	52	124018	0.003	0	0.003	0.003	2384.96	0.27735	2383	2385	
9.75	10	4	3	1	3	51	47685	52	48620	0.003	0	0.003	0.003	935	0	935	935	
9.75	10	4	4	4	3	54	237330	53	232935	0.003	0	0.003	0.003	4395	0	4395	4395	
9.75	10	4	5	2	3	44	27323	44	27323	0.003	0	0.003	0.003	620.977	0.150756	620	621	
9.75	10	2	6	1	3	52	48620	52	48620	0.003	0	0.003	0.003	935	0	935	935	
9.75	10	2	7	4	3	52	95472	52	95472	0.003	0	0.003	0.003	1836	0	1836	1836	
9.75	10	2	8	5	3	44	27322	44	27322	0.003	0	0.003	0.003	620.955	0.210707	620	621	
9.75	10	2	9	2	3	50	41950	50	41950	0.003	0	0.003	0.003	839	0	839	839	
9.75	10	2	10	3	3	52	61932	52	61932	0.003	0	0.003	0.003	1191	0	1191	1191	
9.75	10	3	11	1	3	50	59550	50	59550	0.003	0	0.003	0.003	1191	0	1191	1191	
9.75	10	3	12	3	3	51	162280	52	165462	0.003	0	0.003	0.003	3181.96	0.27735	3180	3182	
9.75	10	3	13	5	3	49	21413	48	20976	0.003	0	0.003	0.003	437	0	437	437	
9.75	10	3	14	4	3	50	98998	50	98998	0.003	0	0.003	0.003	1979.96	0.282843	1978	1980	
9.75	10	3	15	2	3	50	91800	50	91800	0.003	0	0.003	0.003	1836	0	1836	1836	
9.75	10	1	16	5	3	46	28565	46	28565	0.003	0	0.003	0.003	620.978	0.147442	620	621	
9.75	10	1	17	4	3	52	43628	51	42789	0.003	0	0.003	0.003	839	0	839	839	
9.75	10	1	18	3	3	46	28565	46	28565	0.003	0	0.003	0.003	620.978	0.147442	620	621	
9.75	10	1	19	2	3	52	43628	52	43628	0.003	0	0.003	0.003	839	0	839	839	
9.75	10	1	20	1	3	54	64314	55	65505	0.003	0	0.003	0.003	1191	0	1191	1191	
