% start	end	CellId	IMSI	RNTI	LCID	nTxPDUs	TxBytes	nRxPDUs	RxBytes	delay	stdDev	min	max	PduSize	stdDev	min	max
0.5	0.75	4	1	5	3	108	38986	101	33147	0.003	0	0.003	0.003	328.188	137.695	57	839	
0.5	0.75	4	2	3	3	136	38854	129	33015	0.003	0	0.003	0.003	255.93	127.036	26	437	
0.5	0.75	4	3	2	3	106	39257	99	33723	0.003	0	0.003	0.003	340.636	123.439	49	693	
0.5	0.75	4	4	1	3	110	39092	104	34036	0.003	0	0.003	0.003	327.269	122.753	49	693	
0.5	0.75	4	5	4	3	99	39173	98	38872	0.00385714	0.00337364	0.003	0.017	396.653	171.442	149	1095	
0.5	0.75	2	6	4	3	116	52032	115	51579	0.00348696	0.00178868	0.003	0.01	448.513	172.648	113	1095	
0.5	0.75	2	7	5	3	129	51711	122	45794	0.003	0	0.003	0.003	375.361	150.803	49	839	
0.5	0.75	2	8	2	3	139	51832	137	51422	0.00366423	0.00316292	0.003	0.024	375.343	185.324	57	1056	
0.5	0.75	2	9	3	3	121	51492	114	45557	0.003	0	0.003	0.003	399.623	138.647	32	621	
0.5	0.75	2	10	1	3	111	51870	110	51385	0.00344545	0.00171655	0.003	0.01	467.136	178.003	121	1383	
0.5	0.75	3	11	5	3	153	44119	145	37910	0.003	0	0.003	0.003	261.448	111.997	26	437	
0.5	0.75	3	12	3	3	112	44010	105	38149	0.003	0	0.003	0.003	363.324	136.476	49	749	
0.5	0.75	3	13	1	3	107	43957	106	43584	0.00379245	0.00325054	0.003	0.017	411.17	150.893	73	839	
0.5	0.75	3	14	4	3	105	43975	104	43674	0.00380769	0.00328006	0.003	0.017	419.942	180.688	73	1095	
0.5	0.75	3	15	2	3	104	44265	103	43980	0.00367961	0.00302348	0.003	0.017	426.99	181.172	93	1383	
0.5	0.75	1	16	3	3	126	51262	124	50816	0.00367742	0.00301635	0.003	0.017	409.806	182.951	73	1095	
0.5	0.75	1	17	2	3	122	51102	115	45464	0.003	0	0.003	0.003	395.339	127.443	49	839	
0.5	0.75	1	18	4	3	124	51004	123	50583	0.00368293	0.00302806	0.003	0.017	411.244	170.557	57	1095	
0.5	0.75	1	19	5	3	121	51316	120	50927	0.0037	0.00306402	0.003	0.017	424.392	185.617	93	1095	
0.5	0.75	1	20	1	3	128	51084	122	45972	0.003	0	0.003	0.003	376.82	166.413	49	839	
0.75	1	4	1	5	3	142	37784	142	37784	0.003	0	0.003	0.003	266.085	77.0041	55	357	
0.75	1	4	2	3	3	167	37751	166	37725	0.003	0	0.003	0.003	227.259	114.359	26	325	
0.75	1	4	3	2	3	125	37777	125	37833	0.003	0	0.003	0.003	302.664	24.538	261	317	
0.75	1	4	4	1	3	126	37770	126	37770	0.003	0	0.003	0.003	299.762	33.5865	49	317	
0.75	1	4	5	4	3	125	37825	125	37825	0.003	0	0.003	0.003	302.6	21.8263	225	373	
0.75	1	2	6	4	3	130	51030	130	51142	0.003	0	0.003	0.003	393.4	73.2126	113	453	
0.75	1	2	7	5	3	136	51024	136	51024	0.003	0	0.003	0.003	375.176	86.3246	49	469	
0.75	1	2	8	2	3	165	50865	166	50854	0.003	0	0.003	0.003	306.349	119.159	57	469	
0.75	1	2	9	3	3	166	51027	165	50992	0.003	0	0.003	0.003	309.042	141.954	32	469	
0.75	1	2	10	1	3	130	51278	130	51278	0.003	0	0.003	0.003	394.446	67.7469	121	485	
0.75	1	3	11	5	3	153	42890	154	42940	0.003	0	0.003	0.003	278.831	122.426	26	405	
0.75	1	3	12	3	3	125	42985	125	42985	0.003	0	0.003	0.003	343.88	28.0902	317	373	
0.75	1	3	13	1	3	126	43024	126	43024	0.003	0	0.003	0.003	341.46	42.8334	73	373	
0.75	1	3	14	4	3	126	43030	126	42958	0.003	0	0.003	0.003	340.937	39.5365	149	373	
0.75	1	3	15	2	3	137	43093	137	42989	0.003	0	0.003	0.003	313.788	83.9227	93	389	
0.75	1	1	16	3	3	163	50999	163	50923	0.003	0	0.003	0.003	312.411	115.555	73	453	
0.75	1	1	17	2	3	152	51060	152	51108	0.00304605	0.000567775	0.003	0.01	336.237	117.795	49	621	
0.75	1	1	18	4	3	130	51281	130	51281	0.003	0	0.003	0.003	394.469	64.3821	57	469	
0.75	1	1	19	5	3	135	50859	135	50859	0.003	0	0.003	0.003	376.733	77.0829	93	485	
0.75	1	1	20	1	3	159	51087	159	51087	0.003	0	0.003	0.003	321.302	125.811	49	469	
1	1.25	4	1	5	3	144	37772	144	37772	0.003	0	0.003	0.003	262.306	79.5763	57	357	
1	1.25	4	2	3	3	169	37745	169	37745	0.003	0	0.003	0.003	223.343	117.151	25	293	
1	1.25	4	3	2	3	125	37831	125	37775	0.003	0	0.003	0.003	302.2	24.7751	261	317	
1	1.25	4	4	1	3	125	37777	125	37833	0.003	0	0.003	0.003	302.664	24.538	261	317	
1	1.25	4	5	4	3	127	37759	127	37759	0.003	0	0.003	0.003	297.315	32.7476	73	373	
1	1.25	2	6	4	3	127	51027	127	51027	0.003	0	0.003	0.003	401.787	66.0928	113	453	
1	1.25	2	7	5	3	134	50942	134	50942	0.00305224	0.000604708	0.003	0.01	380.164	89.1613	49	469	
1	1.25	2	8	2	3	164	51108	163	50995	0.003	0	0.003	0.003	312.853	122.476	57	469	
1	1.25	2	9	3	3	183	50888	184	50923	0.003	0	0.003	0.003	276.755	147.454	32	437	
1	1.25	2	10	1	3	126	51001	126	51113	0.003	0	0.003	0.003	405.659	57.8347	121	485	
1	1.25	3	11	5	3	162	42957	161	42931	0.003	0	0.003	0.003	266.652	129.261	26	349	
1	1.25	3	12	3	3	126	42978	126	42978	0.003	0	0.003	0.003	341.095	38.3348	49	373	
1	1.25	3	13	1	3	128	42956	128	43028	0.003	0	0.003	0.003	336.156	54.0485	73	373	
1	1.25	3	14	4	3	129	43027	129	43027	0.003	0	0.003	0.003	333.543	58.5703	73	373	
1	1.25	3	15	2	3	135	43003	135	43003	0.003	0	0.003	0.003	318.541	81.3762	93	389	
1	1.25	1	16	3	3	152	50980	153	51129	0.003	0	0.003	0.003	334.176	113.607	73	453	
1	1.25	1	17	2	3	144	51226	144	51226	0.00304861	0.000583333	0.003	0.01	355.736	103.649	49	533	
1	1.25	1	18	4	3	150	51081	150	51081	0.003	0	0.003	0.003	340.54	109.273	57	469	
1	1.25	1	19	5	3	143	51107	143	51107	0.003	0	0.003	0.003	357.392	87.0089	93	485	
1	1.25	1	20	1	3	161	50907	160	50806	0.003	0	0.003	0.003	317.538	128.893	49	469	
1.25	1.5	4	1	5	3	133	37944	133	37944	0.00305263	0.000606977	0.003	0.01	285.293	65.1733	57	421	
1.25	1.5	4	2	3	3	191	37803	191	37778	0.003	0	0.003	0.003	197.791	117.346	26	325	
1.25	1.5	4	3	2	3	134	37770	134	37826	0.003	0	0.003	0.003	282.284	66.8134	49	317	
1.25	1.5	4	4	1	3	144	37651	144	37651	0.003	0	0.003	0.003	261.465	82.2244	49	317	
1.25	1.5	4	5	4	3	126	37825	126	37825	0.003	0	0.003	0.003	300.198	25.7694	149	373	
1.25	1.5	2	6	4	3	128	51028	128	51028	0.003	0	0.003	0.003	398.656	70.6336	113	453	
1.25	1.5	2	7	5	3	136	50980	136	50932	0.003	0	0.003	0.003	374.5	89.0402	49	469	
1.25	1.5	2	8	2	3	155	50865	156	50978	0.003	0	0.003	0.003	326.782	116.701	57	469	
1.25	1.5	2	9	3	3	192	51037	191	51002	0.003	0	0.003	0.003	267.026	149.229	32	437	
1.25	1.5	2	10	1	3	127	51009	127	51009	0.003	0	0.003	0.003	401.646	62.1651	121	485	
1.25	1.5	3	11	5	3	170	42941	170	42941	0.003	0	0.003	0.003	252.594	133.08	26	349	
1.25	1.5	3	12	3	3	127	42971	127	42971	0.003	0	0.003	0.003	338.354	46.0868	49	373	
1.25	1.5	3	13	1	3	133	43036	133	42964	0.003	0	0.003	0.003	323.038	68.794	73	373	
1.25	1.5	3	14	4	3	130	42958	130	43030	0.003	0	0.003	0.003	331	62.6173	73	373	
1.25	1.5	3	15	2	3	133	43033	133	43033	0.003	0	0.003	0.003	323.556	76.3506	93	389	
1.25	1.5	1	16	3	3	151	51359	151	51279	0.003	0	0.003	0.003	339.596	113.348	73	453	
1.25	1.5	1	17	2	3	137	50929	136	50880	0.003	0	0.003	0.003	374.118	97.9211	49	421	
1.25	1.5	1	18	4	3	140	51116	139	51067	0.003	0	0.003	0.003	367.388	97.1259	57	469	
1.25	1.5	1	19	5	3	138	51326	138	51326	0.003	0	0.003	0.003	371.928	77.6284	93	485	
1.25	1.5	1	20	1	3	134	51000	135	51157	0.003	0	0.003	0.003	378.941	88.9148	49	421	
1.5	1.75	4	1	5	3	131	37843	131	37843	0.003	0	0.003	0.003	288.878	60.1187	57	357	
1.5	1.75	4	2	3	3	192	37737	192	37786	0.003	0	0.003	0.003	196.802	114.372	26	325	
1.5	1.75	4	3	2	3	134	37818	134	37762	0.003	0	0.003	0.003	281.806	65.1749	49	317	
1.5	1.75	4	4	1	3	157	37829	157	37773	0.003	0	0.003	0.003	240.592	94.7333	49	317	
1.5	1.75	4	5	4	3	126	37818	126	37818	0.003	0	0.003	0.003	300.143	28.9711	149	373	
1.5	1.75	2	6	4	3	133	50909	133	50797	0.003	0	0.003	0.003	381.932	86.3508	113	453	
1.5	1.75	2	7	5	3	164	50998	163	50797	0.003	0	0.003	0.003	311.638	118.551	49	469	
1.5	1.75	2	8	2	3	140	51132	139	51203	0.003	0	0.003	0.003	368.367	95.802	57	469	
1.5	1.75	2	9	3	3	190	50962	191	51109	0.003	0	0.003	0.003	267.586	139.659	30	437	
1.5	1.75	2	10	1	3	130	50882	130	50882	0.003	0	0.003	0.003	391.4	71.5344	121	485	
1.5	1.75	3	11	5	3	163	42918	163	42925	0.003	0	0.003	0.003	263.344	128.824	26	373	
1.5	1.75	3	12	3	3	133	42983	133	42983	0.003	0	0.003	0.003	323.18	71.1207	47	373	
1.5	1.75	3	13	1	3	130	42958	130	42958	0.003	0	0.003	0.003	330.446	62.5614	73	373	
1.5	1.75	3	14	4	3	128	43176	128	43104	0.003	0	0.003	0.003	336.75	49.6939	73	373	
1.5	1.75	3	15	2	3	135	42807	135	42911	0.003	0	0.003	0.003	317.859	82.0417	93	389	
1.5	1.75	1	16	3	3	149	51065	149	51145	0.003	0	0.003	0.003	343.255	111.2	73	453	
1.5	1.75	1	17	2	3	133	51092	134	51093	0.003	0	0.003	0.003	381.291	90.9911	49	421	
1.5	1.75	1	18	4	3	140	51128	141	51177	0.003	0	0.003	0.003	362.957	97.3789	57	421	
1.5	1.75	1	19	5	3	135	51163	135	51163	0.003	0	0.003	0.003	378.985	76.7331	93	485	
1.5	1.75	1	20	1	3	131	51139	131	51035	0.003	0	0.003	0.003	389.58	77.3995	49	469	
1.75	2	4	1	5	3	142	37682	141	37625	0.003	0	0.003	0.003	266.844	72.5999	57	357	
1.75	2	4	2	3	3	153	37758	154	37760	0.003	0	0.003	0.003	245.195	104.455	26	325	
1.75	2	4	3	2	3	135	37815	135	37815	0.003	0	0.003	0.003	280.111	64.7616	49	317	
1.75	2	4	4	1	3	141	37941	141	37997	0.003	0	0.003	0.003	269.482	79.0349	49	317	
1.75	2	4	5	4	3	128	37832	128	37832	0.003	0	0.003	0.003	295.562	34.412	73	373	
1.75	2	2	6	4	3	136	51028	136	51140	0.003	0	0.003	0.003	376.029	92.2457	113	573	
1.75	2	2	7	5	3	168	51083	168	51231	0.00304167	0.000540062	0.003	0.01	304.946	129.122	49	573	
1.75	2	2	8	2	3	159	51087	160	51016	0.003	0	0.003	0.003	318.85	115.364	57	469	
1.75	2	2	9	3	3	165	50984	165	50872	0.003	0	0.003	0.003	308.315	136.532	32	437	
1.75	2	2	10	1	3	140	51244	140	51244	0.003	0	0.003	0.003	366.029	85.4104	121	485	
1.75	2	3	11	5	3	165	42921	165	42914	0.003	0	0.003	0.003	260.085	127.173	26	373	
1.75	2	3	12	3	3	131	42995	130	42946	0.003	0	0.003	0.003	330.354	59.5061	49	373	
1.75	2	3	13	1	3	133	42960	133	43032	0.003	0	0.003	0.003	323.549	68.8798	73	373	
1.75	2	3	14	4	3	129	42809	129	42809	0.003	0	0.003	0.003	331.853	57.6567	73	373	
1.75	2	3	15	2	3	137	43193	137	43193	0.003	0	0.003	0.003	315.277	82.6143	93	389	
1.75	2	1	16	3	3	155	50861	155	50861	0.003	0	0.003	0.003	328.135	119.881	73	453	
1.75	2	1	17	2	3	163	51239	163	51239	0.00312883	0.000943773	0.003	0.01	314.35	133.092	49	621	
1.75	2	1	18	4	3	141	50833	141	50833	0.003	0	0.003	0.003	360.518	98.0921	57	469	
1.75	2	1	19	5	3	139	50945	139	50945	0.003	0	0.003	0.003	366.511	85.3606	93	485	
1.75	2	1	20	1	3	139	51227	139	51227	0.003	0	0.003	0.003	368.54	96.4519	49	469	
2	2.25	4	1	5	3	141	37737	142	37794	0.003	0	0.003	0.003	266.155	78.649	57	357	
2	2.25	4	2	3	3	170	37767	170	37767	0.003	0	0.003	0.003	222.159	116.929	26	325	
2	2.25	4	3	2	3	126	37770	126	37770	0.003	0	0.003	0.003	299.762	33.5865	49	317	
2	2.25	4	4	1	3	125	37833	125	37777	0.003	0	0.003	0.003	302.216	24.7841	261	317	
2	2.25	4	5	4	3	127	37827	127	37827	0.003	0	0.003	0.003	297.85	34.7019	73	373	
2	2.25	2	6	4	3	136	51256	136	51256	0.003	0	0.003	0.003	376.882	90.1606	113	453	
2	2.25	2	7	5	3	138	50986	139	51039	0.003	0	0.003	0.003	367.187	94.0185	49	469	
2	2.25	2	8	2	3	157	50837	157	50837	0.003	0	0.003	0.003	323.803	116.473	57	469	
2	2.25	2	9	3	3	181	51060	180	51025	0.003	0	0.003	0.003	283.472	144.698	32	469	
2	2.25	2	10	1	3	131	51123	131	51123	0.003	0	0.003	0.003	390.252	72.4602	121	485	
2	2.25	3	11	5	3	168	42958	169	42960	0.003	0	0.003	0.003	254.201	133.947	26	349	
2	2.25	3	12	3	3	130	42950	131	42999	0.003	0	0.003	0.003	328.237	67.19	49	373	
2	2.25	3	13	1	3	130	43030	130	42958	0.003	0	0.003	0.003	330.446	62.5614	73	373	
2	2.25	3	14	4	3	134	42966	134	43038	0.003	0	0.003	0.003	321.179	70.6368	73	373	
2	2.25	3	15	2	3	134	43022	133	42929	0.003	0	0.003	0.003	322.774	76.2077	93	389	
2	2.25	1	16	3	3	147	51303	147	51223	0.003	0	0.003	0.003	348.456	108.303	73	453	
2	2.25	1	17	2	3	143	50795	143	50843	0.00314685	0.00100672	0.003	0.01	355.545	123.489	49	621	
2	2.25	1	18	4	3	156	51232	156	51232	0.003	0	0.003	0.003	328.41	123.557	57	421	
2	2.25	1	19	5	3	133	51265	132	51176	0.003	0	0.003	0.003	387.697	68.1615	93	485	
2	2.25	1	20	1	3	135	50799	135	50847	0.003	0	0.003	0.003	376.644	86.4635	49	469	
2.25	2.5	4	1	5	3	144	37840	143	37783	0.003	0	0.003	0.003	264.217	77.7185	57	357	
2.25	2.5	4	2	3	3	166	37741	166	37741	0.003	0	0.003	0.003	227.355	115.14	26	325	
2.25	2.5	4	3	2	3	125	37777	125	37833	0.003	0	0.003	0.003	302.664	24.538	261	317	
2.25	2.5	4	4	1	3	125	37777	125	37777	0.003	0	0.003	0.003	302.216	24.7841	261	317	
2.25	2.5	4	5	4	3	126	37828	126	37828	0.003	0	0.003	0.003	300.222	27.5913	73	373	
2.25	2.5	2	6	4	3	130	51142	130	51030	0.003	0	0.003	0.003	392.538	78.3894	113	453	
2.25	2.5	2	7	5	3	173	50850	172	50961	0.003	0	0.003	0.003	296.285	118.877	49	469	
2.25	2.5	2	8	2	3	141	51213	141	51213	0.003	0	0.003	0.003	363.213	101.801	57	469	
2.25	2.5	2	9	3	3	189	50975	190	50962	0.003	0	0.003	0.003	268.221	138.274	32	437	
2.25	2.5	2	10	1	3	129	51140	129	51028	0.003	0	0.003	0.003	395.566	69.9969	121	485	
2.25	2.5	3	11	5	3	173	42878	173	42902	0.003	0	0.003	0.003	247.988	132.489	26	349	
2.25	2.5	3	12	3	3	130	43110	129	43061	0.003	0	0.003	0.003	333.806	52.9017	49	373	
2.25	2.5	3	13	1	3	133	42965	133	42965	0.003	0	0.003	0.003	323.045	66.1983	73	373	
2.25	2.5	3	14	4	3	133	42968	133	42968	0.003	0	0.003	0.003	323.068	63.5267	73	373	
2.25	2.5	3	15	2	3	132	42848	133	42837	0.003	0	0.003	0.003	322.083	76.9669	93	389	
2.25	2.5	1	16	3	3	153	51115	152	51119	0.003	0	0.003	0.003	336.309	116.327	72	453	
2.25	2.5	1	17	2	3	138	51102	138	51102	0.003	0	0.003	0.003	370.304	106.298	49	421	
2.25	2.5	1	18	4	3	142	51126	142	51126	0.003	0	0.003	0.003	360.042	105.862	57	421	
2.25	2.5	1	19	5	3	134	51168	135	51161	0.003	0	0.003	0.003	378.97	76.7314	93	485	
2.25	2.5	1	20	1	3	127	51086	127	51086	0.003	0	0.003	0.003	402.252	47.3918	49	421	
2.5	2.75	4	1	5	3	143	37783	144	37840	0.003	0	0.003	0.003	262.778	81.1881	57	357	
2.5	2.75	4	2	3	3	170	37756	169	37730	0.003	0	0.003	0.003	223.254	117.139	26	325	
2.5	2.75	4	3	2	3	125	37831	125	37775	0.003	0	0.003	0.003	302.2	24.7751	261	317	
2.5	2.75	4	4	1	3	125	37777	125	37833	0.003	0	0.003	0.003	302.664	24.538	261	317	
2.5	2.75	4	5	4	3	126	37758	126	37758	0.003	0	0.003	0.003	299.667	26.8066	73	373	
2.5	2.75	2	6	4	3	137	50913	136	50912	0.003	0	0.003	0.003	374.353	91.7158	113	453	
2.5	2.75	2	7	5	3	163	50979	164	50868	0.00304268	0.000546608	0.003	0.01	310.171	124.995	49	421	
2.5	2.75	2	8	2	3	152	51050	152	51050	0.003	0	0.003	0.003	335.855	115.954	57	469	
2.5	2.75	2	9	3	3	175	51185	174	51196	0.003	0	0.003	0.003	294.23	143.222	32	437	
2.5	2.75	2	10	1	3	140	50788	140	51032	0.003	0	0.003	0.003	364.514	85.4226	121	485	
2.5	2.75	3	11	5	3	175	42921	175	42897	0.003	0	0.003	0.003	245.126	128.482	26	373	
2.5	2.75	3	12	3	3	129	42793	130	42842	0.003	0	0.003	0.003	329.554	59.3019	49	373	
2.5	2.75	3	13	1	3	131	43111	130	43110	0.003	0	0.003	0.003	331.615	59.0335	73	373	
2.5	2.75	3	14	4	3	138	42974	138	42974	0.003	0	0.003	0.003	311.406	74.9852	73	373	
2.5	2.75	3	15	2	3	135	43027	135	43027	0.003	0	0.003	0.003	318.719	78.5093	93	389	
2.5	2.75	1	16	3	3	147	51015	148	51091	0.003	0	0.003	0.003	345.209	101.527	73	453	
2.5	2.75	1	17	2	3	155	51037	155	51093	0.00309032	0.000792561	0.003	0.01	329.632	130.555	49	621	
2.5	2.75	1	18	4	3	147	50970	146	50857	0.003	0	0.003	0.003	348.336	105.909	57	421	
2.5	2.75	1	19	5	3	136	50860	136	50956	0.003	0	0.003	0.003	374.676	82.1685	93	485	
2.5	2.75	1	20	1	3	142	51261	142	51213	0.003	0	0.003	0.003	360.655	98.2638	49	469	
2.75	3	4	1	5	3	143	37729	143	37729	0.00304895	0.000585369	0.003	0.01	263.839	79.6755	57	421	
2.75	3	4	2	3	3	169	37737	169	37737	0.003	0	0.003	0.003	223.296	116.337	26	325	
2.75	3	4	3	2	3	129	37753	129	37809	0.003	0	0.003	0.003	293.093	46.8254	49	317	
2.75	3	4	4	1	3	128	37812	128	37756	0.003	0	0.003	0.003	294.969	45.7862	49	317	
2.75	3	4	5	4	3	127	37827	127	37827	0.003	0	0.003	0.003	297.85	30.4824	73	373	
2.75	3	2	6	4	3	132	51029	133	51030	0.003	0	0.003	0.003	383.684	85.4109	112	453	
2.75	3	2	7	5	3	157	50973	157	50973	0.003	0	0.003	0.003	324.669	119.062	49	469	
2.75	3	2	8	2	3	156	50916	156	50980	0.00304487	0.000560449	0.003	0.01	326.795	123.243	57	597	
2.75	3	2	9	3	3	179	50977	180	51014	0.003	0	0.003	0.003	283.411	142.683	32	437	
2.75	3	2	10	1	3	132	51120	132	50876	0.003	0	0.003	0.003	385.424	74.5654	121	485	
2.75	3	3	11	5	3	173	42929	173	42953	0.003	0	0.003	0.003	248.283	131.17	26	373	
2.75	3	3	12	3	3	134	42978	134	42922	0.003	0	0.003	0.003	320.313	74.3777	49	373	
2.75	3	3	13	1	3	132	42816	133	42889	0.003	0	0.003	0.003	322.474	69.2899	73	373	
2.75	3	3	14	4	3	137	43037	137	42965	0.003	0	0.003	0.003	313.613	75.9642	73	373	
2.75	3	3	15	2	3	132	43142	132	43142	0.003	0	0.003	0.003	326.833	72.1403	93	389	
2.75	3	1	16	3	3	149	51137	149	51137	0.003	0	0.003	0.003	343.201	113.271	73	453	
2.75	3	1	17	2	3	128	51092	128	50988	0.003	0	0.003	0.003	398.344	58.9211	49	421	
2.75	3	1	18	4	3	146	51210	147	51323	0.003	0	0.003	0.003	349.136	112.677	57	421	
2.75	3	1	19	5	3	138	51350	137	51257	0.003	0	0.003	0.003	374.139	80.5057	93	485	
2.75	3	1	20	1	3	138	50885	138	50933	0.003	0	0.003	0.003	369.08	106.224	49	421	
3	3.25	4	1	5	3	146	37822	146	37822	0.003	0	0.003	0.003	259.055	82.2219	57	293	
3	3.25	4	2	3	3	166	37725	167	37751	0.003	0	0.003	0.003	226.054	115.706	26	325	
3	3.25	4	3	2	3	125	37833	125	37777	0.003	0	0.003	0.003	302.216	24.7841	261	317	
3	3.25	4	4	1	3	125	37777	125	37777	0.003	0	0.003	0.003	302.216	24.7841	261	317	
3	3.25	4	5	4	3	127	37762	127	37762	0.003	0	0.003	0.003	297.339	31.3944	73	373	
3	3.25	2	6	4	3	131	51253	131	51253	0.003	0	0.003	0.003	391.244	79.4357	113	453	
3	3.25	2	7	5	3	151	50982	151	51086	0.00304636	0.000569652	0.003	0.01	338.318	117.55	49	573	
3	3.25	2	8	2	3	160	51080	160	51016	0.003	0	0.003	0.003	318.85	117.655	57	469	
3	3.25	2	9	3	3	177	50794	176	50762	0.003	0	0.003	0.003	288.42	145.444	32	437	
3	3.25	2	10	1	3	133	51251	133	51251	0.003	0	0.003	0.003	385.346	78.6124	121	485	
3	3.25	3	11	5	3	173	42931	172	42905	0.003	0	0.003	0.003	249.448	132.21	26	349	
3	3.25	3	12	3	3	128	42964	128	42964	0.003	0	0.003	0.003	335.656	52.4722	49	373	
3	3.25	3	13	1	3	130	43110	130	43110	0.003	0	0.003	0.003	331.615	55.9174	73	373	
3	3.25	3	14	4	3	132	42964	132	42964	0.003	0	0.003	0.003	325.485	65.5779	73	373	
3	3.25	3	15	2	3	133	42829	133	42933	0.003	0	0.003	0.003	322.805	78.118	93	389	
3	3.25	1	16	3	3	149	51136	149	51136	0.003	0	0.003	0.003	343.195	113.269	73	453	
3	3.25	1	17	2	3	128	51086	128	51134	0.003	0	0.003	0.003	399.484	56.594	49	421	
3	3.25	1	18	4	3	143	51115	142	51062	0.003	0	0.003	0.003	359.592	105.462	57	421	
3	3.25	1	19	5	3	136	51152	137	51149	0.003	0	0.003	0.003	373.35	79.0108	93	485	
3	3.25	1	20	1	3	138	51102	138	51102	0.003	0	0.003	0.003	370.304	106.298	49	421	
3.25	3.5	4	1	5	3	142	37786	142	37786	0.003	0	0.003	0.003	266.099	76.9653	57	357	
3.25	3.5	4	2	3	3	169	37754	169	37754	0.003	0	0.003	0.003	223.396	116.901	26	325	
3.25	3.5	4	3	2	3	125	37777	125	37777	0.003	0	0.003	0.003	302.216	24.7841	261	317	
3.25	3.5	4	4	1	3	125	37774	125	37774	0.003	0	0.003	0.003	302.192	24.8069	259	317	
3.25	3.5	4	5	4	3	126	37830	126	37830	0.003	0	0.003	0.003	300.238	27.5911	73	373	
3.25	3.5	2	6	4	3	135	50806	135	50806	0.003	0	0.003	0.003	376.341	91.2774	113	453	
3.25	3.5	2	7	5	3	155	51011	155	50955	0.00304516	0.000562254	0.003	0.01	328.742	113.409	49	573	
3.25	3.5	2	8	2	3	152	51004	151	50951	0.003	0	0.003	0.003	337.424	115.814	57	469	
3.25	3.5	2	9	3	3	184	51146	185	51178	0.003	0	0.003	0.003	276.638	142.265	32	437	
3.25	3.5	2	10	1	3	134	50773	134	50886	0.003	0	0.003	0.003	379.746	82.4065	121	485	
3.25	3.5	3	11	5	3	179	42922	179	42898	0.003	0	0.003	0.003	239.654	131.303	26	373	
3.25	3.5	3	12	3	3	132	42932	132	42988	0.003	0	0.003	0.003	325.667	68.2701	49	373	
3.25	3.5	3	13	1	3	141	42825	141	42825	0.003	0	0.003	0.003	303.723	79.2108	73	373	
3.25	3.5	3	14	4	3	135	42971	135	42971	0.003	0	0.003	0.003	318.304	69.6821	73	373	
3.25	3.5	3	15	2	3	134	43138	134	43138	0.003	0	0.003	0.003	321.925	74.7059	93	389	
3.25	3.5	1	16	3	3	144	51182	144	51102	0.003	0	0.003	0.003	354.875	100.89	73	453	
3.25	3.5	1	17	2	3	129	51089	129	51089	0.003	0	0.003	0.003	396.039	64.2646	49	421	
3.25	3.5	1	18	4	3	141	51059	142	51176	0.003	0	0.003	0.003	360.394	101.975	57	421	
3.25	3.5	1	19	5	3	141	51105	141	51201	0.003	0	0.003	0.003	363.128	88.4114	93	485	
3.25	3.5	1	20	1	3	140	51152	140	51056	0.003	0	0.003	0.003	364.686	110.128	49	469	
3.5	3.75	4	1	5	3	141	37941	141	37877	0.00304964	0.000589506	0.003	0.01	268.631	79.0369	57	421	
3.5	3.75	4	2	3	3	174	37756	173	37730	0.003	0	0.003	0.003	218.092	116.333	26	325	
3.5	3.75	4	3	2	3	136	37642	136	37698	0.003	0	0.003	0.003	277.191	69.1733	49	317	
3.5	3.75	4	4	1	3	125	37777	125	37833	0.003	0	0.003	0.003	302.664	24.538	261	317	
3.5	3.75	4	5	4	3	127	37762	127	37762	0.003	0	0.003	0.003	297.339	31.3944	73	373	
3.5	3.75	2	6	4	3	135	51247	134	51246	0.003	0	0.003	0.003	382.433	85.1591	113	453	
3.5	3.75	2	7	5	3	142	51014	142	50966	0.003	0	0.003	0.003	358.915	103.48	49	469	
3.5	3.75	2	8	2	3	167	50835	168	50888	0.003	0	0.003	0.003	302.905	125.293	57	469	
3.5	3.75	2	9	3	3	170	51003	170	51003	0.003	0	0.003	0.003	300.018	143.256	32	469	
3.5	3.75	2	10	1	3	136	51351	136	51350	0.003	0	0.003	0.003	377.574	78.1901	121	485	
3.5	3.75	3	11	5	3	164	42898	164	42927	0.003	0	0.003	0.003	261.75	130.896	26	349	
3.5	3.75	3	12	3	3	130	43170	130	43114	0.003	0	0.003	0.003	331.646	55.0902	49	373	
3.5	3.75	3	13	1	3	131	43031	131	42959	0.003	0	0.003	0.003	327.931	66.1817	73	373	
3.5	3.75	3	14	4	3	127	42955	127	43027	0.003	0	0.003	0.003	338.795	48.8749	73	373	
3.5	3.75	3	15	2	3	133	42829	133	42829	0.003	0	0.003	0.003	322.023	77.9707	93	389	
3.5	3.75	1	16	3	3	145	50801	145	50881	0.003	0	0.003	0.003	350.903	100.758	73	453	
3.5	3.75	1	17	2	3	144	51054	143	51061	0.0030979	0.000824917	0.003	0.01	357.07	112.703	49	621	
3.5	3.75	1	18	4	3	151	51106	150	50985	0.003	0	0.003	0.003	339.9	111.924	57	469	
3.5	3.75	1	19	5	3	141	50893	141	50893	0.003	0	0.003	0.003	360.943	86.739	93	485	
3.5	3.75	1	20	1	3	143	51219	143	51267	0.003	0	0.003	0.003	358.51	106.805	49	469	
3.75	4	4	1	5	3	140	37640	140	37704	0.003	0	0.003	0.003	269.314	77.2418	57	357	
3.75	4	4	2	3	3	175	37745	175	37745	0.003	0	0.003	0.003	215.686	115.258	26	325	
3.75	4	4	3	2	3	138	37902	138	37902	0.003	0	0.003	0.003	274.652	70.8715	49	317	
3.75	4	4	4	1	3	128	37816	128	37760	0.003	0	0.003	0.003	295	43.7113	49	317	
3.75	4	4	5	4	3	125	37821	125	37821	0.003	0	0.003	0.003	302.568	23.7671	225	373	
3.75	4	2	6	4	3	129	50801	130	50914	0.003	0	0.003	0.003	391.646	79.631	113	453	
3.75	4	2	7	5	3	139	50975	139	50975	0.003	0	0.003	0.003	366.727	95.591	49	469	
3.75	4	2	8	2	3	158	51173	158	51173	0.003	0	0.003	0.003	323.88	121.101	57	469	
3.75	4	2	9	3	3	189	50948	188	50956	0.003	0	0.003	0.003	271.043	146.35	32	437	
3.75	4	2	10	1	3	128	50887	128	50775	0.003	0	0.003	0.003	396.68	67.286	121	485	
3.75	4	3	11	5	3	168	42962	169	42959	0.003	0	0.003	0.003	254.195	132.326	26	349	
3.75	4	3	12	3	3	129	42793	129	42849	0.003	0	0.003	0.003	332.163	58.9569	49	373	
3.75	4	3	13	1	3	129	43031	129	43031	0.003	0	0.003	0.003	333.574	55.4263	73	373	
3.75	4	3	14	4	3	132	43032	132	42960	0.003	0	0.003	0.003	325.455	69.4733	73	373	
3.75	4	3	15	2	3	133	43229	133	43229	0.003	0	0.003	0.003	325.03	75.7004	93	389	
3.75	4	1	16	3	3	148	51312	148	51312	0.003	0	0.003	0.003	346.703	104.832	73	453	
3.75	4	1	17	2	3	147	51055	148	51000	0.0030473	0.000575396	0.003	0.01	344.595	113.825	49	621	
3.75	4	1	18	4	3	142	51050	143	51107	0.003	0	0.003	0.003	357.392	100.274	57	469	
3.75	4	1	19	5	3	135	51253	135	51253	0.003	0	0.003	0.003	379.652	75.5429	93	485	
3.75	4	1	20	1	3	145	50851	145	50851	0.003	0	0.003	0.003	350.697	110.785	49	421	
4	4.25	4	1	5	3	143	37779	143	37779	0.003	0	0.003	0.003	264.189	78.314	57	357	
4	4.25	4	2	3	3	168	37721	169	37747	0.003	0	0.003	0.003	223.355	116.835	26	293	
4	4.25	4	3	2	3	125	37833	125	37777	0.003	0	0.003	0.003	302.216	24.7841	261	317	
4	4.25	4	4	1	3	125	37777	125	37777	0.003	0	0.003	0.003	302.216	24.7841	261	317	
4	4.25	4	5	4	3	127	37827	127	37827	0.003	0	0.003	0.003	297.85	34.7019	73	373	
4	4.25	2	6	4	3	129	51029	129	51029	0.003	0	0.003	0.003	395.574	74.7058	113	453	
4	4.25	2	7	5	3	146	51188	145	51139	0.003	0	0.003	0.003	352.683	106.458	49	469	
4	4.25	2	8	2	3	161	50759	161	50823	0.003	0	0.003	0.003	315.671	117.766	57	469	
4	4.25	2	9	3	3	177	51025	178	50969	0.003	0	0.003	0.003	286.343	142.339	32	437	
4	4.25	2	10	1	3	128	51008	128	51120	0.003	0	0.003	0.003	399.375	65.0222	121	485	
4	4.25	3	11	5	3	174	42902	174	42926	0.003	0	0.003	0.003	246.701	131.048	26	373	
4	4.25	3	12	3	3	127	42971	127	42971	0.003	0	0.003	0.003	338.354	43.5831	49	373	
4	4.25	3	13	1	3	138	42982	138	42982	0.003	0	0.003	0.003	311.464	71.5841	73	373	
4	4.25	3	14	4	3	138	42978	138	42978	0.003	0	0.003	0.003	311.435	72.727	73	373	
4	4.25	3	15	2	3	131	43063	131	42959	0.003	0	0.003	0.003	327.931	70.3238	93	389	
4	4.25	1	16	3	3	151	51123	151	51043	0.003	0	0.003	0.003	338.033	115.683	73	453	
4	4.25	1	17	2	3	135	51075	135	51075	0.00305185	0.000602464	0.003	0.01	378.333	93.9012	49	573	
4	4.25	1	18	4	3	140	51059	140	51123	0.003	0	0.003	0.003	365.164	97.8637	57	421	
4	4.25	1	19	5	3	137	51137	137	51137	0.003	0	0.003	0.003	373.263	73.517	93	485	
4	4.25	1	20	1	3	139	51083	139	51083	0.003	0	0.003	0.003	367.504	103.882	47	421	
4.25	4.5	4	1	5	3	143	37779	143	37779	0.003	0	0.003	0.003	264.189	79.2579	57	357	
4.25	4.5	4	2	3	3	170	37774	169	37748	0.003	0	0.003	0.003	223.361	116.529	26	293	
4.25	4.5	4	3	2	3	125	37775	125	37775	0.003	0	0.003	0.003	302.2	24.7748	261	317	
4.25	4.5	4	4	1	3	125	37777	125	37833	0.003	0	0.003	0.003	302.664	24.538	261	317	
4.25	4.5	4	5	4	3	127	37759	127	37759	0.003	0	0.003	0.003	297.315	32.7476	73	373	
4.25	4.5	2	6	4	3	137	51355	137	51243	0.003	0	0.003	0.003	374.036	91.4865	113	453	
4.25	4.5	2	7	5	3	152	51012	153	51061	0.003	0	0.003	0.003	333.732	123.408	49	469	
4.25	4.5	2	8	2	3	146	51101	145	51044	0.003	0	0.003	0.003	352.028	97.9115	57	469	
4.25	4.5	2	9	3	3	184	50803	184	50851	0.003	0	0.003	0.003	276.364	141.47	32	437	
4.25	4.5	2	10	1	3	139	51250	139	51250	0.003	0	0.003	0.003	368.705	88.5967	121	485	
4.25	4.5	3	11	5	3	165	42956	165	42932	0.003	0	0.003	0.003	260.194	131.61	26	349	
4.25	4.5	3	12	3	3	129	43012	129	42956	0.003	0	0.003	0.003	332.992	57.9548	49	373	
4.25	4.5	3	13	1	3	128	42956	128	42956	0.003	0	0.003	0.003	335.594	54.0367	73	373	
4.25	4.5	3	14	4	3	132	42960	132	43032	0.003	0	0.003	0.003	326	68.283	73	373	
4.25	4.5	3	15	2	3	136	42990	136	43094	0.003	0	0.003	0.003	316.868	83.3549	93	389	
4.25	4.5	1	16	3	3	148	51084	148	51164	0.003	0	0.003	0.003	345.703	106.398	73	453	
4.25	4.5	1	17	2	3	134	51097	134	51097	0.003	0	0.003	0.003	381.321	92.136	49	421	
4.25	4.5	1	18	4	3	142	51186	142	51122	0.003	0	0.003	0.003	360.014	104.355	57	421	
4.25	4.5	1	19	5	3	135	51159	135	51159	0.003	0	0.003	0.003	378.956	74.8393	93	485	
4.25	4.5	1	20	1	3	133	51091	133	51091	0.003	0	0.003	0.003	384.143	86.6502	49	421	
4.5	4.75	4	1	5	3	142	37790	142	37790	0.003	0	0.003	0.003	266.127	78.2915	57	357	
4.5	4.75	4	2	3	3	168	37730	169	37756	0.003	0	0.003	0.003	223.408	116.598	26	325	
4.5	4.75	4	3	2	3	125	37777	125	37777	0.003	0	0.003	0.003	302.216	24.7841	261	317	
4.5	4.75	4	4	1	3	125	37833	125	37777	0.003	0	0.003	0.003	302.216	24.7841	261	317	
4.5	4.75	4	5	4	3	126	37826	126	37826	0.003	0	0.003	0.003	300.206	29.1359	73	373	
4.5	4.75	2	6	4	3	140	50792	140	50904	0.003	0	0.003	0.003	363.6	100.361	113	453	
4.5	4.75	2	7	5	3	158	51010	158	51010	0.0030443	0.00055689	0.003	0.01	322.848	122.085	49	621	
4.5	4.75	2	8	2	3	144	50992	145	50985	0.003	0	0.003	0.003	351.621	103.564	57	469	
4.5	4.75	2	9	3	3	184	51186	183	51149	0.003	0	0.003	0.003	279.503	142.08	32	469	
4.5	4.75	2	10	1	3	136	50888	136	50888	0.003	0	0.003	0.003	374.176	81.426	121	485	
4.5	4.75	3	11	5	3	167	42933	166	42931	0.003	0	0.003	0.003	258.62	129.162	26	373	
4.5	4.75	3	12	3	3	130	42948	130	43004	0.003	0	0.003	0.003	330.8	61.107	49	373	
4.5	4.75	3	13	1	3	133	42972	133	43044	0.003	0	0.003	0.003	323.639	62.2699	73	373	
4.5	4.75	3	14	4	3	134	43042	134	42970	0.003	0	0.003	0.003	320.672	69.2943	73	373	
4.5	4.75	3	15	2	3	131	43055	131	42951	0.003	0	0.003	0.003	327.87	71.4428	93	389	
4.5	4.75	1	16	3	3	147	51147	147	51147	0.003	0	0.003	0.003	347.939	111.23	73	453	
4.5	4.75	1	17	2	3	126	51088	126	51088	0.003	0	0.003	0.003	405.46	38.366	49	421	
4.5	4.75	1	18	4	3	146	51098	146	51098	0.003	0	0.003	0.003	349.986	114.299	57	421	
4.5	4.75	1	19	5	3	134	51160	134	51160	0.003	0	0.003	0.003	381.791	71.4398	93	485	
4.5	4.75	1	20	1	3	137	51101	137	51101	0.003	0	0.003	0.003	373	103.125	49	421	
4.75	5	4	1	5	3	143	37777	143	37777	0.003	0	0.003	0.003	264.175	77.3535	57	357	
4.75	5	4	2	3	3	169	37749	168	37723	0.003	0	0.003	0.003	224.542	115.558	26	293	
4.75	5	4	3	2	3	125	37775	125	37831	0.003	0	0.003	0.003	302.648	24.5292	261	317	
4.75	5	4	4	1	3	126	37767	126	37767	0.003	0	0.003	0.003	299.738	33.5748	49	317	
4.75	5	4	5	4	3	129	37821	129	37821	0.003	0	0.003	0.003	293.186	45.1244	73	373	
4.75	5	2	6	4	3	135	51357	135	51245	0.003	0	0.003	0.003	379.593	87.798	113	453	
4.75	5	2	7	5	3	164	50824	164	50872	0.003	0	0.003	0.003	310.195	127.436	49	469	
4.75	5	2	8	2	3	145	51035	145	51035	0.003	0	0.003	0.003	351.966	111.01	57	469	
4.75	5	2	9	3	3	182	51023	182	51065	0.003	0	0.003	0.003	280.577	139.506	32	437	
4.75	5	2	10	1	3	139	51359	139	51247	0.003	0	0.003	0.003	368.683	84.9512	121	485	
4.75	5	3	11	5	3	167	42906	168	42932	0.003	0	0.003	0.003	255.548	129.388	26	349	
4.75	5	3	12	3	3	129	43013	129	42957	0.003	0	0.003	0.003	333	56.0134	49	373	
4.75	5	3	13	1	3	135	43047	135	42975	0.003	0	0.003	0.003	318.333	68.4585	73	373	
4.75	5	3	14	4	3	136	42970	136	43042	0.003	0	0.003	0.003	316.485	72.5289	73	373	
4.75	5	3	15	2	3	133	43033	133	43033	0.003	0	0.003	0.003	323.556	76.3506	93	389	
4.75	5	1	16	3	3	154	51126	153	51053	0.003	0	0.003	0.003	333.68	111.218	73	453	
4.75	5	1	17	2	3	136	51040	136	51088	0.00305147	0.000600245	0.003	0.01	375.647	90.1899	49	533	
4.75	5	1	18	4	3	145	51080	145	51080	0.003	0	0.003	0.003	352.276	114.34	57	469	
4.75	5	1	19	5	3	137	51132	137	51132	0.003	0	0.003	0.003	373.226	76.3749	93	485	
4.75	5	1	20	1	3	150	51098	150	51098	0.003	0	0.003	0.003	340.653	120.796	49	421	
5	5.25	4	1	5	3	143	37783	143	37783	0.003	0	0.003	0.003	264.217	78.6696	57	357	
5	5.25	4	2	3	3	169	37755	169	37755	0.003	0	0.003	0.003	223.402	116.904	26	325	
5	5.25	4	3	2	3	125	37833	125	37777	0.003	0	0.003	0.003	302.216	24.7841	261	317	
5	5.25	4	4	1	3	125	37777	125	37833	0.003	0	0.003	0.003	302.664	24.538	261	317	
5	5.25	4	5	4	3	127	37759	127	37759	0.003	0	0.003	0.003	297.315	32.7476	73	373	
5	5.25	2	6	4	3	137	50792	137	50904	0.003	0	0.003	0.003	371.562	91.8755	113	453	
5	5.25	2	7	5	3	169	51233	169	51185	0.003	0	0.003	0.003	302.87	128.465	49	469	
5	5.25	2	8	2	3	150	51196	149	51207	0.003	0	0.003	0.003	343.671	110.144	57	469	
5	5.25	2	9	3	3	183	50856	184	50803	0.003	0	0.003	0.003	276.103	139.91	32	469	
5	5.25	2	10	1	3	129	51005	129	51117	0.003	0	0.003	0.003	396.256	67.2287	121	485	
5	5.25	3	11	5	3	165	42949	165	42949	0.003	0	0.003	0.003	260.297	132.056	26	349	
5	5.25	3	12	3	3	128	42958	128	42958	0.003	0	0.003	0.003	335.609	50.8099	49	373	
5	5.25	3	13	1	3	129	42957	129	43029	0.003	0	0.003	0.003	333.558	58.5806	73	373	
5	5.25	3	14	4	3	127	43027	127	42955	0.003	0	0.003	0.003	338.228	46.9799	73	373	
5	5.25	3	15	2	3	133	43023	133	43023	0.003	0	0.003	0.003	323.481	77.3713	93	389	
5	5.25	1	16	3	3	149	51125	149	51125	0.003	0	0.003	0.003	343.121	116.309	73	453	
5	5.25	1	17	2	3	127	51091	127	51091	0.003	0	0.003	0.003	402.291	49.6537	49	421	
5	5.25	1	18	4	3	143	51067	143	51131	0.003	0	0.003	0.003	357.559	111.116	57	421	
5	5.25	1	19	5	3	141	51233	141	51137	0.003	0	0.003	0.003	362.674	88.5775	93	485	
5	5.25	1	20	1	3	138	51100	138	51100	0.003	0	0.003	0.003	370.29	106.298	49	421	
5.25	5.5	4	1	5	3	142	37790	142	37790	0.003	0	0.003	0.003	266.127	77.329	57	357	
5.25	5.5	4	2	3	3	168	37736	169	37762	0.003	0	0.003	0.003	223.444	117.278	26	325	
5.25	5.5	4	3	2	3	125	37777	125	37777	0.003	0	0.003	0.003	302.216	24.7841	261	317	
5.25	5.5	4	4	1	3	125	37833	125	37777	0.003	0	0.003	0.003	302.216	24.7841	261	317	
5.25	5.5	4	5	4	3	125	37829	125	37829	0.003	0	0.003	0.003	302.632	19.6951	225	373	
5.25	5.5	2	6	4	3	128	51136	128	51024	0.003	0	0.003	0.003	398.625	69.2483	113	453	
5.25	5.5	2	7	5	3	133	50781	133	50781	0.003	0	0.003	0.003	381.812	86.987	49	469	
5.25	5.5	2	8	2	3	169	51024	169	51020	0.003	0	0.003	0.003	301.893	125.499	57	421	
5.25	5.5	2	9	3	3	181	51140	181	51188	0.003	0	0.003	0.003	282.807	149.045	32	437	
5.25	5.5	2	10	1	3	126	50856	126	50856	0.003	0	0.003	0.003	403.619	57.3285	241	485	
5.25	5.5	3	11	5	3	166	42915	166	42915	0.003	0	0.003	0.003	258.524	128.549	26	349	
5.25	5.5	3	12	3	3	130	43006	130	43006	0.003	0	0.003	0.003	330.815	61.1033	49	373	
5.25	5.5	3	13	1	3	134	42972	134	42972	0.003	0	0.003	0.003	320.687	65.4731	73	373	
5.25	5.5	3	14	4	3	130	42963	130	42963	0.003	0	0.003	0.003	330.485	54.9931	73	373	
5.25	5.5	3	15	2	3	135	43011	135	43011	0.003	0	0.003	0.003	318.6	80.432	93	389	
5.25	5.5	1	16	3	3	148	51152	149	51145	0.003	0	0.003	0.003	343.255	111.2	73	453	
5.25	5.5	1	17	2	3	130	51138	130	51090	0.003	0	0.003	0.003	393	71.1143	49	469	
5.25	5.5	1	18	4	3	141	51133	141	51133	0.003	0	0.003	0.003	362.645	102.918	57	421	
5.25	5.5	1	19	5	3	136	51044	136	51140	0.003	0	0.003	0.003	376.029	75.1752	93	485	
5.25	5.5	1	20	1	3	136	51100	136	51100	0.003	0	0.003	0.003	375.735	99.7273	49	421	
5.5	5.75	4	1	5	3	143	37779	143	37779	0.003	0	0.003	0.003	264.189	78.314	57	357	
5.5	5.75	4	2	3	3	169	37754	168	37728	0.003	0	0.003	0.003	224.571	116.557	26	325	
5.5	5.75	4	3	2	3	125	37774	125	37830	0.003	0	0.003	0.003	302.64	24.5246	261	317	
5.5	5.75	4	4	1	3	125	37775	125	37775	0.003	0	0.003	0.003	302.2	24.7751	261	317	
5.5	5.75	4	5	4	3	126	37830	126	37830	0.003	0	0.003	0.003	300.238	27.5911	73	373	
5.5	5.75	2	6	4	3	132	51032	132	51032	0.003	0	0.003	0.003	386.606	84.8137	113	453	
5.5	5.75	2	7	5	3	132	50948	132	50948	0.003	0	0.003	0.003	385.97	82.4171	49	469	
5.5	5.75	2	8	2	3	163	51003	164	50996	0.003	0	0.003	0.003	310.951	120.425	57	421	
5.5	5.75	2	9	3	3	187	50926	186	50934	0.003	0	0.003	0.003	273.839	148.985	32	437	
5.5	5.75	2	10	1	3	125	51104	125	51104	0.003	0	0.003	0.003	408.832	52.4612	372	485	
5.5	5.75	3	11	5	3	174	42914	174	42914	0.003	0	0.003	0.003	246.632	134.298	26	349	
5.5	5.75	3	12	3	3	128	42964	128	42964	0.003	0	0.003	0.003	335.656	52.4722	49	373	
5.5	5.75	3	13	1	3	132	43036	132	42964	0.003	0	0.003	0.003	325.485	62.831	73	373	
5.5	5.75	3	14	4	3	135	42967	135	43039	0.003	0	0.003	0.003	318.807	73.4119	73	373	
5.5	5.75	3	15	2	3	132	43044	132	43044	0.003	0	0.003	0.003	326.091	74.0474	93	389	
5.5	5.75	1	16	3	3	150	51046	150	51126	0.003	0	0.003	0.003	340.84	115.692	73	453	
5.5	5.75	1	17	2	3	140	51100	140	51100	0.003	0	0.003	0.003	365	111.308	49	469	
5.5	5.75	1	18	4	3	142	51130	142	51066	0.003	0	0.003	0.003	359.62	106.168	57	421	
5.5	5.75	1	19	5	3	137	51237	137	51237	0.003	0	0.003	0.003	373.993	75.9331	93	485	
5.5	5.75	1	20	1	3	126	51090	126	51090	0.003	0	0.003	0.003	405.476	38.372	49	421	
5.75	6	4	1	5	3	138	37910	138	37970	0.00305072	0.00059588	0.003	0.01	275.145	74.3763	57	421	
5.75	6	4	2	3	3	178	37820	178	37765	0.003	0	0.003	0.003	212.163	116.405	26	325	
5.75	6	4	3	2	3	143	37659	143	37603	0.003	0	0.003	0.003	262.958	81.9369	49	317	
5.75	6	4	4	1	3	126	37770	126	37826	0.003	0	0.003	0.003	300.206	34.1817	49	373	
5.75	6	4	5	4	3	127	37747	127	37823	0.003	0	0.003	0.003	297.819	35.9306	73	373	
5.75	6	2	6	4	3	136	51248	136	51248	0.003	0	0.003	0.003	376.824	90.2223	113	453	
5.75	6	2	7	5	3	149	51077	148	51024	0.003	0	0.003	0.003	344.757	112.159	49	469	
5.75	6	2	8	2	3	162	51030	162	51030	0.003	0	0.003	0.003	315	121.237	57	469	
5.75	6	2	9	3	3	175	50845	176	50877	0.003	0	0.003	0.003	289.074	141.661	32	469	
5.75	6	2	10	1	3	132	51240	132	51240	0.003	0	0.003	0.003	388.182	71.3743	121	485	
5.75	6	3	11	5	3	175	42953	174	42902	0.003	0	0.003	0.003	246.563	130.952	26	373	
5.75	6	3	12	3	3	127	42915	127	42971	0.003	0	0.003	0.003	338.354	43.5831	49	373	
5.75	6	3	13	1	3	140	42983	139	42983	0.003	0	0.003	0.003	309.23	73.9428	73	373	
5.75	6	3	14	4	3	138	42978	138	42978	0.003	0	0.003	0.003	311.435	72.727	73	373	
5.75	6	3	15	2	3	132	42946	132	43050	0.003	0	0.003	0.003	326.136	72.987	93	389	
5.75	6	1	16	3	3	149	51069	148	50920	0.003	0	0.003	0.003	344.054	110.082	73	453	
5.75	6	1	17	2	3	146	51250	146	51298	0.00304794	0.000579324	0.003	0.01	351.356	119.682	49	573	
5.75	6	1	18	4	3	143	50883	143	50883	0.003	0	0.003	0.003	355.825	102.001	57	469	
5.75	6	1	19	5	3	136	50852	136	50852	0.003	0	0.003	0.003	373.912	78.1262	93	485	
5.75	6	1	20	1	3	138	51238	138	51286	0.003	0	0.003	0.003	371.638	94.2483	49	469	
6	6.25	4	1	5	3	129	37851	129	37791	0.003	0	0.003	0.003	292.953	51.8161	57	357	
6	6.25	4	2	3	3	194	37697	195	37802	0.003	0	0.003	0.003	193.856	115.197	26	325	
6	6.25	4	3	2	3	141	37941	140	37948	0.003	0	0.003	0.003	271.057	77.8983	49	317	
6	6.25	4	4	1	3	152	37750	151	37649	0.003	0	0.003	0.003	249.331	89.3665	47	317	
6	6.25	4	5	4	3	128	37892	128	37816	0.003	0	0.003	0.003	295.437	42.4368	73	373	
6	6.25	2	6	4	3	138	51030	137	51029	0.003	0	0.003	0.003	372.474	88.9068	113	453	
6	6.25	2	7	5	3	154	51102	155	51203	0.003	0	0.003	0.003	330.342	118.219	49	469	
6	6.25	2	8	2	3	152	50820	152	50948	0.00304605	0.000567775	0.003	0.01	335.184	112.143	57	597	
6	6.25	2	9	3	3	178	51049	177	50934	0.003	0	0.003	0.003	287.763	142.779	32	437	
6	6.25	2	10	1	3	132	51112	132	51000	0.003	0	0.003	0.003	386.364	76.4859	121	485	
6	6.25	3	11	5	3	169	42916	169	42941	0.003	0	0.003	0.003	254.089	134.168	26	349	
6	6.25	3	12	3	3	135	43027	134	42978	0.003	0	0.003	0.003	320.731	77.9253	49	373	
6	6.25	3	13	1	3	128	42956	129	43028	0.003	0	0.003	0.003	333.55	57.0237	73	373	
6	6.25	3	14	4	3	129	43029	129	42957	0.003	0	0.003	0.003	333	58.5449	73	373	
6	6.25	3	15	2	3	133	43025	133	43025	0.003	0	0.003	0.003	323.496	77.3635	93	389	
6	6.25	1	16	3	3	151	50990	152	51139	0.003	0	0.003	0.003	336.441	114.694	73	453	
6	6.25	1	17	2	3	143	51107	143	51059	0.00304895	0.000585369	0.003	0.01	357.056	108.613	49	533	
6	6.25	1	18	4	3	144	51076	144	51076	0.003	0	0.003	0.003	354.694	106.722	57	469	
6	6.25	1	19	5	3	136	51144	136	51144	0.003	0	0.003	0.003	376.059	77.0481	93	485	
6	6.25	1	20	1	3	140	51100	140	51052	0.003	0	0.003	0.003	364.657	105.246	49	469	
6.25	6.5	4	1	5	3	137	37637	137	37637	0.00305109	0.00059805	0.003	0.01	274.723	73.5052	57	421	
6.25	6.5	4	2	3	3	172	37807	171	37732	0.003	0	0.003	0.003	220.655	108.934	26	325	
6.25	6.5	4	3	2	3	144	37808	145	37857	0.003	0	0.003	0.003	261.083	83.3793	49	317	
6.25	6.5	4	4	1	3	151	37867	152	37968	0.003	0	0.003	0.003	249.789	89.7774	49	317	
6.25	6.5	4	5	4	3	127	37819	127	37819	0.003	0	0.003	0.003	297.787	30.3212	149	373	
6.25	6.5	2	6	4	3	128	51028	129	51141	0.003	0	0.003	0.003	396.442	74.7174	113	453	
6.25	6.5	2	7	5	3	132	50996	132	50948	0.003	0	0.003	0.003	385.97	81.5051	49	469	
6.25	6.5	2	8	2	3	165	50971	165	50843	0.003	0	0.003	0.003	308.139	118.924	57	421	
6.25	6.5	2	9	3	3	184	50979	184	51019	0.003	0	0.003	0.003	277.277	149.028	32	437	
6.25	6.5	2	10	1	3	129	51028	129	51140	0.003	0	0.003	0.003	396.434	70.4206	121	485	
6.25	6.5	3	11	5	3	168	42947	168	42947	0.003	0	0.003	0.003	255.637	133.812	26	349	
6.25	6.5	3	12	3	3	132	42992	132	42992	0.003	0	0.003	0.003	325.697	71.0944	49	373	
6.25	6.5	3	13	1	3	130	43030	130	42958	0.003	0	0.003	0.003	330.446	62.5614	73	373	
6.25	6.5	3	14	4	3	128	42956	128	43028	0.003	0	0.003	0.003	336.156	54.0485	73	373	
6.25	6.5	3	15	2	3	132	43036	132	43036	0.003	0	0.003	0.003	326.03	75.1014	93	389	
6.25	6.5	1	16	3	3	152	51152	152	51072	0.003	0	0.003	0.003	336	110.632	73	453	
6.25	6.5	1	17	2	3	140	51080	140	51080	0.00305	0.000591608	0.003	0.01	364.857	111.494	49	621	
6.25	6.5	1	18	4	3	139	51083	139	51147	0.003	0	0.003	0.003	367.964	96.5315	57	421	
6.25	6.5	1	19	5	3	135	51159	135	51159	0.003	0	0.003	0.003	378.956	74.9175	93	485	
6.25	6.5	1	20	1	3	137	51077	137	51077	0.003	0	0.003	0.003	372.825	92.9211	49	469	
6.5	6.75	4	1	5	3	143	37794	143	37794	0.00304895	0.000585369	0.003	0.01	264.294	80.0219	57	421	
6.5	6.75	4	2	3	3	166	37718	166	37743	0.003	0	0.003	0.003	227.367	113.861	26	325	
6.5	6.75	4	3	2	3	130	37798	130	37742	0.003	0	0.003	0.003	290.323	53.4929	49	317	
6.5	6.75	4	4	1	3	126	37770	126	37770	0.003	0	0.003	0.003	299.762	33.5865	49	317	
6.5	6.75	4	5	4	3	127	37755	127	37755	0.003	0	0.003	0.003	297.283	34.0464	73	373	
6.5	6.75	2	6	4	3	132	51031	132	51031	0.003	0	0.003	0.003	386.598	77.6065	113	453	
6.5	6.75	2	7	5	3	156	50992	156	51040	0.00304487	0.000560449	0.003	0.01	327.179	122.07	49	469	
6.5	6.75	2	8	2	3	155	51047	155	51047	0.003	0	0.003	0.003	329.335	115.806	57	469	
6.5	6.75	2	9	3	3	177	51022	177	50980	0.003	0	0.003	0.003	288.023	140.699	32	469	
6.5	6.75	2	10	1	3	132	51032	132	51032	0.003	0	0.003	0.003	386.606	76.3773	121	485	
6.5	6.75	3	11	5	3	166	42935	166	42935	0.003	0	0.003	0.003	258.645	132.38	26	349	
6.5	6.75	3	12	3	3	129	42957	130	43006	0.003	0	0.003	0.003	330.815	62.8721	49	373	
6.5	6.75	3	13	1	3	130	42958	130	43030	0.003	0	0.003	0.003	331	61.1705	73	373	
6.5	6.75	3	14	4	3	130	43030	130	42958	0.003	0	0.003	0.003	330.446	62.5614	73	373	
6.5	6.75	3	15	2	3	135	43107	135	43003	0.003	0	0.003	0.003	318.541	81.3762	93	389	
6.5	6.75	1	16	3	3	150	51062	150	51142	0.003	0	0.003	0.003	340.947	108.818	73	453	
6.5	6.75	1	17	2	3	139	51067	139	51067	0.00305036	0.000593732	0.003	0.01	367.388	99.7536	49	573	
6.5	6.75	1	18	4	3	142	51125	142	51061	0.003	0	0.003	0.003	359.585	105.105	57	421	
6.5	6.75	1	19	5	3	138	51134	138	51134	0.003	0	0.003	0.003	370.536	80.9928	93	485	
6.5	6.75	1	20	1	3	138	51090	138	51090	0.003	0	0.003	0.003	370.217	100.117	49	421	
6.75	7	4	1	5	3	143	37851	143	37911	0.00304895	0.000585369	0.003	0.01	265.112	77.0892	57	357	
6.75	7	4	2	3	3	172	37840	173	37834	0.003	0	0.003	0.003	218.694	115.135	26	325	
6.75	7	4	3	2	3	126	37610	126	37610	0.003	0	0.003	0.003	298.492	35.2681	49	317	
6.75	7	4	4	1	3	126	37610	126	37554	0.003	0	0.003	0.003	298.048	35.3856	49	317	
6.75	7	4	5	4	3	126	37606	126	37606	0.003	0	0.003	0.003	298.46	28.3954	73	373	
6.75	7	2	6	4	3	129	50909	129	50797	0.003	0	0.003	0.003	393.775	74.7447	113	453	
6.75	7	2	7	5	3	149	50993	149	50993	0.003	0	0.003	0.003	342.235	110.853	49	469	
6.75	7	2	8	2	3	160	51192	159	51199	0.003	0	0.003	0.003	322.006	122.491	57	469	
6.75	7	2	9	3	3	176	50935	177	50964	0.003	0	0.003	0.003	287.932	142.912	32	437	
6.75	7	2	10	1	3	135	51143	135	51143	0.003	0	0.003	0.003	378.837	88.0146	121	485	
6.75	7	3	11	5	3	168	42924	169	42950	0.003	0	0.003	0.003	254.142	134.493	26	349	
6.75	7	3	12	3	3	131	42999	131	42943	0.003	0	0.003	0.003	327.809	67.081	49	373	
6.75	7	3	13	1	3	132	43032	132	43032	0.003	0	0.003	0.003	326	69.5624	73	373	
6.75	7	3	14	4	3	128	43028	128	43028	0.003	0	0.003	0.003	336.156	54.0485	73	373	
6.75	7	3	15	2	3	132	43034	132	43034	0.003	0	0.003	0.003	326.015	75.1099	93	389	
6.75	7	1	16	3	3	149	51113	149	51113	0.003	0	0.003	0.003	343.04	119.269	73	453	
6.75	7	1	17	2	3	130	51094	130	51094	0.003	0	0.003	0.003	393.031	72.3617	49	421	
6.75	7	1	18	4	3	148	51104	148	51104	0.003	0	0.003	0.003	345.297	123.319	57	421	
6.75	7	1	19	5	3	139	51145	139	51145	0.003	0	0.003	0.003	367.95	89.8364	93	485	
6.75	7	1	20	1	3	130	51092	130	51092	0.003	0	0.003	0.003	393.015	72.3559	49	421	
7	7.25	4	1	5	3	135	37695	135	37635	0.00305185	0.000602464	0.003	0.01	278.778	71.3748	57	421	
7	7.25	4	2	3	3	179	37734	179	37790	0.003	0	0.003	0.003	211.117	114.911	26	325	
7	7.25	4	3	2	3	132	37836	131	37791	0.003	0	0.003	0.003	288.481	57.3065	49	317	
7	7.25	4	4	1	3	146	37798	146	37798	0.003	0	0.003	0.003	258.89	83.3058	49	317	
7	7.25	4	5	4	3	127	37969	127	37969	0.003	0	0.003	0.003	298.969	28.8785	149	373	
7	7.25	2	6	4	3	136	51128	136	51240	0.003	0	0.003	0.003	376.765	90.2839	113	453	
7	7.25	2	7	5	3	174	51122	174	51074	0.003	0	0.003	0.003	293.529	127.395	49	469	
7	7.25	2	8	2	3	160	51132	161	51125	0.003	0	0.003	0.003	317.547	116.894	57	421	
7	7.25	2	9	3	3	158	51082	158	51082	0.003	0	0.003	0.003	323.304	127.101	32	437	
7	7.25	2	10	1	3	139	51014	138	51025	0.003	0	0.003	0.003	369.746	83.2685	121	485	
7	7.25	3	11	5	3	180	42916	179	42890	0.003	0	0.003	0.003	239.609	133.492	26	373	
7	7.25	3	12	3	3	131	42943	131	42999	0.003	0	0.003	0.003	328.237	63.1094	49	373	
7	7.25	3	13	1	3	135	42967	135	42895	0.003	0	0.003	0.003	317.741	69.5112	73	373	
7	7.25	3	14	4	3	140	42972	139	42971	0.003	0	0.003	0.003	309.144	77.1904	73	373	
7	7.25	3	15	2	3	132	42940	132	43044	0.003	0	0.003	0.003	326.091	74.0474	93	389	
7	7.25	1	16	3	3	158	51124	158	51124	0.003	0	0.003	0.003	323.57	129.832	73	453	
7	7.25	1	17	2	3	130	51094	130	51094	0.003	0	0.003	0.003	393.031	72.3617	49	421	
7	7.25	1	18	4	3	147	51115	147	51115	0.003	0	0.003	0.003	347.721	122.579	57	421	
7	7.25	1	19	5	3	136	51076	136	51076	0.003	0	0.003	0.003	375.559	84.4281	93	485	
7	7.25	1	20	1	3	131	51095	131	51095	0.003	0	0.003	0.003	390.038	78.0668	49	421	
7.25	7.5	4	1	5	3	144	37820	144	37820	0.00304861	0.000583333	0.003	0.01	262.639	79.4195	57	421	
7.25	7.5	4	2	3	3	141	37795	140	37769	0.003	0	0.003	0.003	269.779	83.2555	26	349	
7.25	7.5	4	3	2	3	150	37914	151	37959	0.003	0	0.003	0.003	251.384	84.7725	49	317	
7.25	7.5	4	4	1	3	144	37852	144	37852	0.003	0	0.003	0.003	262.861	82.3785	49	317	
7.25	7.5	4	5	4	3	131	37675	131	37675	0.003	0	0.003	0.003	287.595	49.3076	73	373	
7.25	7.5	2	6	4	3	139	51122	139	51010	0.003	0	0.003	0.003	366.978	92.1788	113	453	
7.25	7.5	2	7	5	3	145	50837	145	50837	0.003	0	0.003	0.003	350.6	106.807	49	469	
7.25	7.5	2	8	2	3	161	51015	160	51022	0.003	0	0.003	0.003	318.888	112.698	57	469	
7.25	7.5	2	9	3	3	169	51211	169	51259	0.003	0	0.003	0.003	303.308	136.709	32	437	
7.25	7.5	2	10	1	3	135	51011	136	51000	0.003	0	0.003	0.003	375	81.9785	121	485	
7.25	7.5	3	11	5	3	181	42894	182	42920	0.003	0	0.003	0.003	235.824	134.884	26	373	
7.25	7.5	3	12	3	3	131	42941	131	42941	0.003	0	0.003	0.003	327.794	62.9963	49	373	
7.25	7.5	3	13	1	3	137	42969	137	42969	0.003	0	0.003	0.003	313.642	73.7184	73	373	
7.25	7.5	3	14	4	3	133	42969	134	42970	0.003	0	0.003	0.003	320.672	68.0293	73	373	
7.25	7.5	3	15	2	3	131	43055	131	42951	0.003	0	0.003	0.003	327.87	71.4428	93	389	
7.25	7.5	1	16	3	3	157	51185	156	51036	0.003	0	0.003	0.003	327.154	114.061	73	453	
7.25	7.5	1	17	2	3	145	51041	145	51089	0.00304827	0.000581318	0.003	0.01	352.338	117.593	49	533	
7.25	7.5	1	18	4	3	142	51266	142	51266	0.003	0	0.003	0.003	361.028	108.246	57	469	
7.25	7.5	1	19	5	3	148	51192	148	51192	0.003	0	0.003	0.003	345.892	96.9767	93	485	
7.25	7.5	1	20	1	3	150	50806	150	50854	0.003	0	0.003	0.003	339.027	115.714	49	469	
7.5	7.75	4	1	5	3	131	37791	131	37791	0.003	0	0.003	0.003	288.481	61.2935	57	357	
7.5	7.75	4	2	3	3	187	37793	188	37795	0.003	0	0.003	0.003	201.037	114.703	26	325	
7.5	7.75	4	3	2	3	160	37800	159	37807	0.003	0	0.003	0.003	237.78	92.7438	49	317	
7.5	7.75	4	4	1	3	132	37780	132	37780	0.003	0	0.003	0.003	286.212	57.4341	49	317	
7.5	7.75	4	5	4	3	125	37817	125	37817	0.003	0	0.003	0.003	302.536	25.561	225	373	
7.5	7.75	2	6	4	3	136	51248	135	51135	0.003	0	0.003	0.003	378.778	87.6215	113	453	
7.5	7.75	2	7	5	3	154	51031	154	51031	0.00304545	0.000564076	0.003	0.01	331.37	118.138	49	573	
7.5	7.75	2	8	2	3	160	50896	160	50960	0.003	0	0.003	0.003	318.5	119.309	57	469	
7.5	7.75	2	9	3	3	165	51009	165	51009	0.003	0	0.003	0.003	309.145	138.932	32	437	
7.5	7.75	2	10	1	3	141	51281	141	51281	0.003	0	0.003	0.003	363.695	92.7417	121	485	
7.5	7.75	3	11	5	3	165	42960	164	42934	0.003	0	0.003	0.003	261.793	129.598	26	373	
7.5	7.75	3	12	3	3	126	42978	126	42978	0.003	0	0.003	0.003	341.095	35.2598	157	373	
7.5	7.75	3	13	1	3	132	42968	132	43040	0.003	0	0.003	0.003	326.061	61.5363	73	373	
7.5	7.75	3	14	4	3	135	42975	135	42975	0.003	0	0.003	0.003	318.333	68.4585	73	373	
7.5	7.75	3	15	2	3	132	43044	132	43044	0.003	0	0.003	0.003	326.091	74.0474	93	389	
7.5	7.75	1	16	3	3	153	51173	154	51322	0.003	0	0.003	0.003	333.26	121.22	73	453	
7.5	7.75	1	17	2	3	132	50872	132	50872	0.003	0	0.003	0.003	385.394	79.0151	49	421	
7.5	7.75	1	18	4	3	148	51092	148	51092	0.003	0	0.003	0.003	345.216	121.552	57	421	
7.5	7.75	1	19	5	3	138	51342	137	51249	0.003	0	0.003	0.003	374.08	81.4046	93	485	
7.5	7.75	1	20	1	3	139	51147	139	51099	0.003	0	0.003	0.003	367.619	104.86	49	421	
7.75	8	4	1	5	3	131	37847	131	37847	0.003	0	0.003	0.003	288.908	60.6112	57	357	
7.75	8	4	2	3	3	190	37763	189	37761	0.003	0	0.003	0.003	199.794	116.055	26	325	
7.75	8	4	3	2	3	157	37833	158	37826	0.003	0	0.003	0.003	239.405	93.7561	49	317	
7.75	8	4	4	1	3	130	37802	130	37802	0.003	0	0.003	0.003	290.785	52.9772	49	317	
7.75	8	4	5	4	3	125	37817	125	37817	0.003	0	0.003	0.003	302.536	25.561	225	373	
7.75	8	2	6	4	3	138	50913	139	51138	0.003	0	0.003	0.003	367.899	94.3156	113	453	
7.75	8	2	7	5	3	149	51209	148	51212	0.003	0	0.003	0.003	346.027	113.195	49	469	
7.75	8	2	8	2	3	164	51216	165	51145	0.003	0	0.003	0.003	309.97	118.156	57	421	
7.75	8	2	9	3	3	169	50836	169	50788	0.003	0	0.003	0.003	300.521	144.765	32	437	
7.75	8	2	10	1	3	136	51054	136	51054	0.003	0	0.003	0.003	375.397	84.4408	121	485	
7.75	8	3	11	5	3	169	42924	170	42926	0.003	0	0.003	0.003	252.506	132.07	26	349	
7.75	8	3	12	3	3	130	43005	130	42949	0.003	0	0.003	0.003	330.377	61.0026	49	373	
7.75	8	3	13	1	3	133	43041	133	42969	0.003	0	0.003	0.003	323.075	66.222	73	373	
7.75	8	3	14	4	3	133	42973	133	43045	0.003	0	0.003	0.003	323.647	62.2758	73	373	
7.75	8	3	15	2	3	131	42951	131	43055	0.003	0	0.003	0.003	328.664	71.5405	93	389	
7.75	8	1	16	3	3	144	50940	144	50940	0.003	0	0.003	0.003	353.75	106.487	73	453	
7.75	8	1	17	2	3	130	51284	130	51236	0.00305385	0.000613941	0.003	0.01	394.123	66.2305	49	573	
7.75	8	1	18	4	3	144	50920	143	50863	0.003	0	0.003	0.003	355.685	110.133	57	469	
7.75	8	1	19	5	3	142	50918	143	51115	0.003	0	0.003	0.003	357.448	90.1431	93	485	
7.75	8	1	20	1	3	145	51265	144	51264	0.003	0	0.003	0.003	356	113.63	49	421	
8	8.25	4	1	5	3	143	37801	143	37801	0.003	0	0.003	0.003	264.343	72.924	57	357	
8	8.25	4	2	3	3	148	37776	149	37802	0.003	0	0.003	0.003	253.705	97.2526	26	325	
8	8.25	4	3	2	3	143	37651	143	37651	0.003	0	0.003	0.003	263.294	81.0738	49	317	
8	8.25	4	4	1	3	149	37873	148	37828	0.003	0	0.003	0.003	255.595	86.9672	49	317	
8	8.25	4	5	4	3	128	37980	128	37980	0.003	0	0.003	0.003	296.719	30.298	73	373	
8	8.25	2	6	4	3	136	51356	136	51244	0.003	0	0.003	0.003	376.794	87.0526	113	453	
8	8.25	2	7	5	3	150	51042	151	51087	0.003	0	0.003	0.003	338.325	118.564	49	469	
8	8.25	2	8	2	3	149	50941	148	50888	0.003	0	0.003	0.003	343.838	108.425	57	469	
8	8.25	2	9	3	3	170	51007	170	51055	0.003	0	0.003	0.003	300.324	142.076	32	437	
8	8.25	2	10	1	3	141	51175	141	51175	0.003	0	0.003	0.003	362.943	89.878	121	485	
8	8.25	3	11	5	3	170	42941	170	42941	0.003	0	0.003	0.003	252.594	131.073	26	373	
8	8.25	3	12	3	3	132	42936	132	42992	0.003	0	0.003	0.003	325.697	69.5591	49	373	
8	8.25	3	13	1	3	132	42972	132	42972	0.003	0	0.003	0.003	325.545	58.5207	73	373	
8	8.25	3	14	4	3	139	43045	139	42973	0.003	0	0.003	0.003	309.158	81.425	73	373	
8	8.25	3	15	2	3	131	43055	131	43055	0.003	0	0.003	0.003	328.664	71.5405	93	389	
8	8.25	1	16	3	3	156	51276	155	51199	0.003	0	0.003	0.003	330.316	114.695	73	453	
8	8.25	1	17	2	3	147	50867	146	50866	0.00314383	0.000996475	0.003	0.01	348.397	125.416	49	621	
8	8.25	1	18	4	3	147	51223	148	51280	0.003	0	0.003	0.003	346.486	110.356	57	421	
8	8.25	1	19	5	3	130	51280	130	51176	0.003	0	0.003	0.003	393.662	62.6344	93	485	
8	8.25	1	20	1	3	131	50815	132	50864	0.003	0	0.003	0.003	385.333	84.4532	49	469	
8.25	8.5	4	1	5	3	135	37923	135	37923	0.00305185	0.000602464	0.003	0.01	280.911	64.1351	57	357	
8.25	8.5	4	2	3	3	178	37711	178	37687	0.003	0	0.003	0.003	211.725	112.52	26	325	
8.25	8.5	4	3	2	3	143	37767	143	37767	0.003	0	0.003	0.003	264.105	80.3211	49	317	
8.25	8.5	4	4	1	3	152	37712	153	37757	0.003	0	0.003	0.003	246.778	88.5294	49	317	
8.25	8.5	4	5	4	3	130	37656	130	37656	0.003	0	0.003	0.003	289.662	51.5901	73	373	
8.25	8.5	2	6	4	3	132	51032	132	51032	0.003	0	0.003	0.003	386.606	84.8137	113	453	
8.25	8.5	2	7	5	3	135	50771	135	50723	0.003	0	0.003	0.003	375.726	92.8805	49	469	
8.25	8.5	2	8	2	3	157	51089	158	51206	0.003	0	0.003	0.003	324.089	118.16	57	469	
8.25	8.5	2	9	3	3	192	51042	191	51005	0.003	0	0.003	0.003	267.042	146.084	32	437	
8.25	8.5	2	10	1	3	128	51020	128	51020	0.003	0	0.003	0.003	398.594	66.2999	121	485	
8.25	8.5	3	11	5	3	164	42919	164	42943	0.003	0	0.003	0.003	261.848	127.315	26	349	
8.25	8.5	3	12	3	3	127	43027	127	42971	0.003	0	0.003	0.003	338.354	43.5831	49	373	
8.25	8.5	3	13	1	3	135	42975	135	43047	0.003	0	0.003	0.003	318.867	68.6028	73	373	
8.25	8.5	3	14	4	3	131	42967	131	42967	0.003	0	0.003	0.003	327.992	56.0513	73	373	
8.25	8.5	3	15	2	3	133	43033	133	42929	0.003	0	0.003	0.003	322.774	76.2077	93	389	
8.25	8.5	1	16	3	3	152	51142	153	51139	0.003	0	0.003	0.003	334.242	109.891	73	453	
8.25	8.5	1	17	2	3	134	51030	135	51031	0.00305185	0.000602464	0.003	0.01	378.007	95.11	49	573	
8.25	8.5	1	18	4	3	146	51044	146	51108	0.003	0	0.003	0.003	350.055	109.764	57	469	
8.25	8.5	1	19	5	3	134	51074	134	51074	0.003	0	0.003	0.003	381.149	74.9238	93	485	
8.25	8.5	1	20	1	3	145	51119	145	51071	0.003	0	0.003	0.003	352.214	113.268	49	421	
8.5	8.75	4	1	5	3	144	37776	144	37776	0.003	0	0.003	0.003	262.333	79.9244	57	357	
8.5	8.75	4	2	3	3	168	37761	168	37761	0.003	0	0.003	0.003	224.768	115.761	26	325	
8.5	8.75	4	3	2	3	127	37819	127	37819	0.003	0	0.003	0.003	297.787	40.1775	49	317	
8.5	8.75	4	4	1	3	125	37777	125	37777	0.003	0	0.003	0.003	302.216	24.7841	261	317	
8.5	8.75	4	5	4	3	127	37759	127	37759	0.003	0	0.003	0.003	297.315	32.7476	73	373	
8.5	8.75	2	6	4	3	132	51022	132	51022	0.003	0	0.003	0.003	386.53	82.5479	113	453	
8.5	8.75	2	7	5	3	171	51111	170	51058	0.003	0	0.003	0.003	300.341	122.006	49	469	
8.5	8.75	2	8	2	3	146	50874	146	50874	0.003	0	0.003	0.003	348.452	107.807	57	469	
8.5	8.75	2	9	3	3	182	51129	183	51166	0.003	0	0.003	0.003	279.596	136.696	32	437	
8.5	8.75	2	10	1	3	137	50892	137	50892	0.003	0	0.003	0.003	371.474	89.5992	121	485	
8.5	8.75	3	11	5	3	164	42948	164	42924	0.003	0	0.003	0.003	261.732	130.829	26	349	
8.5	8.75	3	12	3	3	129	42953	129	43009	0.003	0	0.003	0.003	333.403	56.5483	49	373	
8.5	8.75	3	13	1	3	128	43028	128	42956	0.003	0	0.003	0.003	335.594	54.0367	73	373	
8.5	8.75	3	14	4	3	128	42956	128	43028	0.003	0	0.003	0.003	336.156	52.3385	73	373	
8.5	8.75	3	15	2	3	134	43014	133	43025	0.003	0	0.003	0.003	323.496	77.3635	93	389	
8.5	8.75	1	16	3	3	156	51058	156	51138	0.003	0	0.003	0.003	327.808	128.18	73	453	
8.5	8.75	1	17	2	3	128	51092	128	51092	0.003	0	0.003	0.003	399.156	58.5061	49	421	
8.5	8.75	1	18	4	3	147	51115	146	51058	0.003	0	0.003	0.003	349.712	120.591	57	421	
8.5	8.75	1	19	5	3	137	51173	137	51173	0.003	0	0.003	0.003	373.526	89.1157	93	485	
8.5	8.75	1	20	1	3	131	51095	130	51094	0.003	0	0.003	0.003	393.031	72.3617	49	421	
8.75	9	4	1	5	3	140	37636	139	37343	0.00305036	0.000593732	0.003	0.01	268.655	78.8004	57	421	
8.75	9	4	2	3	3	173	37748	172	37722	0.003	0	0.003	0.003	219.314	117.278	26	325	
8.75	9	4	3	2	3	125	37776	125	37776	0.003	0	0.003	0.003	302.208	24.7794	261	317	
8.75	9	4	4	1	3	130	37906	130	37962	0.003	0	0.003	0.003	292.015	49.0279	49	317	
8.75	9	4	5	4	3	127	37830	127	37830	0.003	0	0.003	0.003	297.874	33.4104	73	373	
8.75	9	2	6	4	3	133	51033	133	51145	0.003	0	0.003	0.003	384.549	85.5268	113	453	
8.75	9	2	7	5	3	145	51081	146	51182	0.00304794	0.000579324	0.003	0.01	350.562	114.702	49	621	
8.75	9	2	8	2	3	166	51114	165	50937	0.003	0	0.003	0.003	308.709	125.464	57	469	
8.75	9	2	9	3	3	169	50772	169	50772	0.003	0	0.003	0.003	300.426	141.226	32	469	
8.75	9	2	10	1	3	135	51335	135	51335	0.003	0	0.003	0.003	380.259	78.6425	121	485	
8.75	9	3	11	5	3	169	42897	168	42927	0.003	0	0.003	0.003	255.518	129.86	25	349	
8.75	9	3	12	3	3	128	42964	128	42964	0.003	0	0.003	0.003	335.656	50.305	49	373	
8.75	9	3	13	1	3	134	42970	134	42970	0.003	0	0.003	0.003	320.672	65.4439	73	373	
8.75	9	3	14	4	3	133	43192	133	43120	0.003	0	0.003	0.003	324.211	60.278	73	373	
8.75	9	3	15	2	3	132	42848	133	42837	0.003	0	0.003	0.003	322.083	76.9669	93	389	
8.75	9	1	16	3	3	154	51164	154	51084	0.003	0	0.003	0.003	331.714	123.28	73	453	
8.75	9	1	17	2	3	132	51091	132	51091	0.003	0	0.003	0.003	387.053	81.9121	49	421	
8.75	9	1	18	4	3	149	51089	150	51146	0.003	0	0.003	0.003	340.973	125.007	57	421	
8.75	9	1	19	5	3	136	51080	136	51080	0.003	0	0.003	0.003	375.588	86.1001	93	485	
8.75	9	1	20	1	3	130	51090	131	51091	0.003	0	0.003	0.003	390.008	76.6889	49	421	
9	9.25	4	1	5	3	143	37731	144	38024	0.00309722	0.000822068	0.003	0.01	264.056	78.5035	57	421	
9	9.25	4	2	3	3	165	37696	166	37722	0.003	0	0.003	0.003	227.241	114.923	26	349	
9	9.25	4	3	2	3	125	37721	125	37721	0.003	0	0.003	0.003	301.768	26.0109	261	373	
9	9.25	4	4	1	3	130	37746	129	37697	0.003	0	0.003	0.003	292.225	48.9006	49	317	
9	9.25	4	5	4	3	128	37756	128	37756	0.003	0	0.003	0.003	294.969	38.6741	73	373	
9	9.25	2	6	4	3	128	51139	128	51027	0.003	0	0.003	0.003	398.648	67.7209	113	453	
9	9.25	2	7	5	3	134	50980	134	50980	0.003	0	0.003	0.003	380.448	90.1299	49	469	
9	9.25	2	8	2	3	169	50956	169	51016	0.003	0	0.003	0.003	301.87	125.065	57	421	
9	9.25	2	9	3	3	181	50983	181	50983	0.003	0	0.003	0.003	281.674	147.253	32	437	
9	9.25	2	10	1	3	129	51017	129	51017	0.003	0	0.003	0.003	395.481	68.42	121	485	
9	9.25	3	11	5	3	174	42949	174	42917	0.003	0	0.003	0.003	246.649	133.963	26	349	
9	9.25	3	12	3	3	128	42964	128	42964	0.003	0	0.003	0.003	335.656	52.4722	49	373	
9	9.25	3	13	1	3	137	43121	137	43193	0.003	0	0.003	0.003	315.277	73.6762	73	373	
9	9.25	3	14	4	3	131	42811	131	42811	0.003	0	0.003	0.003	326.802	66.6679	73	373	
9	9.25	3	15	2	3	133	43033	133	43033	0.003	0	0.003	0.003	323.556	76.3506	93	389	
9	9.25	1	16	3	3	156	51068	156	51148	0.003	0	0.003	0.003	327.872	126.448	73	453	
9	9.25	1	17	2	3	129	51093	129	51093	0.003	0	0.003	0.003	396.07	65.9252	49	421	
9	9.25	1	18	4	3	147	51123	147	51059	0.003	0	0.003	0.003	347.34	124.459	57	421	
9	9.25	1	19	5	3	137	51175	137	51175	0.003	0	0.003	0.003	373.54	90.6881	93	485	
9	9.25	1	20	1	3	129	51093	129	51093	0.003	0	0.003	0.003	396.07	65.9252	49	421	
9.25	9.5	4	1	5	3	131	37837	131	37839	0.003	0	0.003	0.003	288.847	59.6222	57	357	
9.25	9.5	4	2	3	3	181	37759	181	37783	0.003	0	0.003	0.003	208.746	114.33	26	325	
9.25	9.5	4	3	2	3	161	37857	160	37812	0.003	0	0.003	0.003	236.325	94.1961	49	317	
9.25	9.5	4	4	1	3	133	37673	134	37666	0.003	0	0.003	0.003	281.09	67.6132	49	317	
9.25	9.5	4	5	4	3	129	37965	129	37965	0.003	0	0.003	0.003	294.302	38.7529	73	373	
9.25	9.5	2	6	4	3	127	51027	127	51027	0.003	0	0.003	0.003	401.787	66.0928	113	453	
9.25	9.5	2	7	5	3	130	50990	130	50942	0.003	0	0.003	0.003	391.862	74.3013	49	469	
9.25	9.5	2	8	2	3	168	50933	169	50986	0.003	0	0.003	0.003	301.692	119.121	57	421	
9.25	9.5	2	9	3	3	178	50984	178	51024	0.003	0	0.003	0.003	286.652	148.705	32	437	
9.25	9.5	2	10	1	3	128	51132	128	51020	0.003	0	0.003	0.003	398.594	66.2999	121	485	
9.25	9.5	3	11	5	3	174	42917	174	42917	0.003	0	0.003	0.003	246.649	131.262	26	373	
9.25	9.5	3	12	3	3	130	43006	129	42957	0.003	0	0.003	0.003	333	56.0134	49	373	
9.25	9.5	3	13	1	3	135	42825	135	42825	0.003	0	0.003	0.003	317.222	67.5161	73	373	
9.25	9.5	3	14	4	3	140	42978	140	42978	0.003	0	0.003	0.003	306.986	77.1915	73	373	
9.25	9.5	3	15	2	3	133	43131	133	43235	0.003	0	0.003	0.003	325.075	74.6509	93	389	
9.25	9.5	1	16	3	3	154	51178	154	51098	0.003	0	0.003	0.003	331.805	120.524	73	453	
9.25	9.5	1	17	2	3	131	51091	131	51139	0.003	0	0.003	0.003	390.374	76.7217	49	421	
9.25	9.5	1	18	4	3	144	51127	144	51127	0.003	0	0.003	0.003	355.049	114.507	57	421	
9.25	9.5	1	19	5	3	139	51163	138	51074	0.003	0	0.003	0.003	370.101	90.9303	93	485	
9.25	9.5	1	20	1	3	131	51043	131	51091	0.003	0	0.003	0.003	390.008	76.6889	49	421	
9.5	9.75	4	1	5	3	142	37808	142	37866	0.003	0	0.003	0.003	266.662	74.2539	55	357	
9.5	9.75	4	2	3	3	132	37824	132	37768	0.003	0	0.003	0.003	286.121	64.0984	26	325	
9.5	9.75	4	3	2	3	153	37789	154	37834	0.003	0	0.003	0.003	245.675	89.945	49	317	
9.5	9.75	4	4	1	3	152	37840	152	37840	0.003	0	0.003	0.003	248.947	89.234	49	317	
9.5	9.75	4	5	4	3	128	37816	128	37816	0.003	0	0.003	0.003	295.437	40.2363	73	373	
9.5	9.75	2	6	4	3	136	51020	136	51132	0.003	0	0.003	0.003	375.971	91.1074	113	453	
9.5	9.75	2	7	5	3	160	50860	160	50908	0.003	0	0.003	0.003	318.175	123.198	49	469	
9.5	9.75	2	8	2	3	161	51241	160	51072	0.003	0	0.003	0.003	319.2	118.161	57	469	
9.5	9.75	2	9	3	3	162	51197	162	51197	0.003	0	0.003	0.003	316.031	140.379	32	469	
9.5	9.75	2	10	1	3	139	50851	139	50963	0.003	0	0.003	0.003	366.64	87.5467	121	485	
9.5	9.75	3	11	5	3	169	42941	170	42943	0.003	0	0.003	0.003	252.606	135.475	26	349	
9.5	9.75	3	12	3	3	133	42985	134	42978	0.003	0	0.003	0.003	320.731	77.9253	49	373	
9.5	9.75	3	13	1	3	129	43028	129	42956	0.003	0	0.003	0.003	332.992	56.977	73	373	
9.5	9.75	3	14	4	3	127	42955	127	43027	0.003	0	0.003	0.003	338.795	48.8749	73	373	
9.5	9.75	3	15	2	3	132	43036	132	43036	0.003	0	0.003	0.003	326.03	75.1014	93	389	
9.5	9.75	1	16	3	3	156	51084	156	51164	0.003	0	0.003	0.003	327.974	122.9	73	453	
9.5	9.75	1	17	2	3	132	51083	132	51035	0.003	0	0.003	0.003	386.629	79.2373	49	421	
9.5	9.75	1	18	4	3	144	51072	144	51136	0.003	0	0.003	0.003	355.111	116.72	57	421	
9.5	9.75	1	19	5	3	138	51170	139	51163	0.003	0	0.003	0.003	368.079	92.0949	93	485	
9.5	9.75	1	20	1	3	129	51141	129	51093	0.003	0	0.003	0.003	396.07	65.9252	49	421	
9.75	10	4	1	5	3	143	37797	143	37737	0.003	0	0.003	0.003	263.895	77.2516	57	357	
9.75	10	4	2	3	3	147	37614	147	37646	0.003	0	0.003	0.003	256.095	95.7347	26	325	
9.75	10	4	3	2	3	146	37950	146	37950	0.003	0	0.003	0.003	259.932	80.8156	49	317	
9.75	10	4	4	1	3	141	37928	141	37984	0.003	0	0.003	0.003	269.39	77.8175	49	317	
9.75	10	4	5	4	3	127	37891	127	37819	0.003	0	0.003	0.003	297.787	31.7971	149	373	
9.75	10	2	6	4	3	135	51147	135	51035	0.003	0	0.003	0.003	378.037	84.0099	113	453	
9.75	10	2	7	5	3	160	51167	160	51223	0.00304375	0.000553399	0.003	0.01	320.144	119.328	49	573	
9.75	10	2	8	2	3	153	51041	153	51217	0.003	0	0.003	0.003	334.752	113.242	57	469	
9.75	10	2	9	3	3	174	50885	174	50797	0.003	0	0.003	0.003	291.937	136.873	32	437	
9.75	10	2	10	1	3	136	51136	136	51024	0.003	0	0.003	0.003	375.176	84.5238	121	485	
9.75	10	3	11	5	3	165	42943	165	42943	0.003	0	0.003	0.003	260.261	131.261	26	349	
9.75	10	3	12	3	3	131	42943	131	42999	0.003	0	0.003	0.003	328.237	67.19	49	373	
9.75	10	3	13	1	3	129	43029	129	43029	0.003	0	0.003	0.003	333.558	58.5806	73	373	
9.75	10	3	14	4	3	129	43029	129	42957	0.003	0	0.003	0.003	333	58.5449	73	373	
9.75	10	3	15	2	3	133	43025	133	43025	0.003	0	0.003	0.003	323.496	77.3635	93	389	
9.75	10	1	16	3	3	160	51124	159	51051	0.003	0	0.003	0.003	321.075	127.713	73	453	
9.75	10	1	17	2	3	132	51090	132	51138	0.003	0	0.003	0.003	387.409	81.9617	49	421	
9.75	10	1	18	4	3	142	51158	142	51094	0.003	0	0.003	0.003	359.817	114.379	57	421	
9.75	10	1	19	5	3	139	51069	139	51165	0.003	0	0.003	0.003	368.094	93.642	91	485	
9.75	10	1	20	1	3	128	51092	128	51092	0.003	0	0.003	0.003	399.156	58.5061	49	421	
