% start	end	CellId	IMSI	RNTI	LCID	nTxPDUs	TxBytes	nRxPDUs	RxBytes	delay	stdDev	min	max	PduSize	stdDev	min	max
0.5	0.75	4	1	3	3	120	69742	119	69169	0.00370588	0.0030763	0.003	0.017	581.252	143.453	93	1383	
0.5	0.75	4	2	1	3	133	69727	132	69242	0.00363636	0.00292729	0.003	0.017	524.561	152.726	93	1095	
0.5	0.75	4	3	2	3	111	70660	110	69821	0.003	0	0.003	0.003	634.736	159.169	277	1095	
0.5	0.75	4	4	5	3	123	69729	122	69196	0.00368852	0.00303991	0.003	0.017	567.18	124.784	73	1095	
0.5	0.75	4	5	4	3	158	69731	151	63068	0.003	0	0.003	0.003	417.669	207.073	49	839	
0.5	0.75	2	6	5	3	124	50468	123	50079	0.00368293	0.00302806	0.003	0.017	407.146	191.912	93	1095	
0.5	0.75	2	7	1	3	126	50321	119	45116	0.003	0	0.003	0.003	379.126	132.82	32	621	
0.5	0.75	2	8	2	3	117	50758	116	50473	0.00360345	0.00270227	0.003	0.017	435.112	182.872	93	1095	
0.5	0.75	2	9	4	3	109	50606	108	50233	0.00351852	0.00184179	0.003	0.01	465.12	161.81	121	1095	
0.5	0.75	2	10	3	3	133	50539	126	44604	0.003	0	0.003	0.003	354	153.212	32	621	
0.5	0.75	3	11	5	3	119	98601	118	98004	0.00323729	0.00127217	0.003	0.01	830.542	256.66	201	1908	
0.5	0.75	3	12	1	3	115	98957	114	98118	0.003	0	0.003	0.003	860.684	264.865	277	1908	
0.5	0.75	3	13	3	3	122	98542	121	97793	0.00328926	0.00139904	0.003	0.01	808.207	206.361	293	1692	
0.5	0.75	3	14	2	3	119	98664	118	97915	0.00323729	0.00127217	0.003	0.01	829.788	177.076	453	1692	
0.5	0.75	3	15	4	3	205	98043	201	92725	0.003	0	0.003	0.003	461.318	229.984	49	1692	
0.5	0.75	1	16	4	3	120	61148	119	60615	0.00370588	0.0030763	0.003	0.017	509.37	142.039	73	1095	
0.5	0.75	1	17	3	3	118	60770	117	60317	0.00371795	0.0031013	0.003	0.017	515.53	139.429	73	1383	
0.5	0.75	1	18	5	3	123	61075	116	55060	0.003	0	0.003	0.003	474.655	116.306	101	839	
0.5	0.75	1	19	1	3	120	60929	119	60476	0.00341176	0.00165402	0.003	0.01	508.202	170.962	145	1383	
0.5	0.75	1	20	2	3	124	60907	123	60374	0.00368293	0.00302806	0.003	0.017	490.846	158.764	73	1056	
0.75	1	4	1	3	3	128	70524	128	70524	0.003	0	0.003	0.003	550.969	74.6983	93	669	
0.75	1	4	2	1	3	140	70608	140	70520	0.003	0	0.003	0.003	503.714	136.004	93	669	
0.75	1	4	3	2	3	123	70717	123	70717	0.003	0	0.003	0.003	574.935	83.0942	549	839	
0.75	1	4	4	5	3	127	70523	127	70523	0.003	0	0.003	0.003	555.299	56.9857	149	597	
0.75	1	4	5	4	3	171	70444	171	70484	0.003	0	0.003	0.003	412.187	209.276	49	621	
0.75	1	2	6	5	3	136	50248	136	50152	0.003	0	0.003	0.003	368.765	79.4287	93	485	
0.75	1	2	7	1	3	163	50054	163	50099	0.003	0	0.003	0.003	307.356	126.07	32	469	
0.75	1	2	8	2	3	138	49782	138	49678	0.003	0	0.003	0.003	359.986	84.62	93	485	
0.75	1	2	9	4	3	134	49978	134	49866	0.003	0	0.003	0.003	372.134	75.9713	121	485	
0.75	1	2	10	3	3	178	49726	177	49806	0.003	0	0.003	0.003	281.39	127.787	32	469	
0.75	1	3	11	5	3	138	97888	138	97678	0.003	0	0.003	0.003	707.812	161.374	199	999	
0.75	1	3	12	1	3	131	98073	131	98073	0.003	0	0.003	0.003	748.649	147.326	277	839	
0.75	1	3	13	3	3	141	97829	141	97829	0.003	0	0.003	0.003	693.823	175.906	145	903	
0.75	1	3	14	2	3	138	97886	137	97745	0.003	0	0.003	0.003	713.467	152.806	145	903	
0.75	1	3	15	4	3	178	97692	178	97782	0.003	0	0.003	0.003	549.337	274.5	49	839	
0.75	1	1	16	4	3	136	61032	136	61032	0.003	0	0.003	0.003	448.765	117.916	73	533	
0.75	1	1	17	3	3	135	61275	135	61275	0.003	0	0.003	0.003	453.889	114.523	73	533	
0.75	1	1	18	5	3	133	61313	133	61249	0.003	0	0.003	0.003	460.519	103.698	49	573	
0.75	1	1	19	1	3	127	61355	127	61355	0.003	0	0.003	0.003	483.11	70.7149	293	597	
0.75	1	1	20	2	3	138	61462	138	61542	0.003	0	0.003	0.003	445.957	117.852	73	533	
1	1.25	4	1	3	3	136	70756	135	70751	0.003	0	0.003	0.003	524.081	118.001	93	669	
1	1.25	4	2	1	3	137	70205	137	70205	0.003	0	0.003	0.003	512.445	129.733	93	669	
1	1.25	4	3	2	3	125	70691	125	70981	0.003	0	0.003	0.003	567.848	87.2779	277	839	
1	1.25	4	4	5	3	126	70474	126	70474	0.003	0	0.003	0.003	559.317	54.1106	73	597	
1	1.25	4	5	4	3	178	70498	178	70458	0.003	0	0.003	0.003	395.831	204.211	49	573	
1	1.25	2	6	5	3	141	49685	141	49781	0.003	0	0.003	0.003	353.057	89.2918	93	485	
1	1.25	2	7	1	3	168	49862	169	49934	0.003	0	0.003	0.003	295.467	134.584	32	437	
1	1.25	2	8	2	3	143	50175	143	50175	0.003	0	0.003	0.003	350.874	86.076	93	485	
1	1.25	2	9	4	3	133	49873	133	49985	0.003	0	0.003	0.003	375.827	68.0353	121	485	
1	1.25	2	10	3	3	172	49961	172	49804	0.003	0	0.003	0.003	289.558	136.171	32	437	
1	1.25	3	11	5	3	138	98016	138	98016	0.003	0	0.003	0.003	710.261	160.648	201	999	
1	1.25	3	12	1	3	134	97980	133	97721	0.003	0	0.003	0.003	734.744	151.611	277	839	
1	1.25	3	13	3	3	136	98020	136	98020	0.003	0	0.003	0.003	720.735	171.387	145	903	
1	1.25	3	14	2	3	133	97891	134	98032	0.003	0	0.003	0.003	731.582	153.419	145	903	
1	1.25	3	15	4	3	196	97830	196	97830	0.003	0	0.003	0.003	499.133	294.391	49	839	
1	1.25	1	16	4	3	152	61376	152	61456	0.003	0	0.003	0.003	404.316	145.945	73	533	
1	1.25	1	17	3	3	139	61401	138	61176	0.003	0	0.003	0.003	443.304	116.361	73	533	
1	1.25	1	18	5	3	145	60933	145	61149	0.00304827	0.000581318	0.003	0.01	421.717	131.496	49	693	
1	1.25	1	19	1	3	130	61346	130	61202	0.003	0	0.003	0.003	470.785	81.7484	145	597	
1	1.25	1	20	2	3	139	61231	139	61151	0.003	0	0.003	0.003	439.935	121.457	73	597	
1.25	1.5	4	1	3	3	141	70235	142	70240	0.003	0	0.003	0.003	494.648	141.931	93	669	
1.25	1.5	4	2	1	3	133	70757	133	70757	0.003	0	0.003	0.003	532.008	109.563	93	669	
1.25	1.5	4	3	2	3	126	70696	126	70696	0.003	0	0.003	0.003	561.079	90.9704	277	839	
1.25	1.5	4	4	5	3	128	70476	128	70476	0.003	0	0.003	0.003	550.594	71.2725	73	597	
1.25	1.5	4	5	4	3	181	70433	180	70424	0.003	0	0.003	0.003	391.244	206.994	49	621	
1.25	1.5	2	6	5	3	138	50214	138	50214	0.003	0	0.003	0.003	363.87	77.3216	93	485	
1.25	1.5	2	7	1	3	173	49911	173	49871	0.003	0	0.003	0.003	288.272	136.54	32	437	
1.25	1.5	2	8	2	3	136	49736	136	49736	0.003	0	0.003	0.003	365.706	80.5932	93	485	
1.25	1.5	2	9	4	3	142	50162	141	50053	0.003	0	0.003	0.003	354.986	85.3746	121	485	
1.25	1.5	2	10	3	3	170	49797	171	49874	0.003	0	0.003	0.003	291.661	131.791	32	437	
1.25	1.5	3	11	5	3	135	98035	135	98035	0.003	0	0.003	0.003	726.185	161.031	201	999	
1.25	1.5	3	12	1	3	135	97967	136	98226	0.003	0	0.003	0.003	722.25	157.817	277	839	
1.25	1.5	3	13	3	3	135	97733	135	97733	0.003	0	0.003	0.003	723.948	158.611	145	903	
1.25	1.5	3	14	2	3	137	97737	136	97744	0.003	0	0.003	0.003	718.706	152.974	145	903	
1.25	1.5	3	15	4	3	198	97770	198	97744	0.00303535	0.000497468	0.003	0.01	493.657	285.158	47	839	
1.25	1.5	1	16	4	3	145	61265	145	61265	0.003	0	0.003	0.003	422.517	131.227	73	533	
1.25	1.5	1	17	3	3	133	61057	134	61282	0.003	0	0.003	0.003	457.328	101.277	73	533	
1.25	1.5	1	18	5	3	140	61472	140	61256	0.00305	0.000591608	0.003	0.01	437.543	129.907	49	693	
1.25	1.5	1	19	1	3	131	61225	131	61369	0.003	0	0.003	0.003	468.466	90.0454	145	597	
1.25	1.5	1	20	2	3	140	61004	140	61004	0.003	0	0.003	0.003	435.743	128.85	73	533	
1.5	1.75	4	1	3	3	129	70525	129	70525	0.003	0	0.003	0.003	546.705	89.046	93	669	
1.5	1.75	4	2	1	3	139	70461	139	70461	0.003	0	0.003	0.003	506.914	143.388	91	573	
1.5	1.75	4	3	2	3	125	70691	125	70691	0.003	0	0.003	0.003	565.528	83.797	277	839	
1.5	1.75	4	4	5	3	126	70471	126	70471	0.003	0	0.003	0.003	559.294	54.1132	73	597	
1.5	1.75	4	5	4	3	175	70471	175	70471	0.003	0	0.003	0.003	402.691	212.54	49	573	
1.5	1.75	2	6	5	3	137	49669	137	49669	0.003	0	0.003	0.003	362.547	74.1925	93	485	
1.5	1.75	2	7	1	3	171	49678	171	49678	0.003	0	0.003	0.003	290.515	136.23	32	437	
1.5	1.75	2	8	2	3	137	50101	137	50101	0.003	0	0.003	0.003	365.701	83.1156	93	485	
1.5	1.75	2	9	4	3	139	49938	140	50047	0.003	0	0.003	0.003	357.479	87.7082	120	485	
1.5	1.75	2	10	3	3	180	50095	179	50060	0.003	0	0.003	0.003	279.665	137.013	32	437	
1.5	1.75	3	11	5	3	131	97431	131	97431	0.003	0	0.003	0.003	743.748	137.542	201	999	
1.5	1.75	3	12	1	3	137	98213	137	98213	0.003	0	0.003	0.003	716.883	162.087	277	839	
1.5	1.75	3	13	3	3	133	97859	133	97859	0.003	0	0.003	0.003	735.782	138.11	145	903	
1.5	1.75	3	14	2	3	144	97970	145	97963	0.003	0	0.003	0.003	675.607	201.786	145	903	
1.5	1.75	3	15	4	3	187	97904	186	97901	0.00303763	0.000513265	0.003	0.01	526.349	295.712	48	839	
1.5	1.75	1	16	4	3	140	61000	140	60920	0.003	0	0.003	0.003	435.143	125.597	73	597	
1.5	1.75	1	17	3	3	140	61468	140	61388	0.003	0	0.003	0.003	438.486	128.112	73	533	
1.5	1.75	1	18	5	3	140	60952	140	61016	0.00305	0.000591608	0.003	0.01	435.829	128.881	49	693	
1.5	1.75	1	19	1	3	135	61511	135	61511	0.003	0	0.003	0.003	455.637	97.2778	145	597	
1.5	1.75	1	20	2	3	143	61431	143	61511	0.003	0	0.003	0.003	430.147	134.545	73	533	
1.75	2	4	1	3	3	130	70632	129	70527	0.003	0	0.003	0.003	546.721	86.3839	93	669	
1.75	2	4	2	1	3	138	70494	137	70485	0.003	0	0.003	0.003	514.489	128.01	93	573	
1.75	2	4	3	2	3	126	70658	126	70658	0.003	0	0.003	0.003	560.778	75.8522	277	839	
1.75	2	4	4	5	3	128	70470	128	70470	0.003	0	0.003	0.003	550.547	68.7573	149	597	
1.75	2	4	5	4	3	175	70435	176	70484	0.003	0	0.003	0.003	400.477	211.123	49	621	
1.75	2	2	6	5	3	141	49929	141	49929	0.003	0	0.003	0.003	354.106	82.6243	93	485	
1.75	2	2	7	1	3	174	49921	173	49886	0.003	0	0.003	0.003	288.358	133.822	32	437	
1.75	2	2	8	2	3	138	49994	138	49994	0.003	0	0.003	0.003	362.275	85.4959	93	485	
1.75	2	2	9	4	3	135	49717	135	49717	0.003	0	0.003	0.003	368.274	76.0666	121	485	
1.75	2	2	10	3	3	172	49854	173	49889	0.003	0	0.003	0.003	288.376	136.571	32	437	
1.75	2	3	11	5	3	137	98571	137	98571	0.003	0	0.003	0.003	719.496	168.283	201	999	
1.75	2	3	12	1	3	134	97762	134	97762	0.003	0	0.003	0.003	729.567	167.195	277	839	
1.75	2	3	13	3	3	139	97967	139	97967	0.003	0	0.003	0.003	704.799	181.122	145	903	
1.75	2	3	14	2	3	135	98019	135	97865	0.003	0	0.003	0.003	724.926	169.002	145	903	
1.75	2	3	15	4	3	213	97755	213	97791	0.003	0	0.003	0.003	459.113	300.55	49	839	
1.75	2	1	16	4	3	134	61410	134	61490	0.003	0	0.003	0.003	458.881	95.5222	73	597	
1.75	2	1	17	3	3	146	61186	145	60965	0.003	0	0.003	0.003	420.448	132.3	73	533	
1.75	2	1	18	5	3	145	61153	145	61249	0.00309655	0.000819249	0.003	0.01	422.407	141.259	49	693	
1.75	2	1	19	1	3	128	61040	128	61040	0.003	0	0.003	0.003	476.875	74.6426	293	597	
1.75	2	1	20	2	3	141	61143	141	61143	0.003	0	0.003	0.003	433.638	132.233	73	533	
2	2.25	4	1	3	3	131	70351	132	70456	0.003	0	0.003	0.003	533.758	104.574	93	669	
2	2.25	4	2	1	3	145	70573	146	70582	0.003	0	0.003	0.003	483.438	149.074	93	573	
2	2.25	4	3	2	3	125	70727	125	70727	0.003	0	0.003	0.003	565.816	97.7855	277	839	
2	2.25	4	4	5	3	129	70557	129	70493	0.003	0	0.003	0.003	546.457	86.6602	73	597	
2	2.25	4	5	4	3	173	70491	173	70491	0.003	0	0.003	0.003	407.462	211.243	49	573	
2	2.25	2	6	5	3	144	50172	144	50172	0.003	0	0.003	0.003	348.417	87.6279	93	485	
2	2.25	2	7	1	3	163	49876	164	49951	0.003	0	0.003	0.003	304.579	126.334	32	437	
2	2.25	2	8	2	3	137	49717	137	49717	0.003	0	0.003	0.003	362.898	80.4649	93	485	
2	2.25	2	9	4	3	141	50196	140	49955	0.003	0	0.003	0.003	356.821	85.8148	121	485	
2	2.25	2	10	3	3	168	49914	168	49914	0.003	0	0.003	0.003	297.107	130.609	30	437	
2	2.25	3	11	5	3	132	98004	131	98013	0.003	0	0.003	0.003	748.191	134.146	201	999	
2	2.25	3	12	1	3	135	98565	135	98565	0.003	0	0.003	0.003	730.111	159.913	277	839	
2	2.25	3	13	3	3	131	98078	131	98078	0.003	0	0.003	0.003	748.687	132.014	145	903	
2	2.25	3	14	2	3	129	98056	129	98210	0.003	0	0.003	0.003	761.318	124.459	145	903	
2	2.25	3	15	4	3	211	97993	212	97960	0.003	0	0.003	0.003	462.075	301.733	49	839	
2	2.25	1	16	4	3	150	61238	149	61165	0.003	0	0.003	0.003	410.503	145.777	73	533	
2	2.25	1	17	3	3	135	60963	136	61264	0.003	0	0.003	0.003	450.471	108.259	73	533	
2	2.25	1	18	5	3	147	61195	147	61099	0.003	0	0.003	0.003	415.639	143.573	49	533	
2	2.25	1	19	1	3	131	61519	131	61519	0.003	0	0.003	0.003	469.611	86.8236	145	597	
2	2.25	1	20	2	3	142	61290	142	61210	0.003	0	0.003	0.003	431.056	125.407	73	533	
2.25	2.5	4	1	3	3	132	70836	132	70836	0.003	0	0.003	0.003	536.636	105.116	93	669	
2.25	2.5	4	2	1	3	137	70173	137	70261	0.003	0	0.003	0.003	512.854	133.559	93	573	
2.25	2.5	4	3	2	3	123	70735	123	70735	0.003	0	0.003	0.003	575.081	90.5138	277	839	
2.25	2.5	4	4	5	3	128	70428	128	70492	0.003	0	0.003	0.003	550.719	80.7488	73	597	
2.25	2.5	4	5	4	3	179	70507	178	70406	0.003	0	0.003	0.003	395.539	212.637	49	573	
2.25	2.5	2	6	5	3	139	50013	139	49917	0.003	0	0.003	0.003	359.115	80.2932	93	485	
2.25	2.5	2	7	1	3	167	49880	167	49840	0.003	0	0.003	0.003	298.443	133.463	32	437	
2.25	2.5	2	8	2	3	136	49968	136	49968	0.003	0	0.003	0.003	367.412	77.3215	93	485	
2.25	2.5	2	9	4	3	140	49732	141	50105	0.003	0	0.003	0.003	355.355	84.1347	121	485	
2.25	2.5	2	10	3	3	178	49891	178	49843	0.003	0	0.003	0.003	280.017	137.204	32	469	
2.25	2.5	3	11	5	3	135	97617	136	97608	0.003	0	0.003	0.003	717.706	157.771	201	999	
2.25	2.5	3	12	1	3	134	97980	134	97980	0.003	0	0.003	0.003	731.194	152.438	277	839	
2.25	2.5	3	13	3	3	133	97747	133	97747	0.003	0	0.003	0.003	734.94	143.016	145	903	
2.25	2.5	3	14	2	3	135	97735	135	97735	0.003	0	0.003	0.003	723.963	158.77	145	903	
2.25	2.5	3	15	4	3	213	97845	212	97842	0.00303302	0.000480762	0.003	0.01	461.519	278.168	49	839	
2.25	2.5	1	16	4	3	129	61010	130	61003	0.003	0	0.003	0.003	469.254	84.3461	73	533	
2.25	2.5	1	17	3	3	141	61465	141	61465	0.003	0	0.003	0.003	435.922	125.843	73	533	
2.25	2.5	1	18	5	3	147	61488	147	61424	0.00304762	0.00057735	0.003	0.01	417.85	134.118	49	693	
2.25	2.5	1	19	1	3	131	61055	131	61215	0.003	0	0.003	0.003	467.29	87.4529	145	597	
2.25	2.5	1	20	2	3	138	60930	138	60930	0.003	0	0.003	0.003	441.522	113.796	73	533	
2.5	2.75	4	1	3	3	139	70499	139	70499	0.003	0	0.003	0.003	507.187	126.529	93	669	
2.5	2.75	4	2	1	3	139	70491	139	70491	0.003	0	0.003	0.003	507.129	135.872	93	669	
2.5	2.75	4	3	2	3	125	70979	125	70979	0.003	0	0.003	0.003	567.832	87.3318	275	839	
2.5	2.75	4	4	5	3	136	70794	136	70730	0.003	0	0.003	0.003	520.074	109.981	73	597	
2.5	2.75	4	5	4	3	177	70121	178	70182	0.003	0	0.003	0.003	394.281	202.477	49	573	
2.5	2.75	2	6	5	3	141	49909	141	49909	0.003	0	0.003	0.003	353.965	86.7191	93	485	
2.5	2.75	2	7	1	3	158	49862	158	49902	0.003	0	0.003	0.003	315.835	132.297	32	437	
2.5	2.75	2	8	2	3	133	49897	133	49897	0.003	0	0.003	0.003	375.165	64.9839	193	485	
2.5	2.75	2	9	4	3	143	49927	143	49795	0.003	0	0.003	0.003	348.217	87.4712	121	485	
2.5	2.75	2	10	3	3	184	49908	184	49908	0.003	0	0.003	0.003	271.239	138.501	32	437	
2.5	2.75	3	11	5	3	137	98325	137	98325	0.003	0	0.003	0.003	717.701	159.235	201	999	
2.5	2.75	3	12	1	3	132	97734	132	97734	0.003	0	0.003	0.003	740.409	146.113	277	839	
2.5	2.75	3	13	3	3	137	97861	137	97861	0.003	0	0.003	0.003	714.314	161.412	145	903	
2.5	2.75	3	14	2	3	134	97874	134	97874	0.003	0	0.003	0.003	730.403	163.565	145	903	
2.5	2.75	3	15	4	3	199	97751	199	97735	0.003	0	0.003	0.003	491.131	280.627	49	839	
2.5	2.75	1	16	4	3	142	61212	142	61212	0.003	0	0.003	0.003	431.07	125.065	73	533	
2.5	2.75	1	17	3	3	138	60935	138	60935	0.003	0	0.003	0.003	441.558	114.532	73	533	
2.5	2.75	1	18	5	3	148	61132	148	61196	0.00309459	0.000810961	0.003	0.01	413.486	143.724	49	693	
2.5	2.75	1	19	1	3	133	61349	133	61189	0.003	0	0.003	0.003	460.068	93.9566	145	597	
2.5	2.75	1	20	2	3	137	61481	137	61481	0.003	0	0.003	0.003	448.766	105.704	73	533	
2.75	3	4	1	3	3	130	70438	130	70438	0.003	0	0.003	0.003	541.831	94.2893	93	669	
2.75	3	4	2	1	3	139	70542	139	70454	0.003	0	0.003	0.003	506.863	131.444	93	573	
2.75	3	4	3	2	3	125	70673	125	70673	0.003	0	0.003	0.003	565.384	75.841	277	839	
2.75	3	4	4	5	3	127	70483	127	70483	0.003	0	0.003	0.003	554.984	68.9714	73	597	
2.75	3	4	5	4	3	183	70459	183	70499	0.003	0	0.003	0.003	385.24	213.348	49	621	
2.75	3	2	6	5	3	143	49979	143	49979	0.003	0	0.003	0.003	349.503	90.7917	93	485	
2.75	3	2	7	1	3	163	49904	163	49864	0.003	0	0.003	0.003	305.914	130.017	32	437	
2.75	3	2	8	2	3	143	49967	143	49967	0.003	0	0.003	0.003	349.42	86.3634	93	485	
2.75	3	2	9	4	3	134	49996	134	50128	0.003	0	0.003	0.003	374.09	74.2751	119	485	
2.75	3	2	10	3	3	172	49898	172	49898	0.003	0	0.003	0.003	290.105	137.227	32	437	
2.75	3	3	11	5	3	135	97965	135	97965	0.003	0	0.003	0.003	725.667	148.748	201	999	
2.75	3	3	12	1	3	134	97946	134	98236	0.003	0	0.003	0.003	733.104	155.375	277	1095	
2.75	3	3	13	3	3	134	97880	134	97880	0.003	0	0.003	0.003	730.448	145.702	145	903	
2.75	3	3	14	2	3	136	97868	135	97723	0.003	0	0.003	0.003	723.874	153.155	145	903	
2.75	3	3	15	4	3	200	97790	200	97790	0.00307	0.000698239	0.003	0.01	488.95	298.566	49	839	
2.75	3	1	16	4	3	147	61395	147	61475	0.00304762	0.00057735	0.003	0.01	418.197	147.732	73	749	
2.75	3	1	17	3	3	134	61200	134	61200	0.003	0	0.003	0.003	456.716	106.084	73	533	
2.75	3	1	18	5	3	141	61133	140	61020	0.003	0	0.003	0.003	435.857	136.052	49	533	
2.75	3	1	19	1	3	132	61226	132	61226	0.003	0	0.003	0.003	463.833	92.5764	145	597	
2.75	3	1	20	2	3	127	61171	127	61251	0.003	0	0.003	0.003	482.291	65.3584	73	533	
3	3.25	4	1	3	3	133	70189	133	70277	0.003	0	0.003	0.003	528.398	115.923	93	669	
3	3.25	4	2	1	3	141	70813	141	70813	0.003	0	0.003	0.003	502.22	134.856	93	669	
3	3.25	4	3	2	3	126	70696	126	70696	0.003	0	0.003	0.003	561.079	90.9704	277	839	
3	3.25	4	4	5	3	129	70421	129	70421	0.003	0	0.003	0.003	545.899	82.2865	73	597	
3	3.25	4	5	4	3	183	70455	183	70415	0.003	0	0.003	0.003	384.781	209.908	49	621	
3	3.25	2	6	5	3	141	49820	141	49916	0.003	0	0.003	0.003	354.014	85.7801	93	485	
3	3.25	2	7	1	3	163	49845	163	49845	0.003	0	0.003	0.003	305.798	135.211	32	437	
3	3.25	2	8	2	3	135	50151	135	50151	0.003	0	0.003	0.003	371.489	69.8602	93	485	
3	3.25	2	9	4	3	139	49967	139	49835	0.003	0	0.003	0.003	358.525	83.7254	121	485	
3	3.25	2	10	3	3	183	49847	182	49858	0.003	0	0.003	0.003	273.945	137.301	32	437	
3	3.25	3	11	5	3	141	97815	140	97812	0.003	0	0.003	0.003	698.657	169.144	201	999	
3	3.25	3	12	1	3	135	98547	135	98257	0.003	0	0.003	0.003	727.83	156.818	277	839	
3	3.25	3	13	3	3	133	97862	133	97862	0.003	0	0.003	0.003	735.805	141.913	145	903	
3	3.25	3	14	2	3	142	97842	143	97987	0.003	0	0.003	0.003	685.224	188.705	145	903	
3	3.25	3	15	4	3	195	97759	195	97755	0.003	0	0.003	0.003	501.308	291.792	49	839	
3	3.25	1	16	4	3	150	61162	150	61082	0.003	0	0.003	0.003	407.213	149.11	73	533	
3	3.25	1	17	3	3	148	61168	148	61168	0.003	0	0.003	0.003	413.297	143.92	73	533	
3	3.25	1	18	5	3	146	61190	147	61303	0.00314286	0.000993127	0.003	0.01	417.027	147.847	49	693	
3	3.25	1	19	1	3	134	61216	134	61216	0.003	0	0.003	0.003	456.836	96.6121	145	597	
3	3.25	1	20	2	3	150	60926	150	60846	0.003	0	0.003	0.003	405.64	144.544	73	533	
3.25	3.5	4	1	3	3	139	70551	139	70463	0.003	0	0.003	0.003	506.928	143.346	93	573	
3.25	3.5	4	2	1	3	130	70434	130	70434	0.003	0	0.003	0.003	541.8	96.7098	93	669	
3.25	3.5	4	3	2	3	125	70691	125	70691	0.003	0	0.003	0.003	565.528	83.797	277	839	
3.25	3.5	4	4	5	3	125	70465	125	70529	0.003	0	0.003	0.003	564.232	32.1195	533	597	
3.25	3.5	4	5	4	3	175	70495	174	70486	0.003	0	0.003	0.003	405.092	210.188	49	573	
3.25	3.5	2	6	5	3	135	49955	135	49955	0.003	0	0.003	0.003	370.037	71.6742	93	485	
3.25	3.5	2	7	1	3	181	49930	181	49882	0.003	0	0.003	0.003	275.591	138.136	32	437	
3.25	3.5	2	8	2	3	140	49736	140	49736	0.003	0	0.003	0.003	355.257	85.9971	93	485	
3.25	3.5	2	9	4	3	137	50125	137	50125	0.003	0	0.003	0.003	365.876	80.4454	121	485	
3.25	3.5	2	10	3	3	166	49844	166	49889	0.003	0	0.003	0.003	300.536	131.285	32	437	
3.25	3.5	3	11	5	3	142	97884	143	98097	0.003	0	0.003	0.003	685.993	164.025	201	999	
3.25	3.5	3	12	1	3	132	98024	132	98024	0.003	0	0.003	0.003	742.606	145.392	277	839	
3.25	3.5	3	13	3	3	135	97838	135	97838	0.003	0	0.003	0.003	724.726	164.079	145	903	
3.25	3.5	3	14	2	3	142	97780	142	97780	0.003	0	0.003	0.003	688.592	178.019	145	903	
3.25	3.5	3	15	4	3	185	97733	186	97692	0.003	0	0.003	0.003	525.226	287.146	49	839	
3.25	3.5	1	16	4	3	133	61209	133	61209	0.003	0	0.003	0.003	460.218	105.467	73	533	
3.25	3.5	1	17	3	3	146	61181	146	61181	0.003	0	0.003	0.003	419.048	142.025	73	533	
3.25	3.5	1	18	5	3	137	61197	137	61197	0.003	0	0.003	0.003	446.693	122.999	49	533	
3.25	3.5	1	19	1	3	131	61383	131	61239	0.003	0	0.003	0.003	467.473	91.1836	145	597	
3.25	3.5	1	20	2	3	142	61218	142	61298	0.003	0	0.003	0.003	431.676	135.119	73	533	
3.5	3.75	4	1	3	3	141	70785	141	70785	0.003	0	0.003	0.003	502.021	136.083	93	573	
3.5	3.75	4	2	1	3	130	70249	130	70249	0.003	0	0.003	0.003	540.377	95.1167	93	669	
3.5	3.75	4	3	2	3	126	70678	126	70678	0.003	0	0.003	0.003	560.937	83.752	277	839	
3.5	3.75	4	4	5	3	130	70554	130	70490	0.003	0	0.003	0.003	542.231	89.95	73	597	
3.5	3.75	4	5	4	3	174	70426	175	70475	0.003	0	0.003	0.003	402.714	210.349	49	621	
3.5	3.75	2	6	5	3	141	50013	141	49917	0.003	0	0.003	0.003	354.021	85.9135	93	485	
3.5	3.75	2	7	1	3	172	50083	172	50083	0.003	0	0.003	0.003	291.18	132.96	32	437	
3.5	3.75	2	8	2	3	140	49907	140	49907	0.003	0	0.003	0.003	356.479	83.1507	93	485	
3.5	3.75	2	9	4	3	134	49698	134	49698	0.003	0	0.003	0.003	370.881	72.4741	121	485	
3.5	3.75	2	10	3	3	172	49721	173	49753	0.003	0	0.003	0.003	287.59	135.141	32	437	
3.5	3.75	3	11	5	3	135	98199	134	97602	0.003	0	0.003	0.003	728.373	154.536	201	999	
3.5	3.75	3	12	1	3	137	97923	137	98213	0.003	0	0.003	0.003	716.883	162.087	277	839	
3.5	3.75	3	13	3	3	134	97902	134	97902	0.003	0	0.003	0.003	730.612	157.849	145	903	
3.5	3.75	3	14	2	3	131	98049	131	98049	0.003	0	0.003	0.003	748.466	136.56	145	903	
3.5	3.75	3	15	4	3	198	97875	197	97972	0.003	0	0.003	0.003	497.32	296.214	49	839	
3.5	3.75	1	16	4	3	139	61160	139	61240	0.003	0	0.003	0.003	440.576	127.836	73	533	
3.5	3.75	1	17	3	3	131	61451	131	61451	0.003	0	0.003	0.003	469.092	90.1615	73	533	
3.5	3.75	1	18	5	3	145	60949	145	61045	0.00304827	0.000581318	0.003	0.01	421	133.771	49	621	
3.5	3.75	1	19	1	3	133	61217	133	61361	0.003	0	0.003	0.003	461.361	94.5759	145	597	
3.5	3.75	1	20	2	3	142	61462	141	61161	0.003	0	0.003	0.003	433.766	127.81	73	533	
3.75	4	4	1	3	3	143	70199	143	70287	0.003	0	0.003	0.003	491.517	147.2	93	573	
3.75	4	4	2	1	3	130	70818	130	70818	0.003	0	0.003	0.003	544.754	89.141	93	669	
3.75	4	4	3	2	3	125	70709	125	70709	0.003	0	0.003	0.003	565.672	91.0604	277	839	
3.75	4	4	4	5	3	127	70475	127	70475	0.003	0	0.003	0.003	554.921	63.5337	73	597	
3.75	4	4	5	4	3	173	70477	173	70437	0.003	0	0.003	0.003	407.15	211.882	49	573	
3.75	4	2	6	5	3	143	49703	143	49903	0.003	0	0.003	0.003	348.972	90.0097	93	485	
3.75	4	2	7	1	3	175	49868	175	49868	0.003	0	0.003	0.003	284.96	135.865	32	437	
3.75	4	2	8	2	3	143	50191	143	50095	0.003	0	0.003	0.003	350.315	83.7122	93	485	
3.75	4	2	9	4	3	139	49947	139	50079	0.003	0	0.003	0.003	360.281	83.8014	121	485	
3.75	4	2	10	3	3	163	49880	163	49792	0.003	0	0.003	0.003	305.472	137.147	32	437	
3.75	4	3	11	5	3	141	97807	142	98194	0.003	0	0.003	0.003	691.507	176.4	201	999	
3.75	4	3	12	1	3	136	97990	136	97700	0.003	0	0.003	0.003	718.382	168.843	277	839	
3.75	4	3	13	3	3	140	97856	139	97715	0.003	0	0.003	0.003	702.986	168.669	145	903	
3.75	4	3	14	2	3	134	97718	134	97718	0.003	0	0.003	0.003	729.239	160.861	145	903	
3.75	4	3	15	4	3	188	97666	189	97659	0.003	0	0.003	0.003	516.714	281.305	49	839	
3.75	4	1	16	4	3	129	61085	129	61085	0.003	0	0.003	0.003	473.527	83.4766	73	533	
3.75	4	1	17	3	3	135	61275	135	61275	0.003	0	0.003	0.003	453.889	114.523	73	533	
3.75	4	1	18	5	3	134	61284	134	61124	0.003	0	0.003	0.003	456.149	111.526	49	533	
3.75	4	1	19	1	3	133	61533	133	61533	0.003	0	0.003	0.003	462.654	95.1734	145	597	
3.75	4	1	20	2	3	145	61281	146	61502	0.003	0	0.003	0.003	421.247	143.068	73	533	
4	4.25	4	1	3	3	136	70822	136	70734	0.003	0	0.003	0.003	520.103	123.913	93	573	
4	4.25	4	2	1	3	134	70190	134	70190	0.003	0	0.003	0.003	523.806	123.237	93	669	
4	4.25	4	3	2	3	123	70735	123	70735	0.003	0	0.003	0.003	575.081	90.5138	277	839	
4	4.25	4	4	5	3	128	70489	128	70489	0.003	0	0.003	0.003	550.695	80.7479	73	597	
4	4.25	4	5	4	3	176	70456	176	70496	0.003	0	0.003	0.003	400.545	211.097	49	573	
4	4.25	2	6	5	3	136	50104	136	50000	0.003	0	0.003	0.003	367.647	81.0059	93	485	
4	4.25	2	7	1	3	170	49673	169	49729	0.003	0	0.003	0.003	294.254	135.934	32	437	
4	4.25	2	8	2	3	142	49865	142	49961	0.003	0	0.003	0.003	351.838	85.3413	93	485	
4	4.25	2	9	4	3	137	49945	137	49813	0.003	0	0.003	0.003	363.599	76.4654	121	485	
4	4.25	2	10	3	3	178	50075	177	50082	0.003	0	0.003	0.003	282.949	132.639	32	437	
4	4.25	3	11	5	3	139	97791	139	97791	0.003	0	0.003	0.003	703.532	155.205	201	999	
4	4.25	3	12	1	3	133	97757	133	97757	0.003	0	0.003	0.003	735.015	158.996	277	839	
4	4.25	3	13	3	3	136	97710	137	97851	0.003	0	0.003	0.003	714.241	171.61	145	903	
4	4.25	3	14	2	3	139	97853	139	97699	0.003	0	0.003	0.003	702.871	169.832	145	903	
4	4.25	3	15	4	3	194	97762	193	97769	0.003	0	0.003	0.003	506.575	292.006	49	839	
4	4.25	1	16	4	3	136	61494	136	61414	0.003	0	0.003	0.003	451.574	98.4339	73	533	
4	4.25	1	17	3	3	143	60962	143	60962	0.003	0	0.003	0.003	426.308	133.065	73	533	
4	4.25	1	18	5	3	148	61408	148	61472	0.0030473	0.000575396	0.003	0.01	415.351	142.677	49	693	
4	4.25	1	19	1	3	132	61188	132	61044	0.003	0	0.003	0.003	462.455	90.1761	145	597	
4	4.25	1	20	2	3	140	60928	140	61008	0.003	0	0.003	0.003	435.771	123.976	73	533	
4.25	4.5	4	1	3	3	139	70491	139	70491	0.003	0	0.003	0.003	507.129	135.872	93	669	
4.25	4.5	4	2	1	3	137	70486	137	70486	0.003	0	0.003	0.003	514.496	117.141	93	669	
4.25	4.5	4	3	2	3	124	70431	124	70431	0.003	0	0.003	0.003	567.992	87.6172	277	839	
4.25	4.5	4	4	5	3	136	70144	136	70208	0.003	0	0.003	0.003	516.235	116.276	73	597	
4.25	4.5	4	5	4	3	184	70710	183	70661	0.003	0	0.003	0.003	386.126	205.347	49	573	
4.25	4.5	2	6	5	3	143	49823	143	49727	0.003	0	0.003	0.003	347.741	78.8329	93	485	
4.25	4.5	2	7	1	3	169	49880	170	49824	0.003	0	0.003	0.003	293.082	137.841	32	437	
4.25	4.5	2	8	2	3	132	49872	132	49976	0.003	0	0.003	0.003	378.606	67.8244	93	485	
4.25	4.5	2	9	4	3	138	50090	138	50090	0.003	0	0.003	0.003	362.971	80.9076	121	485	
4.25	4.5	2	10	3	3	173	49857	174	49898	0.003	0	0.003	0.003	286.77	131.466	32	437	
4.25	4.5	3	11	5	3	138	97956	138	97956	0.003	0	0.003	0.003	709.826	161.052	201	999	
4.25	4.5	3	12	1	3	134	98236	134	98236	0.003	0	0.003	0.003	733.104	155.375	277	1095	
4.25	4.5	3	13	3	3	139	97706	139	97858	0.003	0	0.003	0.003	704.014	174.438	145	903	
4.25	4.5	3	14	2	3	136	97710	136	97864	0.003	0	0.003	0.003	719.588	160.577	145	903	
4.25	4.5	3	15	4	3	198	97758	199	97661	0.00303517	0.000496217	0.003	0.01	490.759	296.339	49	839	
4.25	4.5	1	16	4	3	140	61228	140	61228	0.003	0	0.003	0.003	437.343	126.239	73	597	
4.25	4.5	1	17	3	3	130	61230	130	61230	0.003	0	0.003	0.003	471	83.1552	73	533	
4.25	4.5	1	18	5	3	142	60974	142	60910	0.00304929	0.000587427	0.003	0.01	428.944	140.215	49	693	
4.25	4.5	1	19	1	3	135	61379	135	61523	0.003	0	0.003	0.003	455.726	98.936	145	597	
4.25	4.5	1	20	2	3	143	61437	143	61437	0.003	0	0.003	0.003	429.629	127.769	73	533	
4.5	4.75	4	1	3	3	142	70402	142	70490	0.003	0	0.003	0.003	496.408	135.443	93	573	
4.5	4.75	4	2	1	3	131	70559	131	70463	0.003	0	0.003	0.003	537.885	100.912	93	669	
4.5	4.75	4	3	2	3	125	70963	125	70963	0.003	0	0.003	0.003	567.704	79.6744	277	839	
4.5	4.75	4	4	5	3	127	70483	127	70419	0.003	0	0.003	0.003	554.48	68.8957	73	597	
4.5	4.75	4	5	4	3	184	70400	184	70464	0.003	0	0.003	0.003	382.957	204.631	49	621	
4.5	4.75	2	6	5	3	140	49875	140	49971	0.003	0	0.003	0.003	356.936	87.3109	93	485	
4.5	4.75	2	7	1	3	162	49834	162	49962	0.003	0	0.003	0.003	308.407	134.699	32	437	
4.5	4.75	2	8	2	3	140	50032	140	49832	0.003	0	0.003	0.003	355.943	79.8752	93	485	
4.5	4.75	2	9	4	3	137	49861	136	49740	0.003	0	0.003	0.003	365.735	79.407	121	485	
4.5	4.75	2	10	3	3	182	49891	181	49859	0.003	0	0.003	0.003	275.464	134.354	32	437	
4.5	4.75	3	11	5	3	137	98025	137	98025	0.003	0	0.003	0.003	715.511	167.916	201	999	
4.5	4.75	3	12	1	3	135	98257	135	98257	0.003	0	0.003	0.003	727.83	156.818	277	839	
4.5	4.75	3	13	3	3	134	97574	134	97422	0.003	0	0.003	0.003	727.03	150.51	145	903	
4.5	4.75	3	14	2	3	135	97887	135	97887	0.003	0	0.003	0.003	725.089	159.344	145	903	
4.5	4.75	3	15	4	3	194	97950	193	98007	0.003	0	0.003	0.003	507.808	286.184	49	839	
4.5	4.75	1	16	4	3	148	61164	147	61175	0.003	0	0.003	0.003	416.156	130.196	73	597	
4.5	4.75	1	17	3	3	144	61208	144	61208	0.003	0	0.003	0.003	425.056	132.428	73	533	
4.5	4.75	1	18	5	3	150	61422	150	61422	0.003	0	0.003	0.003	409.48	138.984	49	533	
4.5	4.75	1	19	1	3	133	61201	132	61056	0.003	0	0.003	0.003	462.545	91.9962	145	597	
4.5	4.75	1	20	2	3	143	60970	143	61050	0.003	0	0.003	0.003	426.923	128.003	73	533	
4.75	5	4	1	3	3	137	70300	137	70212	0.003	0	0.003	0.003	512.496	131.186	93	669	
4.75	5	4	2	1	3	132	70723	132	70819	0.003	0	0.003	0.003	536.508	103.832	93	669	
4.75	5	4	3	2	3	126	70696	126	70696	0.003	0	0.003	0.003	561.079	90.9704	277	839	
4.75	5	4	4	5	3	128	70412	128	70476	0.003	0	0.003	0.003	550.594	71.2725	73	597	
4.75	5	4	5	4	3	179	70491	179	70431	0.003	0	0.003	0.003	393.469	216.17	49	573	
4.75	5	2	6	5	3	142	49906	142	49906	0.003	0	0.003	0.003	351.451	88.4897	93	485	
4.75	5	2	7	1	3	166	50063	166	49983	0.003	0	0.003	0.003	301.102	135.701	32	437	
4.75	5	2	8	2	3	140	49898	139	49905	0.003	0	0.003	0.003	359.029	83.7273	93	485	
4.75	5	2	9	4	3	137	50069	138	50190	0.003	0	0.003	0.003	363.696	80.2655	121	485	
4.75	5	2	10	3	3	176	49664	177	49696	0.003	0	0.003	0.003	280.768	137.246	32	437	
4.75	5	3	11	5	3	141	97971	141	97971	0.003	0	0.003	0.003	694.83	179.73	201	999	
4.75	5	3	12	1	3	138	97925	138	97925	0.003	0	0.003	0.003	709.601	169.546	277	839	
4.75	5	3	13	3	3	135	98176	135	98328	0.003	0	0.003	0.003	728.356	152.85	145	903	
4.75	5	3	14	2	3	129	97901	129	97901	0.003	0	0.003	0.003	758.922	124.236	145	903	
4.75	5	3	15	4	3	199	97701	200	97644	0.003	0	0.003	0.003	488.22	294.09	49	839	
4.75	5	1	16	4	3	139	61018	140	61087	0.003	0	0.003	0.003	436.336	130.405	73	533	
4.75	5	1	17	3	3	147	61263	147	61183	0.003	0	0.003	0.003	416.211	144.634	73	533	
4.75	5	1	18	5	3	139	61231	139	61231	0.003	0	0.003	0.003	440.511	126.229	49	533	
4.75	5	1	19	1	3	134	61206	135	61351	0.003	0	0.003	0.003	454.452	98.2797	145	597	
4.75	5	1	20	2	3	132	61519	132	61439	0.003	0	0.003	0.003	465.447	94.2026	73	533	
5	5.25	4	1	3	3	129	70516	129	70516	0.003	0	0.003	0.003	546.636	88.278	93	669	
5	5.25	4	2	1	3	139	70463	139	70463	0.003	0	0.003	0.003	506.928	143.346	93	573	
5	5.25	4	3	2	3	125	70691	125	70691	0.003	0	0.003	0.003	565.528	83.797	277	839	
5	5.25	4	4	5	3	125	70529	125	70465	0.003	0	0.003	0.003	563.72	32.1031	533	597	
5	5.25	4	5	4	3	173	70441	174	70486	0.003	0	0.003	0.003	405.092	208.694	49	573	
5	5.25	2	6	5	3	138	49990	138	49990	0.003	0	0.003	0.003	362.246	83.9684	93	485	
5	5.25	2	7	1	3	175	49722	175	49674	0.003	0	0.003	0.003	283.851	134.685	32	437	
5	5.25	2	8	2	3	141	49881	142	49970	0.003	0	0.003	0.003	351.901	84.475	93	485	
5	5.25	2	9	4	3	139	49943	139	49943	0.003	0	0.003	0.003	359.302	80.5632	121	485	
5	5.25	2	10	3	3	171	50054	170	50062	0.003	0	0.003	0.003	294.482	135.36	32	437	
5	5.25	3	11	5	3	139	97965	139	97965	0.003	0	0.003	0.003	704.784	171.173	201	999	
5	5.25	3	12	1	3	137	97941	137	98231	0.003	0	0.003	0.003	717.015	165.499	277	839	
5	5.25	3	13	3	3	139	97566	139	97414	0.003	0	0.003	0.003	700.82	178.632	144	903	
5	5.25	3	14	2	3	134	97853	134	97853	0.003	0	0.003	0.003	730.246	148.392	145	903	
5	5.25	3	15	4	3	187	97959	186	97964	0.003	0	0.003	0.003	526.688	284.644	49	839	
5	5.25	1	16	4	3	145	61497	145	61417	0.003	0	0.003	0.003	423.566	135.283	73	597	
5	5.25	1	17	3	3	144	61276	144	61276	0.003	0	0.003	0.003	425.528	129.042	73	533	
5	5.25	1	18	5	3	143	60975	143	61039	0.003	0	0.003	0.003	426.846	135.661	49	533	
5	5.25	1	19	1	3	130	61529	130	61529	0.003	0	0.003	0.003	473.3	85.0031	145	597	
5	5.25	1	20	2	3	146	61182	146	61182	0.003	0	0.003	0.003	419.055	131.849	73	533	
5.25	5.5	4	1	3	3	132	70468	132	70556	0.003	0	0.003	0.003	534.515	102.996	93	669	
5.25	5.5	4	2	1	3	144	70520	144	70520	0.003	0	0.003	0.003	489.722	144.403	93	573	
5.25	5.5	4	3	2	3	126	70696	126	70696	0.003	0	0.003	0.003	561.079	90.9704	277	839	
5.25	5.5	4	4	5	3	132	70500	132	70500	0.003	0	0.003	0.003	534.091	102.582	73	597	
5.25	5.5	4	5	4	3	174	70482	173	70433	0.003	0	0.003	0.003	407.127	211.169	49	621	
5.25	5.5	2	6	5	3	142	50038	141	50041	0.003	0	0.003	0.003	354.901	77.1219	93	485	
5.25	5.5	2	7	1	3	173	49865	173	49865	0.003	0	0.003	0.003	288.237	133.503	32	437	
5.25	5.5	2	8	2	3	135	49949	135	49949	0.003	0	0.003	0.003	369.993	74.5741	93	485	
5.25	5.5	2	9	4	3	138	49713	138	49713	0.003	0	0.003	0.003	360.239	81.5357	121	485	
5.25	5.5	2	10	3	3	170	49888	171	49880	0.003	0	0.003	0.003	291.696	140.008	32	437	
5.25	5.5	3	11	5	3	132	98020	132	98020	0.003	0	0.003	0.003	742.576	131.527	201	999	
5.25	5.5	3	12	1	3	134	97998	133	97721	0.003	0	0.003	0.003	734.744	151.611	277	839	
5.25	5.5	3	13	3	3	141	98417	141	98263	0.003	0	0.003	0.003	696.901	188.251	145	903	
5.25	5.5	3	14	2	3	140	97964	140	97964	0.003	0	0.003	0.003	699.743	178.521	145	903	
5.25	5.5	3	15	4	3	206	97638	207	97723	0.003	0	0.003	0.003	472.092	303.13	49	839	
5.25	5.5	1	16	4	3	148	61176	148	61256	0.003	0	0.003	0.003	413.892	148.472	73	533	
5.25	5.5	1	17	3	3	140	61158	140	61238	0.003	0	0.003	0.003	437.414	131.764	73	533	
5.25	5.5	1	18	5	3	139	61207	139	61143	0.003	0	0.003	0.003	439.878	133.103	49	533	
5.25	5.5	1	19	1	3	132	61240	132	61240	0.003	0	0.003	0.003	463.939	94.3702	145	597	
5.25	5.5	1	20	2	3	145	61263	145	61183	0.003	0	0.003	0.003	421.952	138.692	73	533	
5.5	5.75	4	1	3	3	128	70512	128	70424	0.003	0	0.003	0.003	550.188	78.8777	93	669	
5.5	5.75	4	2	1	3	141	70557	141	70557	0.003	0	0.003	0.003	500.404	142.521	93	573	
5.5	5.75	4	3	2	3	124	70740	124	70740	0.003	0	0.003	0.003	570.484	97.6937	277	839	
5.5	5.75	4	4	5	3	125	70465	125	70529	0.003	0	0.003	0.003	564.232	32.1195	533	597	
5.5	5.75	4	5	4	3	175	70466	175	70466	0.003	0	0.003	0.003	402.663	210.331	49	573	
5.5	5.75	2	6	5	3	141	49961	142	49958	0.003	0	0.003	0.003	351.817	87.797	93	485	
5.5	5.75	2	7	1	3	179	49854	178	49910	0.003	0	0.003	0.003	280.393	134.186	32	437	
5.5	5.75	2	8	2	3	138	49750	138	49750	0.003	0	0.003	0.003	360.507	76.4229	93	485	
5.5	5.75	2	9	4	3	139	50099	139	50099	0.003	0	0.003	0.003	360.424	82.5177	121	485	
5.5	5.75	2	10	3	3	163	49868	162	49831	0.003	0	0.003	0.003	307.599	133.754	32	437	
5.5	5.75	3	11	5	3	138	97408	138	97408	0.003	0	0.003	0.003	705.855	159.238	201	999	
5.5	5.75	3	12	1	3	133	98301	134	98288	0.003	0	0.003	0.003	733.493	155.593	277	839	
5.5	5.75	3	13	3	3	139	97269	139	97575	0.003	0	0.003	0.003	701.978	182.212	145	903	
5.5	5.75	3	14	2	3	134	97434	134	97434	0.003	0	0.003	0.003	727.119	158.179	145	903	
5.5	5.75	3	15	4	3	199	98093	198	97992	0.00303535	0.000497468	0.003	0.01	494.909	284.168	49	839	
5.5	5.75	1	16	4	3	139	61083	138	60934	0.00305072	0.00059588	0.003	0.01	441.551	124.243	73	693	
5.5	5.75	1	17	3	3	136	61264	136	61184	0.003	0	0.003	0.003	449.882	114.6	73	533	
5.5	5.75	1	18	5	3	145	61397	145	61509	0.003	0	0.003	0.003	424.2	132.354	49	533	
5.5	5.75	1	19	1	3	132	61200	132	61200	0.003	0	0.003	0.003	463.636	92.733	145	597	
5.5	5.75	1	20	2	3	132	61208	132	61288	0.003	0	0.003	0.003	464.303	97.6193	73	533	
5.75	6	4	1	3	3	140	70494	140	70494	0.003	0	0.003	0.003	503.529	133.991	91	669	
5.75	6	4	2	1	3	138	70163	138	70163	0.003	0	0.003	0.003	508.428	132.048	93	573	
5.75	6	4	3	2	3	124	70703	124	70703	0.003	0	0.003	0.003	570.185	83.5849	277	839	
5.75	6	4	4	5	3	134	70738	134	70738	0.003	0	0.003	0.003	527.896	107.481	73	597	
5.75	6	4	5	4	3	174	70422	174	70434	0.003	0	0.003	0.003	404.793	205.917	49	573	
5.75	6	2	6	5	3	140	49718	140	49718	0.003	0	0.003	0.003	355.129	87.6071	93	485	
5.75	6	2	7	1	3	185	50041	185	50041	0.003	0	0.003	0.003	270.492	135.609	32	437	
5.75	6	2	8	2	3	139	50103	139	50103	0.003	0	0.003	0.003	360.453	82.5579	93	485	
5.75	6	2	9	4	3	135	49963	135	49963	0.003	0	0.003	0.003	370.096	75.941	121	485	
5.75	6	2	10	3	3	163	49689	164	49678	0.003	0	0.003	0.003	302.915	134.437	32	437	
5.75	6	3	11	5	3	135	97941	135	98151	0.003	0	0.003	0.003	727.044	148.943	201	999	
5.75	6	3	12	1	3	136	97698	136	97698	0.003	0	0.003	0.003	718.368	168.833	277	839	
5.75	6	3	13	3	3	143	97997	143	97845	0.003	0	0.003	0.003	684.231	183.449	145	903	
5.75	6	3	14	2	3	135	98143	134	97850	0.003	0	0.003	0.003	730.224	145.997	145	903	
5.75	6	3	15	4	3	184	97872	185	97973	0.003	0	0.003	0.003	529.584	299.347	49	839	
5.75	6	1	16	4	3	146	61334	146	61410	0.003	0	0.003	0.003	420.616	136.959	73	533	
5.75	6	1	17	3	3	144	61184	144	61264	0.003	0	0.003	0.003	425.444	134.731	73	597	
5.75	6	1	18	5	3	143	60950	143	60902	0.0030979	0.000824917	0.003	0.01	425.888	133.195	49	573	
5.75	6	1	19	1	3	134	61510	134	61366	0.003	0	0.003	0.003	457.955	93.8252	145	597	
5.75	6	1	20	2	3	133	61209	133	61209	0.003	0	0.003	0.003	460.218	101.757	73	533	
6	6.25	4	1	3	3	134	70758	134	70758	0.003	0	0.003	0.003	528.045	113.007	93	669	
6	6.25	4	2	1	3	136	70488	136	70488	0.003	0	0.003	0.003	518.294	128.632	93	669	
6	6.25	4	3	2	3	125	70963	125	70963	0.003	0	0.003	0.003	567.704	79.6744	277	839	
6	6.25	4	4	5	3	131	70495	131	70431	0.003	0	0.003	0.003	537.641	95.4688	73	597	
6	6.25	4	5	4	3	186	70234	187	70271	0.003	0	0.003	0.003	375.781	212.911	49	573	
6	6.25	2	6	5	3	142	50150	142	50150	0.003	0	0.003	0.003	353.169	85.093	93	485	
6	6.25	2	7	1	3	164	49932	165	49876	0.003	0	0.003	0.003	302.279	131.206	32	437	
6	6.25	2	8	2	3	142	49706	142	49706	0.003	0	0.003	0.003	350.042	79.6812	93	485	
6	6.25	2	9	4	3	137	49696	137	49696	0.00305109	0.00059805	0.003	0.01	362.745	81.5904	121	621	
6	6.25	2	10	3	3	174	49879	173	49935	0.003	0	0.003	0.003	288.642	137.163	32	437	
6	6.25	3	11	5	3	136	98178	136	97968	0.003	0	0.003	0.003	720.353	159.092	201	999	
6	6.25	3	12	1	3	133	98299	133	98589	0.003	0	0.003	0.003	741.271	149.705	277	839	
6	6.25	3	13	3	3	136	98022	136	97868	0.003	0	0.003	0.003	719.618	160.458	145	903	
6	6.25	3	14	2	3	134	97724	135	98017	0.003	0	0.003	0.003	726.052	156.946	145	903	
6	6.25	3	15	4	3	202	97826	200	97728	0.003	0	0.003	0.003	488.64	295	49	839	
6	6.25	1	16	4	3	143	61279	144	61272	0.003	0	0.003	0.003	425.5	135.136	73	533	
6	6.25	1	17	3	3	139	61471	138	61398	0.003	0	0.003	0.003	444.913	115.097	73	597	
6	6.25	1	18	5	3	139	61219	139	61219	0.00305036	0.000593732	0.003	0.01	440.424	128.385	49	693	
6	6.25	1	19	1	3	130	61226	130	61370	0.003	0	0.003	0.003	472.077	86.4437	145	597	
6	6.25	1	20	2	3	142	60986	142	60986	0.003	0	0.003	0.003	429.479	132.948	73	533	
6.25	6.5	4	1	3	3	129	70549	129	70549	0.003	0	0.003	0.003	546.891	85.2541	93	669	
6.25	6.5	4	2	1	3	144	70516	144	70516	0.003	0	0.003	0.003	489.694	139.774	93	669	
6.25	6.5	4	3	2	3	125	70708	125	70708	0.003	0	0.003	0.003	565.664	91.0619	277	839	
6.25	6.5	4	4	5	3	127	70483	127	70483	0.003	0	0.003	0.003	554.984	68.9714	73	597	
6.25	6.5	4	5	4	3	183	70419	183	70419	0.003	0	0.003	0.003	384.803	203.081	47	621	
6.25	6.5	2	6	5	3	139	49719	139	49719	0.003	0	0.003	0.003	357.691	79.8882	93	485	
6.25	6.5	2	7	1	3	176	49813	175	49869	0.003	0	0.003	0.003	284.966	135.696	32	437	
6.25	6.5	2	8	2	3	139	50130	139	50130	0.003	0	0.003	0.003	360.647	85.6562	93	485	
6.25	6.5	2	9	4	3	144	50191	144	50191	0.003	0	0.003	0.003	348.549	89.4935	121	485	
6.25	6.5	2	10	3	3	168	49859	169	49803	0.003	0	0.003	0.003	294.692	138.248	32	437	
6.25	6.5	3	11	5	3	130	97794	130	97794	0.003	0	0.003	0.003	752.262	128.094	201	999	
6.25	6.5	3	12	1	3	135	97985	134	97708	0.003	0	0.003	0.003	729.164	156.635	277	839	
6.25	6.5	3	13	3	3	138	97844	138	97998	0.003	0	0.003	0.003	710.13	168.07	145	903	
6.25	6.5	3	14	2	3	139	97841	139	97841	0.003	0	0.003	0.003	703.892	186.452	145	903	
6.25	6.5	3	15	4	3	198	97760	200	97832	0.00307	0.000698239	0.003	0.01	489.16	296.292	49	839	
6.25	6.5	1	16	4	3	134	61202	133	61209	0.003	0	0.003	0.003	460.218	105.467	73	533	
6.25	6.5	1	17	3	3	142	61306	143	61299	0.003	0	0.003	0.003	428.664	140.003	73	533	
6.25	6.5	1	18	5	3	134	61250	134	61250	0.003	0	0.003	0.003	457.09	111.893	49	533	
6.25	6.5	1	19	1	3	133	61372	133	61372	0.003	0	0.003	0.003	461.444	96.3016	145	597	
6.25	6.5	1	20	2	3	125	61265	125	61265	0.003	0	0.003	0.003	490.12	40.0567	453	533	
6.5	6.75	4	1	3	3	135	70171	135	70171	0.003	0	0.003	0.003	519.785	126.643	93	573	
6.5	6.75	4	2	1	3	134	70750	134	70750	0.003	0	0.003	0.003	527.985	113.745	93	669	
6.5	6.75	4	3	2	3	126	70660	126	70660	0.003	0	0.003	0.003	560.794	75.8495	277	839	
6.5	6.75	4	4	5	3	128	70476	128	70476	0.003	0	0.003	0.003	550.594	71.2725	73	597	
6.5	6.75	4	5	4	3	175	70487	175	70487	0.003	0	0.003	0.003	402.783	214.238	49	573	
6.5	6.75	2	6	5	3	141	49997	141	49901	0.003	0	0.003	0.003	353.908	83.6077	93	485	
6.5	6.75	2	7	1	3	170	49869	171	49901	0.003	0	0.003	0.003	291.819	134.666	32	437	
6.5	6.75	2	8	2	3	141	49985	141	49985	0.003	0	0.003	0.003	354.504	83.4	93	485	
6.5	6.75	2	9	4	3	136	49854	136	49854	0.003	0	0.003	0.003	366.574	73.0014	121	485	
6.5	6.75	2	10	3	3	173	49909	173	49909	0.003	0	0.003	0.003	288.491	135.152	32	437	
6.5	6.75	3	11	5	3	135	98175	135	98175	0.003	0	0.003	0.003	727.222	158.486	201	999	
6.5	6.75	3	12	1	3	132	98314	133	98591	0.003	0	0.003	0.003	741.286	149.685	277	839	
6.5	6.75	3	13	3	3	129	97933	129	97933	0.003	0	0.003	0.003	759.171	119.348	145	903	
6.5	6.75	3	14	2	3	131	98051	131	97897	0.003	0	0.003	0.003	747.305	139.617	145	903	
6.5	6.75	3	15	4	3	217	97893	216	97870	0.003	0	0.003	0.003	453.102	307.995	49	839	
6.5	6.75	1	16	4	3	141	61229	141	61229	0.003	0	0.003	0.003	434.248	128.008	73	533	
6.5	6.75	1	17	3	3	137	60941	137	61021	0.003	0	0.003	0.003	445.409	115.119	73	533	
6.5	6.75	1	18	5	3	148	61244	148	61244	0.003	0	0.003	0.003	413.811	133.829	49	533	
6.5	6.75	1	19	1	3	131	61321	131	61321	0.003	0	0.003	0.003	468.099	82.3162	145	597	
6.5	6.75	1	20	2	3	137	61573	137	61493	0.003	0	0.003	0.003	448.854	117.807	73	533	
6.75	7	4	1	3	3	137	70541	137	70541	0.003	0	0.003	0.003	514.898	135.47	93	573	
6.75	7	4	2	1	3	129	70524	129	70524	0.003	0	0.003	0.003	546.698	89.0438	93	669	
6.75	7	4	3	2	3	125	70691	125	70691	0.003	0	0.003	0.003	565.528	83.797	277	839	
6.75	7	4	4	5	3	125	70465	125	70465	0.003	0	0.003	0.003	563.72	32.1031	533	597	
6.75	7	4	5	4	3	175	70471	175	70471	0.003	0	0.003	0.003	402.691	209.981	49	573	
6.75	7	2	6	5	3	138	50034	138	50130	0.003	0	0.003	0.003	363.261	81.91	93	485	
6.75	7	2	7	1	3	170	49709	170	49669	0.003	0	0.003	0.003	292.171	138.585	32	437	
6.75	7	2	8	2	3	139	49731	139	49731	0.003	0	0.003	0.003	357.777	84.9155	93	485	
6.75	7	2	9	4	3	139	49945	139	49945	0.003	0	0.003	0.003	359.317	84.3998	121	485	
6.75	7	2	10	3	3	177	50045	176	50058	0.003	0	0.003	0.003	284.42	137.514	32	437	
6.75	7	3	11	5	3	140	98133	140	98343	0.003	0	0.003	0.003	702.45	181.133	201	999	
6.75	7	3	12	1	3	133	97739	133	97449	0.003	0	0.003	0.003	732.699	155.909	277	839	
6.75	7	3	13	3	3	139	97825	139	97825	0.003	0	0.003	0.003	703.777	177.501	145	903	
6.75	7	3	14	2	3	134	97868	134	97868	0.003	0	0.003	0.003	730.358	145.783	145	903	
6.75	7	3	15	4	3	195	97797	195	97801	0.003	0	0.003	0.003	501.544	284.709	49	839	
6.75	7	1	16	4	3	140	61224	141	61297	0.003	0	0.003	0.003	434.73	117.181	73	533	
6.75	7	1	17	3	3	139	61235	139	61155	0.003	0	0.003	0.003	439.964	119.005	73	597	
6.75	7	1	18	5	3	151	61487	151	61423	0.00304636	0.000569652	0.003	0.01	406.775	140.446	49	693	
6.75	7	1	19	1	3	130	61018	130	61178	0.003	0	0.003	0.003	470.6	77.5398	293	597	
6.75	7	1	20	2	3	144	60895	144	60895	0.003	0	0.003	0.003	422.882	134.04	73	533	
7	7.25	4	1	3	3	144	70524	144	70524	0.003	0	0.003	0.003	489.75	142.962	93	573	
7	7.25	4	2	1	3	133	70553	133	70553	0.003	0	0.003	0.003	530.474	108.915	93	669	
7	7.25	4	3	2	3	126	70694	126	70694	0.003	0	0.003	0.003	561.063	90.9727	277	839	
7	7.25	4	4	5	3	132	70500	132	70500	0.003	0	0.003	0.003	534.091	102.582	73	597	
7	7.25	4	5	4	3	175	70421	175	70421	0.003	0	0.003	0.003	402.406	213.236	47	621	
7	7.25	2	6	5	3	142	49970	142	49970	0.003	0	0.003	0.003	351.901	84.6066	93	485	
7	7.25	2	7	1	3	176	49960	175	49883	0.003	0	0.003	0.003	285.046	145.07	32	437	
7	7.25	2	8	2	3	137	49889	137	49889	0.003	0	0.003	0.003	364.153	81.9848	93	485	
7	7.25	2	9	4	3	135	49738	135	49738	0.003	0	0.003	0.003	368.43	74.6141	121	485	
7	7.25	2	10	3	3	173	49850	174	49925	0.003	0	0.003	0.003	286.925	134.732	31	437	
7	7.25	3	11	5	3	139	97899	139	97899	0.003	0	0.003	0.003	704.309	158.95	201	999	
7	7.25	3	12	1	3	132	98042	132	98042	0.003	0	0.003	0.003	742.742	149.306	277	839	
7	7.25	3	13	3	3	144	97860	144	97706	0.003	0	0.003	0.003	678.514	178.599	145	903	
7	7.25	3	14	2	3	139	97705	139	97859	0.003	0	0.003	0.003	704.022	167.549	145	903	
7	7.25	3	15	4	3	181	97733	181	97733	0.003	0	0.003	0.003	539.961	267.927	49	839	
7	7.25	1	16	4	3	143	61217	143	61217	0.003	0	0.003	0.003	428.091	134.692	73	533	
7	7.25	1	17	3	3	148	61240	148	61240	0.003	0	0.003	0.003	413.784	137.827	73	533	
7	7.25	1	18	5	3	137	61139	136	61198	0.003	0	0.003	0.003	449.985	115.215	49	533	
7	7.25	1	19	1	3	131	61530	131	61370	0.003	0	0.003	0.003	468.473	90.0703	144	597	
7	7.25	1	20	2	3	145	61277	145	61277	0.003	0	0.003	0.003	422.6	135.473	73	533	
7.25	7.5	4	1	3	3	141	70465	141	70465	0.003	0	0.003	0.003	499.752	143.873	93	573	
7.25	7.5	4	2	1	3	127	70515	127	70515	0.003	0	0.003	0.003	555.236	68.2993	93	669	
7.25	7.5	4	3	2	3	124	70740	124	70740	0.003	0	0.003	0.003	570.484	97.6937	277	839	
7.25	7.5	4	4	5	3	125	70465	125	70529	0.003	0	0.003	0.003	564.232	32.1195	533	597	
7.25	7.5	4	5	4	3	174	70510	173	70461	0.003	0	0.003	0.003	407.289	207.728	49	573	
7.25	7.5	2	6	5	3	137	49725	137	49725	0.003	0	0.003	0.003	362.956	79.5637	93	485	
7.25	7.5	2	7	1	3	170	49779	171	49896	0.003	0	0.003	0.003	291.789	137.789	30	437	
7.25	7.5	2	8	2	3	137	50145	137	50145	0.003	0	0.003	0.003	366.022	75.5716	93	485	
7.25	7.5	2	9	4	3	137	50127	136	49886	0.003	0	0.003	0.003	366.809	72.9821	121	485	
7.25	7.5	2	10	3	3	179	49882	179	49842	0.003	0	0.003	0.003	278.447	136.416	32	437	
7.25	7.5	3	11	5	3	140	97902	140	97902	0.003	0	0.003	0.003	699.3	174.184	201	999	
7.25	7.5	3	12	1	3	132	98042	132	98042	0.003	0	0.003	0.003	742.742	149.306	277	839	
7.25	7.5	3	13	3	3	140	97856	140	97856	0.003	0	0.003	0.003	698.971	183.724	145	903	
7.25	7.5	3	14	2	3	133	97879	133	97725	0.003	0	0.003	0.003	734.774	138.396	145	903	
7.25	7.5	3	15	4	3	195	97724	195	97776	0.003	0	0.003	0.003	501.415	289.218	49	839	
7.25	7.5	1	16	4	3	130	61074	130	60994	0.003	0	0.003	0.003	469.185	85.9087	73	533	
7.25	7.5	1	17	3	3	141	61233	141	61233	0.003	0	0.003	0.003	434.277	129.665	73	533	
7.25	7.5	1	18	5	3	140	61212	140	61212	0.003	0	0.003	0.003	437.229	123.096	49	533	
7.25	7.5	1	19	1	3	131	61319	131	61319	0.003	0	0.003	0.003	468.084	86.4216	145	597	
7.25	7.5	1	20	2	3	144	61364	144	61444	0.00304861	0.000583333	0.003	0.01	426.694	138.113	73	693	
7.5	7.75	4	1	3	3	140	70780	140	70780	0.003	0	0.003	0.003	505.571	135.107	93	669	
7.5	7.75	4	2	1	3	142	70162	142	70162	0.003	0	0.003	0.003	494.099	138.587	93	669	
7.5	7.75	4	3	2	3	123	70445	123	70445	0.003	0	0.003	0.003	572.724	87.3029	277	839	
7.5	7.75	4	4	5	3	137	70217	137	70153	0.003	0	0.003	0.003	512.066	121.474	73	597	
7.5	7.75	4	5	4	3	179	70653	180	70702	0.003	0	0.003	0.003	392.789	201.447	49	573	
7.5	7.75	2	6	5	3	141	50041	141	50041	0.003	0	0.003	0.003	354.901	81.4814	93	485	
7.5	7.75	2	7	1	3	178	49848	177	49816	0.003	0	0.003	0.003	281.446	144.143	30	437	
7.5	7.75	2	8	2	3	136	49764	136	49764	0.003	0	0.003	0.003	365.912	75.0134	93	485	
7.5	7.75	2	9	4	3	146	49912	146	49912	0.003	0	0.003	0.003	341.863	92.0159	121	485	
7.5	7.75	2	10	3	3	167	49829	167	49869	0.003	0	0.003	0.003	298.617	140.198	32	437	
7.5	7.75	3	11	5	3	136	97619	136	97409	0.003	0	0.003	0.003	716.243	163.056	201	999	
7.5	7.75	3	12	1	3	135	98257	135	98257	0.003	0	0.003	0.003	727.83	156.818	277	839	
7.5	7.75	3	13	3	3	146	97774	146	97774	0.003	0	0.003	0.003	669.685	199.043	145	903	
7.5	7.75	3	14	2	3	142	97792	142	97792	0.003	0	0.003	0.003	688.676	196.096	145	903	
7.5	7.75	3	15	4	3	187	97615	188	97664	0.00303723	0.000510527	0.003	0.01	519.489	287.1	49	839	
7.5	7.75	1	16	4	3	135	61431	135	61511	0.003	0	0.003	0.003	455.637	108.944	73	533	
7.5	7.75	1	17	3	3	132	61436	131	61367	0.003	0	0.003	0.003	468.45	81.6398	149	597	
7.5	7.75	1	18	5	3	138	60966	139	60971	0.00305036	0.000593732	0.003	0.01	438.64	127.089	49	693	
7.5	7.75	1	19	1	3	131	61043	131	61043	0.003	0	0.003	0.003	465.977	86.8627	145	597	
7.5	7.75	1	20	2	3	143	61287	143	61287	0.003	0	0.003	0.003	428.58	135.275	73	533	
7.75	8	4	1	3	3	135	70447	135	70535	0.003	0	0.003	0.003	522.481	124.52	93	573	
7.75	8	4	2	1	3	131	70511	131	70511	0.003	0	0.003	0.003	538.252	102.708	93	573	
7.75	8	4	3	2	3	125	70672	125	70672	0.003	0	0.003	0.003	565.376	75.8119	277	839	
7.75	8	4	4	5	3	127	70483	127	70483	0.003	0	0.003	0.003	554.984	68.9714	73	597	
7.75	8	4	5	4	3	182	70486	182	70446	0.003	0	0.003	0.003	387.066	219.212	49	573	
7.75	8	2	6	5	3	140	49716	140	49820	0.003	0	0.003	0.003	355.857	85.7183	93	485	
7.75	8	2	7	1	3	175	49867	175	49867	0.003	0	0.003	0.003	284.954	139.864	32	437	
7.75	8	2	8	2	3	142	50074	142	50074	0.003	0	0.003	0.003	352.634	80.3763	93	485	
7.75	8	2	9	4	3	136	49999	137	50128	0.003	0	0.003	0.003	365.898	73.4776	121	485	
7.75	8	2	10	3	3	170	49878	169	49797	0.003	0	0.003	0.003	294.657	135.712	32	437	
7.75	8	3	11	5	3	137	97857	137	97857	0.003	0	0.003	0.003	714.285	168.195	201	999	
7.75	8	3	12	1	3	134	97744	133	97757	0.003	0	0.003	0.003	735.015	158.996	277	839	
7.75	8	3	13	3	3	146	97678	146	98128	0.003	0	0.003	0.003	672.11	191.338	145	903	
7.75	8	3	14	2	3	138	97834	138	97834	0.003	0	0.003	0.003	708.942	171.358	145	903	
7.75	8	3	15	4	3	191	97847	190	97716	0.003	0	0.003	0.003	514.295	286.501	49	839	
7.75	8	1	16	4	3	142	61213	142	61133	0.003	0	0.003	0.003	430.514	133.382	73	533	
7.75	8	1	17	3	3	129	61009	130	61158	0.003	0	0.003	0.003	470.446	84.6362	73	533	
7.75	8	1	18	5	3	145	61228	145	61228	0.003	0	0.003	0.003	422.262	143.501	49	533	
7.75	8	1	19	1	3	134	61654	133	61509	0.003	0	0.003	0.003	462.474	91.6508	145	597	
7.75	8	1	20	2	3	143	61214	143	61214	0.003	0	0.003	0.003	428.07	138.579	73	533	
8	8.25	4	1	3	3	146	70538	146	70450	0.003	0	0.003	0.003	482.534	143.935	93	669	
8	8.25	4	2	1	3	131	70469	131	70469	0.003	0	0.003	0.003	537.931	101.572	93	669	
8	8.25	4	3	2	3	126	70696	126	70696	0.003	0	0.003	0.003	561.079	90.9704	277	839	
8	8.25	4	4	5	3	127	70416	127	70480	0.003	0	0.003	0.003	554.961	68.9719	73	597	
8	8.25	4	5	4	3	183	70454	182	70445	0.003	0	0.003	0.003	387.06	201.325	49	621	
8	8.25	2	6	5	3	139	50202	138	50005	0.003	0	0.003	0.003	362.355	86.3588	93	485	
8	8.25	2	7	1	3	178	49896	178	49968	0.003	0	0.003	0.003	280.719	138.789	32	437	
8	8.25	2	8	2	3	140	49724	140	49724	0.003	0	0.003	0.003	355.171	80.9318	93	485	
8	8.25	2	9	4	3	134	49716	134	49716	0.003	0	0.003	0.003	371.015	70.9067	121	485	
8	8.25	2	10	3	3	165	49921	166	49914	0.003	0	0.003	0.003	300.687	131.38	32	437	
8	8.25	3	11	5	3	139	97977	139	97977	0.003	0	0.003	0.003	704.871	174.758	201	999	
8	8.25	3	12	1	3	132	98042	133	98029	0.003	0	0.003	0.003	737.06	154.752	277	839	
8	8.25	3	13	3	3	137	98185	137	97889	0.003	0	0.003	0.003	714.518	160.099	145	903	
8	8.25	3	14	2	3	135	97723	135	97877	0.003	0	0.003	0.003	725.015	152.776	145	903	
8	8.25	3	15	4	3	200	97768	200	97810	0.003	0	0.003	0.003	489.05	280.653	49	839	
8	8.25	1	16	4	3	145	61189	144	61196	0.003	0	0.003	0.003	424.972	137.514	73	533	
8	8.25	1	17	3	3	130	61229	130	61229	0.003	0	0.003	0.003	470.992	88.8827	73	533	
8	8.25	1	18	5	3	141	61239	140	61190	0.003	0	0.003	0.003	437.071	132.365	49	533	
8	8.25	1	19	1	3	131	61239	132	61384	0.003	0	0.003	0.003	465.03	95.0725	145	597	
8	8.25	1	20	2	3	144	61200	144	61200	0.003	0	0.003	0.003	425	138.674	73	533	
8.25	8.5	4	1	3	3	130	70246	130	70246	0.003	0	0.003	0.003	540.354	97.5187	93	669	
8.25	8.5	4	2	1	3	137	70747	136	70742	0.003	0	0.003	0.003	520.162	126.25	93	573	
8.25	8.5	4	3	2	3	125	70691	125	70691	0.003	0	0.003	0.003	565.528	83.797	277	839	
8.25	8.5	4	4	5	3	128	70476	128	70476	0.003	0	0.003	0.003	550.594	71.2725	73	597	
8.25	8.5	4	5	4	3	176	70468	177	70477	0.003	0	0.003	0.003	398.175	215.054	49	573	
8.25	8.5	2	6	5	3	135	49731	136	49928	0.003	0	0.003	0.003	367.118	72.7792	93	485	
8.25	8.5	2	7	1	3	179	50082	179	49967	0.003	0	0.003	0.003	279.145	133.972	32	437	
8.25	8.5	2	8	2	3	139	50119	139	50119	0.003	0	0.003	0.003	360.568	76.2843	93	485	
8.25	8.5	2	9	4	3	136	50092	136	50204	0.003	0	0.003	0.003	369.147	76.4647	121	485	
8.25	8.5	2	10	3	3	168	49659	168	49659	0.003	0	0.003	0.003	295.589	133.144	32	437	
8.25	8.5	3	11	5	3	137	97887	137	97887	0.003	0	0.003	0.003	714.504	157.731	201	999	
8.25	8.5	3	12	1	3	134	97998	134	97998	0.003	0	0.003	0.003	731.328	156.13	277	839	
8.25	8.5	3	13	3	3	137	97733	137	97579	0.003	0	0.003	0.003	712.255	164.813	145	903	
8.25	8.5	3	14	2	3	131	98339	131	98339	0.003	0	0.003	0.003	750.679	128.775	145	903	
8.25	8.5	3	15	4	3	200	97841	200	97893	0.003	0	0.003	0.003	489.465	291.119	49	839	
8.25	8.5	1	16	4	3	147	61263	148	61336	0.003	0	0.003	0.003	414.432	148.761	73	533	
8.25	8.5	1	17	3	3	132	61296	131	61223	0.003	0	0.003	0.003	467.351	94.9583	73	533	
8.25	8.5	1	18	5	3	134	61182	135	61279	0.003	0	0.003	0.003	453.919	118.825	49	533	
8.25	8.5	1	19	1	3	130	61382	130	61238	0.003	0	0.003	0.003	471.062	87.6826	145	597	
8.25	8.5	1	20	2	3	138	61246	137	61177	0.003	0	0.003	0.003	446.547	120.535	73	533	
8.5	8.75	4	1	3	3	128	70520	128	70520	0.003	0	0.003	0.003	550.937	79.5499	93	669	
8.5	8.75	4	2	1	3	138	70546	139	70551	0.003	0	0.003	0.003	507.561	143.443	93	573	
8.5	8.75	4	3	2	3	125	70963	125	70963	0.003	0	0.003	0.003	567.704	79.6744	277	839	
8.5	8.75	4	4	5	3	125	70465	125	70465	0.003	0	0.003	0.003	563.72	32.1031	533	597	
8.5	8.75	4	5	4	3	173	70429	172	70424	0.003	0	0.003	0.003	409.442	208.427	49	573	
8.5	8.75	2	6	5	3	138	49954	138	49850	0.003	0	0.003	0.003	361.232	78.9963	93	485	
8.5	8.75	2	7	1	3	167	49895	168	49882	0.003	0	0.003	0.003	296.917	134.812	32	437	
8.5	8.75	2	8	2	3	140	49835	140	49739	0.003	0	0.003	0.003	355.279	83.3239	93	485	
8.5	8.75	2	9	4	3	141	50037	141	49925	0.003	0	0.003	0.003	354.078	83.9508	121	485	
8.5	8.75	2	10	3	3	176	49916	175	50044	0.003	0	0.003	0.003	285.966	136.375	32	437	
8.5	8.75	3	11	5	3	136	98196	136	98196	0.003	0	0.003	0.003	722.029	157.079	201	999	
8.5	8.75	3	12	1	3	134	98268	134	98268	0.003	0	0.003	0.003	733.343	151.879	277	839	
8.5	8.75	3	13	3	3	137	97861	137	98167	0.003	0	0.003	0.003	716.547	167.965	145	903	
8.5	8.75	3	14	2	3	133	97577	133	97577	0.003	0	0.003	0.003	733.662	151.896	145	903	
8.5	8.75	3	15	4	3	199	97963	200	97854	0.003	0	0.003	0.003	489.27	300.272	49	839	
8.5	8.75	1	16	4	3	145	60965	145	60965	0.003	0	0.003	0.003	420.448	140.185	73	533	
8.5	8.75	1	17	3	3	145	61203	146	61196	0.003	0	0.003	0.003	419.151	138.329	73	533	
8.5	8.75	1	18	5	3	143	61471	143	61359	0.00304895	0.000585369	0.003	0.01	429.084	140.358	49	693	
8.5	8.75	1	19	1	3	128	60920	128	61064	0.003	0	0.003	0.003	477.063	79.0574	145	597	
8.5	8.75	1	20	2	3	140	61220	141	61289	0.003	0	0.003	0.003	434.674	122.412	73	533	
8.75	9	4	1	3	3	138	70776	138	70776	0.003	0	0.003	0.003	512.87	126.639	93	669	
8.75	9	4	2	1	3	141	70143	141	70231	0.00304964	0.000589506	0.003	0.01	498.092	138.519	93	775	
8.75	9	4	3	2	3	127	70683	127	70393	0.003	0	0.003	0.003	554.276	87.0634	277	839	
8.75	9	4	4	5	3	134	70494	134	70494	0.003	0	0.003	0.003	526.075	113.278	73	597	
8.75	9	4	5	4	3	177	70441	177	70437	0.003	0	0.003	0.003	397.949	214.952	49	621	
8.75	9	2	6	5	3	139	49903	139	49903	0.003	0	0.003	0.003	359.014	86.081	93	485	
8.75	9	2	7	1	3	171	49843	170	49899	0.003	0	0.003	0.003	293.524	137.471	32	437	
8.75	9	2	8	2	3	145	50078	145	50174	0.003	0	0.003	0.003	346.028	84.4697	93	485	
8.75	9	2	9	4	3	138	49834	138	49946	0.003	0	0.003	0.003	361.928	80.2613	121	485	
8.75	9	2	10	3	3	168	49887	169	49759	0.003	0	0.003	0.003	294.432	138.813	32	437	
8.75	9	3	11	5	3	132	97770	132	97980	0.003	0	0.003	0.003	742.273	135.799	201	999	
8.75	9	3	12	1	3	136	98280	136	98280	0.003	0	0.003	0.003	722.647	168.167	277	839	
8.75	9	3	13	3	3	134	98186	134	98034	0.003	0	0.003	0.003	731.597	159.024	145	903	
8.75	9	3	14	2	3	133	97913	133	98209	0.003	0	0.003	0.003	738.414	148.789	145	903	
8.75	9	3	15	4	3	210	97774	209	97659	0.00303349	0.0004842	0.003	0.01	467.268	282.906	49	839	
8.75	9	1	16	4	3	142	61218	142	61218	0.003	0	0.003	0.003	431.113	133.025	73	533	
8.75	9	1	17	3	3	129	61537	129	61537	0.003	0	0.003	0.003	477.031	70.8564	73	533	
8.75	9	1	18	5	3	140	61216	140	61280	0.003	0	0.003	0.003	437.714	130.539	49	533	
8.75	9	1	19	1	3	135	61375	135	61375	0.003	0	0.003	0.003	454.63	101.538	145	597	
8.75	9	1	20	2	3	135	61041	135	60961	0.003	0	0.003	0.003	451.563	110.31	73	533	
9	9.25	4	1	3	3	137	70196	137	70100	0.003	0	0.003	0.003	511.679	122.553	93	669	
9	9.25	4	2	1	3	138	70485	138	70397	0.003	0	0.003	0.003	510.123	125.244	93	669	
9	9.25	4	3	2	3	125	70709	125	70709	0.003	0	0.003	0.003	565.672	91.0604	277	839	
9	9.25	4	4	5	3	141	70687	141	70687	0.003	0	0.003	0.003	501.326	131.288	73	597	
9	9.25	4	5	4	3	184	70348	185	70461	0.003	0	0.003	0.003	380.87	202.046	49	573	
9	9.25	2	6	5	3	141	50012	141	50012	0.003	0	0.003	0.003	354.695	86.5921	92	485	
9	9.25	2	7	1	3	176	49747	177	49691	0.003	0	0.003	0.003	280.74	134.991	32	437	
9	9.25	2	8	2	3	136	49940	136	49940	0.003	0	0.003	0.003	367.206	78.2972	93	485	
9	9.25	2	9	4	3	144	50024	144	50024	0.003	0	0.003	0.003	347.389	95.4123	121	485	
9	9.25	2	10	3	3	162	50029	161	50085	0.003	0	0.003	0.003	311.087	126.659	32	437	
9	9.25	3	11	5	3	131	98041	131	97831	0.003	0	0.003	0.003	746.802	125.219	201	999	
9	9.25	3	12	1	3	133	97754	133	98044	0.003	0	0.003	0.003	737.173	158.412	277	839	
9	9.25	3	13	3	3	136	97594	136	97746	0.003	0	0.003	0.003	718.721	162.789	145	903	
9	9.25	3	14	2	3	132	98175	131	97586	0.003	0	0.003	0.003	744.931	144.537	145	903	
9	9.25	3	15	4	3	214	97860	214	98016	0.003	0	0.003	0.003	458.019	289.558	47	839	
9	9.25	1	16	4	3	144	61496	143	61275	0.003	0	0.003	0.003	428.497	128.742	73	597	
9	9.25	1	17	3	3	129	60929	129	61009	0.003	0	0.003	0.003	472.938	75.9868	73	533	
9	9.25	1	18	5	3	140	61040	139	61147	0.003	0	0.003	0.003	439.906	119.238	49	533	
9	9.25	1	19	1	3	131	61519	131	61519	0.003	0	0.003	0.003	469.611	86.8236	145	597	
9	9.25	1	20	2	3	142	61450	142	61450	0.003	0	0.003	0.003	432.746	129.754	73	533	
9.25	9.5	4	1	3	3	139	70682	138	70773	0.003	0	0.003	0.003	512.848	127.729	93	669	
9.25	9.5	4	2	1	3	133	70493	133	70493	0.003	0	0.003	0.003	530.023	110.814	93	669	
9.25	9.5	4	3	2	3	126	70388	126	70678	0.003	0	0.003	0.003	560.937	83.752	277	839	
9.25	9.5	4	4	5	3	133	70201	133	70201	0.003	0	0.003	0.003	527.827	104.721	73	597	
9.25	9.5	4	5	4	3	186	70554	186	70450	0.003	0	0.003	0.003	378.763	203.753	49	573	
9.25	9.5	2	6	5	3	138	50038	137	50041	0.003	0	0.003	0.003	365.263	76.0127	93	485	
9.25	9.5	2	7	1	3	173	49871	173	49871	0.003	0	0.003	0.003	288.272	141.189	32	437	
9.25	9.5	2	8	2	3	142	49898	142	49898	0.003	0	0.003	0.003	351.394	81.2108	93	485	
9.25	9.5	2	9	4	3	137	49745	137	49745	0.003	0	0.003	0.003	363.102	77.1112	121	485	
9.25	9.5	2	10	3	3	173	49892	174	49884	0.003	0	0.003	0.003	286.69	136.466	32	437	
9.25	9.5	3	11	5	3	136	98406	135	98403	0.003	0	0.003	0.003	728.911	144.904	201	999	
9.25	9.5	3	12	1	3	138	98524	138	98234	0.003	0	0.003	0.003	711.841	172.569	277	839	
9.25	9.5	3	13	3	3	135	98327	135	98175	0.003	0	0.003	0.003	727.222	165.07	145	903	
9.25	9.5	3	14	2	3	131	98203	132	98342	0.003	0	0.003	0.003	745.015	147.663	145	903	
9.25	9.5	3	15	4	3	204	97469	205	97518	0.003	0	0.003	0.003	475.698	304.964	49	839	
9.25	9.5	1	16	4	3	137	61181	138	61402	0.003	0	0.003	0.003	444.942	122.258	73	533	
9.25	9.5	1	17	3	3	143	61518	143	61438	0.003	0	0.003	0.003	429.636	132.733	73	533	
9.25	9.5	1	18	5	3	143	61175	144	61004	0.003	0	0.003	0.003	423.639	138.127	49	533	
9.25	9.5	1	19	1	3	135	61375	135	61375	0.003	0	0.003	0.003	454.63	101.538	145	597	
9.25	9.5	1	20	2	3	131	60983	131	61063	0.003	0	0.003	0.003	466.13	92.3435	73	533	
9.5	9.75	4	1	3	3	143	70483	144	70576	0.003	0	0.003	0.003	490.111	150.945	93	573	
9.5	9.75	4	2	1	3	132	70452	132	70452	0.003	0	0.003	0.003	533.727	111.297	93	669	
9.5	9.75	4	3	2	3	125	70691	125	70691	0.003	0	0.003	0.003	565.528	83.797	277	839	
9.5	9.75	4	4	5	3	127	70479	127	70415	0.003	0	0.003	0.003	554.449	65.4958	73	597	
9.5	9.75	4	5	4	3	181	70437	181	70437	0.003	0	0.003	0.003	389.155	202.867	49	573	
9.5	9.75	2	6	5	3	141	49821	142	49818	0.003	0	0.003	0.003	350.831	86.8469	93	485	
9.5	9.75	2	7	1	3	168	49824	168	49912	0.003	0	0.003	0.003	297.095	138.861	32	437	
9.5	9.75	2	8	2	3	135	49977	135	49977	0.003	0	0.003	0.003	370.2	73.4035	93	485	
9.5	9.75	2	9	4	3	142	50096	141	49855	0.003	0	0.003	0.003	353.582	80.1942	119	485	
9.5	9.75	2	10	3	3	176	49890	176	49890	0.003	0	0.003	0.003	283.466	139.53	32	437	
9.5	9.75	3	11	5	3	140	98016	141	98019	0.003	0	0.003	0.003	695.17	168.488	201	999	
9.5	9.75	3	12	1	3	133	97757	133	97757	0.003	0	0.003	0.003	735.015	158.996	277	839	
9.5	9.75	3	13	3	3	138	97862	138	97862	0.003	0	0.003	0.003	709.145	166.099	145	903	
9.5	9.75	3	14	2	3	139	97687	139	97841	0.003	0	0.003	0.003	703.892	163.801	145	903	
9.5	9.75	3	15	4	3	184	97852	183	97807	0.003	0	0.003	0.003	534.464	286.234	49	839	
9.5	9.75	1	16	4	3	133	61281	133	61281	0.003	0	0.003	0.003	460.759	97.9682	73	533	
9.5	9.75	1	17	3	3	147	60942	147	60942	0.003	0	0.003	0.003	414.571	143.866	73	533	
9.5	9.75	1	18	5	3	141	61381	141	61445	0.00304964	0.000589506	0.003	0.01	435.78	134.42	49	693	
9.5	9.75	1	19	1	3	132	61056	132	61056	0.003	0	0.003	0.003	462.545	91.9962	145	597	
9.5	9.75	1	20	2	3	136	61260	135	61187	0.003	0	0.003	0.003	453.237	111.568	73	597	
9.75	10	4	1	3	3	140	70562	140	70474	0.003	0	0.003	0.003	503.386	144.01	93	573	
9.75	10	4	2	1	3	128	70544	128	70544	0.003	0	0.003	0.003	551.125	82.0799	93	669	
9.75	10	4	3	2	3	125	70981	125	70691	0.003	0	0.003	0.003	565.528	83.797	277	839	
9.75	10	4	4	5	3	126	70474	126	70538	0.003	0	0.003	0.003	559.825	54.162	73	597	
9.75	10	4	5	4	3	173	70421	173	70461	0.003	0	0.003	0.003	407.289	210.61	49	573	
9.75	10	2	6	5	3	141	50115	141	50115	0.003	0	0.003	0.003	355.426	82.4139	93	485	
9.75	10	2	7	1	3	176	49909	175	49838	0.003	0	0.003	0.003	284.789	134.598	32	437	
9.75	10	2	8	2	3	138	49746	138	49746	0.003	0	0.003	0.003	360.478	79.2974	93	485	
9.75	10	2	9	4	3	138	49742	139	50115	0.003	0	0.003	0.003	360.54	77.2169	121	485	
9.75	10	2	10	3	3	168	49899	168	49851	0.003	0	0.003	0.003	296.732	135.233	32	437	
9.75	10	3	11	5	3	146	97728	145	97533	0.003	0	0.003	0.003	672.641	175.934	201	999	
9.75	10	3	12	1	3	135	98256	135	98256	0.003	0	0.003	0.003	727.822	156.813	277	839	
9.75	10	3	13	3	3	140	97779	140	97625	0.003	0	0.003	0.003	697.321	180.062	145	903	
9.75	10	3	14	2	3	147	97743	147	97743	0.003	0	0.003	0.003	664.918	199.314	145	903	
9.75	10	3	15	4	3	175	97590	176	97691	0.003	0	0.003	0.003	555.063	282.897	49	839	
9.75	10	1	16	4	3	143	61222	143	61142	0.003	0	0.003	0.003	427.566	130.146	73	533	
9.75	10	1	17	3	3	149	61167	149	61247	0.003	0	0.003	0.003	411.054	137.853	73	533	
9.75	10	1	18	5	3	151	61207	151	61207	0.003	0	0.003	0.003	405.344	137.905	49	533	
9.75	10	1	19	1	3	132	61336	132	61192	0.003	0	0.003	0.003	463.576	87.0653	145	597	
9.75	10	1	20	2	3	147	61194	148	61267	0.003	0	0.003	0.003	413.966	133.77	72	533	
