% start	end	CellId	IMSI	RNTI	LCID	nTxPDUs	TxBytes	nRxPDUs	RxBytes	delay	stdDev	min	max	PduSize	stdDev	min	max
0.5	0.75	4	1	3	3	115	46187	108	40268	0.003	0	0.003	0.003	372.852	132.712	49	749	
0.5	0.75	4	2	1	3	105	46449	104	46060	0.00367308	0.00300951	0.003	0.017	442.885	170.893	93	1383	
0.5	0.75	4	3	4	3	108	46500	107	46127	0.00378505	0.00323608	0.003	0.017	431.093	158.392	73	1095	
0.5	0.75	4	4	2	3	118	46567	111	40943	0.003	0	0.003	0.003	368.856	123.139	49	775	
0.5	0.75	4	5	5	3	124	46240	117	40347	0.003	0	0.003	0.003	344.846	142.582	32	621	
0.5	0.75	2	6	3	3	133	62423	126	56410	0.003	0	0.003	0.003	447.698	171.707	49	839	
0.5	0.75	2	7	2	3	119	62456	118	61971	0.00359322	0.00283216	0.003	0.017	525.178	145.937	93	1383	
0.5	0.75	2	8	5	3	126	62550	125	62017	0.003672	0.00300477	0.003	0.017	496.136	163.675	73	1095	
0.5	0.75	2	9	1	3	117	62317	116	61744	0.00372414	0.00311402	0.003	0.017	532.276	115.239	93	839	
0.5	0.75	2	10	4	3	116	62380	115	61895	0.00373043	0.00312691	0.003	0.017	538.217	134.656	93	1095	
0.5	0.75	3	11	1	3	114	39746	107	34697	0.003	0	0.003	0.003	324.271	136.189	49	839	
0.5	0.75	3	12	3	3	106	40007	98	34051	0.00307143	0.000707107	0.003	0.01	347.459	133.351	57	839	
0.5	0.75	3	13	2	3	144	40005	137	34229	0.003	0	0.003	0.003	249.847	130.378	26	437	
0.5	0.75	3	14	4	3	97	39921	96	39620	0.003875	0.00340665	0.003	0.017	412.708	172.537	73	1095	
0.5	0.75	3	15	5	3	106	39956	105	39663	0.0038	0.0032652	0.003	0.017	377.743	180.831	57	1095	
0.5	0.75	1	16	1	3	115	49073	114	48620	0.00342982	0.0016879	0.003	0.01	426.491	181.023	113	1383	
0.5	0.75	1	17	2	3	131	48964	129	48674	0.00365116	0.00295976	0.003	0.017	377.318	174.952	57	1056	
0.5	0.75	1	18	4	3	121	48789	114	42822	0.003	0	0.003	0.003	375.632	117.525	49	749	
0.5	0.75	1	19	5	3	126	49090	119	43125	0.003	0	0.003	0.003	362.395	110.966	47	621	
0.5	0.75	1	20	3	3	124	49052	117	43133	0.003	0	0.003	0.003	368.658	124.57	49	693	
0.75	1	4	1	3	3	130	45862	130	45862	0.003	0	0.003	0.003	352.785	63.989	49	373	
0.75	1	4	2	1	3	126	46014	126	46014	0.003	0	0.003	0.003	365.19	48.7773	93	389	
0.75	1	4	3	4	3	127	45871	127	45871	0.003	0	0.003	0.003	361.189	43.7681	73	453	
0.75	1	4	4	2	3	126	45882	126	45882	0.003	0	0.003	0.003	364.143	33.9924	49	421	
0.75	1	4	5	5	3	162	45852	162	45852	0.003	0	0.003	0.003	283.037	130.722	32	389	
0.75	1	2	6	3	3	148	63218	148	63218	0.003	0	0.003	0.003	427.149	162.948	49	533	
0.75	1	2	7	2	3	127	63275	127	63275	0.003	0	0.003	0.003	498.228	63.1159	93	573	
0.75	1	2	8	5	3	143	63215	143	63215	0.003	0	0.003	0.003	442.063	144.352	73	533	
0.75	1	2	9	1	3	127	63187	127	63275	0.003	0	0.003	0.003	498.228	63.1159	93	573	
0.75	1	2	10	4	3	128	63272	128	63184	0.003	0	0.003	0.003	493.625	66.8979	93	573	
0.75	1	3	11	1	3	129	38589	130	38582	0.003	0	0.003	0.003	296.785	55.4711	49	373	
0.75	1	3	12	3	3	146	38410	147	38527	0.003	0	0.003	0.003	262.088	79.7497	57	357	
0.75	1	3	13	2	3	150	38547	150	38491	0.003	0	0.003	0.003	256.607	101.124	26	325	
0.75	1	3	14	4	3	126	38778	126	38778	0.003	0	0.003	0.003	307.762	26.7323	225	373	
0.75	1	3	15	5	3	135	38611	135	38611	0.003	0	0.003	0.003	286.007	68.8251	57	357	
0.75	1	1	16	1	3	147	48671	146	48786	0.003	0	0.003	0.003	334.151	86.2842	113	453	
0.75	1	1	17	2	3	144	48764	145	48633	0.003	0	0.003	0.003	335.4	102.341	57	469	
0.75	1	1	18	4	3	139	48577	139	48625	0.003	0	0.003	0.003	349.82	91.66	49	421	
0.75	1	1	19	5	3	148	48372	148	48420	0.003	0	0.003	0.003	327.162	108.023	49	421	
0.75	1	1	20	3	3	159	48575	159	48527	0.003	0	0.003	0.003	305.201	119.833	49	421	
1	1.25	4	1	3	3	131	45853	131	45853	0.003	0	0.003	0.003	350.023	69.0754	49	373	
1	1.25	4	2	1	3	125	45817	125	45921	0.003	0	0.003	0.003	367.368	42.3811	285	389	
1	1.25	4	3	4	3	131	45919	131	45919	0.003	0	0.003	0.003	350.527	66.1215	73	453	
1	1.25	4	4	2	3	132	45848	132	45848	0.003	0	0.003	0.003	347.333	73.6504	49	373	
1	1.25	4	5	5	3	169	45831	168	45799	0.003	0	0.003	0.003	272.613	135.399	32	389	
1	1.25	2	6	3	3	155	63215	155	63151	0.003	0	0.003	0.003	407.426	169.659	49	533	
1	1.25	2	7	2	3	131	63194	131	63194	0.003	0	0.003	0.003	482.397	86.4931	93	573	
1	1.25	2	8	5	3	147	63183	147	63263	0.003	0	0.003	0.003	430.361	152.618	73	533	
1	1.25	2	9	1	3	134	63302	134	63214	0.003	0	0.003	0.003	471.746	103.687	93	573	
1	1.25	2	10	4	3	132	63204	132	63292	0.003	0	0.003	0.003	479.485	94.3154	93	573	
1	1.25	3	11	1	3	129	38589	129	38589	0.003	0	0.003	0.003	299.14	50.5966	49	373	
1	1.25	3	12	3	3	147	38703	147	38703	0.003	0	0.003	0.003	263.286	77.017	57	357	
1	1.25	3	13	2	3	161	38495	161	38527	0.003	0	0.003	0.003	239.298	113.293	26	325	
1	1.25	3	14	4	3	126	38482	126	38482	0.003	0	0.003	0.003	305.413	32.0593	73	373	
1	1.25	3	15	5	3	133	38625	133	38561	0.003	0	0.003	0.003	289.932	63.5322	57	357	
1	1.25	1	16	1	3	147	48531	148	48644	0.003	0	0.003	0.003	328.676	91.699	113	453	
1	1.25	1	17	2	3	151	48599	151	48599	0.003	0	0.003	0.003	321.848	109.795	57	421	
1	1.25	1	18	4	3	157	48745	157	48745	0.003	0	0.003	0.003	310.478	114.911	49	421	
1	1.25	1	19	5	3	158	48570	158	48570	0.003	0	0.003	0.003	307.405	117.669	49	421	
1	1.25	1	20	3	3	141	48455	140	48402	0.003	0	0.003	0.003	345.729	97.0593	49	421	
1.25	1.5	4	1	3	3	139	45851	139	45851	0.003	0	0.003	0.003	329.863	95.7312	49	373	
1.25	1.5	4	2	1	3	126	46014	126	45910	0.003	0	0.003	0.003	364.365	49.2489	93	389	
1.25	1.5	4	3	4	3	131	45866	131	45866	0.003	0	0.003	0.003	350.122	65.614	73	453	
1.25	1.5	4	4	2	3	130	45854	130	45854	0.003	0	0.003	0.003	352.723	64.2981	49	421	
1.25	1.5	4	5	5	3	160	45828	161	45860	0.003	0	0.003	0.003	284.845	130.311	32	389	
1.25	1.5	2	6	3	3	155	63195	155	63195	0.003	0	0.003	0.003	407.71	173.498	49	533	
1.25	1.5	2	7	2	3	133	63217	133	63217	0.003	0	0.003	0.003	475.316	102.228	93	573	
1.25	1.5	2	8	5	3	152	63224	151	63151	0.003	0	0.003	0.003	418.219	159.294	73	533	
1.25	1.5	2	9	1	3	133	63204	133	63292	0.003	0	0.003	0.003	475.88	97.7837	93	573	
1.25	1.5	2	10	4	3	133	63209	133	63209	0.003	0	0.003	0.003	475.256	99.0431	93	573	
1.25	1.5	3	11	1	3	140	38564	140	38508	0.003	0	0.003	0.003	275.057	75.2572	49	373	
1.25	1.5	3	12	3	3	128	38428	128	38428	0.003	0	0.003	0.003	300.219	47.4935	57	357	
1.25	1.5	3	13	2	3	182	38498	182	38498	0.003	0	0.003	0.003	211.527	119.227	26	325	
1.25	1.5	3	14	4	3	126	38544	126	38544	0.003	0	0.003	0.003	305.905	35.2142	73	373	
1.25	1.5	3	15	5	3	142	38626	142	38690	0.003	0	0.003	0.003	272.465	74.8092	57	357	
1.25	1.5	1	16	1	3	159	48863	159	48747	0.003	0	0.003	0.003	306.585	92.099	113	453	
1.25	1.5	1	17	2	3	157	48629	156	48576	0.003	0	0.003	0.003	311.385	119.098	57	421	
1.25	1.5	1	18	4	3	147	48599	147	48599	0.003	0	0.003	0.003	330.605	105.383	49	421	
1.25	1.5	1	19	5	3	142	48605	142	48605	0.003	0	0.003	0.003	342.289	99.071	49	421	
1.25	1.5	1	20	3	3	147	48493	148	48594	0.003	0	0.003	0.003	328.338	111.244	49	421	
1.5	1.75	4	1	3	3	140	45898	139	45905	0.003	0	0.003	0.003	330.252	95.8372	47	373	
1.5	1.75	4	2	1	3	125	45921	125	45921	0.003	0	0.003	0.003	367.368	42.3811	285	389	
1.5	1.75	4	3	4	3	128	45884	128	45884	0.003	0	0.003	0.003	358.469	55.0627	73	453	
1.5	1.75	4	4	2	3	138	45838	138	45894	0.003	0	0.003	0.003	332.565	87.4284	49	373	
1.5	1.75	4	5	5	3	159	45857	159	45817	0.003	0	0.003	0.003	288.157	123.371	32	389	
1.5	1.75	2	6	3	3	158	63098	157	63109	0.003	0	0.003	0.003	401.968	174.966	49	533	
1.5	1.75	2	7	2	3	133	63393	132	63296	0.003	0	0.003	0.003	479.515	96.0107	93	573	
1.5	1.75	2	8	5	3	148	63172	149	63245	0.003	0	0.003	0.003	424.463	156.888	73	533	
1.5	1.75	2	9	1	3	134	63204	134	63204	0.003	0	0.003	0.003	471.672	100.568	93	573	
1.5	1.75	2	10	4	3	133	63213	133	63213	0.003	0	0.003	0.003	475.286	100.648	93	573	
1.5	1.75	3	11	1	3	138	38522	138	38578	0.003	0	0.003	0.003	279.551	77.8843	49	373	
1.5	1.75	3	12	3	3	138	38586	138	38586	0.003	0	0.003	0.003	279.609	74.6623	57	357	
1.5	1.75	3	13	2	3	148	38550	148	38550	0.003	0	0.003	0.003	260.473	99.0294	26	325	
1.5	1.75	3	14	4	3	128	38776	128	38704	0.003	0	0.003	0.003	302.375	35.4461	73	373	
1.5	1.75	3	15	5	3	147	38471	147	38471	0.003	0	0.003	0.003	261.707	82.9876	57	357	
1.5	1.75	1	16	1	3	147	48423	147	48423	0.003	0	0.003	0.003	329.408	92.5448	113	453	
1.5	1.75	1	17	2	3	155	48543	156	48660	0.003	0	0.003	0.003	311.923	110.064	57	421	
1.5	1.75	1	18	4	3	150	48590	150	48590	0.003	0	0.003	0.003	323.933	110.219	49	421	
1.5	1.75	1	19	5	3	150	48586	150	48586	0.003	0	0.003	0.003	323.907	112.327	49	421	
1.5	1.75	1	20	3	3	149	48713	148	48612	0.003	0	0.003	0.003	328.459	106.173	49	421	
1.75	2	4	1	3	3	143	45867	143	45867	0.003	0	0.003	0.003	320.748	102.045	49	373	
1.75	2	4	2	1	3	131	45870	131	45974	0.003	0	0.003	0.003	350.947	69.5091	93	389	
1.75	2	4	3	4	3	128	45876	128	45876	0.003	0	0.003	0.003	358.406	54.2112	73	453	
1.75	2	4	4	2	3	136	45888	136	45832	0.003	0	0.003	0.003	337	85.583	49	421	
1.75	2	4	5	5	3	155	45841	155	45841	0.003	0	0.003	0.003	295.748	118.215	32	389	
1.75	2	2	6	3	3	156	63180	157	63233	0.003	0	0.003	0.003	402.758	176.123	49	533	
1.75	2	2	7	2	3	132	63108	133	63205	0.003	0	0.003	0.003	475.226	97.4119	93	573	
1.75	2	2	8	5	3	148	63255	148	63175	0.003	0	0.003	0.003	426.858	154.724	73	533	
1.75	2	2	9	1	3	132	63212	132	63212	0.003	0	0.003	0.003	478.879	97.3335	93	573	
1.75	2	2	10	4	3	132	63292	132	63204	0.003	0	0.003	0.003	478.818	93.9597	93	573	
1.75	2	3	11	1	3	148	38772	148	38716	0.00309459	0.000810961	0.003	0.01	261.595	92.5907	49	421	
1.75	2	3	12	3	3	138	38714	138	38714	0.003	0	0.003	0.003	280.536	73.5027	57	357	
1.75	2	3	13	2	3	152	38389	152	38389	0.003	0	0.003	0.003	252.559	102.028	26	325	
1.75	2	3	14	4	3	127	38555	127	38627	0.003	0	0.003	0.003	304.15	32.0065	149	373	
1.75	2	3	15	5	3	134	38546	134	38546	0.003	0	0.003	0.003	287.657	65.26	57	357	
1.75	2	1	16	1	3	145	48873	144	48648	0.003	0	0.003	0.003	337.833	89.6575	113	453	
1.75	2	1	17	2	3	154	48390	154	48390	0.003	0	0.003	0.003	314.221	114.45	57	421	
1.75	2	1	18	4	3	149	48373	149	48373	0.003	0	0.003	0.003	324.651	110.197	49	421	
1.75	2	1	19	5	3	162	48770	162	48770	0.003	0	0.003	0.003	301.049	119.386	49	421	
1.75	2	1	20	3	3	147	48655	148	48756	0.003	0	0.003	0.003	329.432	110.025	49	421	
2	2.25	4	1	3	3	131	45851	132	45844	0.003	0	0.003	0.003	347.303	72.1815	49	373	
2	2.25	4	2	1	3	126	45910	126	45806	0.003	0	0.003	0.003	363.54	49.7021	93	389	
2	2.25	4	3	4	3	130	45934	129	45861	0.003	0	0.003	0.003	355.512	58.1659	73	453	
2	2.25	4	4	2	3	131	45855	131	45855	0.003	0	0.003	0.003	350.038	69.0803	49	373	
2	2.25	4	5	5	3	168	45792	168	45872	0.003	0	0.003	0.003	273.048	136.72	30	389	
2	2.25	2	6	3	3	157	63231	157	63167	0.003	0	0.003	0.003	402.338	175.889	49	533	
2	2.25	2	7	2	3	133	63213	133	63213	0.003	0	0.003	0.003	475.286	100.648	93	573	
2	2.25	2	8	5	3	150	63156	149	63163	0.003	0	0.003	0.003	423.913	155.669	73	533	
2	2.25	2	9	1	3	132	63208	132	63208	0.003	0	0.003	0.003	478.848	95.6615	93	573	
2	2.25	2	10	4	3	134	63206	134	63294	0.003	0	0.003	0.003	472.343	100.944	93	573	
2	2.25	3	11	1	3	132	38284	132	38396	0.00305303	0.000609272	0.003	0.01	290.879	67.7732	49	469	
2	2.25	3	12	3	3	125	38361	125	38361	0.003	0	0.003	0.003	306.888	28.663	233	357	
2	2.25	3	13	2	3	191	38633	191	38601	0.003	0	0.003	0.003	202.099	120.897	26	325	
2	2.25	3	14	4	3	129	38549	129	38549	0.003	0	0.003	0.003	298.829	44.3368	73	373	
2	2.25	3	15	5	3	145	38533	145	38469	0.003	0	0.003	0.003	265.303	81.7885	57	357	
2	2.25	1	16	1	3	147	48421	148	48646	0.003	0	0.003	0.003	328.689	92.6098	113	453	
2	2.25	1	17	2	3	149	48616	149	48552	0.003	0	0.003	0.003	325.852	107.255	57	421	
2	2.25	1	18	4	3	157	48669	156	48624	0.003	0	0.003	0.003	311.692	116.423	49	421	
2	2.25	1	19	5	3	149	48597	149	48597	0.003	0	0.003	0.003	326.154	108.343	49	421	
2	2.25	1	20	3	3	150	48598	150	48598	0.003	0	0.003	0.003	323.987	105.789	49	421	
2.25	2.5	4	1	3	3	134	46030	134	46030	0.003	0	0.003	0.003	343.507	77.8132	49	421	
2.25	2.5	4	2	1	3	128	45904	128	46008	0.003	0	0.003	0.003	359.437	56.8623	93	389	
2.25	2.5	4	3	4	3	133	45841	134	45914	0.003	0	0.003	0.003	342.642	72.1622	73	373	
2.25	2.5	4	4	2	3	134	45666	134	45666	0.003	0	0.003	0.003	340.791	81.0552	49	373	
2.25	2.5	4	5	5	3	167	45851	166	45779	0.003	0	0.003	0.003	275.777	131.727	32	389	
2.25	2.5	2	6	3	3	157	63109	156	63124	0.003	0	0.003	0.003	404.641	172.714	49	533	
2.25	2.5	2	7	2	3	133	63209	133	63209	0.003	0	0.003	0.003	475.256	99.0431	93	573	
2.25	2.5	2	8	5	3	149	63249	150	63242	0.003	0	0.003	0.003	421.613	158.751	73	533	
2.25	2.5	2	9	1	3	133	63293	133	63293	0.003	0	0.003	0.003	475.887	97.7769	93	573	
2.25	2.5	2	10	4	3	134	63218	134	63218	0.003	0	0.003	0.003	471.776	105.21	93	573	
2.25	2.5	3	11	1	3	142	38658	141	38609	0.003	0	0.003	0.003	273.823	81.3269	49	317	
2.25	2.5	3	12	3	3	143	38611	143	38611	0.003	0	0.003	0.003	270.007	81.6264	57	357	
2.25	2.5	3	13	2	3	134	38557	134	38589	0.003	0	0.003	0.003	287.978	71.5022	26	325	
2.25	2.5	3	14	4	3	125	38633	125	38633	0.003	0	0.003	0.003	309.064	22.7978	301	373	
2.25	2.5	3	15	5	3	143	38611	143	38611	0.003	0	0.003	0.003	270.007	79.7835	57	357	
2.25	2.5	1	16	1	3	148	48872	148	48872	0.003	0	0.003	0.003	330.216	91.8605	113	453	
2.25	2.5	1	17	2	3	160	48758	159	48769	0.003	0	0.003	0.003	306.723	116.632	57	421	
2.25	2.5	1	18	4	3	147	48539	148	48584	0.003	0	0.003	0.003	328.27	107.869	49	421	
2.25	2.5	1	19	5	3	139	48591	139	48543	0.003	0	0.003	0.003	349.23	92.2024	49	421	
2.25	2.5	1	20	3	3	154	48378	154	48378	0.003	0	0.003	0.003	314.143	114.753	49	421	
2.5	2.75	4	1	3	3	130	45862	130	45862	0.003	0	0.003	0.003	352.785	63.989	49	373	
2.5	2.75	4	2	1	3	125	45921	125	45817	0.003	0	0.003	0.003	366.536	42.9697	285	389	
2.5	2.75	4	3	4	3	130	45910	129	45837	0.003	0	0.003	0.003	355.326	55.7241	73	373	
2.5	2.75	4	4	2	3	132	45844	132	45844	0.003	0	0.003	0.003	347.303	72.1815	49	373	
2.5	2.75	4	5	5	3	167	45796	168	45868	0.003	0	0.003	0.003	273.024	137.718	32	389	
2.5	2.75	2	6	3	3	155	63191	156	63240	0.003	0	0.003	0.003	405.385	176.007	49	533	
2.5	2.75	2	7	2	3	134	63293	134	63206	0.003	0	0.003	0.003	471.687	100.57	93	573	
2.5	2.75	2	8	5	3	150	63156	150	63156	0.003	0	0.003	0.003	421.04	157.545	72	533	
2.5	2.75	2	9	1	3	133	63213	133	63213	0.003	0	0.003	0.003	475.286	100.648	93	573	
2.5	2.75	2	10	4	3	130	63202	130	63202	0.003	0	0.003	0.003	486.169	85.9961	93	573	
2.5	2.75	3	11	1	3	139	38629	140	38622	0.003	0	0.003	0.003	275.871	77.7941	49	373	
2.5	2.75	3	12	3	3	137	38667	137	38667	0.00310219	0.000842656	0.003	0.01	282.241	71.3839	57	421	
2.5	2.75	3	13	2	3	157	38352	156	38326	0.003	0	0.003	0.003	245.679	104.665	26	325	
2.5	2.75	3	14	4	3	127	38551	127	38551	0.003	0	0.003	0.003	303.551	36.7252	73	373	
2.5	2.75	3	15	5	3	145	38480	145	38544	0.003	0	0.003	0.003	265.821	79.7499	57	357	
2.5	2.75	1	16	1	3	146	48525	146	48413	0.003	0	0.003	0.003	331.596	89.7384	113	453	
2.5	2.75	1	17	2	3	158	48630	159	48619	0.003	0	0.003	0.003	305.78	110.1	57	421	
2.5	2.75	1	18	4	3	146	48726	146	48726	0.003	0	0.003	0.003	333.74	107.256	49	421	
2.5	2.75	1	19	5	3	151	48443	150	48390	0.003	0	0.003	0.003	322.6	109.597	49	421	
2.5	2.75	1	20	3	3	149	48585	149	48697	0.003	0	0.003	0.003	326.826	100.444	49	421	
2.75	3	4	1	3	3	131	45855	131	45855	0.003	0	0.003	0.003	350.038	69.0803	49	373	
2.75	3	4	2	1	3	125	45921	125	46025	0.003	0	0.003	0.003	368.2	41.7674	285	389	
2.75	3	4	3	4	3	130	45838	131	45911	0.003	0	0.003	0.003	350.466	65.423	73	373	
2.75	3	4	4	2	3	133	45841	133	45841	0.003	0	0.003	0.003	344.669	77.797	49	373	
2.75	3	4	5	5	3	167	45841	166	45769	0.003	0	0.003	0.003	275.717	134.881	32	389	
2.75	3	2	6	3	3	158	63166	157	63117	0.003	0	0.003	0.003	402.019	173.563	49	533	
2.75	3	2	7	2	3	133	63213	133	63300	0.003	0	0.003	0.003	475.94	100.994	93	573	
2.75	3	2	8	5	3	149	63253	149	63253	0.003	0	0.003	0.003	424.517	157.89	73	533	
2.75	3	2	9	1	3	133	63213	133	63213	0.003	0	0.003	0.003	475.286	100.648	93	573	
2.75	3	2	10	4	3	134	63206	134	63206	0.003	0	0.003	0.003	471.687	100.57	93	573	
2.75	3	3	11	1	3	132	38516	132	38516	0.003	0	0.003	0.003	291.788	62.2724	49	373	
2.75	3	3	12	3	3	138	38414	137	38357	0.00305109	0.00059805	0.003	0.01	279.978	70.5391	57	469	
2.75	3	3	13	2	3	185	38459	186	38485	0.003	0	0.003	0.003	206.909	121.661	26	325	
2.75	3	3	14	4	3	128	38482	128	38482	0.003	0	0.003	0.003	300.641	42.0457	73	373	
2.75	3	3	15	5	3	138	38702	138	38702	0.003	0	0.003	0.003	280.449	71.2585	57	357	
2.75	3	1	16	1	3	150	48530	150	48642	0.003	0	0.003	0.003	324.28	92.3385	113	453	
2.75	3	1	17	2	3	152	48592	152	48656	0.003	0	0.003	0.003	320.105	112.005	57	421	
2.75	3	1	18	4	3	152	48396	152	48396	0.003	0	0.003	0.003	318.395	110.014	49	421	
2.75	3	1	19	5	3	151	48631	151	48631	0.003	0	0.003	0.003	322.06	110.096	49	421	
2.75	3	1	20	3	3	150	48790	150	48678	0.003	0	0.003	0.003	324.52	107.6	49	421	
3	3.25	4	1	3	3	130	45862	130	45862	0.003	0	0.003	0.003	352.785	63.989	49	373	
3	3.25	4	2	1	3	125	45921	125	45817	0.003	0	0.003	0.003	366.536	42.9697	285	389	
3	3.25	4	3	4	3	130	45910	130	45910	0.003	0	0.003	0.003	353.154	60.7803	73	373	
3	3.25	4	4	2	3	133	45841	133	45841	0.003	0	0.003	0.003	344.669	77.797	49	373	
3	3.25	4	5	5	3	166	45807	167	45839	0.003	0	0.003	0.003	274.485	136.407	32	389	
3	3.25	2	6	3	3	153	63149	154	63198	0.003	0	0.003	0.003	410.377	174.003	49	533	
3	3.25	2	7	2	3	129	63197	129	63197	0.003	0	0.003	0.003	489.899	79.3115	93	573	
3	3.25	2	8	5	3	149	63164	149	63164	0.003	0	0.003	0.003	423.919	155.674	73	533	
3	3.25	2	9	1	3	132	63288	132	63200	0.003	0	0.003	0.003	478.788	92.2265	93	573	
3	3.25	2	10	4	3	133	63301	133	63301	0.003	0	0.003	0.003	475.947	101.001	93	573	
3	3.25	3	11	1	3	134	38486	134	38542	0.00305224	0.000604708	0.003	0.01	287.627	65.7617	49	469	
3	3.25	3	12	3	3	146	38554	146	38494	0.00309589	0.000816458	0.003	0.01	263.658	82.3279	57	421	
3	3.25	3	13	2	3	187	38470	187	38470	0.003	0	0.003	0.003	205.722	117.861	26	349	
3	3.25	3	14	4	3	130	38544	130	38544	0.003	0	0.003	0.003	296.492	47.8851	73	373	
3	3.25	3	15	5	3	131	38463	131	38463	0.003	0	0.003	0.003	293.611	55.1774	57	357	
3	3.25	1	16	1	3	149	48881	149	48881	0.003	0	0.003	0.003	328.06	94.5217	113	453	
3	3.25	1	17	2	3	155	48563	154	48510	0.003	0	0.003	0.003	315	113.087	57	421	
3	3.25	1	18	4	3	145	48657	144	48612	0.003	0	0.003	0.003	337.583	100.642	49	421	
3	3.25	1	19	5	3	148	48632	149	48733	0.003	0	0.003	0.003	327.067	108.488	49	421	
3	3.25	1	20	3	3	154	48382	154	48382	0.003	0	0.003	0.003	314.169	115.482	49	421	
3.25	3.5	4	1	3	3	130	45862	130	45862	0.003	0	0.003	0.003	352.785	63.989	49	373	
3.25	3.5	4	2	1	3	125	45921	125	45921	0.003	0	0.003	0.003	367.368	42.3811	285	389	
3.25	3.5	4	3	4	3	130	45838	130	45838	0.003	0	0.003	0.003	352.6	60.9259	73	373	
3.25	3.5	4	4	2	3	132	45848	132	45848	0.003	0	0.003	0.003	347.333	73.6504	49	373	
3.25	3.5	4	5	5	3	168	45828	168	45828	0.003	0	0.003	0.003	272.786	137.101	32	389	
3.25	3.5	2	6	3	3	158	63226	158	63162	0.003	0	0.003	0.003	399.759	175.965	49	533	
3.25	3.5	2	7	2	3	135	63215	135	63215	0.003	0	0.003	0.003	468.259	106.479	93	573	
3.25	3.5	2	8	5	3	150	63162	150	63242	0.003	0	0.003	0.003	421.613	158.751	73	533	
3.25	3.5	2	9	1	3	134	63210	134	63210	0.003	0	0.003	0.003	471.716	102.14	93	573	
3.25	3.5	2	10	4	3	132	63212	132	63212	0.003	0	0.003	0.003	478.879	97.3335	93	573	
3.25	3.5	3	11	1	3	146	38522	146	38522	0.00304794	0.000579324	0.003	0.01	263.849	87.3253	49	373	
3.25	3.5	3	12	3	3	141	38441	142	38558	0.00304929	0.000587427	0.003	0.01	271.535	77.038	57	469	
3.25	3.5	3	13	2	3	168	38515	167	38464	0.003	0	0.003	0.003	230.323	110.702	24	325	
3.25	3.5	3	14	4	3	126	38550	126	38550	0.003	0	0.003	0.003	305.952	29.5737	225	373	
3.25	3.5	3	15	5	3	132	38566	132	38566	0.003	0	0.003	0.003	292.167	61.9947	57	357	
3.25	3.5	1	16	1	3	152	48648	152	48648	0.003	0	0.003	0.003	320.053	94.5405	113	453	
3.25	3.5	1	17	2	3	150	48422	151	48475	0.003	0	0.003	0.003	321.026	110.069	57	421	
3.25	3.5	1	18	4	3	156	48746	157	48743	0.003	0	0.003	0.003	310.465	112.365	49	421	
3.25	3.5	1	19	5	3	152	48620	151	48575	0.003	0	0.003	0.003	321.689	109.091	49	421	
3.25	3.5	1	20	3	3	144	48592	144	48592	0.003	0	0.003	0.003	337.444	104.362	49	421	
3.5	3.75	4	1	3	3	131	45855	130	45806	0.003	0	0.003	0.003	352.354	64.0403	49	373	
3.5	3.75	4	2	1	3	125	45921	125	45921	0.003	0	0.003	0.003	367.368	42.3811	285	389	
3.5	3.75	4	3	4	3	130	45910	130	45910	0.003	0	0.003	0.003	353.154	60.7803	73	373	
3.5	3.75	4	4	2	3	133	45841	133	45841	0.003	0	0.003	0.003	344.669	77.797	49	373	
3.5	3.75	4	5	5	3	166	45810	166	45850	0.003	0	0.003	0.003	276.205	135.075	32	389	
3.5	3.75	2	6	3	3	154	63150	154	63214	0.003	0	0.003	0.003	410.481	171.108	49	533	
3.5	3.75	2	7	2	3	133	63297	133	63209	0.003	0	0.003	0.003	475.256	99.0431	93	573	
3.5	3.75	2	8	5	3	149	63245	149	63165	0.003	0	0.003	0.003	423.926	155.679	73	533	
3.5	3.75	2	9	1	3	131	63207	131	63295	0.003	0	0.003	0.003	483.168	92.2955	93	573	
3.5	3.75	2	10	4	3	132	63196	132	63196	0.003	0	0.003	0.003	478.758	90.4601	93	573	
3.5	3.75	3	11	1	3	133	38401	133	38401	0.003	0	0.003	0.003	288.729	66.4333	49	373	
3.5	3.75	3	12	3	3	141	38565	141	38565	0.00304964	0.000589506	0.003	0.01	273.511	78.0679	57	469	
3.5	3.75	3	13	2	3	170	38647	171	38666	0.003	0	0.003	0.003	226.117	114.95	26	325	
3.5	3.75	3	14	4	3	126	38556	126	38556	0.003	0	0.003	0.003	306	28.1286	149	373	
3.5	3.75	3	15	5	3	137	38416	137	38352	0.003	0	0.003	0.003	279.942	69.8258	57	357	
3.5	3.75	1	16	1	3	149	48649	149	48649	0.003	0	0.003	0.003	326.503	93.4243	113	453	
3.5	3.75	1	17	2	3	153	48633	153	48569	0.003	0	0.003	0.003	317.444	109.737	57	421	
3.5	3.75	1	18	4	3	143	48358	143	48406	0.003	0	0.003	0.003	338.503	103.669	49	421	
3.5	3.75	1	19	5	3	159	48591	160	48636	0.003	0	0.003	0.003	303.975	117.702	49	421	
3.5	3.75	1	20	3	3	153	48775	152	48730	0.003	0	0.003	0.003	320.592	104.85	49	421	
3.75	4	4	1	3	3	129	45813	130	45918	0.003	0	0.003	0.003	353.215	63.9347	49	373	
3.75	4	4	2	1	3	125	45921	125	45921	0.003	0	0.003	0.003	367.368	42.3811	285	389	
3.75	4	4	3	4	3	131	45837	131	45909	0.003	0	0.003	0.003	350.45	65.4349	73	373	
3.75	4	4	4	2	3	133	45841	133	45841	0.003	0	0.003	0.003	344.669	77.797	49	373	
3.75	4	4	5	5	3	167	45880	166	45765	0.003	0	0.003	0.003	275.693	135.398	32	389	
3.75	4	2	6	3	3	159	63211	159	63147	0.003	0	0.003	0.003	397.151	177.363	49	533	
3.75	4	2	7	2	3	132	63212	132	63212	0.003	0	0.003	0.003	478.879	97.3335	93	573	
3.75	4	2	8	5	3	148	63176	148	63256	0.003	0	0.003	0.003	427.405	154.961	73	533	
3.75	4	2	9	1	3	133	63205	133	63205	0.003	0	0.003	0.003	475.226	97.4119	93	573	
3.75	4	2	10	4	3	135	63214	135	63214	0.003	0	0.003	0.003	468.252	106.472	93	573	
3.75	4	3	11	1	3	149	38665	149	38609	0.003	0	0.003	0.003	259.121	93.224	49	317	
3.75	4	3	12	3	3	138	38582	138	38582	0.003	0	0.003	0.003	279.58	71.0987	57	357	
3.75	4	3	13	2	3	134	38580	134	38580	0.003	0	0.003	0.003	287.91	72.0499	26	325	
3.75	4	3	14	4	3	128	38628	128	38628	0.003	0	0.003	0.003	301.781	42.9995	73	373	
3.75	4	3	15	5	3	141	38561	141	38625	0.003	0	0.003	0.003	273.936	77.7434	57	357	
3.75	4	1	16	1	3	148	48648	147	48423	0.003	0	0.003	0.003	329.408	92.5448	113	453	
3.75	4	1	17	2	3	154	48762	154	48826	0.003	0	0.003	0.003	317.052	114.128	57	421	
3.75	4	1	18	4	3	162	48782	162	48782	0.003	0	0.003	0.003	301.123	122.201	49	421	
3.75	4	1	19	5	3	147	48423	147	48479	0.003	0	0.003	0.003	329.789	109.603	49	421	
3.75	4	1	20	3	3	141	48415	141	48411	0.003	0	0.003	0.003	343.34	94.1227	49	421	
4	4.25	4	1	3	3	131	45909	131	45853	0.003	0	0.003	0.003	350.023	69.0754	49	373	
4	4.25	4	2	1	3	125	45921	125	45921	0.003	0	0.003	0.003	367.368	42.3811	285	389	
4	4.25	4	3	4	3	130	45910	130	45838	0.003	0	0.003	0.003	352.6	60.9259	73	373	
4	4.25	4	4	2	3	133	45841	133	45841	0.003	0	0.003	0.003	344.669	77.797	49	373	
4	4.25	4	5	5	3	166	45767	167	45842	0.003	0	0.003	0.003	274.503	135.89	32	389	
4	4.25	2	6	3	3	153	63161	153	63225	0.003	0	0.003	0.003	413.235	170.091	49	533	
4	4.25	2	7	2	3	133	63201	133	63289	0.003	0	0.003	0.003	475.857	96.1244	93	573	
4	4.25	2	8	5	3	151	63231	151	63151	0.003	0	0.003	0.003	418.219	159.294	73	533	
4	4.25	2	9	1	3	133	63213	133	63213	0.003	0	0.003	0.003	475.286	100.648	93	573	
4	4.25	2	10	4	3	131	63295	131	63207	0.003	0	0.003	0.003	482.496	91.9563	93	573	
4	4.25	3	11	1	3	142	38596	142	38596	0.003	0	0.003	0.003	271.803	82.8709	49	317	
4	4.25	3	12	3	3	140	38632	140	38632	0.003	0	0.003	0.003	275.943	77.0964	57	357	
4	4.25	3	13	2	3	130	38580	130	38612	0.003	0	0.003	0.003	297.015	56.5373	26	325	
4	4.25	3	14	4	3	125	38701	125	38629	0.003	0	0.003	0.003	309.032	24.6707	225	373	
4	4.25	3	15	5	3	140	38632	140	38632	0.003	0	0.003	0.003	275.943	75.0997	57	357	
4	4.25	1	16	1	3	148	48528	149	48641	0.003	0	0.003	0.003	326.45	91.5845	113	453	
4	4.25	1	17	2	3	148	48620	148	48556	0.003	0	0.003	0.003	328.081	105.856	57	421	
4	4.25	1	18	4	3	167	48471	166	48370	0.003	0	0.003	0.003	291.386	115.168	49	421	
4	4.25	1	19	5	3	160	48743	160	48687	0.003	0	0.003	0.003	304.294	117.046	49	421	
4	4.25	1	20	3	3	135	48539	136	48700	0.003	0	0.003	0.003	358.088	81.8851	49	421	
4.25	4.5	4	1	3	3	130	45804	130	45860	0.003	0	0.003	0.003	352.769	63.9843	49	373	
4.25	4.5	4	2	1	3	125	45921	125	45921	0.003	0	0.003	0.003	367.368	42.3811	285	389	
4.25	4.5	4	3	4	3	130	45909	130	45909	0.003	0	0.003	0.003	353.146	60.7778	73	373	
4.25	4.5	4	4	2	3	133	45841	133	45841	0.003	0	0.003	0.003	344.669	77.797	49	373	
4.25	4.5	4	5	5	3	167	45839	166	45807	0.003	0	0.003	0.003	275.946	135.503	32	389	
4.25	4.5	2	6	3	3	160	63199	160	63135	0.003	0	0.003	0.003	394.594	178.018	49	533	
4.25	4.5	2	7	2	3	134	63210	134	63210	0.003	0	0.003	0.003	471.716	102.14	93	573	
4.25	4.5	2	8	5	3	149	63169	148	63176	0.003	0	0.003	0.003	426.865	154.729	73	533	
4.25	4.5	2	9	1	3	134	63218	134	63218	0.003	0	0.003	0.003	471.776	105.21	93	573	
4.25	4.5	2	10	4	3	134	63210	134	63298	0.003	0	0.003	0.003	472.373	102.509	93	573	
4.25	4.5	3	11	1	3	138	38634	138	38634	0.003	0	0.003	0.003	279.957	77.0467	49	317	
4.25	4.5	3	12	3	3	142	38618	142	38618	0.003	0	0.003	0.003	271.958	80.2149	57	357	
4.25	4.5	3	13	2	3	127	38613	127	38581	0.003	0	0.003	0.003	303.787	39.5201	26	325	
4.25	4.5	3	14	4	3	126	38626	126	38698	0.003	0	0.003	0.003	307.127	33.6749	73	373	
4.25	4.5	3	15	5	3	140	38632	140	38632	0.003	0	0.003	0.003	275.943	74.0812	57	357	
4.25	4.5	1	16	1	3	147	48759	147	48871	0.003	0	0.003	0.003	332.456	90.9417	113	453	
4.25	4.5	1	17	2	3	145	48593	145	48593	0.003	0	0.003	0.003	335.124	102.988	57	421	
4.25	4.5	1	18	4	3	153	48501	154	48602	0.003	0	0.003	0.003	315.597	112.129	49	421	
4.25	4.5	1	19	5	3	156	48616	155	48571	0.003	0	0.003	0.003	313.361	114.285	49	421	
4.25	4.5	1	20	3	3	158	48581	158	48469	0.003	0	0.003	0.003	306.766	118.604	49	421	
4.5	4.75	4	1	3	3	130	45862	130	45862	0.003	0	0.003	0.003	352.785	63.989	49	373	
4.5	4.75	4	2	1	3	125	45921	125	45921	0.003	0	0.003	0.003	367.368	42.3811	285	389	
4.5	4.75	4	3	4	3	130	45838	130	45838	0.003	0	0.003	0.003	352.6	60.9259	73	373	
4.5	4.75	4	4	2	3	132	45847	132	45847	0.003	0	0.003	0.003	347.326	73.6478	49	373	
4.5	4.75	4	5	5	3	168	45830	168	45830	0.003	0	0.003	0.003	272.798	137.108	32	389	
4.5	4.75	2	6	3	3	152	63112	152	63176	0.003	0	0.003	0.003	415.632	168.042	49	533	
4.5	4.75	2	7	2	3	132	63300	132	63212	0.003	0	0.003	0.003	478.879	97.3335	93	573	
4.5	4.75	2	8	5	3	151	63231	152	63224	0.003	0	0.003	0.003	415.947	161.216	73	533	
4.5	4.75	2	9	1	3	133	63289	133	63289	0.003	0	0.003	0.003	475.857	96.1244	93	573	
4.5	4.75	2	10	4	3	132	63207	132	63207	0.003	0	0.003	0.003	478.841	95.661	93	573	
4.5	4.75	3	11	1	3	141	38657	141	38657	0.00304964	0.000589506	0.003	0.01	274.163	78.0132	49	421	
4.5	4.75	3	12	3	3	132	38702	132	38702	0.003	0	0.003	0.003	293.197	59.9612	57	357	
4.5	4.75	3	13	2	3	183	38352	182	38358	0.003	0	0.003	0.003	210.758	116.25	26	325	
4.5	4.75	3	14	4	3	129	38553	129	38553	0.003	0	0.003	0.003	298.86	44.3904	73	373	
4.5	4.75	3	15	5	3	138	38538	138	38538	0.003	0	0.003	0.003	279.261	69.9096	57	357	
4.5	4.75	1	16	1	3	142	48650	141	48425	0.003	0	0.003	0.003	343.44	87.9464	113	453	
4.5	4.75	1	17	2	3	149	48597	149	48597	0.003	0	0.003	0.003	326.154	103.307	57	421	
4.5	4.75	1	18	4	3	155	48593	155	48593	0.003	0	0.003	0.003	313.503	111.6	49	421	
4.5	4.75	1	19	5	3	144	48568	145	48613	0.003	0	0.003	0.003	335.262	106.861	49	421	
4.5	4.75	1	20	3	3	153	48617	153	48673	0.003	0	0.003	0.003	318.124	110.966	49	421	
4.75	5	4	1	3	3	131	45855	131	45855	0.003	0	0.003	0.003	350.038	69.0803	49	373	
4.75	5	4	2	1	3	125	45920	125	45920	0.003	0	0.003	0.003	367.36	42.377	285	389	
4.75	5	4	3	4	3	130	45909	130	45909	0.003	0	0.003	0.003	353.146	60.7778	73	373	
4.75	5	4	4	2	3	133	45841	133	45841	0.003	0	0.003	0.003	344.669	77.797	49	373	
4.75	5	4	5	5	3	166	45810	166	45810	0.003	0	0.003	0.003	275.964	134.98	32	389	
4.75	5	2	6	3	3	159	63211	159	63211	0.003	0	0.003	0.003	397.553	177.599	49	533	
4.75	5	2	7	2	3	132	63202	132	63202	0.003	0	0.003	0.003	478.803	93.9589	93	573	
4.75	5	2	8	5	3	146	63194	146	63194	0.003	0	0.003	0.003	432.836	151.559	73	533	
4.75	5	2	9	1	3	132	63198	132	63198	0.003	0	0.003	0.003	478.773	92.2256	93	573	
4.75	5	2	10	4	3	133	63213	133	63213	0.003	0	0.003	0.003	475.286	100.648	93	573	
4.75	5	3	11	1	3	129	38417	129	38417	0.00305426	0.000616316	0.003	0.01	297.806	57.2394	49	469	
4.75	5	3	12	3	3	134	38384	134	38384	0.003	0	0.003	0.003	286.448	66.6732	57	357	
4.75	5	3	13	2	3	166	38656	166	38656	0.003	0	0.003	0.003	232.867	113.341	26	325	
4.75	5	3	14	4	3	128	38472	128	38472	0.003	0	0.003	0.003	300.563	41.8779	73	373	
4.75	5	3	15	5	3	147	38711	147	38711	0.003	0	0.003	0.003	263.34	78.8949	57	357	
4.75	5	1	16	1	3	147	48651	147	48651	0.003	0	0.003	0.003	330.959	92.6935	113	453	
4.75	5	1	17	2	3	155	48551	155	48615	0.003	0	0.003	0.003	313.645	110.447	57	421	
4.75	5	1	18	4	3	142	48588	142	48588	0.003	0	0.003	0.003	342.169	97.4163	49	421	
4.75	5	1	19	5	3	157	48591	157	48543	0.003	0	0.003	0.003	309.191	118.578	49	421	
4.75	5	1	20	3	3	149	48587	149	48587	0.003	0	0.003	0.003	326.087	108.552	47	421	
5	5.25	4	1	3	3	130	45918	129	45813	0.003	0	0.003	0.003	355.14	58.3096	49	373	
5	5.25	4	2	1	3	125	45921	125	45921	0.003	0	0.003	0.003	367.368	42.3811	285	389	
5	5.25	4	3	4	3	131	45839	131	45839	0.003	0	0.003	0.003	349.916	65.5346	73	373	
5	5.25	4	4	2	3	133	45840	133	45840	0.003	0	0.003	0.003	344.662	77.7943	49	373	
5	5.25	4	5	5	3	166	45809	167	45881	0.003	0	0.003	0.003	274.737	135.997	31	389	
5	5.25	2	6	3	3	144	62984	144	62920	0.003	0	0.003	0.003	436.944	153.188	49	533	
5	5.25	2	7	2	3	139	63519	139	63519	0.003	0	0.003	0.003	456.971	112.947	93	573	
5	5.25	2	8	5	3	156	62940	156	63020	0.00304487	0.000560449	0.003	0.01	403.974	165.271	73	597	
5	5.25	2	9	1	3	133	63472	133	63472	0.003	0	0.003	0.003	477.233	96.4312	93	573	
5	5.25	2	10	4	3	135	63499	135	63499	0.003	0	0.003	0.003	470.363	104.542	93	573	
5	5.25	3	11	1	3	130	38526	130	38526	0.003	0	0.003	0.003	296.354	55.5303	49	373	
5	5.25	3	12	3	3	130	38526	130	38526	0.003	0	0.003	0.003	296.354	51.8526	57	357	
5	5.25	3	13	2	3	182	38462	183	38488	0.003	0	0.003	0.003	210.317	119.944	26	325	
5	5.25	3	14	4	3	128	38556	128	38484	0.003	0	0.003	0.003	300.656	39.8233	73	373	
5	5.25	3	15	5	3	153	38541	153	38541	0.003	0	0.003	0.003	251.902	85.4687	57	357	
5	5.25	1	16	1	3	148	48534	148	48762	0.003	0	0.003	0.003	329.473	92.2245	113	453	
5	5.25	1	17	2	3	150	48622	150	48558	0.003	0	0.003	0.003	323.72	112.149	57	421	
5	5.25	1	18	4	3	156	48592	156	48592	0.003	0	0.003	0.003	311.487	112.884	49	421	
5	5.25	1	19	5	3	154	48390	154	48438	0.003	0	0.003	0.003	314.532	113.912	49	421	
5	5.25	1	20	3	3	148	48780	148	48676	0.003	0	0.003	0.003	328.892	101.23	49	421	
5.25	5.5	4	1	3	3	130	45806	131	45911	0.003	0	0.003	0.003	350.466	69.0475	49	373	
5.25	5.5	4	2	1	3	125	45921	125	45921	0.003	0	0.003	0.003	367.368	42.3811	285	389	
5.25	5.5	4	3	4	3	130	45909	130	45909	0.003	0	0.003	0.003	353.146	60.7778	73	373	
5.25	5.5	4	4	2	3	133	45841	133	45841	0.003	0	0.003	0.003	344.669	77.797	49	373	
5.25	5.5	4	5	5	3	167	45837	166	45765	0.003	0	0.003	0.003	275.693	135.402	32	389	
5.25	5.5	2	6	3	3	152	63154	151	63169	0.003	0	0.003	0.003	418.338	169.905	49	533	
5.25	5.5	2	7	2	3	127	63183	127	63271	0.003	0	0.003	0.003	498.197	60.4098	93	573	
5.25	5.5	2	8	5	3	141	63227	141	63147	0.003	0	0.003	0.003	447.851	138.282	73	533	
5.25	5.5	2	9	1	3	129	63284	129	63284	0.003	0	0.003	0.003	490.574	79.6473	93	573	
5.25	5.5	2	10	4	3	127	63271	127	63271	0.003	0	0.003	0.003	498.197	60.4098	93	573	
5.25	5.5	3	11	1	3	133	38505	133	38505	0.00305263	0.000606977	0.003	0.01	289.511	66.7395	49	421	
5.25	5.5	3	12	3	3	132	38580	132	38516	0.003	0	0.003	0.003	291.788	60.902	57	357	
5.25	5.5	3	13	2	3	187	38484	187	38484	0.003	0	0.003	0.003	205.797	120.718	26	325	
5.25	5.5	3	14	4	3	130	38474	130	38546	0.003	0	0.003	0.003	296.508	48.8123	73	373	
5.25	5.5	3	15	5	3	141	38513	141	38513	0.003	0	0.003	0.003	273.142	75.1873	57	357	
5.25	5.5	1	16	1	3	155	48755	156	48752	0.003	0	0.003	0.003	312.513	94.5212	113	453	
5.25	5.5	1	17	2	3	154	48562	153	48573	0.003	0	0.003	0.003	317.471	110.348	57	421	
5.25	5.5	1	18	4	3	146	48599	145	48550	0.003	0	0.003	0.003	334.828	107.368	49	421	
5.25	5.5	1	19	5	3	154	48750	154	48750	0.003	0	0.003	0.003	316.558	111.498	49	421	
5.25	5.5	1	20	3	3	149	48373	149	48421	0.003	0	0.003	0.003	324.973	111.31	49	421	
5.5	5.75	4	1	3	3	130	45860	130	45804	0.003	0	0.003	0.003	352.338	64.0355	49	373	
5.5	5.75	4	2	1	3	125	45921	125	45921	0.003	0	0.003	0.003	367.368	42.3811	285	389	
5.5	5.75	4	3	4	3	130	45910	130	45910	0.003	0	0.003	0.003	353.154	60.7803	73	373	
5.5	5.75	4	4	2	3	133	45841	133	45841	0.003	0	0.003	0.003	344.669	77.797	49	373	
5.5	5.75	4	5	5	3	166	45807	167	45839	0.003	0	0.003	0.003	274.485	136.407	32	389	
5.5	5.75	2	6	3	3	157	63161	158	63210	0.003	0	0.003	0.003	400.063	178.934	49	533	
5.5	5.75	2	7	2	3	135	63215	135	63215	0.003	0	0.003	0.003	468.259	106.479	93	573	
5.5	5.75	2	8	5	3	156	63188	156	63188	0.003	0	0.003	0.003	405.051	165.304	73	533	
5.5	5.75	2	9	1	3	135	63219	135	63219	0.003	0	0.003	0.003	468.289	107.953	93	573	
5.5	5.75	2	10	4	3	135	63223	135	63135	0.003	0	0.003	0.003	467.667	109.041	93	573	
5.5	5.75	3	11	1	3	128	38540	128	38540	0.003	0	0.003	0.003	301.094	45.647	49	373	
5.5	5.75	3	12	3	3	139	38633	139	38697	0.003	0	0.003	0.003	278.396	71.4653	57	357	
5.5	5.75	3	13	2	3	186	38484	186	38484	0.003	0	0.003	0.003	206.903	121.927	26	325	
5.5	5.75	3	14	4	3	128	38552	128	38552	0.003	0	0.003	0.003	301.188	41.3896	73	373	
5.5	5.75	3	15	5	3	135	38427	135	38363	0.003	0	0.003	0.003	284.17	64.9355	57	357	
5.5	5.75	1	16	1	3	152	48524	152	48524	0.003	0	0.003	0.003	319.237	93.0584	113	453	
5.5	5.75	1	17	2	3	146	48510	146	48446	0.003	0	0.003	0.003	331.822	101.64	57	421	
5.5	5.75	1	18	4	3	151	48787	152	48836	0.003	0	0.003	0.003	321.289	111.444	49	421	
5.5	5.75	1	19	5	3	144	48400	144	48400	0.003	0	0.003	0.003	336.111	97.281	49	421	
5.5	5.75	1	20	3	3	150	48798	150	48798	0.003	0	0.003	0.003	325.32	112.579	49	421	
5.75	6	4	1	3	3	130	45862	130	45862	0.003	0	0.003	0.003	352.785	63.989	49	373	
5.75	6	4	2	1	3	125	45921	125	45921	0.003	0	0.003	0.003	367.368	42.3811	285	389	
5.75	6	4	3	4	3	130	45838	130	45838	0.003	0	0.003	0.003	352.6	60.9259	73	373	
5.75	6	4	4	2	3	132	45848	132	45848	0.003	0	0.003	0.003	347.333	73.6504	49	373	
5.75	6	4	5	5	3	168	45828	168	45828	0.003	0	0.003	0.003	272.786	137.101	32	389	
5.75	6	2	6	3	3	156	63196	155	63147	0.003	0	0.003	0.003	407.4	170.388	49	533	
5.75	6	2	7	2	3	134	63214	134	63214	0.003	0	0.003	0.003	471.746	103.687	93	573	
5.75	6	2	8	5	3	154	63202	154	63202	0.003	0	0.003	0.003	410.403	162.47	73	533	
5.75	6	2	9	1	3	134	63210	134	63210	0.003	0	0.003	0.003	471.716	102.14	93	573	
5.75	6	2	10	4	3	137	63225	137	63313	0.003	0	0.003	0.003	462.139	114.567	93	573	
5.75	6	3	11	1	3	135	38651	135	38707	0.00305185	0.000602464	0.003	0.01	286.719	72.4044	49	421	
5.75	6	3	12	3	3	145	38541	145	38541	0.003	0	0.003	0.003	265.8	77.5379	57	357	
5.75	6	3	13	2	3	169	38434	168	38379	0.003	0	0.003	0.003	228.446	115.124	26	325	
5.75	6	3	14	4	3	126	38782	125	38633	0.003	0	0.003	0.003	309.064	22.7978	301	373	
5.75	6	3	15	5	3	133	38503	133	38683	0.003	0	0.003	0.003	290.85	58.801	57	357	
5.75	6	1	16	1	3	152	48756	152	48756	0.003	0	0.003	0.003	320.763	92.4455	113	453	
5.75	6	1	17	2	3	156	48668	157	48785	0.003	0	0.003	0.003	310.732	114.378	57	421	
5.75	6	1	18	4	3	144	48592	144	48592	0.003	0	0.003	0.003	337.444	101.461	49	421	
5.75	6	1	19	5	3	153	48633	153	48585	0.003	0	0.003	0.003	317.549	109.807	49	421	
5.75	6	1	20	3	3	150	48398	150	48350	0.003	0	0.003	0.003	322.333	114.708	49	421	
6	6.25	4	1	3	3	131	45855	131	45855	0.003	0	0.003	0.003	350.038	69.0803	49	373	
6	6.25	4	2	1	3	125	45921	125	45921	0.003	0	0.003	0.003	367.368	42.3811	285	389	
6	6.25	4	3	4	3	130	45910	130	45910	0.003	0	0.003	0.003	353.154	60.7803	73	373	
6	6.25	4	4	2	3	133	45841	133	45841	0.003	0	0.003	0.003	344.669	77.797	49	373	
6	6.25	4	5	5	3	166	45810	166	45810	0.003	0	0.003	0.003	275.964	134.98	32	389	
6	6.25	2	6	3	3	154	63150	155	63199	0.003	0	0.003	0.003	407.735	172.782	49	533	
6	6.25	2	7	2	3	132	63295	131	63202	0.003	0	0.003	0.003	482.458	90.1719	93	573	
6	6.25	2	8	5	3	149	63165	149	63245	0.003	0	0.003	0.003	424.463	155.917	73	533	
6	6.25	2	9	1	3	134	63294	134	63206	0.003	0	0.003	0.003	471.687	100.57	93	573	
6	6.25	2	10	4	3	131	63203	131	63203	0.003	0	0.003	0.003	482.466	90.1721	93	573	
6	6.25	3	11	1	3	138	38578	138	38522	0.003	0	0.003	0.003	279.145	76.2572	49	373	
6	6.25	3	12	3	3	142	38570	142	38570	0.00304929	0.000587427	0.003	0.01	271.62	77.1301	57	421	
6	6.25	3	13	2	3	160	38467	161	38490	0.003	0	0.003	0.003	239.068	110.833	26	325	
6	6.25	3	14	4	3	127	38397	128	38546	0.003	0	0.003	0.003	301.141	34.0987	225	373	
6	6.25	3	15	5	3	137	38717	137	38601	0.003	0	0.003	0.003	281.759	71.6635	57	357	
6	6.25	1	16	1	3	150	48758	150	48646	0.003	0	0.003	0.003	324.307	93.25	113	453	
6	6.25	1	17	2	3	161	48605	161	48605	0.003	0	0.003	0.003	301.894	111.843	57	421	
6	6.25	1	18	4	3	153	48391	153	48391	0.003	0	0.003	0.003	316.281	117.877	49	421	
6	6.25	1	19	5	3	141	48549	141	48597	0.003	0	0.003	0.003	344.66	95.5041	49	421	
6	6.25	1	20	3	3	141	48769	140	48772	0.003	0	0.003	0.003	348.371	96.3259	49	421	
6.25	6.5	4	1	3	3	130	45862	130	45918	0.003	0	0.003	0.003	353.215	63.9347	49	373	
6.25	6.5	4	2	1	3	125	45921	125	45921	0.003	0	0.003	0.003	367.368	42.3811	285	389	
6.25	6.5	4	3	4	3	131	45839	131	45839	0.003	0	0.003	0.003	349.916	65.5346	73	373	
6.25	6.5	4	4	2	3	133	45841	133	45841	0.003	0	0.003	0.003	344.669	77.797	49	373	
6.25	6.5	4	5	5	3	167	45840	166	45808	0.003	0	0.003	0.003	275.952	134.973	32	389	
6.25	6.5	2	6	3	3	150	63206	150	63206	0.003	0	0.003	0.003	421.373	164.093	49	533	
6.25	6.5	2	7	2	3	133	63213	134	63306	0.003	0	0.003	0.003	472.433	105.567	93	573	
6.25	6.5	2	8	5	3	159	63239	159	63159	0.003	0	0.003	0.003	397.226	167.058	73	533	
6.25	6.5	2	9	1	3	134	63218	134	63218	0.003	0	0.003	0.003	471.776	105.21	93	573	
6.25	6.5	2	10	4	3	136	63212	136	63212	0.003	0	0.003	0.003	464.794	107.602	93	573	
6.25	6.5	3	11	1	3	138	38410	138	38354	0.00310145	0.00083962	0.003	0.01	277.928	78.9882	49	421	
6.25	6.5	3	12	3	3	133	38397	133	38397	0.003	0	0.003	0.003	288.699	59.3329	57	357	
6.25	6.5	3	13	2	3	174	38619	174	38651	0.003	0	0.003	0.003	222.132	115.198	26	325	
6.25	6.5	3	14	4	3	128	38548	128	38548	0.003	0	0.003	0.003	301.156	42.4194	73	373	
6.25	6.5	3	15	5	3	140	38528	140	38528	0.003	0	0.003	0.003	275.2	73.9781	57	357	
6.25	6.5	1	16	1	3	152	48640	151	48639	0.003	0	0.003	0.003	322.113	92.1184	113	453	
6.25	6.5	1	17	2	3	154	48626	154	48626	0.003	0	0.003	0.003	315.753	109.824	57	421	
6.25	6.5	1	18	4	3	149	48751	149	48751	0.003	0	0.003	0.003	327.188	107.754	49	421	
6.25	6.5	1	19	5	3	156	48600	156	48600	0.003	0	0.003	0.003	311.538	116.997	49	421	
6.25	6.5	1	20	3	3	145	48405	146	48402	0.003	0	0.003	0.003	331.521	107.421	49	421	
6.5	6.75	4	1	3	3	130	45862	130	45806	0.003	0	0.003	0.003	352.354	64.0403	49	373	
6.5	6.75	4	2	1	3	125	45921	125	45921	0.003	0	0.003	0.003	367.368	42.3811	285	389	
6.5	6.75	4	3	4	3	130	45910	130	45910	0.003	0	0.003	0.003	353.154	60.7803	73	373	
6.5	6.75	4	4	2	3	133	45841	133	45841	0.003	0	0.003	0.003	344.669	77.797	49	373	
6.5	6.75	4	5	5	3	166	45807	167	45839	0.003	0	0.003	0.003	274.485	136.407	32	389	
6.5	6.75	2	6	3	3	161	63175	161	63111	0.003	0	0.003	0.003	391.994	180.618	49	533	
6.5	6.75	2	7	2	3	133	63213	133	63213	0.003	0	0.003	0.003	475.286	100.648	93	573	
6.5	6.75	2	8	5	3	147	63187	146	63194	0.003	0	0.003	0.003	432.836	151.559	73	533	
6.5	6.75	2	9	1	3	133	63209	133	63297	0.003	0	0.003	0.003	475.917	99.402	93	573	
6.5	6.75	2	10	4	3	134	63214	134	63214	0.003	0	0.003	0.003	471.746	103.687	93	573	
6.5	6.75	3	11	1	3	137	38633	137	38745	0.00305109	0.00059805	0.003	0.01	282.81	76.5598	49	421	
6.5	6.75	3	12	3	3	134	38558	134	38558	0.003	0	0.003	0.003	287.746	65.3806	57	357	
6.5	6.75	3	13	2	3	171	38526	170	38500	0.003	0	0.003	0.003	226.471	114.331	26	349	
6.5	6.75	3	14	4	3	130	38558	130	38558	0.003	0	0.003	0.003	296.6	45.1556	73	373	
6.5	6.75	3	15	5	3	146	38411	146	38347	0.003	0	0.003	0.003	262.651	80.9178	57	357	
6.5	6.75	1	16	1	3	144	48656	145	48657	0.003	0	0.003	0.003	335.566	92.6555	113	453	
6.5	6.75	1	17	2	3	141	48629	141	48565	0.003	0	0.003	0.003	344.433	95.9566	57	421	
6.5	6.75	1	18	4	3	152	48408	152	48408	0.003	0	0.003	0.003	318.474	113.406	49	421	
6.5	6.75	1	19	5	3	158	48578	158	48578	0.003	0	0.003	0.003	307.456	112.679	49	421	
6.5	6.75	1	20	3	3	160	48716	159	48775	0.003	0	0.003	0.003	306.761	113.751	49	421	
6.75	7	4	1	3	3	130	45859	130	45859	0.003	0	0.003	0.003	352.762	63.9819	49	373	
6.75	7	4	2	1	3	125	45921	125	45921	0.003	0	0.003	0.003	367.368	42.3811	285	389	
6.75	7	4	3	4	3	130	45838	130	45910	0.003	0	0.003	0.003	353.154	60.7803	73	373	
6.75	7	4	4	2	3	133	45841	133	45841	0.003	0	0.003	0.003	344.669	77.797	49	373	
6.75	7	4	5	5	3	167	45839	166	45807	0.003	0	0.003	0.003	275.946	135.503	32	389	
6.75	7	2	6	3	3	159	63311	158	63214	0.003	0	0.003	0.003	400.089	171.95	49	573	
6.75	7	2	7	2	3	134	62918	134	63118	0.003	0	0.003	0.003	471.03	103.926	93	573	
6.75	7	2	8	5	3	150	63382	151	63455	0.00304636	0.000569652	0.003	0.01	420.232	155.987	73	597	
6.75	7	2	9	1	3	135	63191	135	63103	0.003	0	0.003	0.003	467.43	108.22	93	573	
6.75	7	2	10	4	3	132	63012	132	63012	0.003	0	0.003	0.003	477.364	94.5985	93	573	
6.75	7	3	11	1	3	169	38557	168	38508	0.003	0	0.003	0.003	229.214	91.9602	49	317	
6.75	7	3	12	3	3	128	38528	128	38528	0.003	0	0.003	0.003	301	46.7178	57	357	
6.75	7	3	13	2	3	195	38527	196	38521	0.003	0	0.003	0.003	196.536	119.174	26	325	
6.75	7	3	14	4	3	128	38548	128	38548	0.003	0	0.003	0.003	301.156	40.218	73	373	
6.75	7	3	15	5	3	128	38536	128	38600	0.003	0	0.003	0.003	301.562	46.4791	57	357	
6.75	7	1	16	1	3	149	48529	148	48644	0.003	0	0.003	0.003	328.676	91.699	113	453	
6.75	7	1	17	2	3	143	48411	143	48411	0.003	0	0.003	0.003	338.538	96.0023	57	421	
6.75	7	1	18	4	3	150	48778	150	48778	0.003	0	0.003	0.003	325.187	106.842	49	421	
6.75	7	1	19	5	3	153	48624	153	48576	0.003	0	0.003	0.003	317.49	114.573	49	421	
6.75	7	1	20	3	3	158	48606	159	48595	0.003	0	0.003	0.003	305.629	120.053	49	421	
7	7.25	4	1	3	3	130	45862	130	45862	0.003	0	0.003	0.003	352.785	63.989	49	373	
7	7.25	4	2	1	3	125	45921	125	45921	0.003	0	0.003	0.003	367.368	42.3811	285	389	
7	7.25	4	3	4	3	130	45910	130	45838	0.003	0	0.003	0.003	352.6	60.9259	73	373	
7	7.25	4	4	2	3	132	45848	132	45848	0.003	0	0.003	0.003	347.333	73.6504	49	373	
7	7.25	4	5	5	3	167	45797	168	45829	0.003	0	0.003	0.003	272.792	137.104	32	389	
7	7.25	2	6	3	3	143	63063	144	63224	0.003	0	0.003	0.003	439.056	148.477	49	533	
7	7.25	2	7	2	3	138	63602	138	63314	0.003	0	0.003	0.003	458.797	110.526	93	573	
7	7.25	2	8	5	3	152	63064	152	62984	0.003	0	0.003	0.003	414.368	153.154	73	533	
7	7.25	2	9	1	3	137	63221	137	63309	0.003	0	0.003	0.003	462.109	106.779	93	573	
7	7.25	2	10	4	3	129	63537	129	63537	0.003	0	0.003	0.003	492.535	74.5514	93	573	
7	7.25	3	11	1	3	153	38557	154	38550	0.00309091	0.000795113	0.003	0.01	250.325	93.1371	49	469	
7	7.25	3	12	3	3	135	38551	135	38551	0.003	0	0.003	0.003	285.563	65.7833	57	357	
7	7.25	3	13	2	3	175	38360	174	38366	0.003	0	0.003	0.003	220.494	117.408	26	325	
7	7.25	3	14	4	3	130	38774	130	38774	0.003	0	0.003	0.003	298.262	46.5998	73	373	
7	7.25	3	15	5	3	134	38678	134	38678	0.003	0	0.003	0.003	288.642	60.7571	57	357	
7	7.25	1	16	1	3	146	48538	147	48535	0.003	0	0.003	0.003	330.17	93.1003	113	453	
7	7.25	1	17	2	3	151	48590	150	48661	0.003	0	0.003	0.003	324.407	107.339	57	421	
7	7.25	1	18	4	3	145	48385	145	48385	0.003	0	0.003	0.003	333.69	104.147	49	421	
7	7.25	1	19	5	3	151	48769	150	48768	0.003	0	0.003	0.003	325.12	105.44	49	421	
7	7.25	1	20	3	3	154	48621	154	48573	0.003	0	0.003	0.003	315.409	108.614	49	421	
7.25	7.5	4	1	3	3	131	45855	131	45855	0.003	0	0.003	0.003	350.038	69.0803	49	373	
7.25	7.5	4	2	1	3	125	45817	125	45921	0.003	0	0.003	0.003	367.368	42.3811	285	389	
7.25	7.5	4	3	4	3	130	45838	130	45910	0.003	0	0.003	0.003	353.154	60.7803	73	373	
7.25	7.5	4	4	2	3	133	45841	133	45841	0.003	0	0.003	0.003	344.669	77.797	49	373	
7.25	7.5	4	5	5	3	167	45885	166	45810	0.003	0	0.003	0.003	275.964	134.98	32	389	
7.25	7.5	2	6	3	3	154	63218	153	63169	0.003	0	0.003	0.003	412.869	168.386	49	533	
7.25	7.5	2	7	2	3	133	63208	133	63296	0.003	0	0.003	0.003	475.91	99.4013	93	573	
7.25	7.5	2	8	5	3	154	63202	154	63202	0.003	0	0.003	0.003	410.403	162.47	73	533	
7.25	7.5	2	9	1	3	135	63219	135	63219	0.003	0	0.003	0.003	468.289	107.953	93	573	
7.25	7.5	2	10	4	3	134	63210	134	63210	0.003	0	0.003	0.003	471.716	102.14	93	573	
7.25	7.5	3	11	1	3	138	38578	138	38578	0.003	0	0.003	0.003	279.551	77.8843	49	373	
7.25	7.5	3	12	3	3	148	38580	148	38580	0.003	0	0.003	0.003	260.676	82.0944	57	357	
7.25	7.5	3	13	2	3	151	38524	151	38524	0.003	0	0.003	0.003	255.126	102.192	26	325	
7.25	7.5	3	14	4	3	127	38551	127	38551	0.003	0	0.003	0.003	303.551	35.455	73	373	
7.25	7.5	3	15	5	3	137	38593	137	38593	0.003	0	0.003	0.003	281.701	72.7282	57	357	
7.25	7.5	1	16	1	3	151	48643	151	48759	0.003	0	0.003	0.003	322.907	92.6975	113	453	
7.25	7.5	1	17	2	3	150	48584	151	48513	0.003	0	0.003	0.003	321.278	106.721	57	421	
7.25	7.5	1	18	4	3	153	48809	153	48761	0.003	0	0.003	0.003	318.699	112.218	49	421	
7.25	7.5	1	19	5	3	146	48570	147	48619	0.003	0	0.003	0.003	330.741	102.208	49	421	
7.25	7.5	1	20	3	3	144	48428	143	48427	0.003	0	0.003	0.003	338.65	95.4885	49	421	
7.5	7.75	4	1	3	3	130	45862	130	45862	0.003	0	0.003	0.003	352.785	63.989	49	373	
7.5	7.75	4	2	1	3	125	46025	125	45921	0.003	0	0.003	0.003	367.368	42.3811	285	389	
7.5	7.75	4	3	4	3	131	45910	131	45838	0.003	0	0.003	0.003	349.908	65.532	73	373	
7.5	7.75	4	4	2	3	133	45841	133	45841	0.003	0	0.003	0.003	344.669	77.797	49	373	
7.5	7.75	4	5	5	3	166	45765	167	45840	0.003	0	0.003	0.003	274.491	135.884	32	389	
7.5	7.75	2	6	3	3	155	63139	156	63188	0.003	0	0.003	0.003	405.051	173.668	49	533	
7.5	7.75	2	7	2	3	133	63213	133	63213	0.003	0	0.003	0.003	475.286	100.648	93	573	
7.5	7.75	2	8	5	3	150	63166	150	63246	0.003	0	0.003	0.003	421.64	159.717	73	533	
7.5	7.75	2	9	1	3	134	63297	133	63204	0.003	0	0.003	0.003	475.218	97.4111	93	573	
7.5	7.75	2	10	4	3	132	63296	132	63208	0.003	0	0.003	0.003	478.848	95.6615	93	573	
7.5	7.75	3	11	1	3	135	38433	135	38433	0.00305185	0.000602464	0.003	0.01	284.689	73.7624	49	421	
7.5	7.75	3	12	3	3	146	38598	145	38541	0.003	0	0.003	0.003	265.8	80.3252	57	357	
7.5	7.75	3	13	2	3	150	38681	151	38707	0.003	0	0.003	0.003	256.338	101.719	25	325	
7.5	7.75	3	14	4	3	126	38630	126	38630	0.003	0	0.003	0.003	306.587	31.7997	73	373	
7.5	7.75	3	15	5	3	138	38404	138	38404	0.003	0	0.003	0.003	278.29	72.7816	57	357	
7.5	7.75	1	16	1	3	151	48643	151	48643	0.003	0	0.003	0.003	322.139	93.0266	113	453	
7.5	7.75	1	17	2	3	154	48625	153	48632	0.003	0	0.003	0.003	317.856	110.183	57	421	
7.5	7.75	1	18	4	3	155	48591	154	48590	0.003	0	0.003	0.003	315.519	111.092	49	421	
7.5	7.75	1	19	5	3	145	48395	145	48395	0.003	0	0.003	0.003	333.759	104.651	49	421	
7.5	7.75	1	20	3	3	144	48768	145	48769	0.003	0	0.003	0.003	336.338	102.794	49	421	
7.75	8	4	1	3	3	130	45861	130	45861	0.003	0	0.003	0.003	352.777	63.9866	49	373	
7.75	8	4	2	1	3	125	45817	125	45921	0.003	0	0.003	0.003	367.368	42.3811	285	389	
7.75	8	4	3	4	3	130	45909	130	45909	0.003	0	0.003	0.003	353.146	60.7778	73	373	
7.75	8	4	4	2	3	133	45838	133	45838	0.003	0	0.003	0.003	344.647	77.789	49	373	
7.75	8	4	5	5	3	167	45839	166	45807	0.003	0	0.003	0.003	275.946	135.503	32	389	
7.75	8	2	6	3	3	155	63239	154	63138	0.003	0	0.003	0.003	409.987	173.064	49	533	
7.75	8	2	7	2	3	130	63202	130	63202	0.003	0	0.003	0.003	486.169	85.9961	93	573	
7.75	8	2	8	5	3	151	63227	151	63147	0.003	0	0.003	0.003	418.192	158.331	73	533	
7.75	8	2	9	1	3	133	63211	134	63304	0.003	0	0.003	0.003	472.418	105.566	93	573	
7.75	8	2	10	4	3	134	63109	134	63293	0.003	0	0.003	0.003	472.336	100.943	93	573	
7.75	8	3	11	1	3	139	38571	139	38571	0.00305036	0.000593732	0.003	0.01	277.489	81.1261	49	421	
7.75	8	3	12	3	3	141	38564	142	38621	0.003	0	0.003	0.003	271.979	78.6787	57	357	
7.75	8	3	13	2	3	137	38575	136	38549	0.003	0	0.003	0.003	283.449	77.7507	26	325	
7.75	8	3	14	4	3	127	38479	127	38479	0.003	0	0.003	0.003	302.984	38.6465	73	373	
7.75	8	3	15	5	3	145	38777	145	38777	0.003	0	0.003	0.003	267.428	80.9435	57	357	
7.75	8	1	16	1	3	149	48645	149	48645	0.003	0	0.003	0.003	326.477	92.509	113	453	
7.75	8	1	17	2	3	157	48771	158	48764	0.003	0	0.003	0.003	308.633	112.151	57	421	
7.75	8	1	18	4	3	156	48411	156	48411	0.003	0	0.003	0.003	310.327	114.724	49	421	
7.75	8	1	19	5	3	148	48576	148	48576	0.003	0	0.003	0.003	328.216	108.047	49	421	
7.75	8	1	20	3	3	152	48564	152	48564	0.003	0	0.003	0.003	319.5	111.655	49	421	
8	8.25	4	1	3	3	130	45861	130	45861	0.003	0	0.003	0.003	352.777	64.0258	48	373	
8	8.25	4	2	1	3	125	45921	125	45921	0.003	0	0.003	0.003	367.368	42.3811	285	389	
8	8.25	4	3	4	3	130	45838	130	45838	0.003	0	0.003	0.003	352.6	60.9259	73	373	
8	8.25	4	4	2	3	133	45841	133	45841	0.003	0	0.003	0.003	344.669	77.797	49	373	
8	8.25	4	5	5	3	167	45839	167	45839	0.003	0	0.003	0.003	274.485	136.407	32	389	
8	8.25	2	6	3	3	159	63107	160	63256	0.003	0	0.003	0.003	395.35	177	49	533	
8	8.25	2	7	2	3	135	63299	135	63211	0.003	0	0.003	0.003	468.23	104.984	93	573	
8	8.25	2	8	5	3	148	63178	148	63178	0.003	0	0.003	0.003	426.878	155.73	73	533	
8	8.25	2	9	1	3	133	63213	133	63213	0.003	0	0.003	0.003	475.286	100.648	93	573	
8	8.25	2	10	4	3	134	63310	133	63121	0.003	0	0.003	0.003	474.594	98.6785	93	573	
8	8.25	3	11	1	3	132	38512	132	38568	0.003	0	0.003	0.003	292.182	62.1581	49	373	
8	8.25	3	12	3	3	131	38523	131	38523	0.003	0	0.003	0.003	294.069	57.4169	57	357	
8	8.25	3	13	2	3	191	38468	191	38467	0.003	0	0.003	0.003	201.398	121.336	26	325	
8	8.25	3	14	4	3	127	38631	126	38558	0.003	0	0.003	0.003	306.016	31.2387	73	373	
8	8.25	3	15	5	3	144	38476	144	38476	0.003	0	0.003	0.003	267.194	79.5917	57	357	
8	8.25	1	16	1	3	152	48640	152	48524	0.003	0	0.003	0.003	319.237	93.0584	113	453	
8	8.25	1	17	2	3	147	48575	147	48639	0.003	0	0.003	0.003	330.878	105.85	57	421	
8	8.25	1	18	4	3	162	48574	163	48679	0.003	0	0.003	0.003	298.644	121.972	49	421	
8	8.25	1	19	5	3	150	48666	149	48565	0.003	0	0.003	0.003	325.94	105.876	49	421	
8	8.25	1	20	3	3	144	48588	144	48588	0.003	0	0.003	0.003	337.417	103.838	49	421	
8.25	8.5	4	1	3	3	130	45862	130	45862	0.003	0	0.003	0.003	352.785	63.989	49	373	
8.25	8.5	4	2	1	3	125	45921	125	45921	0.003	0	0.003	0.003	367.368	42.3811	285	389	
8.25	8.5	4	3	4	3	130	45909	130	45909	0.003	0	0.003	0.003	353.146	60.7778	73	373	
8.25	8.5	4	4	2	3	133	45841	132	45848	0.003	0	0.003	0.003	347.333	73.6504	49	373	
8.25	8.5	4	5	5	3	166	45806	167	45798	0.003	0	0.003	0.003	274.24	136.237	32	389	
8.25	8.5	2	6	3	3	153	63211	152	63114	0.003	0	0.003	0.003	415.224	170.224	49	533	
8.25	8.5	2	7	2	3	132	63208	132	63296	0.003	0	0.003	0.003	479.515	96.0107	93	573	
8.25	8.5	2	8	5	3	149	63245	149	63245	0.003	0	0.003	0.003	424.463	155.917	73	533	
8.25	8.5	2	9	1	3	131	63195	131	63195	0.003	0	0.003	0.003	482.405	86.4933	93	573	
8.25	8.5	2	10	4	3	129	63195	130	63288	0.003	0	0.003	0.003	486.831	86.3331	93	573	
8.25	8.5	3	11	1	3	132	38568	132	38512	0.003	0	0.003	0.003	291.758	63.323	49	373	
8.25	8.5	3	12	3	3	126	38541	126	38541	0.003	0	0.003	0.003	305.881	35.9189	57	357	
8.25	8.5	3	13	2	3	190	38491	190	38492	0.003	0	0.003	0.003	202.589	120.827	26	325	
8.25	8.5	3	14	4	3	127	38403	128	38476	0.003	0	0.003	0.003	300.594	39.7055	73	373	
8.25	8.5	3	15	5	3	144	38540	144	38540	0.003	0	0.003	0.003	267.639	80.8336	57	357	
8.25	8.5	1	16	1	3	151	48875	150	48650	0.003	0	0.003	0.003	324.333	94.1527	113	453	
8.25	8.5	1	17	2	3	155	48602	155	48538	0.003	0	0.003	0.003	313.148	108.527	57	421	
8.25	8.5	1	18	4	3	146	48578	146	48522	0.003	0	0.003	0.003	332.342	98.9691	49	421	
8.25	8.5	1	19	5	3	153	48521	154	48678	0.003	0	0.003	0.003	316.091	115.56	49	421	
8.25	8.5	1	20	3	3	145	48569	145	48617	0.003	0	0.003	0.003	335.29	101.144	49	421	
8.5	8.75	4	1	3	3	131	45855	131	45855	0.003	0	0.003	0.003	350.038	69.0803	49	373	
8.5	8.75	4	2	1	3	125	45921	125	45817	0.003	0	0.003	0.003	366.536	42.9697	285	389	
8.5	8.75	4	3	4	3	131	45911	130	45838	0.003	0	0.003	0.003	352.6	60.9259	73	373	
8.5	8.75	4	4	2	3	132	45848	133	45841	0.003	0	0.003	0.003	344.669	77.797	49	373	
8.5	8.75	4	5	5	3	167	45805	167	45885	0.003	0	0.003	0.003	274.76	135.468	32	389	
8.5	8.75	2	6	3	3	159	63147	160	63196	0.003	0	0.003	0.003	394.975	178.934	49	533	
8.5	8.75	2	7	2	3	133	63217	133	63217	0.003	0	0.003	0.003	475.316	102.228	93	573	
8.5	8.75	2	8	5	3	149	63166	149	63166	0.003	0	0.003	0.003	423.933	156.656	73	533	
8.5	8.75	2	9	1	3	135	63303	135	63215	0.003	0	0.003	0.003	468.259	106.479	93	573	
8.5	8.75	2	10	4	3	134	63210	134	63210	0.003	0	0.003	0.003	471.716	102.14	93	573	
8.5	8.75	3	11	1	3	137	38681	137	38681	0.00310219	0.000842656	0.003	0.01	282.343	78.2579	49	469	
8.5	8.75	3	12	3	3	134	38738	134	38674	0.003	0	0.003	0.003	288.612	62.5106	57	357	
8.5	8.75	3	13	2	3	167	38337	168	38363	0.003	0	0.003	0.003	228.351	114.638	26	325	
8.5	8.75	3	14	4	3	129	38769	129	38769	0.003	0	0.003	0.003	300.535	41.6582	73	373	
8.5	8.75	3	15	5	3	142	38378	142	38378	0.003	0	0.003	0.003	270.268	78.4363	57	357	
8.5	8.75	1	16	1	3	148	48532	148	48760	0.003	0	0.003	0.003	329.459	91.3017	113	453	
8.5	8.75	1	17	2	3	146	48582	146	48582	0.003	0	0.003	0.003	332.753	104.655	57	421	
8.5	8.75	1	18	4	3	161	48813	161	48765	0.003	0	0.003	0.003	302.888	118.124	49	421	
8.5	8.75	1	19	5	3	151	48594	151	48538	0.003	0	0.003	0.003	321.444	110.508	49	421	
8.5	8.75	1	20	3	3	150	48370	150	48370	0.003	0	0.003	0.003	322.467	106.955	49	421	
8.75	9	4	1	3	3	130	45862	130	45862	0.003	0	0.003	0.003	352.785	63.989	49	373	
8.75	9	4	2	1	3	125	45921	125	46025	0.003	0	0.003	0.003	368.2	41.7674	285	389	
8.75	9	4	3	4	3	130	45838	131	45911	0.003	0	0.003	0.003	350.466	65.423	73	373	
8.75	9	4	4	2	3	134	45834	133	45841	0.003	0	0.003	0.003	344.669	77.797	49	373	
8.75	9	4	5	5	3	166	45846	166	45766	0.003	0	0.003	0.003	275.699	135.405	32	389	
8.75	9	2	6	3	3	153	63165	153	63165	0.003	0	0.003	0.003	412.843	169.131	49	533	
8.75	9	2	7	2	3	132	63196	132	63196	0.003	0	0.003	0.003	478.758	90.4601	93	573	
8.75	9	2	8	5	3	151	63231	151	63231	0.003	0	0.003	0.003	418.748	159.543	73	533	
8.75	9	2	9	1	3	131	63205	131	63293	0.003	0	0.003	0.003	483.153	92.2954	93	573	
8.75	9	2	10	4	3	134	63302	134	63214	0.003	0	0.003	0.003	471.746	103.687	93	573	
8.75	9	3	11	1	3	138	38582	137	38533	0.003	0	0.003	0.003	281.263	76.0839	49	373	
8.75	9	3	12	3	3	140	38572	140	38636	0.003	0	0.003	0.003	275.971	75.4739	57	357	
8.75	9	3	13	2	3	151	38556	151	38556	0.003	0	0.003	0.003	255.338	102.577	26	325	
8.75	9	3	14	4	3	129	38405	129	38405	0.003	0	0.003	0.003	297.713	47.3245	73	373	
8.75	9	3	15	5	3	144	38723	144	38723	0.003	0	0.003	0.003	268.91	80.5085	56	357	
8.75	9	1	16	1	3	152	48640	153	48525	0.003	0	0.003	0.003	317.157	91.8029	113	453	
8.75	9	1	17	2	3	156	48524	155	48475	0.003	0	0.003	0.003	312.742	107.681	57	421	
8.75	9	1	18	4	3	153	48533	153	48637	0.003	0	0.003	0.003	317.889	115.45	49	421	
8.75	9	1	19	5	3	139	48747	139	48747	0.003	0	0.003	0.003	350.698	92.1435	49	421	
8.75	9	1	20	3	3	141	48581	141	48581	0.003	0	0.003	0.003	344.546	94.7696	49	421	
9	9.25	4	1	3	3	130	45861	130	45861	0.003	0	0.003	0.003	352.777	63.9866	49	373	
9	9.25	4	2	1	3	125	45921	125	45817	0.003	0	0.003	0.003	366.536	42.9697	285	389	
9	9.25	4	3	4	3	130	45910	130	45910	0.003	0	0.003	0.003	353.154	60.7803	73	373	
9	9.25	4	4	2	3	132	45848	133	45841	0.003	0	0.003	0.003	344.669	77.797	49	373	
9	9.25	4	5	5	3	167	45799	167	45839	0.003	0	0.003	0.003	274.485	136.407	32	389	
9	9.25	2	6	3	3	159	63211	158	63162	0.003	0	0.003	0.003	399.759	175.965	49	533	
9	9.25	2	7	2	3	134	63210	134	63210	0.003	0	0.003	0.003	471.716	102.14	93	573	
9	9.25	2	8	5	3	147	63183	147	63183	0.003	0	0.003	0.003	429.816	152.68	73	533	
9	9.25	2	9	1	3	133	63205	133	63205	0.003	0	0.003	0.003	475.226	97.4119	93	573	
9	9.25	2	10	4	3	132	63212	132	63300	0.003	0	0.003	0.003	479.545	97.6765	93	573	
9	9.25	3	11	1	3	137	38464	138	38621	0.00310145	0.00083962	0.003	0.01	279.862	80.6538	49	533	
9	9.25	3	12	3	3	137	38309	137	38369	0.00305109	0.00059805	0.003	0.01	280.066	72.871	57	421	
9	9.25	3	13	2	3	164	38587	163	38506	0.003	0	0.003	0.003	236.233	104.957	26	325	
9	9.25	3	14	4	3	130	38705	129	38556	0.003	0	0.003	0.003	298.884	46.43	73	373	
9	9.25	3	15	5	3	145	38539	145	38599	0.003	0	0.003	0.003	266.2	81.9073	55	357	
9	9.25	1	16	1	3	151	48643	151	48755	0.003	0	0.003	0.003	322.881	93.6226	113	453	
9	9.25	1	17	2	3	150	48546	150	48542	0.003	0	0.003	0.003	323.613	108.498	57	421	
9	9.25	1	18	4	3	153	48649	153	48593	0.003	0	0.003	0.003	317.601	109.269	49	421	
9	9.25	1	19	5	3	154	48622	154	48622	0.003	0	0.003	0.003	315.727	116.303	49	421	
9	9.25	1	20	3	3	143	48579	143	48579	0.003	0	0.003	0.003	339.713	101.477	49	421	
9.25	9.5	4	1	3	3	130	45861	130	45861	0.003	0	0.003	0.003	352.777	63.9866	49	373	
9.25	9.5	4	2	1	3	125	45921	125	45921	0.003	0	0.003	0.003	367.368	42.3811	285	389	
9.25	9.5	4	3	4	3	130	45838	130	45838	0.003	0	0.003	0.003	352.6	60.9259	73	373	
9.25	9.5	4	4	2	3	133	45841	133	45841	0.003	0	0.003	0.003	344.669	77.797	49	373	
9.25	9.5	4	5	5	3	167	45839	167	45839	0.003	0	0.003	0.003	274.485	136.407	32	389	
9.25	9.5	2	6	3	3	154	63146	155	63195	0.003	0	0.003	0.003	407.71	173.498	49	533	
9.25	9.5	2	7	2	3	132	63300	132	63212	0.003	0	0.003	0.003	478.879	97.3335	93	573	
9.25	9.5	2	8	5	3	151	63231	151	63231	0.003	0	0.003	0.003	418.748	159.543	73	533	
9.25	9.5	2	9	1	3	133	63212	133	63212	0.003	0	0.003	0.003	475.278	100.647	93	573	
9.25	9.5	2	10	4	3	133	63201	133	63201	0.003	0	0.003	0.003	475.195	95.7528	93	573	
9.25	9.5	3	11	1	3	169	38505	168	38352	0.003	0	0.003	0.003	228.286	94.1715	49	317	
9.25	9.5	3	12	3	3	131	38766	131	38706	0.003	0	0.003	0.003	295.466	54.7568	57	357	
9.25	9.5	3	13	2	3	190	38419	191	38500	0.003	0	0.003	0.003	201.571	118.592	26	325	
9.25	9.5	3	14	4	3	128	38548	129	38697	0.003	0	0.003	0.003	299.977	43.2963	73	373	
9.25	9.5	3	15	5	3	127	38547	127	38487	0.003	0	0.003	0.003	303.047	44.3331	57	357	
9.25	9.5	1	16	1	3	149	48765	149	48765	0.003	0	0.003	0.003	327.282	93.0554	113	453	
9.25	9.5	1	17	2	3	150	48529	151	48582	0.003	0	0.003	0.003	321.735	106.265	57	421	
9.25	9.5	1	18	4	3	154	48562	154	48562	0.003	0	0.003	0.003	315.338	115.972	49	421	
9.25	9.5	1	19	5	3	154	48370	154	48370	0.003	0	0.003	0.003	314.091	108.685	49	421	
9.25	9.5	1	20	3	3	149	48801	148	48756	0.003	0	0.003	0.003	329.432	102.013	49	421	
9.5	9.75	4	1	3	3	130	45862	130	45862	0.003	0	0.003	0.003	352.785	63.989	49	373	
9.5	9.75	4	2	1	3	125	45921	125	45921	0.003	0	0.003	0.003	367.368	42.3811	285	389	
9.5	9.75	4	3	4	3	130	45910	130	45910	0.003	0	0.003	0.003	353.154	60.7803	73	373	
9.5	9.75	4	4	2	3	133	45841	133	45841	0.003	0	0.003	0.003	344.669	77.797	49	373	
9.5	9.75	4	5	5	3	166	45807	166	45807	0.003	0	0.003	0.003	275.946	135.503	32	389	
9.5	9.75	2	6	3	3	159	63150	159	63198	0.003	0	0.003	0.003	397.472	176.774	49	533	
9.5	9.75	2	7	2	3	134	63208	133	63199	0.003	0	0.003	0.003	475.18	99.669	93	573	
9.5	9.75	2	8	5	3	149	63247	148	63178	0.003	0	0.003	0.003	426.878	155.723	73	533	
9.5	9.75	2	9	1	3	133	63213	133	63213	0.003	0	0.003	0.003	475.286	100.648	93	573	
9.5	9.75	2	10	4	3	134	63209	134	63209	0.003	0	0.003	0.003	471.709	102.139	93	573	
9.5	9.75	3	11	1	3	143	38599	144	38644	0.003	0	0.003	0.003	268.361	79.5381	49	373	
9.5	9.75	3	12	3	3	129	38553	129	38553	0.003	0	0.003	0.003	298.86	52.8584	57	357	
9.5	9.75	3	13	2	3	184	38524	183	38498	0.003	0	0.003	0.003	210.372	118.092	26	325	
9.5	9.75	3	14	4	3	125	38621	125	38621	0.003	0	0.003	0.003	308.968	28.0437	225	373	
9.5	9.75	3	15	5	3	141	38402	141	38402	0.003	0	0.003	0.003	272.355	76.8272	55	357	
9.5	9.75	1	16	1	3	150	48644	150	48644	0.003	0	0.003	0.003	324.293	91.3749	113	453	
9.5	9.75	1	17	2	3	151	48589	151	48589	0.003	0	0.003	0.003	321.781	108.21	57	421	
9.5	9.75	1	18	4	3	149	48405	149	48357	0.003	0	0.003	0.003	324.544	109.214	49	421	
9.5	9.75	1	19	5	3	160	48764	159	48771	0.003	0	0.003	0.003	306.736	118.321	49	421	
9.5	9.75	1	20	3	3	145	48565	146	48610	0.003	0	0.003	0.003	332.945	104.131	49	421	
9.75	10	4	1	3	3	131	45855	131	45855	0.003	0	0.003	0.003	350.038	69.0803	49	373	
9.75	10	4	2	1	3	125	45921	125	45921	0.003	0	0.003	0.003	367.368	42.3811	285	389	
9.75	10	4	3	4	3	131	45839	131	45911	0.003	0	0.003	0.003	350.466	65.423	73	373	
9.75	10	4	4	2	3	133	45841	132	45848	0.003	0	0.003	0.003	347.333	73.6504	49	373	
9.75	10	4	5	5	3	167	45845	167	45805	0.003	0	0.003	0.003	274.281	135.203	32	389	
9.75	10	2	6	3	3	153	63225	153	63113	0.003	0	0.003	0.003	412.503	169.813	49	533	
9.75	10	2	7	2	3	132	63208	133	63305	0.003	0	0.003	0.003	475.977	98.7592	93	573	
9.75	10	2	8	5	3	152	63144	152	63220	0.003	0	0.003	0.003	415.921	160.271	73	533	
9.75	10	2	9	1	3	134	63294	134	63294	0.003	0	0.003	0.003	472.343	100.944	93	573	
9.75	10	2	10	4	3	132	63212	132	63212	0.003	0	0.003	0.003	478.879	97.3335	93	573	
9.75	10	3	11	1	3	134	38446	134	38446	0.003	0	0.003	0.003	286.91	68.6991	49	373	
9.75	10	3	12	3	3	136	38424	136	38424	0.003	0	0.003	0.003	282.529	69.1297	57	357	
9.75	10	3	13	2	3	160	38671	161	38697	0.003	0	0.003	0.003	240.354	108.695	26	325	
9.75	10	3	14	4	3	126	38550	126	38550	0.003	0	0.003	0.003	305.952	33.939	73	373	
9.75	10	3	15	5	3	146	38590	145	38533	0.003	0	0.003	0.003	265.745	80.305	57	357	
9.75	10	1	16	1	3	153	48753	152	48640	0.003	0	0.003	0.003	320	92.7556	113	453	
9.75	10	1	17	2	3	156	48771	156	48835	0.003	0	0.003	0.003	313.045	108.737	57	421	
9.75	10	1	18	4	3	142	48574	142	48622	0.003	0	0.003	0.003	342.408	100.641	49	421	
9.75	10	1	19	5	3	149	48448	150	48393	0.003	0	0.003	0.003	322.62	111.675	49	421	
9.75	10	1	20	3	3	143	48575	143	48575	0.003	0	0.003	0.003	339.685	97.3066	49	421	
