% start	end	CellId	IMSI	RNTI	LCID	nTxPDUs	TxBytes	nRxPDUs	RxBytes	delay	stdDev	min	max	PduSize	stdDev	min	max
0.5	0.75	4	1	5	3	146	64472	139	57849	0.003	0	0.003	0.003	416.18	178.02	49	839	
0.5	0.75	4	2	3	3	117	65306	116	64853	0.00348276	0.00178146	0.003	0.01	559.078	198.276	145	1692	
0.5	0.75	4	3	1	3	153	64643	151	64117	0.00355629	0.00274381	0.003	0.017	424.616	179.596	73	1095	
0.5	0.75	4	4	4	3	105	65371	104	64822	0.003	0	0.003	0.003	623.288	175.135	277	1383	
0.5	0.75	4	5	2	3	124	64838	117	58798	0.003	0	0.003	0.003	502.547	125.254	49	839	
0.5	0.75	2	6	1	3	120	50612	118	50010	0.00371186	0.00308872	0.003	0.017	423.814	163.222	73	1095	
0.5	0.75	2	7	4	3	117	50869	116	50528	0.00348276	0.00178146	0.003	0.01	435.586	173.718	113	1095	
0.5	0.75	2	8	5	3	119	50623	112	44728	0.003	0	0.003	0.003	399.357	118.439	75	621	
0.5	0.75	2	9	2	3	122	50355	115	44731	0.003	0	0.003	0.003	388.965	144.703	49	749	
0.5	0.75	2	10	3	3	125	50457	124	50084	0.00367742	0.00301635	0.003	0.017	403.903	184.199	73	1095	
0.5	0.75	3	11	1	3	126	69702	125	69129	0.003672	0.00300477	0.003	0.017	553.032	144.665	93	1239	
0.5	0.75	3	12	3	3	119	69799	118	69202	0.00347458	0.00176728	0.003	0.01	586.458	170.415	201	1191	
0.5	0.75	3	13	5	3	164	69298	157	63235	0.003	0	0.003	0.003	402.771	201.344	32	621	
0.5	0.75	3	14	4	3	119	70033	118	69412	0.00347458	0.00176728	0.003	0.01	588.237	137.052	121	1095	
0.5	0.75	3	15	2	3	122	70137	121	69516	0.00346281	0.00174662	0.003	0.01	574.512	144.476	121	1095	
0.5	0.75	1	16	5	3	128	40665	121	34842	0.003	0	0.003	0.003	287.95	129.058	32	621	
0.5	0.75	1	17	4	3	114	40806	106	34790	0.003	0	0.003	0.003	328.208	143.815	49	749	
0.5	0.75	1	18	3	3	122	40805	115	34982	0.003	0	0.003	0.003	304.191	133.839	32	621	
0.5	0.75	1	19	2	3	113	40870	106	35326	0.00306604	0.0006799	0.003	0.01	333.264	141.165	57	717	
0.5	0.75	1	20	1	3	112	40638	111	40337	0.00375676	0.0031801	0.003	0.017	363.396	177.677	73	1095	
0.75	1	4	1	5	3	183	65097	183	65209	0.003	0	0.003	0.003	356.333	177.473	49	573	
0.75	1	4	2	3	3	125	65265	125	65265	0.003	0	0.003	0.003	522.12	72.2319	453	597	
0.75	1	4	3	1	3	160	65160	160	64932	0.003	0	0.003	0.003	405.825	150.451	73	533	
0.75	1	4	4	4	3	124	65355	124	65355	0.003	0	0.003	0.003	527.056	74.3608	277	549	
0.75	1	4	5	2	3	126	65034	126	65098	0.003	0	0.003	0.003	516.651	51.195	49	573	
0.75	1	2	6	1	3	128	49988	129	50217	0.003	0	0.003	0.003	389.279	62.2433	73	453	
0.75	1	2	7	4	3	133	49913	133	49801	0.003	0	0.003	0.003	374.444	85.7047	113	453	
0.75	1	2	8	5	3	130	50020	130	49932	0.003	0	0.003	0.003	384.092	73.6897	32	437	
0.75	1	2	9	2	3	147	50015	147	50015	0.003	0	0.003	0.003	340.238	121.044	49	469	
0.75	1	2	10	3	3	145	50031	145	50031	0.003	0	0.003	0.003	345.041	105.336	73	453	
0.75	1	3	11	1	3	148	70075	148	70075	0.003	0	0.003	0.003	473.48	145.566	93	669	
0.75	1	3	12	3	3	134	70356	134	70548	0.003	0	0.003	0.003	526.478	110.919	201	807	
0.75	1	3	13	5	3	177	70054	176	69937	0.003	0	0.003	0.003	397.369	211.323	32	621	
0.75	1	3	14	4	3	140	70132	140	70132	0.003	0	0.003	0.003	500.943	124.296	121	621	
0.75	1	3	15	2	3	136	69792	136	70040	0.003	0	0.003	0.003	515	117.716	121	749	
0.75	1	1	16	5	3	166	39710	165	39678	0.003	0	0.003	0.003	240.473	93.2654	32	389	
0.75	1	1	17	4	3	151	39543	152	39696	0.003	0	0.003	0.003	261.158	87.0446	49	373	
0.75	1	1	18	3	3	150	39650	150	39650	0.003	0	0.003	0.003	264.333	87.6925	32	389	
0.75	1	1	19	2	3	139	39701	139	39701	0.003	0	0.003	0.003	285.619	73.4704	57	421	
0.75	1	1	20	1	3	138	39922	137	39773	0.003	0	0.003	0.003	290.314	66.0857	73	373	
1	1.25	4	1	5	3	173	65453	172	65292	0.003	0	0.003	0.003	379.605	173.99	49	573	
1	1.25	4	2	3	3	126	64950	126	64950	0.003	0	0.003	0.003	515.476	79.3814	293	597	
1	1.25	4	3	1	3	155	65151	156	65452	0.003	0	0.003	0.003	419.564	152.851	73	597	
1	1.25	4	4	4	3	123	65369	123	65369	0.003	0	0.003	0.003	531.455	76.3992	277	839	
1	1.25	4	5	2	3	148	64916	148	64852	0.003	0	0.003	0.003	438.189	134.123	49	573	
1	1.25	2	6	1	3	138	49946	138	49946	0.003	0	0.003	0.003	361.928	97.1372	73	453	
1	1.25	2	7	4	3	134	50138	133	50137	0.003	0	0.003	0.003	376.97	84.0642	113	453	
1	1.25	2	8	5	3	160	49699	160	49747	0.003	0	0.003	0.003	310.919	133.763	32	437	
1	1.25	2	9	2	3	157	50129	157	50081	0.003	0	0.003	0.003	318.987	126.642	49	421	
1	1.25	2	10	3	3	132	49904	132	49904	0.003	0	0.003	0.003	378.061	75.1814	73	453	
1	1.25	3	11	1	3	143	70077	142	70072	0.003	0	0.003	0.003	493.465	145.443	93	669	
1	1.25	3	12	3	3	136	70176	136	70176	0.003	0	0.003	0.003	516	112.463	201	597	
1	1.25	3	13	5	3	185	69933	186	69970	0.003	0	0.003	0.003	376.183	216.155	32	621	
1	1.25	3	14	4	3	134	70029	134	70165	0.003	0	0.003	0.003	523.619	119.282	121	621	
1	1.25	3	15	2	3	135	70423	135	70175	0.003	0	0.003	0.003	519.815	105.052	121	621	
1	1.25	1	16	5	3	152	39522	153	39522	0.003	0	0.003	0.003	258.314	102.963	32	349	
1	1.25	1	17	4	3	130	39750	130	39750	0.003	0	0.003	0.003	305.769	48.0829	49	317	
1	1.25	1	18	3	3	152	39406	151	39342	0.003	0	0.003	0.003	260.543	101.272	32	349	
1	1.25	1	19	2	3	129	39557	129	39557	0.003	0	0.003	0.003	306.643	51.185	57	357	
1	1.25	1	20	1	3	128	39563	129	39712	0.003	0	0.003	0.003	307.845	45.2069	73	373	
1.25	1.5	4	1	5	3	146	64790	147	64839	0.003	0	0.003	0.003	441.082	134.584	49	573	
1.25	1.5	4	2	3	3	127	65127	127	65127	0.003	0	0.003	0.003	512.811	81.0328	145	597	
1.25	1.5	4	3	1	3	165	65192	164	65047	0.003	0	0.003	0.003	396.628	146.36	72	597	
1.25	1.5	4	4	4	3	123	65677	123	65677	0.003	0	0.003	0.003	533.959	88.9057	277	839	
1.25	1.5	4	5	2	3	172	65331	172	65395	0.003	0	0.003	0.003	380.203	171.081	49	573	
1.25	1.5	2	6	1	3	145	49965	145	49965	0.003	0	0.003	0.003	344.586	104.237	73	453	
1.25	1.5	2	7	4	3	134	50018	135	50019	0.003	0	0.003	0.003	370.511	88.7133	113	453	
1.25	1.5	2	8	5	3	140	49934	140	49974	0.003	0	0.003	0.003	356.957	110.486	32	437	
1.25	1.5	2	9	2	3	160	49932	159	49931	0.003	0	0.003	0.003	314.031	133.133	49	421	
1.25	1.5	2	10	3	3	135	50035	135	49955	0.003	0	0.003	0.003	370.037	83.8463	73	453	
1.25	1.5	3	11	1	3	137	69964	137	69964	0.003	0	0.003	0.003	510.686	129.818	93	669	
1.25	1.5	3	12	3	3	138	70026	138	69834	0.003	0	0.003	0.003	506.043	113.118	201	597	
1.25	1.5	3	13	5	3	188	69964	187	70060	0.003	0	0.003	0.003	374.652	216.163	32	597	
1.25	1.5	3	14	4	3	136	70144	136	70008	0.003	0	0.003	0.003	514.765	113.474	121	621	
1.25	1.5	3	15	2	3	141	70113	141	70113	0.003	0	0.003	0.003	497.255	130.98	121	621	
1.25	1.5	1	16	5	3	151	39501	151	39501	0.003	0	0.003	0.003	261.596	102.367	32	309	
1.25	1.5	1	17	4	3	131	39583	131	39583	0.003	0	0.003	0.003	302.16	56.9015	49	317	
1.25	1.5	1	18	3	3	151	39479	152	39511	0.003	0	0.003	0.003	259.941	104.974	32	309	
1.25	1.5	1	19	2	3	125	39567	125	39567	0.003	0	0.003	0.003	316.536	31.0017	291	357	
1.25	1.5	1	20	1	3	125	39569	125	39497	0.003	0	0.003	0.003	315.976	29.3407	301	373	
1.5	1.75	4	1	5	3	168	65204	167	65315	0.003	0	0.003	0.003	391.108	175.305	49	573	
1.5	1.75	4	2	3	3	128	65580	128	65436	0.003	0	0.003	0.003	511.219	80.7006	145	597	
1.5	1.75	4	3	1	3	161	64864	162	64929	0.003	0	0.003	0.003	400.796	156.936	73	597	
1.5	1.75	4	4	4	3	124	65084	124	65084	0.003	0	0.003	0.003	524.871	77.6499	277	549	
1.5	1.75	4	5	2	3	148	65180	148	65076	0.003	0	0.003	0.003	439.703	139.337	49	573	
1.5	1.75	2	6	1	3	143	49825	143	49745	0.003	0	0.003	0.003	347.867	103.084	73	453	
1.5	1.75	2	7	4	3	137	50020	137	50020	0.003	0	0.003	0.003	365.109	92.7989	113	453	
1.5	1.75	2	8	5	3	145	49927	145	49927	0.003	0	0.003	0.003	344.324	117.052	32	437	
1.5	1.75	2	9	2	3	160	49890	161	49939	0.003	0	0.003	0.003	310.18	130.176	49	421	
1.5	1.75	2	10	3	3	136	50162	135	50169	0.003	0	0.003	0.003	371.622	78.3915	73	453	
1.5	1.75	3	11	1	3	135	70035	136	70040	0.003	0	0.003	0.003	515	128.821	93	669	
1.5	1.75	3	12	3	3	135	70189	135	70189	0.003	0	0.003	0.003	519.919	103.613	201	597	
1.5	1.75	3	13	5	3	192	69983	192	69936	0.003	0	0.003	0.003	364.25	225.083	32	597	
1.5	1.75	3	14	4	3	134	70046	134	70182	0.003	0	0.003	0.003	523.746	108.962	121	621	
1.5	1.75	3	15	2	3	132	70050	132	70050	0.003	0	0.003	0.003	530.682	111.579	121	621	
1.5	1.75	1	16	5	3	151	39501	151	39501	0.003	0	0.003	0.003	261.596	102.367	32	309	
1.5	1.75	1	17	4	3	131	39583	131	39583	0.003	0	0.003	0.003	302.16	57.3239	49	373	
1.5	1.75	1	18	3	3	152	39522	152	39522	0.003	0	0.003	0.003	260.013	104.345	32	309	
1.5	1.75	1	19	2	3	125	39569	125	39505	0.003	0	0.003	0.003	316.04	30.8436	293	357	
1.5	1.75	1	20	1	3	126	39498	126	39570	0.003	0	0.003	0.003	314.048	36.3668	73	373	
1.75	2	4	1	5	3	167	65279	168	65168	0.003	0	0.003	0.003	387.905	169.743	49	573	
1.75	2	4	2	3	3	128	64824	128	64968	0.003	0	0.003	0.003	507.562	88.7509	145	597	
1.75	2	4	3	1	3	158	65346	157	65277	0.003	0	0.003	0.003	415.777	149.769	73	597	
1.75	2	4	4	4	3	126	65638	126	65638	0.003	0	0.003	0.003	520.937	83.0691	277	549	
1.75	2	4	5	2	3	158	64760	158	64864	0.0030443	0.00055689	0.003	0.01	410.532	173.942	49	839	
1.75	2	2	6	1	3	136	49940	136	50020	0.003	0	0.003	0.003	367.794	88.7848	73	453	
1.75	2	2	7	4	3	136	49792	136	49792	0.003	0	0.003	0.003	366.118	91.3564	113	453	
1.75	2	2	8	5	3	147	50165	147	50125	0.003	0	0.003	0.003	340.986	115.803	32	437	
1.75	2	2	9	2	3	161	49809	160	49760	0.003	0	0.003	0.003	311	132.674	49	421	
1.75	2	2	10	3	3	138	49960	139	50033	0.003	0	0.003	0.003	359.95	94.6914	73	453	
1.75	2	3	11	1	3	139	70067	139	70067	0.003	0	0.003	0.003	504.079	138.834	93	669	
1.75	2	3	12	3	3	139	70437	139	70437	0.003	0	0.003	0.003	506.741	118.148	201	807	
1.75	2	3	13	5	3	189	70010	189	69966	0.003	0	0.003	0.003	370.19	214.792	31	597	
1.75	2	3	14	4	3	135	70151	135	70015	0.003	0	0.003	0.003	518.63	117.305	121	621	
1.75	2	3	15	2	3	133	69801	133	70049	0.003	0	0.003	0.003	526.684	110.199	121	621	
1.75	2	1	16	5	3	151	39511	151	39511	0.003	0	0.003	0.003	261.662	101.713	32	309	
1.75	2	1	17	4	3	132	39576	132	39576	0.003	0	0.003	0.003	299.818	62.0618	49	373	
1.75	2	1	18	3	3	152	39511	151	39479	0.003	0	0.003	0.003	261.45	103.655	32	309	
1.75	2	1	19	2	3	125	39505	125	39569	0.003	0	0.003	0.003	316.552	30.9889	293	357	
1.75	2	1	20	1	3	125	39567	125	39567	0.003	0	0.003	0.003	316.536	29.7572	299	373	
2	2.25	4	1	5	3	153	65117	153	65117	0.003	0	0.003	0.003	425.601	156.519	49	573	
2	2.25	4	2	3	3	127	65259	127	65115	0.003	0	0.003	0.003	512.717	78.9377	293	597	
2	2.25	4	3	1	3	167	64897	168	64966	0.003	0	0.003	0.003	386.702	152.597	72	533	
2	2.25	4	4	4	3	121	64851	121	65123	0.003	0	0.003	0.003	538.207	83.1703	277	839	
2	2.25	4	5	2	3	157	65369	156	65312	0.003	0	0.003	0.003	418.667	159.128	49	573	
2	2.25	2	6	1	3	141	50225	141	50145	0.003	0	0.003	0.003	355.638	96.5837	73	453	
2	2.25	2	7	4	3	136	50248	135	50247	0.003	0	0.003	0.003	372.2	88.0906	113	453	
2	2.25	2	8	5	3	140	49751	140	49751	0.003	0	0.003	0.003	355.364	110.837	32	437	
2	2.25	2	9	2	3	158	50094	159	50143	0.003	0	0.003	0.003	315.365	131.944	49	421	
2	2.25	2	10	3	3	134	49830	134	49830	0.003	0	0.003	0.003	371.866	84.5483	73	453	
2	2.25	3	11	1	3	139	69975	139	70063	0.003	0	0.003	0.003	504.05	131.785	93	669	
2	2.25	3	12	3	3	138	70182	138	70182	0.003	0	0.003	0.003	508.565	120.551	201	597	
2	2.25	3	13	5	3	193	69896	194	69939	0.003	0	0.003	0.003	360.51	222.442	32	621	
2	2.25	3	14	4	3	139	70031	138	70038	0.003	0	0.003	0.003	507.522	123.334	121	621	
2	2.25	3	15	2	3	134	70418	134	70170	0.003	0	0.003	0.003	523.657	115.242	121	621	
2	2.25	1	16	5	3	151	39454	151	39454	0.003	0	0.003	0.003	261.285	103.141	32	349	
2	2.25	1	17	4	3	130	39480	130	39536	0.003	0	0.003	0.003	304.123	53.4305	49	373	
2	2.25	1	18	3	3	152	39482	152	39439	0.003	0	0.003	0.003	259.467	103.594	32	309	
2	2.25	1	19	2	3	126	39501	126	39501	0.00305555	0.00062361	0.003	0.01	313.5	36.8149	117	357	
2	2.25	1	20	1	3	125	39493	125	39493	0.003	0	0.003	0.003	315.944	30.8258	225	373	
2.25	2.5	4	1	5	3	178	65078	178	65142	0.003	0	0.003	0.003	365.966	173.65	49	533	
2.25	2.5	4	2	3	3	127	65255	127	65255	0.003	0	0.003	0.003	513.819	83.523	145	597	
2.25	2.5	4	3	1	3	160	65392	160	65392	0.003	0	0.003	0.003	408.7	151.593	73	597	
2.25	2.5	4	4	4	3	126	65638	126	65366	0.003	0	0.003	0.003	518.778	85.8226	277	549	
2.25	2.5	4	5	2	3	146	64882	147	64875	0.003	0	0.003	0.003	441.327	143.694	49	573	
2.25	2.5	2	6	1	3	132	49796	132	49796	0.003	0	0.003	0.003	377.242	77.7889	73	453	
2.25	2.5	2	7	4	3	139	50023	140	50024	0.003	0	0.003	0.003	357.314	97.895	113	453	
2.25	2.5	2	8	5	3	139	49946	139	49946	0.003	0	0.003	0.003	359.324	107.7	32	437	
2.25	2.5	2	9	2	3	152	49948	152	49948	0.003	0	0.003	0.003	328.605	129.188	49	421	
2.25	2.5	2	10	3	3	144	50120	144	50120	0.003	0	0.003	0.003	348.056	104.308	73	453	
2.25	2.5	3	11	1	3	138	70062	138	69974	0.003	0	0.003	0.003	507.058	132.585	93	669	
2.25	2.5	3	12	3	3	137	69981	137	69981	0.003	0	0.003	0.003	510.81	118.063	201	597	
2.25	2.5	3	13	5	3	194	70001	193	70001	0.003	0	0.003	0.003	362.699	224.958	32	621	
2.25	2.5	3	14	4	3	132	70064	133	70193	0.003	0	0.003	0.003	527.767	108.324	121	621	
2.25	2.5	3	15	2	3	133	70052	133	70052	0.003	0	0.003	0.003	526.707	105.764	121	621	
2.25	2.5	1	16	5	3	151	39489	151	39489	0.003	0	0.003	0.003	261.517	103.01	32	309	
2.25	2.5	1	17	4	3	131	39639	131	39527	0.003	0	0.003	0.003	301.733	56.9994	49	317	
2.25	2.5	1	18	3	3	151	39447	152	39522	0.003	0	0.003	0.003	260.013	104.345	32	309	
2.25	2.5	1	19	2	3	125	39569	125	39569	0.003	0	0.003	0.003	316.552	30.9889	293	357	
2.25	2.5	1	20	1	3	125	39569	125	39569	0.003	0	0.003	0.003	316.552	29.7483	301	373	
2.5	2.75	4	1	5	3	176	65180	176	65116	0.003	0	0.003	0.003	369.977	165.731	49	573	
2.5	2.75	4	2	3	3	127	65413	127	65413	0.003	0	0.003	0.003	515.063	81.3282	145	597	
2.5	2.75	4	3	1	3	154	64874	154	64874	0.003	0	0.003	0.003	421.26	147.764	73	597	
2.5	2.75	4	4	4	3	124	65374	124	65374	0.003	0	0.003	0.003	527.21	82.5925	277	839	
2.5	2.75	4	5	2	3	148	65094	148	65158	0.0030473	0.000575396	0.003	0.01	440.257	147.636	49	839	
2.5	2.75	2	6	1	3	143	50105	143	50185	0.003	0	0.003	0.003	350.944	105.852	73	453	
2.5	2.75	2	7	4	3	138	50030	138	50030	0.003	0	0.003	0.003	362.536	96.5318	113	453	
2.5	2.75	2	8	5	3	137	49949	137	49949	0.003	0	0.003	0.003	364.591	102.634	32	437	
2.5	2.75	2	9	2	3	153	49937	153	49937	0.003	0	0.003	0.003	326.386	128.41	49	421	
2.5	2.75	2	10	3	3	131	49875	131	49795	0.003	0	0.003	0.003	380.115	77.7409	73	453	
2.5	2.75	3	11	1	3	140	69995	139	69990	0.003	0	0.003	0.003	503.525	139.106	92	669	
2.5	2.75	3	12	3	3	138	70398	137	70185	0.003	0	0.003	0.003	512.299	115.383	201	597	
2.5	2.75	3	13	5	3	196	69952	197	69984	0.003	0	0.003	0.003	355.249	227.54	32	597	
2.5	2.75	3	14	4	3	130	70090	130	70090	0.003	0	0.003	0.003	539.154	97.9139	121	621	
2.5	2.75	3	15	2	3	127	70119	127	70119	0.003	0	0.003	0.003	552.118	80.9027	121	621	
2.5	2.75	1	16	5	3	159	39459	159	39459	0.003	0	0.003	0.003	248.17	102.105	32	349	
2.5	2.75	1	17	4	3	135	39491	135	39491	0.003	0	0.003	0.003	292.526	60.6296	49	373	
2.5	2.75	1	18	3	3	162	39453	162	39453	0.003	0	0.003	0.003	243.537	102.087	32	349	
2.5	2.75	1	19	2	3	133	39485	133	39485	0.00315789	0.00104332	0.003	0.01	296.88	63.5666	57	421	
2.5	2.75	1	20	1	3	135	39491	135	39491	0.003	0	0.003	0.003	292.526	57.3381	73	373	
2.75	3	4	1	5	3	164	64840	163	64855	0.003	0	0.003	0.003	397.883	177.166	49	573	
2.75	3	4	2	3	3	127	65115	127	65259	0.003	0	0.003	0.003	513.85	79.1071	293	597	
2.75	3	4	3	1	3	156	65054	156	65054	0.003	0	0.003	0.003	417.013	159.735	73	597	
2.75	3	4	4	4	3	125	65379	125	65379	0.003	0	0.003	0.003	523.032	88.0616	277	839	
2.75	3	4	5	2	3	157	65388	157	65324	0.00304458	0.000558661	0.003	0.01	416.076	161.518	49	749	
2.75	3	2	6	1	3	143	50002	143	50002	0.003	0	0.003	0.003	349.664	102.588	73	453	
2.75	3	2	7	4	3	134	50010	134	50010	0.003	0	0.003	0.003	373.209	84.2286	113	453	
2.75	3	2	8	5	3	154	49949	154	49901	0.003	0	0.003	0.003	324.032	124.253	32	437	
2.75	3	2	9	2	3	161	49937	161	49937	0.003	0	0.003	0.003	310.168	129.39	49	421	
2.75	3	2	10	3	3	137	49884	137	49964	0.003	0	0.003	0.003	364.701	91.3843	73	453	
2.75	3	3	11	1	3	139	70051	140	70056	0.003	0	0.003	0.003	500.4	140.017	93	669	
2.75	3	3	12	3	3	138	69798	139	70203	0.003	0	0.003	0.003	505.058	120.56	201	597	
2.75	3	3	13	5	3	196	69987	196	69955	0.003	0	0.003	0.003	356.913	221.72	32	597	
2.75	3	3	14	4	3	132	70192	132	70056	0.003	0	0.003	0.003	530.727	107.166	121	621	
2.75	3	3	15	2	3	132	70048	132	70048	0.003	0	0.003	0.003	530.667	109.322	121	621	
2.75	3	1	16	5	3	151	39499	151	39499	0.003	0	0.003	0.003	261.583	102.361	32	309	
2.75	3	1	17	4	3	132	39576	132	39632	0.003	0	0.003	0.003	300.242	61.2085	49	373	
2.75	3	1	18	3	3	152	39520	152	39520	0.003	0	0.003	0.003	260	104.339	32	309	
2.75	3	1	19	2	3	125	39567	125	39503	0.003	0	0.003	0.003	316.024	30.8227	293	357	
2.75	3	1	20	1	3	125	39495	125	39495	0.003	0	0.003	0.003	315.96	29.3495	299	373	
3	3.25	4	1	5	3	166	65240	167	65289	0.003	0	0.003	0.003	390.952	170.881	49	573	
3	3.25	4	2	3	3	126	64966	126	64822	0.003	0	0.003	0.003	514.46	76.7577	293	597	
3	3.25	4	3	1	3	158	65100	158	65100	0.003	0	0.003	0.003	412.025	145.79	73	597	
3	3.25	4	4	4	3	123	65097	123	65097	0.003	0	0.003	0.003	529.244	79.7503	277	839	
3	3.25	4	5	2	3	161	65009	160	65012	0.003	0	0.003	0.003	406.325	153.878	49	573	
3	3.25	2	6	1	3	146	49962	146	49962	0.003	0	0.003	0.003	342.205	109.981	73	453	
3	3.25	2	7	4	3	137	50021	137	50021	0.003	0	0.003	0.003	365.117	92.8059	113	453	
3	3.25	2	8	5	3	141	49946	141	49946	0.003	0	0.003	0.003	354.227	108.045	32	437	
3	3.25	2	9	2	3	150	49954	150	49954	0.003	0	0.003	0.003	333.027	123.807	49	421	
3	3.25	2	10	3	3	134	50034	134	50034	0.003	0	0.003	0.003	373.388	82.2903	73	453	
3	3.25	3	11	1	3	134	70030	134	70030	0.003	0	0.003	0.003	522.612	123.18	93	669	
3	3.25	3	12	3	3	141	70161	141	70161	0.003	0	0.003	0.003	497.596	136.024	201	597	
3	3.25	3	13	5	3	210	69935	209	69903	0.003	0	0.003	0.003	334.464	231.153	32	549	
3	3.25	3	14	4	3	128	69963	128	70099	0.003	0	0.003	0.003	547.648	94.5084	121	621	
3	3.25	3	15	2	3	128	70100	128	70100	0.003	0	0.003	0.003	547.656	94.5031	121	621	
3	3.25	1	16	5	3	152	39522	151	39490	0.003	0	0.003	0.003	261.523	103.013	32	309	
3	3.25	1	17	4	3	132	39576	131	39527	0.003	0	0.003	0.003	301.733	57.4211	49	373	
3	3.25	1	18	3	3	151	39501	151	39533	0.003	0	0.003	0.003	261.808	102.432	32	309	
3	3.25	1	19	2	3	125	39505	125	39569	0.003	0	0.003	0.003	316.552	30.9889	293	357	
3	3.25	1	20	1	3	125	39569	125	39569	0.003	0	0.003	0.003	316.552	29.7483	301	373	
3.25	3.5	4	1	5	3	169	65163	169	65163	0.003	0	0.003	0.003	385.58	175.88	49	573	
3.25	3.5	4	2	3	3	129	65413	129	65557	0.003	0	0.003	0.003	508.194	82.7034	293	597	
3.25	3.5	4	3	1	3	150	65118	150	65118	0.003	0	0.003	0.003	434.12	137.522	73	597	
3.25	3.5	4	4	4	3	120	65662	120	65662	0.003	0	0.003	0.003	547.183	67.8506	277	839	
3.25	3.5	4	5	2	3	153	64929	153	64889	0.003	0	0.003	0.003	424.111	162.15	49	573	
3.25	3.5	2	6	1	3	145	49960	145	49960	0.003	0	0.003	0.003	344.552	104.998	73	453	
3.25	3.5	2	7	4	3	140	50024	140	50024	0.003	0	0.003	0.003	357.314	97.895	113	453	
3.25	3.5	2	8	5	3	148	49951	148	49951	0.003	0	0.003	0.003	337.507	124.505	32	437	
3.25	3.5	2	9	2	3	153	49939	153	49939	0.003	0	0.003	0.003	326.399	129.126	49	421	
3.25	3.5	2	10	3	3	133	49945	133	49945	0.003	0	0.003	0.003	375.526	76.6281	73	453	
3.25	3.5	3	11	1	3	135	69955	135	70043	0.003	0	0.003	0.003	518.837	128.636	93	669	
3.25	3.5	3	12	3	3	142	70170	142	70170	0.003	0	0.003	0.003	494.155	137.746	201	597	
3.25	3.5	3	13	5	3	210	69984	210	69941	0.003	0	0.003	0.003	333.052	231.906	32	549	
3.25	3.5	3	14	4	3	128	70100	128	69964	0.003	0	0.003	0.003	546.594	94.4365	121	621	
3.25	3.5	3	15	2	3	127	69978	127	70114	0.003	0	0.003	0.003	552.079	86.8773	121	621	
3.25	3.5	1	16	5	3	150	39579	151	39571	0.003	0	0.003	0.003	262.06	101.074	32	349	
3.25	3.5	1	17	4	3	132	39464	133	39513	0.003	0	0.003	0.003	297.09	61.2248	49	373	
3.25	3.5	1	18	3	3	155	39417	155	39417	0.003	0	0.003	0.003	254.303	103.058	32	349	
3.25	3.5	1	19	2	3	130	39354	129	39297	0.00310853	0.000868191	0.003	0.01	304.628	50.0561	57	357	
3.25	3.5	1	20	1	3	129	39341	129	39341	0.003	0	0.003	0.003	304.969	49.9036	73	373	
3.5	3.75	4	1	5	3	147	64987	146	64874	0.003	0	0.003	0.003	444.342	139.759	49	573	
3.5	3.75	4	2	3	3	128	65116	128	65116	0.003	0	0.003	0.003	508.719	84.8694	145	597	
3.5	3.75	4	3	1	3	155	65043	155	65203	0.003	0	0.003	0.003	420.665	150.554	73	597	
3.5	3.75	4	4	4	3	120	64828	120	64828	0.003	0	0.003	0.003	540.233	71.1775	277	839	
3.5	3.75	4	5	2	3	174	65270	174	65270	0.00308046	0.000748307	0.003	0.01	375.115	180.768	49	749	
3.5	3.75	2	6	1	3	139	49839	139	49759	0.003	0	0.003	0.003	357.978	98.4445	73	453	
3.5	3.75	2	7	4	3	140	50016	140	50016	0.003	0	0.003	0.003	357.257	94.1124	113	453	
3.5	3.75	2	8	5	3	149	49915	149	49963	0.003	0	0.003	0.003	335.322	121.54	32	437	
3.5	3.75	2	9	2	3	155	49963	155	49963	0.003	0	0.003	0.003	322.342	126.481	49	421	
3.5	3.75	2	10	3	3	133	50193	133	50193	0.003	0	0.003	0.003	377.391	75.1965	73	453	
3.5	3.75	3	11	1	3	134	70038	134	69950	0.003	0	0.003	0.003	522.015	123.685	93	669	
3.5	3.75	3	12	3	3	142	70170	142	70170	0.003	0	0.003	0.003	494.155	137.746	201	597	
3.5	3.75	3	13	5	3	208	69909	208	69952	0.003	0	0.003	0.003	336.308	230.997	32	549	
3.5	3.75	3	14	4	3	127	70115	127	70115	0.003	0	0.003	0.003	552.087	86.8835	121	621	
3.5	3.75	3	15	2	3	128	70100	128	70100	0.003	0	0.003	0.003	547.656	94.5031	121	621	
3.5	3.75	1	16	5	3	162	39605	162	39677	0.003	0	0.003	0.003	244.92	100.213	32	349	
3.5	3.75	1	17	4	3	136	39544	136	39488	0.003	0	0.003	0.003	290.353	61.9548	49	373	
3.5	3.75	1	18	3	3	169	39670	169	39598	0.003	0	0.003	0.003	234.308	100.571	32	349	
3.5	3.75	1	19	2	3	150	39754	151	39811	0.003	0	0.003	0.003	263.649	80.9555	57	357	
3.5	3.75	1	20	1	3	147	39801	147	39801	0.003	0	0.003	0.003	270.755	64.7278	73	373	
3.75	4	4	1	5	3	168	64928	169	64977	0.003	0	0.003	0.003	384.479	182.186	49	573	
3.75	4	4	2	3	3	128	64952	128	64952	0.003	0	0.003	0.003	507.438	90.8587	145	597	
3.75	4	4	3	1	3	156	65367	155	65214	0.003	0	0.003	0.003	420.735	147.753	73	533	
3.75	4	4	4	4	3	124	65356	124	65356	0.003	0	0.003	0.003	527.065	74.3632	277	549	
3.75	4	4	5	2	3	154	65125	155	65162	0.003	0	0.003	0.003	420.4	158.391	49	573	
3.75	4	2	6	1	3	135	49967	135	50047	0.003	0	0.003	0.003	370.719	85.1724	73	453	
3.75	4	2	7	4	3	135	49906	135	50018	0.003	0	0.003	0.003	370.504	86.5315	113	453	
3.75	4	2	8	5	3	146	49968	146	49968	0.003	0	0.003	0.003	342.247	118.619	32	437	
3.75	4	2	9	2	3	157	49923	156	49874	0.003	0	0.003	0.003	319.705	129.298	47	421	
3.75	4	2	10	3	3	142	50046	142	49966	0.003	0	0.003	0.003	351.873	101.751	73	453	
3.75	4	3	11	1	3	134	70038	134	70038	0.003	0	0.003	0.003	522.672	123.721	93	669	
3.75	4	3	12	3	3	141	70161	141	70161	0.003	0	0.003	0.003	497.596	136.024	201	597	
3.75	4	3	13	5	3	209	69952	209	69952	0.003	0	0.003	0.003	334.699	231.268	32	549	
3.75	4	3	14	4	3	128	69963	128	70099	0.003	0	0.003	0.003	547.648	94.5084	121	621	
3.75	4	3	15	2	3	127	70115	127	69979	0.003	0	0.003	0.003	551.016	86.8655	121	621	
3.75	4	1	16	5	3	162	39643	162	39571	0.003	0	0.003	0.003	244.265	92.223	32	349	
3.75	4	1	17	4	3	135	39595	135	39651	0.003	0	0.003	0.003	293.711	61.5828	49	373	
3.75	4	1	18	3	3	159	39587	159	39703	0.003	0	0.003	0.003	249.704	94.3597	32	349	
3.75	4	1	19	2	3	154	39681	154	39617	0.00304545	0.000564076	0.003	0.01	257.253	83.0761	57	357	
3.75	4	1	20	1	3	144	39564	143	39491	0.003	0	0.003	0.003	276.161	67.2818	73	373	
4	4.25	4	1	5	3	168	65107	168	65107	0.003	0	0.003	0.003	387.542	176.378	49	573	
4	4.25	4	2	3	3	127	65413	127	65413	0.003	0	0.003	0.003	515.063	81.3282	145	597	
4	4.25	4	3	1	3	164	65176	165	65169	0.003	0	0.003	0.003	394.964	169.298	73	533	
4	4.25	4	4	4	3	125	65361	125	65361	0.003	0	0.003	0.003	522.888	80.4513	277	549	
4	4.25	4	5	2	3	134	65042	133	65049	0.003	0	0.003	0.003	489.09	109.504	49	573	
4	4.25	2	6	1	3	138	49946	138	49946	0.003	0	0.003	0.003	361.928	88.5072	73	453	
4	4.25	2	7	4	3	136	50014	136	50014	0.003	0	0.003	0.003	367.75	89.805	113	453	
4	4.25	2	8	5	3	146	49995	145	49960	0.003	0	0.003	0.003	344.552	122.834	32	437	
4	4.25	2	9	2	3	158	49934	158	49938	0.003	0	0.003	0.003	316.063	133.834	49	421	
4	4.25	2	10	3	3	142	49905	142	49985	0.003	0	0.003	0.003	352.007	98.0981	73	453	
4	4.25	3	11	1	3	135	70041	135	70041	0.003	0	0.003	0.003	518.822	128.63	93	669	
4	4.25	3	12	3	3	142	70170	142	69978	0.003	0	0.003	0.003	492.803	137.672	201	597	
4	4.25	3	13	5	3	209	69956	209	69945	0.003	0	0.003	0.003	334.665	232.028	32	549	
4	4.25	3	14	4	3	127	70115	127	70115	0.003	0	0.003	0.003	552.087	86.8835	121	621	
4	4.25	3	15	2	3	127	69978	127	70114	0.003	0	0.003	0.003	552.079	86.8773	121	621	
4	4.25	1	16	5	3	154	39583	154	39623	0.003	0	0.003	0.003	257.292	94.6372	32	349	
4	4.25	1	17	4	3	134	39614	134	39614	0.003	0	0.003	0.003	295.627	57.0452	49	373	
4	4.25	1	18	3	3	170	39764	169	39656	0.003	0	0.003	0.003	234.651	96.2936	32	349	
4	4.25	1	19	2	3	136	39418	136	39482	0.00305147	0.000600245	0.003	0.01	290.309	69.1122	57	357	
4	4.25	1	20	1	3	139	39563	140	39636	0.003	0	0.003	0.003	283.114	65.8657	73	373	
4.25	4.5	4	1	5	3	150	65322	149	65325	0.003	0	0.003	0.003	438.423	149.519	49	573	
4.25	4.5	4	2	3	3	127	64950	127	64950	0.003	0	0.003	0.003	511.417	85.4461	145	597	
4.25	4.5	4	3	1	3	168	65176	168	65176	0.003	0	0.003	0.003	387.952	150.892	73	597	
4.25	4.5	4	4	4	3	126	65674	126	65674	0.003	0	0.003	0.003	521.222	97.19	277	839	
4.25	4.5	4	5	2	3	164	64835	165	64828	0.003	0	0.003	0.003	392.897	169.725	49	573	
4.25	4.5	2	6	1	3	133	50037	133	50037	0.003	0	0.003	0.003	376.218	75.7739	73	453	
4.25	4.5	2	7	4	3	136	50020	136	50020	0.003	0	0.003	0.003	367.794	90.8382	113	453	
4.25	4.5	2	8	5	3	143	49926	144	49913	0.003	0	0.003	0.003	346.618	116.307	32	437	
4.25	4.5	2	9	2	3	151	49943	152	49988	0.003	0	0.003	0.003	328.868	125.675	49	421	
4.25	4.5	2	10	3	3	145	50049	145	49969	0.003	0	0.003	0.003	344.614	105.773	73	453	
4.25	4.5	3	11	1	3	135	69945	135	70033	0.003	0	0.003	0.003	518.763	128.112	93	669	
4.25	4.5	3	12	3	3	142	70170	142	70170	0.003	0	0.003	0.003	494.155	137.746	201	597	
4.25	4.5	3	13	5	3	210	69941	210	69941	0.003	0	0.003	0.003	333.052	231.906	32	549	
4.25	4.5	3	14	4	3	127	70115	127	69979	0.003	0	0.003	0.003	551.016	86.8655	121	621	
4.25	4.5	3	15	2	3	128	70100	128	70100	0.003	0	0.003	0.003	547.656	94.5031	121	621	
4.25	4.5	1	16	5	3	151	39490	151	39490	0.003	0	0.003	0.003	261.523	103.013	32	309	
4.25	4.5	1	17	4	3	131	39581	131	39581	0.003	0	0.003	0.003	302.145	57.3202	49	373	
4.25	4.5	1	18	3	3	151	39490	151	39490	0.003	0	0.003	0.003	261.523	103.013	32	309	
4.25	4.5	1	19	2	3	125	39569	125	39569	0.003	0	0.003	0.003	316.552	30.9889	293	357	
4.25	4.5	1	20	1	3	125	39567	125	39567	0.003	0	0.003	0.003	316.536	29.7572	299	373	
4.5	4.75	4	1	5	3	190	65038	190	64890	0.003	0	0.003	0.003	341.526	150.072	49	533	
4.5	4.75	4	2	3	3	126	65430	126	65430	0.003	0	0.003	0.003	519.286	72.0594	453	597	
4.5	4.75	4	3	1	3	149	65049	149	65049	0.003	0	0.003	0.003	436.57	132.83	73	597	
4.5	4.75	4	4	4	3	126	65366	126	65366	0.003	0	0.003	0.003	518.778	85.8226	277	549	
4.5	4.75	4	5	2	3	152	65084	152	65244	0.00304605	0.000567775	0.003	0.01	429.237	146.996	49	693	
4.5	4.75	2	6	1	3	129	49957	129	49957	0.003	0	0.003	0.003	387.264	67.1376	73	453	
4.5	4.75	2	7	4	3	135	50023	135	50023	0.003	0	0.003	0.003	370.541	89.7519	113	453	
4.5	4.75	2	8	5	3	144	49981	143	49994	0.003	0	0.003	0.003	349.608	113.577	32	437	
4.5	4.75	2	9	2	3	153	49941	153	49941	0.003	0	0.003	0.003	326.412	129.131	49	421	
4.5	4.75	2	10	3	3	147	49947	146	49950	0.003	0	0.003	0.003	342.123	110.679	73	453	
4.5	4.75	3	11	1	3	135	70041	135	69953	0.003	0	0.003	0.003	518.17	128.587	93	669	
4.5	4.75	3	12	3	3	142	70170	142	70170	0.003	0	0.003	0.003	494.155	137.746	201	597	
4.5	4.75	3	13	5	3	209	69909	210	69984	0.003	0	0.003	0.003	333.257	231.658	32	549	
4.5	4.75	3	14	4	3	128	70099	128	70099	0.003	0	0.003	0.003	547.648	94.5084	121	621	
4.5	4.75	3	15	2	3	127	70115	127	69979	0.003	0	0.003	0.003	551.016	86.8655	121	621	
4.5	4.75	1	16	5	3	158	39513	158	39513	0.003	0	0.003	0.003	250.082	103.2	32	349	
4.5	4.75	1	17	4	3	134	39558	134	39558	0.003	0	0.003	0.003	295.209	61.5383	49	373	
4.5	4.75	1	18	3	3	155	39483	156	39515	0.003	0	0.003	0.003	253.301	102.439	32	349	
4.5	4.75	1	19	2	3	131	39545	131	39481	0.00305343	0.000611593	0.003	0.01	301.382	51.8982	117	357	
4.5	4.75	1	20	1	3	134	39570	134	39570	0.003	0	0.003	0.003	295.299	54.4211	73	373	
4.75	5	4	1	5	3	171	64919	172	65064	0.0030407	0.000533745	0.003	0.01	378.279	185.854	49	693	
4.75	5	4	2	3	3	127	64971	127	64971	0.003	0	0.003	0.003	511.583	78.7514	293	597	
4.75	5	4	3	1	3	158	65125	158	65125	0.0030443	0.00055689	0.003	0.01	412.184	164.009	73	749	
4.75	5	4	4	4	3	123	65079	123	65079	0.003	0	0.003	0.003	529.098	71.123	277	549	
4.75	5	4	5	2	3	142	65322	141	65177	0.003	0	0.003	0.003	462.248	138.001	49	573	
4.75	5	2	6	1	3	146	50174	146	50174	0.003	0	0.003	0.003	343.658	106.206	73	453	
4.75	5	2	7	4	3	137	50017	137	50017	0.003	0	0.003	0.003	365.088	91.815	113	453	
4.75	5	2	8	5	3	146	49905	147	49940	0.003	0	0.003	0.003	339.728	121.425	32	437	
4.75	5	2	9	2	3	150	49954	150	49906	0.003	0	0.003	0.003	332.707	125.288	49	421	
4.75	5	2	10	3	3	132	49824	133	49821	0.003	0	0.003	0.003	374.594	75.4477	73	453	
4.75	5	3	11	1	3	134	70038	134	70038	0.003	0	0.003	0.003	522.672	123.721	93	669	
4.75	5	3	12	3	3	142	70170	142	70170	0.003	0	0.003	0.003	494.155	137.746	201	597	
4.75	5	3	13	5	3	209	69941	208	69909	0.003	0	0.003	0.003	336.101	231.251	32	549	
4.75	5	3	14	4	3	127	69979	127	70115	0.003	0	0.003	0.003	552.087	86.8835	121	621	
4.75	5	3	15	2	3	128	70099	128	70099	0.003	0	0.003	0.003	547.648	94.4971	121	621	
4.75	5	1	16	5	3	151	39490	151	39490	0.003	0	0.003	0.003	261.523	103.013	32	309	
4.75	5	1	17	4	3	131	39583	131	39583	0.003	0	0.003	0.003	302.16	58.1594	49	373	
4.75	5	1	18	3	3	152	39519	152	39519	0.003	0	0.003	0.003	259.993	104.354	31	309	
4.75	5	1	19	2	3	125	39569	125	39569	0.003	0	0.003	0.003	316.552	30.9889	293	357	
4.75	5	1	20	1	3	125	39497	125	39497	0.003	0	0.003	0.003	315.976	29.3407	301	373	
5	5.25	4	1	5	3	148	65116	148	65116	0.003	0	0.003	0.003	439.973	147.822	49	573	
5	5.25	4	2	3	3	126	65254	126	65110	0.003	0	0.003	0.003	516.746	77.0392	293	597	
5	5.25	4	3	1	3	167	65079	167	65159	0.003	0	0.003	0.003	390.174	173.029	73	533	
5	5.25	4	4	4	3	126	65654	126	65654	0.003	0	0.003	0.003	521.063	90.401	277	839	
5	5.25	4	5	2	3	151	65143	151	65139	0.003	0	0.003	0.003	431.384	158.771	49	573	
5	5.25	2	6	1	3	138	49854	138	49774	0.003	0	0.003	0.003	360.681	96.0633	73	453	
5	5.25	2	7	4	3	136	50020	136	50020	0.003	0	0.003	0.003	367.794	90.8382	113	453	
5	5.25	2	8	5	3	145	49935	145	49975	0.003	0	0.003	0.003	344.655	116.37	32	437	
5	5.25	2	9	2	3	153	49949	152	49948	0.003	0	0.003	0.003	328.605	126.982	49	421	
5	5.25	2	10	3	3	138	50174	138	50174	0.003	0	0.003	0.003	363.58	86.123	73	453	
5	5.25	3	11	1	3	134	70037	134	70037	0.003	0	0.003	0.003	522.664	123.718	93	669	
5	5.25	3	12	3	3	141	70160	141	70160	0.003	0	0.003	0.003	497.589	136.019	201	597	
5	5.25	3	13	5	3	209	69952	209	69952	0.003	0	0.003	0.003	334.699	231.268	32	549	
5	5.25	3	14	4	3	128	70100	128	69964	0.003	0	0.003	0.003	546.594	94.4365	121	621	
5	5.25	3	15	2	3	127	69979	127	70115	0.003	0	0.003	0.003	552.087	86.8835	121	621	
5	5.25	1	16	5	3	152	39522	151	39490	0.003	0	0.003	0.003	261.523	103.013	32	309	
5	5.25	1	17	4	3	131	39583	131	39583	0.003	0	0.003	0.003	302.16	56.9015	49	317	
5	5.25	1	18	3	3	151	39488	151	39488	0.003	0	0.003	0.003	261.51	103.043	30	309	
5	5.25	1	19	2	3	125	39505	125	39569	0.003	0	0.003	0.003	316.552	30.9889	293	357	
5	5.25	1	20	1	3	125	39569	125	39569	0.003	0	0.003	0.003	316.552	29.7483	301	373	
5.25	5.5	4	1	5	3	152	65120	152	65232	0.003	0	0.003	0.003	429.158	146.131	49	573	
5.25	5.5	4	2	3	3	126	65414	126	65558	0.003	0	0.003	0.003	520.302	74.782	293	597	
5.25	5.5	4	3	1	3	167	65102	166	64877	0.003	0	0.003	0.003	390.825	149.584	73	597	
5.25	5.5	4	4	4	3	125	65089	125	65089	0.003	0	0.003	0.003	520.712	83.365	277	549	
5.25	5.5	4	5	2	3	166	65144	167	65133	0.003	0	0.003	0.003	390.018	167.36	49	573	
5.25	5.5	2	6	1	3	139	50167	139	50247	0.003	0	0.003	0.003	361.489	91.5939	73	453	
5.25	5.5	2	7	4	3	135	50018	135	50018	0.003	0	0.003	0.003	370.504	88.7064	113	453	
5.25	5.5	2	8	5	3	140	49948	140	49908	0.003	0	0.003	0.003	356.486	106.956	32	437	
5.25	5.5	2	9	2	3	162	49961	163	49962	0.003	0	0.003	0.003	306.515	135.225	49	421	
5.25	5.5	2	10	3	3	134	49802	134	49802	0.003	0	0.003	0.003	371.657	88.5546	73	453	
5.25	5.5	3	11	1	3	135	70043	135	70043	0.003	0	0.003	0.003	518.837	128.636	93	669	
5.25	5.5	3	12	3	3	142	70168	142	70168	0.003	0	0.003	0.003	494.141	137.756	201	597	
5.25	5.5	3	13	5	3	208	69925	209	69957	0.003	0	0.003	0.003	334.722	231.631	32	549	
5.25	5.5	3	14	4	3	127	70114	127	70114	0.003	0	0.003	0.003	552.079	86.8773	121	621	
5.25	5.5	3	15	2	3	127	70115	127	69979	0.003	0	0.003	0.003	551.016	86.8655	121	621	
5.25	5.5	1	16	5	3	148	39279	149	39271	0.003	0	0.003	0.003	263.564	101.574	32	349	
5.25	5.5	1	17	4	3	134	39662	134	39662	0.003	0	0.003	0.003	295.985	58.9302	49	317	
5.25	5.5	1	18	3	3	156	39487	156	39447	0.003	0	0.003	0.003	252.865	100.882	32	349	
5.25	5.5	1	19	2	3	135	39534	134	39593	0.00310448	0.000851965	0.003	0.01	295.47	66.3497	57	357	
5.25	5.5	1	20	1	3	128	39488	128	39488	0.003	0	0.003	0.003	308.5	45.7835	73	373	
5.5	5.75	4	1	5	3	174	65138	174	65026	0.003	0	0.003	0.003	373.713	167.173	49	573	
5.5	5.75	4	2	3	3	127	64955	127	64811	0.003	0	0.003	0.003	510.323	80.9453	293	597	
5.5	5.75	4	3	1	3	155	65155	156	65380	0.003	0	0.003	0.003	419.103	149.314	73	533	
5.5	5.75	4	4	4	3	124	65356	124	65356	0.003	0	0.003	0.003	527.065	74.3632	277	549	
5.5	5.75	4	5	2	3	151	65055	151	65055	0.003	0	0.003	0.003	430.828	159.162	49	573	
5.5	5.75	2	6	1	3	140	49768	140	49768	0.003	0	0.003	0.003	355.486	98.6137	73	453	
5.5	5.75	2	7	4	3	141	50137	141	50025	0.003	0	0.003	0.003	354.787	99.355	113	453	
5.5	5.75	2	8	5	3	139	49958	139	49958	0.003	0	0.003	0.003	359.41	106.676	32	437	
5.5	5.75	2	9	2	3	151	49927	150	49926	0.003	0	0.003	0.003	332.84	121.932	49	421	
5.5	5.75	2	10	3	3	140	50144	140	50224	0.003	0	0.003	0.003	358.743	94.1161	73	453	
5.5	5.75	3	11	1	3	141	69949	141	69949	0.003	0	0.003	0.003	496.092	136.127	93	669	
5.5	5.75	3	12	3	3	141	70225	140	70216	0.003	0	0.003	0.003	501.543	127.591	201	807	
5.5	5.75	3	13	5	3	184	69916	184	69916	0.00303804	0.000516047	0.003	0.01	379.978	218.567	32	621	
5.5	5.75	3	14	4	3	145	69989	145	69989	0.003	0	0.003	0.003	482.683	127.39	121	621	
5.5	5.75	3	15	2	3	138	70018	137	70033	0.003	0	0.003	0.003	511.19	120.673	121	621	
5.5	5.75	1	16	5	3	160	39608	160	39648	0.003	0	0.003	0.003	247.8	101.111	32	349	
5.5	5.75	1	17	4	3	129	39653	129	39653	0.003	0	0.003	0.003	307.388	52.1045	49	373	
5.5	5.75	1	18	3	3	153	39437	152	39445	0.003	0	0.003	0.003	259.507	98.5744	30	349	
5.5	5.75	1	19	2	3	137	39749	138	39690	0.003	0	0.003	0.003	287.609	68.0689	57	357	
5.5	5.75	1	20	1	3	140	39796	140	39796	0.003	0	0.003	0.003	284.257	64.3222	73	373	
5.75	6	4	1	5	3	162	65060	162	65060	0.003	0	0.003	0.003	401.605	163.364	49	573	
5.75	6	4	2	3	3	127	65403	127	65547	0.003	0	0.003	0.003	516.118	79.396	293	597	
5.75	6	4	3	1	3	155	64995	154	64846	0.003	0	0.003	0.003	421.078	149.92	73	533	
5.75	6	4	4	4	3	124	65645	124	65645	0.003	0	0.003	0.003	529.395	79.4433	277	839	
5.75	6	4	5	2	3	160	65083	160	65147	0.003	0	0.003	0.003	407.169	164.659	49	621	
5.75	6	2	6	1	3	134	50094	133	49945	0.003	0	0.003	0.003	375.526	77.1971	73	453	
5.75	6	2	7	4	3	139	49919	139	50031	0.003	0	0.003	0.003	359.935	96.2769	113	453	
5.75	6	2	8	5	3	147	49932	147	49972	0.003	0	0.003	0.003	339.946	121.742	32	437	
5.75	6	2	9	2	3	155	49909	155	49913	0.003	0	0.003	0.003	322.019	127.547	49	421	
5.75	6	2	10	3	3	144	49960	144	49960	0.003	0	0.003	0.003	346.944	104.766	73	453	
5.75	6	3	11	1	3	140	69916	139	69719	0.003	0	0.003	0.003	501.576	130.501	93	669	
5.75	6	3	12	3	3	135	69963	136	70164	0.003	0	0.003	0.003	515.912	115.105	201	597	
5.75	6	3	13	5	3	188	70194	188	70194	0.00303723	0.000510527	0.003	0.01	373.372	211.479	32	621	
5.75	6	3	14	4	3	140	69756	140	69756	0.003	0	0.003	0.003	498.257	116.366	121	621	
5.75	6	3	15	2	3	144	69696	145	69817	0.003	0	0.003	0.003	481.497	141.163	121	749	
5.75	6	1	16	5	3	156	39656	156	39656	0.003	0	0.003	0.003	254.205	98.9061	32	349	
5.75	6	1	17	4	3	132	39412	132	39412	0.003	0	0.003	0.003	298.576	59.9211	49	373	
5.75	6	1	18	3	3	156	39661	157	39693	0.003	0	0.003	0.003	252.822	101.453	32	349	
5.75	6	1	19	2	3	132	39428	132	39364	0.00305303	0.000609272	0.003	0.01	298.212	58.6024	57	357	
5.75	6	1	20	1	3	133	39425	133	39425	0.003	0	0.003	0.003	296.429	54.777	73	373	
6	6.25	4	1	5	3	172	65124	172	65188	0.003	0	0.003	0.003	379	177.73	49	573	
6	6.25	4	2	3	3	126	65270	126	65126	0.003	0	0.003	0.003	516.873	74.485	293	597	
6	6.25	4	3	1	3	158	65062	159	65131	0.003	0	0.003	0.003	409.629	158.285	73	533	
6	6.25	4	4	4	3	123	65368	123	65368	0.003	0	0.003	0.003	531.447	76.3974	277	839	
6	6.25	4	5	2	3	141	65173	141	65109	0.003	0	0.003	0.003	461.766	133.14	49	573	
6	6.25	2	6	1	3	144	49914	145	49983	0.003	0	0.003	0.003	344.71	104.657	73	453	
6	6.25	2	7	4	3	138	50021	138	50021	0.003	0	0.003	0.003	362.471	94.6233	113	453	
6	6.25	2	8	5	3	147	49999	146	49967	0.003	0	0.003	0.003	342.24	114.352	30	437	
6	6.25	2	9	2	3	152	49960	153	50005	0.003	0	0.003	0.003	326.83	124.43	49	421	
6	6.25	2	10	3	3	138	50018	137	49945	0.003	0	0.003	0.003	364.562	89.963	73	453	
6	6.25	3	11	1	3	138	69790	139	69987	0.003	0	0.003	0.003	503.504	132.049	93	669	
6	6.25	3	12	3	3	135	70161	135	69969	0.003	0	0.003	0.003	518.289	117.617	201	807	
6	6.25	3	13	5	3	203	69941	202	69914	0.003	0	0.003	0.003	346.109	223.477	32	621	
6	6.25	3	14	4	3	131	70071	131	70071	0.003	0	0.003	0.003	534.893	101.542	121	621	
6	6.25	3	15	2	3	130	70334	130	70334	0.003	0	0.003	0.003	541.031	94.431	121	621	
6	6.25	1	16	5	3	152	39522	152	39522	0.003	0	0.003	0.003	260.013	104.345	32	309	
6	6.25	1	17	4	3	131	39583	131	39583	0.003	0	0.003	0.003	302.16	56.9015	49	317	
6	6.25	1	18	3	3	151	39490	151	39490	0.003	0	0.003	0.003	261.523	103.013	32	309	
6	6.25	1	19	2	3	125	39505	125	39569	0.003	0	0.003	0.003	316.552	30.9889	293	357	
6	6.25	1	20	1	3	125	39569	125	39497	0.003	0	0.003	0.003	315.976	29.3407	301	373	
6.25	6.5	4	1	5	3	140	65112	140	65048	0.003	0	0.003	0.003	464.629	128.572	49	573	
6.25	6.5	4	2	3	3	127	65113	127	65257	0.003	0	0.003	0.003	513.835	79.1195	293	597	
6.25	6.5	4	3	1	3	163	65149	162	65156	0.003	0	0.003	0.003	402.198	147.659	73	533	
6.25	6.5	4	4	4	3	125	65361	125	65361	0.003	0	0.003	0.003	522.888	80.4513	277	549	
6.25	6.5	4	5	2	3	172	65090	172	65090	0.003	0	0.003	0.003	378.43	180.931	49	533	
6.25	6.5	2	6	1	3	137	50169	137	50249	0.003	0	0.003	0.003	366.781	93.4803	73	453	
6.25	6.5	2	7	4	3	140	50028	140	50028	0.003	0	0.003	0.003	357.343	96.9301	113	453	
6.25	6.5	2	8	5	3	140	49935	141	49927	0.003	0	0.003	0.003	354.092	110.741	32	437	
6.25	6.5	2	9	2	3	156	49988	156	49940	0.003	0	0.003	0.003	320.128	132.244	49	421	
6.25	6.5	2	10	3	3	132	49804	133	49797	0.003	0	0.003	0.003	374.414	82.643	73	453	
6.25	6.5	3	11	1	3	141	69993	141	69993	0.003	0	0.003	0.003	496.404	139.429	93	669	
6.25	6.5	3	12	3	3	140	70216	140	70216	0.003	0	0.003	0.003	501.543	127.591	201	807	
6.25	6.5	3	13	5	3	186	69940	186	69930	0.00303763	0.000513265	0.003	0.01	375.968	209.883	32	621	
6.25	6.5	3	14	4	3	140	70003	140	70139	0.003	0	0.003	0.003	500.993	122.529	121	621	
6.25	6.5	3	15	2	3	137	70169	137	70033	0.003	0	0.003	0.003	511.19	116.771	121	621	
6.25	6.5	1	16	5	3	151	39501	151	39501	0.003	0	0.003	0.003	261.596	102.367	32	309	
6.25	6.5	1	17	4	3	132	39576	132	39576	0.003	0	0.003	0.003	299.818	61.6748	49	373	
6.25	6.5	1	18	3	3	151	39490	151	39490	0.003	0	0.003	0.003	261.523	103.013	32	309	
6.25	6.5	1	19	2	3	125	39569	125	39569	0.003	0	0.003	0.003	316.552	30.9889	293	357	
6.25	6.5	1	20	1	3	125	39569	125	39569	0.003	0	0.003	0.003	316.552	29.7483	301	373	
6.5	6.75	4	1	5	3	160	65080	160	65144	0.003	0	0.003	0.003	407.15	157.278	49	573	
6.5	6.75	4	2	3	3	127	65243	127	65099	0.003	0	0.003	0.003	512.591	81.3268	293	597	
6.5	6.75	4	3	1	3	163	65167	163	65091	0.003	0	0.003	0.003	399.331	153.86	73	533	
6.5	6.75	4	4	4	3	127	64827	127	65099	0.003	0	0.003	0.003	512.591	92.9828	277	549	
6.5	6.75	4	5	2	3	149	65065	149	65065	0.003	0	0.003	0.003	436.678	144.268	49	573	
6.5	6.75	2	6	1	3	150	49978	149	49901	0.003	0	0.003	0.003	334.906	100.835	73	453	
6.5	6.75	2	7	4	3	135	50021	135	50021	0.003	0	0.003	0.003	370.526	89.757	113	453	
6.5	6.75	2	8	5	3	150	49968	149	49976	0.003	0	0.003	0.003	335.409	122.155	32	437	
6.5	6.75	2	9	2	3	154	49914	154	49914	0.003	0	0.003	0.003	324.117	128.219	49	469	
6.5	6.75	2	10	3	3	138	49938	138	50018	0.003	0	0.003	0.003	362.449	87.8791	73	453	
6.5	6.75	3	11	1	3	146	70046	146	70046	0.003	0	0.003	0.003	479.767	147.893	93	669	
6.5	6.75	3	12	3	3	132	70116	132	70116	0.003	0	0.003	0.003	531.182	104.092	201	597	
6.5	6.75	3	13	5	3	183	70010	183	69978	0.003	0	0.003	0.003	382.393	203.974	32	597	
6.5	6.75	3	14	4	3	140	70368	140	70368	0.003	0	0.003	0.003	502.629	117.778	121	621	
6.5	6.75	3	15	2	3	141	69721	141	69857	0.003	0	0.003	0.003	495.44	126.767	121	621	
6.5	6.75	1	16	5	3	153	39423	152	39380	0.003	0	0.003	0.003	259.079	101.555	32	309	
6.5	6.75	1	17	4	3	132	39472	131	39479	0.003	0	0.003	0.003	301.366	59.0706	49	373	
6.5	6.75	1	18	3	3	152	39408	152	39408	0.003	0	0.003	0.003	259.263	104.406	32	349	
6.5	6.75	1	19	2	3	127	39447	127	39447	0.00311024	0.000874945	0.003	0.01	310.606	42.1163	117	357	
6.5	6.75	1	20	1	3	125	39417	125	39489	0.003	0	0.003	0.003	315.912	32.2425	225	373	
6.75	7	4	1	5	3	168	65107	168	65043	0.003	0	0.003	0.003	387.161	155.187	49	621	
6.75	7	4	2	3	3	128	64966	128	64966	0.003	0	0.003	0.003	507.547	88.7607	145	597	
6.75	7	4	3	1	3	161	65241	162	65390	0.003	0	0.003	0.003	403.642	157.97	73	597	
6.75	7	4	4	4	3	124	65410	124	65138	0.003	0	0.003	0.003	525.306	99.53	277	839	
6.75	7	4	5	2	3	153	65105	153	65105	0.003	0	0.003	0.003	425.523	153.871	49	573	
6.75	7	2	6	1	3	134	49802	135	49879	0.003	0	0.003	0.003	369.474	87.0766	73	453	
6.75	7	2	7	4	3	138	50026	138	50026	0.003	0	0.003	0.003	362.507	95.5857	113	453	
6.75	7	2	8	5	3	137	49938	138	49930	0.003	0	0.003	0.003	361.812	102.07	32	437	
6.75	7	2	9	2	3	153	49981	153	49981	0.003	0	0.003	0.003	326.673	127.859	49	421	
6.75	7	2	10	3	3	142	50194	141	50121	0.003	0	0.003	0.003	355.468	101.548	73	453	
6.75	7	3	11	1	3	137	70001	137	70089	0.003	0	0.003	0.003	511.599	122.67	93	669	
6.75	7	3	12	3	3	138	70192	138	70384	0.003	0	0.003	0.003	510.029	117.989	201	597	
6.75	7	3	13	5	3	192	69998	193	69987	0.003	0	0.003	0.003	362.627	221.704	32	597	
6.75	7	3	14	4	3	134	69922	133	69801	0.003	0	0.003	0.003	524.82	110.688	121	621	
6.75	7	3	15	2	3	137	70123	137	69987	0.003	0	0.003	0.003	510.854	121.483	121	621	
6.75	7	1	16	5	3	151	39478	152	39521	0.003	0	0.003	0.003	260.007	104.342	32	309	
6.75	7	1	17	4	3	131	39583	132	39576	0.003	0	0.003	0.003	299.818	60.8936	49	317	
6.75	7	1	18	3	3	151	39501	151	39501	0.003	0	0.003	0.003	261.596	102.367	32	309	
6.75	7	1	19	2	3	125	39569	125	39505	0.003	0	0.003	0.003	316.04	30.8436	293	357	
6.75	7	1	20	1	3	125	39569	125	39569	0.003	0	0.003	0.003	316.552	29.7483	301	373	
7	7.25	4	1	5	3	150	65310	149	65213	0.003	0	0.003	0.003	437.671	157.989	49	573	
7	7.25	4	2	3	3	126	65413	126	65557	0.003	0	0.003	0.003	520.294	74.7892	293	597	
7	7.25	4	3	1	3	158	64894	158	64894	0.003	0	0.003	0.003	410.722	156.898	73	533	
7	7.25	4	4	4	3	126	65366	126	65366	0.003	0	0.003	0.003	518.778	85.8226	277	549	
7	7.25	4	5	2	3	147	65079	147	65143	0.003	0	0.003	0.003	443.15	152.561	49	573	
7	7.25	2	6	1	3	139	50001	139	50001	0.003	0	0.003	0.003	359.719	95.0953	73	453	
7	7.25	2	7	4	3	138	50018	138	50018	0.003	0	0.003	0.003	362.449	93.665	113	453	
7	7.25	2	8	5	3	143	49962	143	49962	0.003	0	0.003	0.003	349.385	112.067	32	437	
7	7.25	2	9	2	3	151	49931	151	49931	0.003	0	0.003	0.003	330.669	123.491	49	421	
7	7.25	2	10	3	3	138	49986	138	49986	0.003	0	0.003	0.003	362.217	94.7715	73	453	
7	7.25	3	11	1	3	139	69911	139	69823	0.003	0	0.003	0.003	502.324	134.229	93	669	
7	7.25	3	12	3	3	130	70289	130	70097	0.003	0	0.003	0.003	539.208	95.2223	201	597	
7	7.25	3	13	5	3	223	69863	222	69911	0.003	0	0.003	0.003	314.914	192.834	32	597	
7	7.25	3	14	4	3	130	69949	131	69934	0.003	0	0.003	0.003	533.847	101.343	121	621	
7	7.25	3	15	2	3	133	69937	133	70073	0.003	0	0.003	0.003	526.865	103.709	121	621	
7	7.25	1	16	5	3	151	39501	151	39501	0.003	0	0.003	0.003	261.596	102.367	32	309	
7	7.25	1	17	4	3	132	39576	132	39576	0.003	0	0.003	0.003	299.818	61.6748	49	373	
7	7.25	1	18	3	3	152	39522	152	39522	0.003	0	0.003	0.003	260.013	104.345	32	309	
7	7.25	1	19	2	3	125	39505	125	39569	0.003	0	0.003	0.003	316.552	30.9889	293	357	
7	7.25	1	20	1	3	125	39569	125	39497	0.003	0	0.003	0.003	315.976	29.3407	301	373	
7.25	7.5	4	1	5	3	176	64896	177	65057	0.003	0	0.003	0.003	367.554	163.499	49	533	
7.25	7.5	4	2	3	3	126	65254	126	65110	0.003	0	0.003	0.003	516.746	77.0392	293	597	
7.25	7.5	4	3	1	3	161	65133	161	65053	0.003	0	0.003	0.003	404.056	140.904	73	597	
7.25	7.5	4	4	4	3	127	65679	127	65679	0.003	0	0.003	0.003	517.157	101.464	277	839	
7.25	7.5	4	5	2	3	154	65138	154	65074	0.003	0	0.003	0.003	422.558	156.321	49	573	
7.25	7.5	2	6	1	3	141	50145	141	50145	0.003	0	0.003	0.003	355.638	97.01	73	453	
7.25	7.5	2	7	4	3	141	50029	141	50029	0.003	0	0.003	0.003	354.816	98.4119	113	453	
7.25	7.5	2	8	5	3	142	49969	141	49937	0.003	0	0.003	0.003	354.163	111.839	32	437	
7.25	7.5	2	9	2	3	150	49922	149	49921	0.003	0	0.003	0.003	335.04	119.456	49	421	
7.25	7.5	2	10	3	3	139	49763	140	49836	0.003	0	0.003	0.003	355.971	99.7671	73	453	
7.25	7.5	3	11	1	3	138	70064	138	70064	0.003	0	0.003	0.003	507.71	136.817	93	669	
7.25	7.5	3	12	3	3	142	70266	142	70266	0.003	0	0.003	0.003	494.831	119.998	201	597	
7.25	7.5	3	13	5	3	186	69979	187	70011	0.003	0	0.003	0.003	374.39	222.771	32	597	
7.25	7.5	3	14	4	3	131	70071	131	70071	0.003	0	0.003	0.003	534.893	108.549	121	621	
7.25	7.5	3	15	2	3	132	70192	132	70056	0.003	0	0.003	0.003	530.727	107.166	121	621	
7.25	7.5	1	16	5	3	160	39323	160	39323	0.003	0	0.003	0.003	245.769	105.212	32	349	
7.25	7.5	1	17	4	3	130	39641	130	39641	0.003	0	0.003	0.003	304.931	49.9681	49	373	
7.25	7.5	1	18	3	3	155	39308	154	39276	0.003	0	0.003	0.003	255.039	99.3017	32	349	
7.25	7.5	1	19	2	3	135	39659	135	39659	0.0031037	0.000848828	0.003	0.01	293.77	61.9591	57	357	
7.25	7.5	1	20	1	3	134	39640	134	39712	0.003	0	0.003	0.003	296.358	58.2747	73	373	
7.5	7.75	4	1	5	3	167	65139	167	65075	0.003	0	0.003	0.003	389.671	169.744	49	573	
7.5	7.75	4	2	3	3	125	64817	125	64961	0.003	0	0.003	0.003	519.688	74.7638	293	597	
7.5	7.75	4	3	1	3	168	65404	167	65411	0.003	0	0.003	0.003	391.683	148.263	73	533	
7.5	7.75	4	4	4	3	124	65084	124	65084	0.003	0	0.003	0.003	524.871	77.6499	277	549	
7.5	7.75	4	5	2	3	145	65085	145	65085	0.003	0	0.003	0.003	448.862	144.947	49	573	
7.5	7.75	2	6	1	3	144	49964	144	49964	0.003	0	0.003	0.003	346.972	103.611	73	453	
7.5	7.75	2	7	4	3	140	50032	139	49919	0.003	0	0.003	0.003	359.129	95.9605	113	453	
7.5	7.75	2	8	5	3	147	49900	148	49972	0.003	0	0.003	0.003	337.649	124.001	32	437	
7.5	7.75	2	9	2	3	155	49959	156	49960	0.003	0	0.003	0.003	320.256	128.296	49	421	
7.5	7.75	2	10	3	3	134	50022	134	49942	0.003	0	0.003	0.003	372.701	79.3032	73	453	
7.5	7.75	3	11	1	3	138	70026	138	70026	0.003	0	0.003	0.003	507.435	126.425	93	669	
7.5	7.75	3	12	3	3	134	69744	134	69936	0.003	0	0.003	0.003	521.91	119.744	201	807	
7.5	7.75	3	13	5	3	189	69957	189	69925	0.00303704	0.000509175	0.003	0.01	369.974	211.787	32	621	
7.5	7.75	3	14	4	3	142	69962	142	70098	0.003	0	0.003	0.003	493.648	128.686	121	621	
7.5	7.75	3	15	2	3	140	70124	139	70019	0.003	0	0.003	0.003	503.734	112.61	121	621	
7.5	7.75	1	16	5	3	152	39554	151	39479	0.003	0	0.003	0.003	261.45	103.655	32	309	
7.5	7.75	1	17	4	3	130	39534	130	39590	0.003	0	0.003	0.003	304.538	52.4303	49	317	
7.5	7.75	1	18	3	3	151	39490	152	39522	0.003	0	0.003	0.003	260.013	104.345	32	309	
7.5	7.75	1	19	2	3	125	39568	125	39568	0.003	0	0.003	0.003	316.544	30.9785	293	357	
7.5	7.75	1	20	1	3	125	39497	125	39497	0.003	0	0.003	0.003	315.976	29.3407	301	373	
7.75	8	4	1	5	3	146	65132	146	65132	0.003	0	0.003	0.003	446.11	158.001	49	573	
7.75	8	4	2	3	3	130	65562	130	65418	0.003	0	0.003	0.003	503.215	97.1585	145	597	
7.75	8	4	3	1	3	166	64929	166	64929	0.003	0	0.003	0.003	391.139	171.541	73	533	
7.75	8	4	4	4	3	125	65633	125	65633	0.003	0	0.003	0.003	525.064	77.3663	277	549	
7.75	8	4	5	2	3	152	65061	152	65125	0.003	0	0.003	0.003	428.454	171.218	47	573	
7.75	8	2	6	1	3	137	50021	136	49948	0.003	0	0.003	0.003	367.265	88.4858	73	453	
7.75	8	2	7	4	3	138	50020	139	50021	0.003	0	0.003	0.003	359.863	96.3093	113	453	
7.75	8	2	8	5	3	147	49985	147	49945	0.003	0	0.003	0.003	339.762	116.417	32	437	
7.75	8	2	9	2	3	153	49913	153	49961	0.003	0	0.003	0.003	326.542	124.997	49	421	
7.75	8	2	10	3	3	144	49984	144	50064	0.003	0	0.003	0.003	347.667	104.4	73	453	
7.75	8	3	11	1	3	134	69901	134	69901	0.003	0	0.003	0.003	521.649	122.181	93	669	
7.75	8	3	12	3	3	131	70485	131	70293	0.003	0	0.003	0.003	536.588	108.476	201	807	
7.75	8	3	13	5	3	222	69888	222	69920	0.003	0	0.003	0.003	314.955	196.491	32	597	
7.75	8	3	14	4	3	129	70091	129	69955	0.003	0	0.003	0.003	542.287	90.8948	121	621	
7.75	8	3	15	2	3	131	69839	132	69944	0.003	0	0.003	0.003	529.879	100.186	121	621	
7.75	8	1	16	5	3	152	39407	153	39482	0.003	0	0.003	0.003	258.052	104.254	32	309	
7.75	8	1	17	4	3	131	39531	131	39531	0.003	0	0.003	0.003	301.763	57.7893	49	373	
7.75	8	1	18	3	3	152	39445	152	39445	0.003	0	0.003	0.003	259.507	104.288	32	309	
7.75	8	1	19	2	3	126	39514	126	39450	0.00305555	0.00062361	0.003	0.01	313.095	37.2888	177	357	
7.75	8	1	20	1	3	125	39565	125	39493	0.003	0	0.003	0.003	315.944	30.8258	225	373	
8	8.25	4	1	5	3	161	65201	160	65108	0.003	0	0.003	0.003	406.925	164.924	49	573	
8	8.25	4	2	3	3	128	65132	128	65276	0.003	0	0.003	0.003	509.969	82.8207	145	597	
8	8.25	4	3	1	3	155	65063	156	65216	0.003	0	0.003	0.003	418.051	145.286	73	533	
8	8.25	4	4	4	3	123	65096	123	65096	0.003	0	0.003	0.003	529.236	79.7483	277	839	
8	8.25	4	5	2	3	161	65151	161	65087	0.003	0	0.003	0.003	404.267	169.261	49	573	
8	8.25	2	6	1	3	131	49809	132	49882	0.003	0	0.003	0.003	377.894	79.1718	73	453	
8	8.25	2	7	4	3	140	50028	139	50027	0.003	0	0.003	0.003	359.906	95.3344	113	453	
8	8.25	2	8	5	3	139	49951	139	49951	0.003	0	0.003	0.003	359.36	104.688	32	437	
8	8.25	2	9	2	3	156	49988	156	49940	0.003	0	0.003	0.003	320.128	132.244	49	421	
8	8.25	2	10	3	3	137	50169	137	50169	0.003	0	0.003	0.003	366.197	93.1872	73	453	
8	8.25	3	11	1	3	139	70107	139	70107	0.003	0	0.003	0.003	504.367	139.065	93	669	
8	8.25	3	12	3	3	145	70110	144	70102	0.003	0	0.003	0.003	486.819	121.367	201	597	
8	8.25	3	13	5	3	182	70001	182	69969	0.00303846	0.000518875	0.003	0.01	384.445	222.202	32	621	
8	8.25	3	14	4	3	133	70049	133	70185	0.003	0	0.003	0.003	527.707	110.44	121	621	
8	8.25	3	15	2	3	134	70154	134	70154	0.003	0	0.003	0.003	523.537	125.05	121	621	
8	8.25	1	16	5	3	151	39512	151	39544	0.003	0	0.003	0.003	261.881	101.782	32	309	
8	8.25	1	17	4	3	133	39624	132	39519	0.003	0	0.003	0.003	299.386	62.5168	49	373	
8	8.25	1	18	3	3	152	39521	151	39489	0.003	0	0.003	0.003	261.517	103.01	32	309	
8	8.25	1	19	2	3	125	39505	125	39569	0.003	0	0.003	0.003	316.552	30.9889	293	357	
8	8.25	1	20	1	3	125	39497	125	39569	0.003	0	0.003	0.003	316.552	29.7483	301	373	
8.25	8.5	4	1	5	3	175	64935	176	65028	0.00303977	0.000527645	0.003	0.01	369.477	184.311	49	693	
8.25	8.5	4	2	3	3	129	65245	129	65101	0.003	0	0.003	0.003	504.659	92.2104	145	597	
8.25	8.5	4	3	1	3	151	65227	150	65150	0.003	0	0.003	0.003	434.333	138.903	73	597	
8.25	8.5	4	4	4	3	123	65369	123	65369	0.003	0	0.003	0.003	531.455	76.3992	277	839	
8.25	8.5	4	5	2	3	149	65051	149	65051	0.00304698	0.000573462	0.003	0.01	436.584	155.679	49	693	
8.25	8.5	2	6	1	3	139	49932	139	49932	0.003	0	0.003	0.003	359.223	88.8678	73	453	
8.25	8.5	2	7	4	3	133	50019	134	50020	0.003	0	0.003	0.003	373.284	87.4746	113	453	
8.25	8.5	2	8	5	3	151	49972	151	49972	0.003	0	0.003	0.003	330.94	125.488	32	437	
8.25	8.5	2	9	2	3	157	49913	156	49912	0.003	0	0.003	0.003	319.949	130.056	49	469	
8.25	8.5	2	10	3	3	151	49975	151	49975	0.003	0	0.003	0.003	330.96	101.931	73	453	
8.25	8.5	3	11	1	3	136	69972	136	70060	0.003	0	0.003	0.003	515.147	126.712	93	669	
8.25	8.5	3	12	3	3	138	69990	139	69998	0.003	0	0.003	0.003	503.583	123.022	200	597	
8.25	8.5	3	13	5	3	197	69976	197	70008	0.003	0	0.003	0.003	355.371	229.361	32	597	
8.25	8.5	3	14	4	3	131	70062	131	70062	0.003	0	0.003	0.003	534.824	110.691	121	621	
8.25	8.5	3	15	2	3	135	70298	134	70062	0.003	0	0.003	0.003	522.851	111.761	121	621	
8.25	8.5	1	16	5	3	151	39479	151	39447	0.003	0	0.003	0.003	261.238	103.59	32	309	
8.25	8.5	1	17	4	3	131	39581	132	39630	0.003	0	0.003	0.003	300.227	60.8121	49	317	
8.25	8.5	1	18	3	3	152	39501	152	39501	0.003	0	0.003	0.003	259.875	103.645	32	309	
8.25	8.5	1	19	2	3	125	39569	125	39569	0.003	0	0.003	0.003	316.552	30.9889	293	357	
8.25	8.5	1	20	1	3	126	39570	126	39570	0.003	0	0.003	0.003	314.048	36.3668	73	373	
8.5	8.75	4	1	5	3	180	65164	180	65228	0.003	0	0.003	0.003	362.378	185.968	49	533	
8.5	8.75	4	2	3	3	126	65266	126	65266	0.003	0	0.003	0.003	517.984	79.3069	145	597	
8.5	8.75	4	3	1	3	161	65049	162	64966	0.003	0	0.003	0.003	401.025	167.08	73	533	
8.5	8.75	4	4	4	3	126	65638	126	65638	0.003	0	0.003	0.003	520.937	83.0691	277	549	
8.5	8.75	4	5	2	3	125	65169	125	65169	0.003	0	0.003	0.003	521.352	26.1115	469	573	
8.5	8.75	2	6	1	3	142	50188	142	50188	0.003	0	0.003	0.003	353.437	105.094	73	453	
8.5	8.75	2	7	4	3	140	50027	139	50026	0.003	0	0.003	0.003	359.899	97.2491	113	453	
8.5	8.75	2	8	5	3	136	49935	136	49935	0.003	0	0.003	0.003	367.169	95.4427	32	437	
8.5	8.75	2	9	2	3	149	49981	150	49982	0.003	0	0.003	0.003	333.213	124.125	49	421	
8.5	8.75	2	10	3	3	133	49805	133	49805	0.003	0	0.003	0.003	374.474	83.1712	73	453	
8.5	8.75	3	11	1	3	142	70002	142	69914	0.003	0	0.003	0.003	492.352	131.258	93	669	
8.5	8.75	3	12	3	3	134	70314	134	70314	0.003	0	0.003	0.003	524.731	113.884	201	597	
8.5	8.75	3	13	5	3	202	69952	201	69877	0.003	0	0.003	0.003	347.647	192.675	32	621	
8.5	8.75	3	14	4	3	140	69988	140	69988	0.003	0	0.003	0.003	499.914	119.398	121	621	
8.5	8.75	3	15	2	3	139	69723	140	70095	0.003	0	0.003	0.003	500.679	133.985	121	621	
8.5	8.75	1	16	5	3	151	39501	151	39501	0.003	0	0.003	0.003	261.596	102.367	32	309	
8.5	8.75	1	17	4	3	131	39581	131	39581	0.003	0	0.003	0.003	302.145	56.8978	49	317	
8.5	8.75	1	18	3	3	151	39479	152	39511	0.003	0	0.003	0.003	259.941	104.974	32	309	
8.5	8.75	1	19	2	3	125	39569	125	39505	0.003	0	0.003	0.003	316.04	30.8436	293	357	
8.5	8.75	1	20	1	3	125	39569	125	39569	0.003	0	0.003	0.003	316.552	29.7483	301	373	
8.75	9	4	1	5	3	162	65324	161	65115	0.003	0	0.003	0.003	404.441	156.028	49	573	
8.75	9	4	2	3	3	126	64805	126	64949	0.003	0	0.003	0.003	515.468	79.3877	293	597	
8.75	9	4	3	1	3	156	65140	156	65372	0.003	0	0.003	0.003	419.051	155.076	73	597	
8.75	9	4	4	4	3	125	65379	125	65379	0.003	0	0.003	0.003	523.032	88.0616	277	839	
8.75	9	4	5	2	3	154	65102	154	65102	0.003	0	0.003	0.003	422.74	153.576	49	573	
8.75	9	2	6	1	3	137	49993	137	49993	0.003	0	0.003	0.003	364.912	92.1143	73	453	
8.75	9	2	7	4	3	138	50018	138	50018	0.003	0	0.003	0.003	362.449	93.665	113	453	
8.75	9	2	8	5	3	144	49952	144	49952	0.003	0	0.003	0.003	346.889	114.705	32	437	
8.75	9	2	9	2	3	152	49928	152	49928	0.003	0	0.003	0.003	328.474	124.261	49	421	
8.75	9	2	10	3	3	139	50002	139	50002	0.003	0	0.003	0.003	359.727	95.1133	73	453	
8.75	9	3	11	1	3	140	70003	140	70003	0.003	0	0.003	0.003	500.021	143.031	93	669	
8.75	9	3	12	3	3	141	70051	141	70243	0.003	0	0.003	0.003	498.177	120.315	199	597	
8.75	9	3	13	5	3	194	69923	195	69966	0.003	0	0.003	0.003	358.8	223.954	32	621	
8.75	9	3	14	4	3	135	70171	135	70035	0.003	0	0.003	0.003	518.778	109.129	121	621	
8.75	9	3	15	2	3	132	70068	132	69932	0.003	0	0.003	0.003	529.788	107.088	121	621	
8.75	9	1	16	5	3	156	39481	156	39481	0.003	0	0.003	0.003	253.083	104.498	32	349	
8.75	9	1	17	4	3	131	39527	131	39527	0.003	0	0.003	0.003	301.733	55.8653	49	317	
8.75	9	1	18	3	3	153	39487	152	39455	0.003	0	0.003	0.003	259.572	103.601	32	349	
8.75	9	1	19	2	3	131	39487	131	39551	0.00305343	0.000611593	0.003	0.01	301.916	54.2145	57	357	
8.75	9	1	20	1	3	128	39500	128	39500	0.003	0	0.003	0.003	308.594	38.3661	149	373	
9	9.25	4	1	5	3	150	64938	151	65147	0.003	0	0.003	0.003	431.437	147.12	49	573	
9	9.25	4	2	3	3	126	65254	126	65254	0.003	0	0.003	0.003	517.889	77.154	293	597	
9	9.25	4	3	1	3	162	65410	162	65178	0.003	0	0.003	0.003	402.333	158.8	73	597	
9	9.25	4	4	4	3	126	65129	126	65129	0.003	0	0.003	0.003	516.897	101.848	276	839	
9	9.25	4	5	2	3	170	65138	169	65101	0.003	0	0.003	0.003	385.213	162.558	49	573	
9	9.25	2	6	1	3	140	49756	140	49756	0.003	0	0.003	0.003	355.4	99.4359	73	453	
9	9.25	2	7	4	3	139	50027	140	50028	0.003	0	0.003	0.003	357.343	96.9301	113	453	
9	9.25	2	8	5	3	142	49980	142	49932	0.003	0	0.003	0.003	351.634	113.793	32	437	
9	9.25	2	9	2	3	151	49919	151	49967	0.003	0	0.003	0.003	330.907	122.171	49	421	
9	9.25	2	10	3	3	143	50131	143	50131	0.003	0	0.003	0.003	350.566	101.234	73	453	
9	9.25	3	11	1	3	144	70023	144	70023	0.003	0	0.003	0.003	486.271	143.157	93	669	
9	9.25	3	12	3	3	139	70407	139	70215	0.003	0	0.003	0.003	505.144	118.104	201	597	
9	9.25	3	13	5	3	181	70011	180	69968	0.003	0	0.003	0.003	388.711	221.092	32	597	
9	9.25	3	14	4	3	138	70014	138	70150	0.003	0	0.003	0.003	508.333	122.81	121	621	
9	9.25	3	15	2	3	141	70097	141	70233	0.003	0	0.003	0.003	498.106	129.468	121	621	
9	9.25	1	16	5	3	152	39511	152	39511	0.003	0	0.003	0.003	259.941	104.974	32	309	
9	9.25	1	17	4	3	131	39583	131	39583	0.003	0	0.003	0.003	302.16	58.1594	49	373	
9	9.25	1	18	3	3	150	39469	151	39501	0.003	0	0.003	0.003	261.596	102.367	32	309	
9	9.25	1	19	2	3	125	39569	125	39505	0.003	0	0.003	0.003	316.04	30.8436	293	357	
9	9.25	1	20	1	3	125	39569	125	39569	0.003	0	0.003	0.003	316.552	29.7483	301	373	
9.25	9.5	4	1	5	3	168	65127	168	65063	0.003	0	0.003	0.003	387.28	179.673	49	573	
9.25	9.5	4	2	3	3	127	65547	127	65403	0.003	0	0.003	0.003	514.984	79.2599	293	597	
9.25	9.5	4	3	1	3	161	64867	161	64947	0.003	0	0.003	0.003	403.398	151.59	73	533	
9.25	9.5	4	4	4	3	125	65633	125	65633	0.003	0	0.003	0.003	525.064	77.3663	277	549	
9.25	9.5	4	5	2	3	141	65129	142	65166	0.003	0	0.003	0.003	458.915	137.896	49	573	
9.25	9.5	2	6	1	3	133	50029	133	49949	0.003	0	0.003	0.003	375.556	75.4772	73	453	
9.25	9.5	2	7	4	3	141	50031	141	50031	0.003	0	0.003	0.003	354.83	99.3158	113	453	
9.25	9.5	2	8	5	3	148	49920	148	49968	0.003	0	0.003	0.003	337.622	124.75	32	437	
9.25	9.5	2	9	2	3	154	49914	154	49914	0.003	0	0.003	0.003	324.117	126.219	49	421	
9.25	9.5	2	10	3	3	143	49971	143	49971	0.003	0	0.003	0.003	349.448	101.737	73	453	
9.25	9.5	3	11	1	3	141	70015	141	70103	0.003	0	0.003	0.003	497.184	133.57	93	669	
9.25	9.5	3	12	3	3	136	70176	136	70176	0.003	0	0.003	0.003	516	112.463	201	597	
9.25	9.5	3	13	5	3	181	69979	181	69979	0.003	0	0.003	0.003	386.624	215.155	32	597	
9.25	9.5	3	14	4	3	140	70083	140	70083	0.003	0	0.003	0.003	500.593	128.613	121	621	
9.25	9.5	3	15	2	3	139	70115	139	69979	0.003	0	0.003	0.003	503.446	126.95	121	621	
9.25	9.5	1	16	5	3	151	39501	151	39501	0.003	0	0.003	0.003	261.596	102.367	32	309	
9.25	9.5	1	17	4	3	132	39576	132	39576	0.003	0	0.003	0.003	299.818	61.2854	49	373	
9.25	9.5	1	18	3	3	152	39522	152	39522	0.003	0	0.003	0.003	260.013	104.345	32	309	
9.25	9.5	1	19	2	3	125	39505	125	39569	0.003	0	0.003	0.003	316.552	30.9889	293	357	
9.25	9.5	1	20	1	3	125	39569	125	39497	0.003	0	0.003	0.003	315.976	29.3407	301	373	
9.5	9.75	4	1	5	3	161	65105	161	65105	0.003	0	0.003	0.003	404.379	165.716	49	573	
9.5	9.75	4	2	3	3	125	64833	125	64977	0.003	0	0.003	0.003	519.816	72.1021	453	597	
9.5	9.75	4	3	1	3	157	65385	157	65385	0.003	0	0.003	0.003	416.465	154.593	73	533	
9.5	9.75	4	4	4	3	123	65097	123	65097	0.003	0	0.003	0.003	529.244	79.7503	277	839	
9.5	9.75	4	5	2	3	161	65101	160	65052	0.003	0	0.003	0.003	406.575	164.778	49	573	
9.5	9.75	2	6	1	3	147	49987	147	49987	0.003	0	0.003	0.003	340.048	107.569	73	453	
9.5	9.75	2	7	4	3	138	50016	138	50016	0.003	0	0.003	0.003	362.435	93.651	113	453	
9.5	9.75	2	8	5	3	146	49962	146	49962	0.003	0	0.003	0.003	342.205	112.255	32	437	
9.5	9.75	2	9	2	3	152	49964	152	49964	0.003	0	0.003	0.003	328.711	124.276	49	421	
9.5	9.75	2	10	3	3	136	50028	136	50028	0.003	0	0.003	0.003	367.853	88.7896	73	453	
9.5	9.75	3	11	1	3	143	70115	143	70027	0.003	0	0.003	0.003	489.699	150.066	93	669	
9.5	9.75	3	12	3	3	140	70044	140	70236	0.003	0	0.003	0.003	501.686	118.031	201	597	
9.5	9.75	3	13	5	3	184	69992	184	70003	0.003	0	0.003	0.003	380.451	223.906	32	621	
9.5	9.75	3	14	4	3	134	70186	134	70050	0.003	0	0.003	0.003	522.761	104.226	121	621	
9.5	9.75	3	15	2	3	132	70060	132	70196	0.003	0	0.003	0.003	531.788	109.667	121	621	
9.5	9.75	1	16	5	3	152	39522	151	39490	0.003	0	0.003	0.003	261.523	103.013	32	309	
9.5	9.75	1	17	4	3	131	39583	131	39583	0.003	0	0.003	0.003	302.16	57.3239	49	373	
9.5	9.75	1	18	3	3	151	39490	151	39490	0.003	0	0.003	0.003	261.523	103.013	32	309	
9.5	9.75	1	19	2	3	125	39569	125	39569	0.003	0	0.003	0.003	316.552	30.9889	293	357	
9.5	9.75	1	20	1	3	125	39497	125	39569	0.003	0	0.003	0.003	316.552	29.7483	301	373	
9.75	10	4	1	5	3	137	65092	137	65156	0.003	0	0.003	0.003	475.591	119.38	49	573	
9.75	10	4	2	3	3	126	65254	126	65254	0.003	0	0.003	0.003	517.889	77.154	293	597	
9.75	10	4	3	1	3	159	65139	159	65059	0.003	0	0.003	0.003	409.176	159.488	73	533	
9.75	10	4	4	4	3	125	65633	125	65633	0.003	0	0.003	0.003	525.064	77.3663	277	549	
9.75	10	4	5	2	3	172	65100	172	65100	0.003	0	0.003	0.003	378.488	181.873	49	573	
9.75	10	2	6	1	3	134	50170	134	50250	0.003	0	0.003	0.003	375	86.2125	73	453	
9.75	10	2	7	4	3	139	50031	139	50031	0.003	0	0.003	0.003	359.935	96.2769	113	453	
9.75	10	2	8	5	3	138	49998	138	49950	0.003	0	0.003	0.003	361.957	103.365	32	437	
9.75	10	2	9	2	3	158	49940	158	49940	0.003	0	0.003	0.003	316.076	134.531	47	421	
9.75	10	2	10	3	3	131	49811	131	49811	0.003	0	0.003	0.003	380.237	74.8202	73	453	
9.75	10	3	11	1	3	137	70157	136	70052	0.003	0	0.003	0.003	515.088	126.188	93	669	
9.75	10	3	12	3	3	138	69990	138	69798	0.003	0	0.003	0.003	505.783	120.695	201	597	
9.75	10	3	13	5	3	196	69968	197	70000	0.003	0	0.003	0.003	355.33	228.37	32	597	
9.75	10	3	14	4	3	132	70048	132	70184	0.003	0	0.003	0.003	531.697	116.007	121	621	
9.75	10	3	15	2	3	135	70049	135	70049	0.003	0	0.003	0.003	518.881	112.196	121	621	
9.75	10	1	16	5	3	151	39477	152	39509	0.003	0	0.003	0.003	259.928	104.972	32	309	
9.75	10	1	17	4	3	131	39583	131	39583	0.003	0	0.003	0.003	302.16	57.3239	49	373	
9.75	10	1	18	3	3	151	39501	151	39501	0.003	0	0.003	0.003	261.596	102.367	32	309	
9.75	10	1	19	2	3	125	39569	125	39505	0.003	0	0.003	0.003	316.04	30.8436	293	357	
9.75	10	1	20	1	3	125	39569	125	39569	0.003	0	0.003	0.003	316.552	29.7483	301	373	
