% start	end	CellId	IMSI	RNTI	LCID	nTxPDUs	TxBytes	nRxPDUs	RxBytes	delay	stdDev	min	max	PduSize	stdDev	min	max
0.5	0.75	4	1	3	3	105	58411	104	58006	0.00353846	0.00187432	0.003	0.01	557.75	198.439	201	1095	
0.5	0.75	4	2	5	3	127	57869	120	51854	0.003	0	0.003	0.003	432.117	127.996	49	775	
0.5	0.75	4	3	1	3	147	57579	139	52381	0.00305036	0.000593732	0.003	0.01	376.842	148.654	57	775	
0.5	0.75	4	4	4	3	142	57520	135	51505	0.003	0	0.003	0.003	381.519	148.375	49	839	
0.5	0.75	4	5	2	3	117	58632	116	58179	0.00348276	0.00178146	0.003	0.01	501.543	157.577	113	1056	
0.5	0.75	2	6	5	3	145	53721	138	47738	0.003	0	0.003	0.003	345.928	154.828	32	621	
0.5	0.75	2	7	1	3	107	54017	106	53724	0.00346226	0.00174669	0.003	0.01	506.83	158.878	145	1383	
0.5	0.75	2	8	3	3	121	53573	120	53120	0.0037	0.00306402	0.003	0.017	442.667	185.486	73	1383	
0.5	0.75	2	9	2	3	115	53878	113	53400	0.00374336	0.00315317	0.003	0.017	472.566	151.049	93	1056	
0.5	0.75	2	10	4	3	128	53434	121	47467	0.003	0	0.003	0.003	392.289	141.121	49	839	
0.5	0.75	3	11	5	3	129	57273	122	51018	0.003	0	0.003	0.003	418.18	166.197	49	839	
0.5	0.75	3	12	4	3	128	57634	127	57181	0.00344094	0.00170738	0.003	0.01	450.244	176.414	113	1095	
0.5	0.75	3	13	1	3	121	57155	119	55847	0.00364706	0.00315581	0.003	0.024	469.303	111.639	117	839	
0.5	0.75	3	14	3	3	118	57190	114	53948	0.00342982	0.00268054	0.003	0.024	473.228	127.87	117	1095	
0.5	0.75	3	15	2	3	120	57773	119	57288	0.00341176	0.00165402	0.003	0.01	481.412	183.559	121	1383	
0.5	0.75	1	16	2	3	99	49667	95	44543	0.00329474	0.00226384	0.003	0.024	468.874	225.452	117	1692	
0.5	0.75	1	17	1	3	91	49495	91	49495	0.00338461	0.00160395	0.003	0.01	543.901	294.04	121	1692	
0.5	0.75	1	18	5	3	90	49370	89	48997	0.00323595	0.00127049	0.003	0.01	550.528	325.882	121	1908	
0.5	0.75	1	19	4	3	101	49497	96	43787	0.003	0	0.003	0.003	456.115	220.876	57	1692	
0.5	0.75	1	20	3	3	161	49221	154	44094	0.003	0	0.003	0.003	286.325	208.144	26	1692	
0.75	1	4	1	3	3	126	58518	126	58518	0.003	0	0.003	0.003	464.429	89.1154	405	597	
0.75	1	4	2	5	3	159	57862	158	57861	0.003	0	0.003	0.003	366.209	138.739	49	533	
0.75	1	4	3	1	3	138	57902	139	57903	0.00310072	0.000836616	0.003	0.01	416.568	120.445	57	645	
0.75	1	4	4	4	3	168	58275	168	58275	0.003	0	0.003	0.003	346.875	151.386	49	533	
0.75	1	4	5	2	3	128	58156	128	58156	0.003	0	0.003	0.003	454.344	81.973	113	573	
0.75	1	2	6	5	3	164	53371	163	53387	0.003	0	0.003	0.003	327.528	156.877	32	517	
0.75	1	2	7	1	3	125	53409	125	53249	0.003	0	0.003	0.003	425.992	63.0385	293	597	
0.75	1	2	8	3	3	145	53677	145	53677	0.003	0	0.003	0.003	370.186	114.525	73	453	
0.75	1	2	9	2	3	126	53310	127	53399	0.003	0	0.003	0.003	420.465	62.5863	93	485	
0.75	1	2	10	4	3	127	53441	127	53441	0.003	0	0.003	0.003	420.795	52.9005	49	469	
0.75	1	3	11	5	3	151	56907	151	56859	0.003	0	0.003	0.003	376.55	140.061	49	469	
0.75	1	3	12	4	3	136	57108	136	57108	0.003	0	0.003	0.003	419.912	97.8034	113	573	
0.75	1	3	13	1	3	133	57269	133	57269	0.003	0	0.003	0.003	430.594	74.6043	177	469	
0.75	1	3	14	3	3	134	57274	133	57277	0.003	0	0.003	0.003	430.654	77.416	57	469	
0.75	1	3	15	2	3	133	56869	133	56981	0.003	0	0.003	0.003	428.429	94.6715	121	485	
0.75	1	1	16	2	3	127	45941	127	45941	0.003	0	0.003	0.003	361.74	41.8446	115	421	
0.75	1	1	17	1	3	132	46232	131	45859	0.003	0	0.003	0.003	350.069	65.8517	121	485	
0.75	1	1	18	5	3	134	46319	134	46207	0.003	0	0.003	0.003	344.828	71.9579	121	485	
0.75	1	1	19	4	3	125	45969	125	45969	0.003	0	0.003	0.003	367.752	27.8448	293	421	
0.75	1	1	20	3	3	183	45830	184	45935	0.003	0	0.003	0.003	249.647	146.275	26	437	
1	1.25	4	1	3	3	127	58131	127	58131	0.003	0	0.003	0.003	457.724	93.1868	201	597	
1	1.25	4	2	5	3	170	58030	171	58127	0.003	0	0.003	0.003	339.924	149.266	49	533	
1	1.25	4	3	1	3	147	58287	147	58223	0.00314286	0.000993127	0.003	0.01	396.075	141.757	57	645	
1	1.25	4	4	4	3	172	57860	171	57811	0.003	0	0.003	0.003	338.076	150.341	49	533	
1	1.25	4	5	2	3	131	58099	131	58099	0.003	0	0.003	0.003	443.504	82.3521	113	573	
1	1.25	2	6	5	3	166	53421	167	53453	0.003	0	0.003	0.003	320.078	159.963	32	437	
1	1.25	2	7	1	3	125	53585	125	53585	0.003	0	0.003	0.003	428.68	57.6745	293	453	
1	1.25	2	8	3	3	146	53438	146	53438	0.003	0	0.003	0.003	366.014	123.858	73	453	
1	1.25	2	9	2	3	125	53521	125	53425	0.003	0	0.003	0.003	427.4	47.2195	389	485	
1	1.25	2	10	4	3	128	53396	128	53396	0.003	0	0.003	0.003	417.156	60.8898	49	469	
1	1.25	3	11	5	3	155	57323	154	57322	0.003	0	0.003	0.003	372.221	139.384	49	469	
1	1.25	3	12	4	3	131	57019	131	57019	0.003	0	0.003	0.003	435.26	74.5565	113	573	
1	1.25	3	13	1	3	142	56886	142	56934	0.003	0	0.003	0.003	400.944	106.199	57	533	
1	1.25	3	14	3	3	158	57174	159	57171	0.003	0	0.003	0.003	359.566	132.79	57	469	
1	1.25	3	15	2	3	128	57292	128	57180	0.003	0	0.003	0.003	446.719	70.7889	121	485	
1	1.25	1	16	2	3	130	45742	130	45566	0.00305385	0.000613941	0.003	0.01	350.508	68.8263	57	421	
1	1.25	1	17	1	3	138	46182	138	46182	0.003	0	0.003	0.003	334.652	76.3208	121	373	
1	1.25	1	18	5	3	128	45708	129	46193	0.003	0	0.003	0.003	358.085	57.4451	121	485	
1	1.25	1	19	4	3	128	45884	128	45948	0.003	0	0.003	0.003	358.969	55.0012	57	421	
1	1.25	1	20	3	3	189	46039	188	45986	0.003	0	0.003	0.003	244.606	149.128	25	373	
1.25	1.5	4	1	3	3	127	58323	127	58323	0.003	0	0.003	0.003	459.236	93.8796	201	597	
1.25	1.5	4	2	5	3	158	58238	158	58190	0.003	0	0.003	0.003	368.291	135.419	49	533	
1.25	1.5	4	3	1	3	146	57758	146	57822	0.00304794	0.000579324	0.003	0.01	396.041	145.576	57	645	
1.25	1.5	4	4	4	3	175	58059	175	58055	0.003	0	0.003	0.003	331.743	157.913	49	469	
1.25	1.5	4	5	2	3	130	58124	130	58124	0.003	0	0.003	0.003	447.108	87.9402	113	573	
1.25	1.5	2	6	5	3	164	53417	163	53385	0.003	0	0.003	0.003	327.515	156.737	32	437	
1.25	1.5	2	7	1	3	125	53585	125	53585	0.003	0	0.003	0.003	428.68	57.6745	293	453	
1.25	1.5	2	8	3	3	153	53473	153	53473	0.003	0	0.003	0.003	349.497	133.377	73	453	
1.25	1.5	2	9	2	3	128	53416	128	53512	0.003	0	0.003	0.003	418.062	68.5682	93	485	
1.25	1.5	2	10	4	3	129	53445	129	53445	0.003	0	0.003	0.003	414.302	69.5506	49	469	
1.25	1.5	3	11	5	3	168	57135	169	57184	0.003	0	0.003	0.003	338.367	164.778	49	469	
1.25	1.5	3	12	4	3	129	57261	129	57261	0.003	0	0.003	0.003	443.884	70.1872	113	573	
1.25	1.5	3	13	1	3	137	57193	137	57145	0.003	0	0.003	0.003	417.117	112.988	57	469	
1.25	1.5	3	14	3	3	143	57147	143	57147	0.003	0	0.003	0.003	399.629	130.434	57	469	
1.25	1.5	3	15	2	3	127	57171	127	57171	0.003	0	0.003	0.003	450.165	64.5396	121	485	
1.25	1.5	1	16	2	3	131	46099	131	46339	0.003	0	0.003	0.003	353.733	65.9227	57	533	
1.25	1.5	1	17	1	3	131	45978	131	46110	0.003	0	0.003	0.003	351.985	62.7122	121	485	
1.25	1.5	1	18	5	3	140	46164	139	45791	0.003	0	0.003	0.003	329.432	84.5375	121	485	
1.25	1.5	1	19	4	3	130	45998	130	45934	0.003	0	0.003	0.003	353.338	65.5775	57	421	
1.25	1.5	1	20	3	3	193	45796	193	45770	0.003	0	0.003	0.003	237.15	149.256	26	405	
1.5	1.75	4	1	3	3	127	58131	127	58131	0.003	0	0.003	0.003	457.724	93.1868	201	597	
1.5	1.75	4	2	5	3	164	57792	163	57743	0.003	0	0.003	0.003	354.252	159.224	49	533	
1.5	1.75	4	3	1	3	155	57991	155	57991	0.00304516	0.000562254	0.003	0.01	374.135	150.561	57	597	
1.5	1.75	4	4	4	3	144	58170	145	58223	0.003	0	0.003	0.003	401.538	135.368	49	533	
1.5	1.75	4	5	2	3	129	58077	129	58077	0.003	0	0.003	0.003	450.209	74.5463	113	573	
1.5	1.75	2	6	5	3	169	53425	170	53409	0.003	0	0.003	0.003	314.171	162.117	32	437	
1.5	1.75	2	7	1	3	125	53585	125	53585	0.003	0	0.003	0.003	428.68	57.6745	293	453	
1.5	1.75	2	8	3	3	145	53377	144	53384	0.003	0	0.003	0.003	370.722	119.267	73	453	
1.5	1.75	2	9	2	3	125	53519	125	53519	0.003	0	0.003	0.003	428.152	47.3513	389	485	
1.5	1.75	2	10	4	3	132	53400	132	53400	0.003	0	0.003	0.003	404.545	87.1586	49	469	
1.5	1.75	3	11	5	3	155	57239	155	57191	0.003	0	0.003	0.003	368.974	154.334	49	469	
1.5	1.75	3	12	4	3	127	57163	127	57275	0.003	0	0.003	0.003	450.984	62.3251	113	573	
1.5	1.75	3	13	1	3	141	57177	141	57177	0.003	0	0.003	0.003	405.511	125.662	57	533	
1.5	1.75	3	14	3	3	157	57193	156	57184	0.003	0	0.003	0.003	366.564	146.108	57	469	
1.5	1.75	3	15	2	3	127	57283	127	57283	0.003	0	0.003	0.003	451.047	64.2413	121	485	
1.5	1.75	1	16	2	3	133	45971	133	45907	0.003	0	0.003	0.003	345.165	77.4526	57	421	
1.5	1.75	1	17	1	3	128	46140	128	46008	0.003	0	0.003	0.003	359.437	42.8268	241	485	
1.5	1.75	1	18	5	3	135	46082	135	46082	0.003	0	0.003	0.003	341.348	69.1276	121	373	
1.5	1.75	1	19	4	3	134	45966	134	45966	0.003	0	0.003	0.003	343.03	81.4585	57	421	
1.5	1.75	1	20	3	3	195	45855	195	45908	0.003	0	0.003	0.003	235.426	151.832	26	373	
1.75	2	4	1	3	3	127	57939	127	57939	0.003	0	0.003	0.003	456.213	92.464	201	597	
1.75	2	4	2	5	3	158	57946	159	57995	0.003	0	0.003	0.003	364.748	156.421	49	533	
1.75	2	4	3	1	3	161	58253	160	58184	0.00313125	0.000952467	0.003	0.01	363.65	151.129	57	645	
1.75	2	4	4	4	3	159	57976	159	57976	0.003	0	0.003	0.003	364.629	148.056	49	533	
1.75	2	4	5	2	3	128	57768	128	57768	0.003	0	0.003	0.003	451.312	70.1128	113	573	
1.75	2	2	6	5	3	159	53447	158	53415	0.003	0	0.003	0.003	338.07	151.028	32	437	
1.75	2	2	7	1	3	130	53510	130	53510	0.003	0	0.003	0.003	411.615	81.9373	145	453	
1.75	2	2	8	3	3	156	53472	157	53545	0.003	0	0.003	0.003	341.051	135.795	73	453	
1.75	2	2	9	2	3	126	53518	126	53518	0.003	0	0.003	0.003	424.746	55.6716	93	485	
1.75	2	2	10	4	3	127	53443	127	53443	0.003	0	0.003	0.003	420.811	52.219	49	469	
1.75	2	3	11	5	3	156	57064	156	57112	0.003	0	0.003	0.003	366.103	151.423	49	469	
1.75	2	3	12	4	3	129	57285	129	57173	0.003	0	0.003	0.003	443.202	77.7286	113	573	
1.75	2	3	13	1	3	147	57337	147	57337	0.00304762	0.00057735	0.003	0.01	390.048	136.676	57	597	
1.75	2	3	14	3	3	144	56938	145	56947	0.003	0	0.003	0.003	392.738	130.336	57	469	
1.75	2	3	15	2	3	128	57292	128	57292	0.003	0	0.003	0.003	447.594	70.5624	121	485	
1.75	2	1	16	2	3	135	45895	135	45895	0.00305185	0.000602464	0.003	0.01	339.963	83.8933	57	421	
1.75	2	1	17	1	3	141	46029	141	46029	0.003	0	0.003	0.003	326.447	83.8465	121	373	
1.75	2	1	18	5	3	130	46016	130	46016	0.003	0	0.003	0.003	353.969	53.5518	121	373	
1.75	2	1	19	4	3	132	45911	132	45848	0.003	0	0.003	0.003	347.333	72.0628	57	421	
1.75	2	1	20	3	3	194	45810	195	45836	0.003	0	0.003	0.003	235.056	150.188	26	405	
2	2.25	4	1	3	3	127	58143	127	58143	0.003	0	0.003	0.003	457.819	89.7267	201	597	
2	2.25	4	2	5	3	161	57813	161	57701	0.003	0	0.003	0.003	358.391	156.181	49	533	
2	2.25	4	3	1	3	158	57675	159	57792	0.0031761	0.00109968	0.003	0.01	363.472	149.153	57	645	
2	2.25	4	4	4	3	158	57717	157	57764	0.003	0	0.003	0.003	367.924	152.491	49	533	
2	2.25	4	5	2	3	129	57909	129	57789	0.003	0	0.003	0.003	447.977	84.2411	113	573	
2	2.25	2	6	5	3	156	53442	156	53487	0.003	0	0.003	0.003	342.865	139.585	32	469	
2	2.25	2	7	1	3	132	53908	132	53908	0.003	0	0.003	0.003	408.394	83.1421	145	597	
2	2.25	2	8	3	3	151	53371	151	53291	0.003	0	0.003	0.003	352.921	126.292	73	533	
2	2.25	2	9	2	3	131	53687	131	53687	0.003	0	0.003	0.003	409.824	75.0183	93	485	
2	2.25	2	10	4	3	154	53476	154	53476	0.003	0	0.003	0.003	347.247	132.266	49	469	
2	2.25	3	11	5	3	169	57213	169	57165	0.003	0	0.003	0.003	338.254	161.516	49	469	
2	2.25	3	12	4	3	130	57252	130	57252	0.003	0	0.003	0.003	440.4	77.4055	113	573	
2	2.25	3	13	1	3	138	57142	137	57133	0.003	0	0.003	0.003	417.029	109.416	57	469	
2	2.25	3	14	3	3	137	57101	137	57149	0.003	0	0.003	0.003	417.146	114.154	57	469	
2	2.25	3	15	2	3	128	57180	128	57180	0.003	0	0.003	0.003	446.719	70.7889	121	485	
2	2.25	1	16	2	3	130	45810	130	45746	0.00305385	0.000613941	0.003	0.01	351.892	72.943	57	533	
2	2.25	1	17	1	3	128	45896	128	45896	0.003	0	0.003	0.003	358.562	41.3603	241	373	
2	2.25	1	18	5	3	129	46269	129	46269	0.003	0	0.003	0.003	358.674	41.218	241	373	
2	2.25	1	19	4	3	136	45702	136	45765	0.003	0	0.003	0.003	336.507	89.4101	57	421	
2	2.25	1	20	3	3	204	46059	204	46059	0.003	0	0.003	0.003	225.779	152.093	26	373	
2.25	2.5	4	1	3	3	127	58344	127	58152	0.003	0	0.003	0.003	457.89	86.1247	403	597	
2.25	2.5	4	2	5	3	177	58077	177	58141	0.003	0	0.003	0.003	328.48	154.056	49	533	
2.25	2.5	4	3	1	3	142	57918	142	57918	0.003	0	0.003	0.003	407.873	127.768	57	533	
2.25	2.5	4	4	4	3	166	58161	167	58114	0.003	0	0.003	0.003	347.988	145.898	49	533	
2.25	2.5	4	5	2	3	132	58348	132	58468	0.003	0	0.003	0.003	442.939	88.5555	113	573	
2.25	2.5	2	6	5	3	152	53279	153	53266	0.003	0	0.003	0.003	348.144	139.3	32	469	
2.25	2.5	2	7	1	3	129	53673	129	53673	0.003	0	0.003	0.003	416.07	75.159	145	453	
2.25	2.5	2	8	3	3	147	53455	147	53535	0.003	0	0.003	0.003	364.184	120.326	73	453	
2.25	2.5	2	9	2	3	129	53593	129	53497	0.003	0	0.003	0.003	414.705	67.5921	93	485	
2.25	2.5	2	10	4	3	144	53676	144	53676	0.00304861	0.000583333	0.003	0.01	372.75	124.887	49	621	
2.25	2.5	3	11	5	3	157	57161	157	57161	0.003	0	0.003	0.003	364.083	153.39	49	469	
2.25	2.5	3	12	4	3	131	57151	131	57263	0.003	0	0.003	0.003	437.122	79.1041	113	573	
2.25	2.5	3	13	1	3	154	57169	154	57169	0.003	0	0.003	0.003	371.227	146.706	57	469	
2.25	2.5	3	14	3	3	137	57199	137	57151	0.003	0	0.003	0.003	417.161	111.444	55	533	
2.25	2.5	3	15	2	3	126	57274	126	57274	0.003	0	0.003	0.003	454.556	56.8911	121	485	
2.25	2.5	1	16	2	3	133	45897	133	45897	0.00305263	0.000606977	0.003	0.01	345.09	74.6945	57	421	
2.25	2.5	1	17	1	3	130	46006	130	46006	0.003	0	0.003	0.003	353.892	51.4069	121	373	
2.25	2.5	1	18	5	3	131	46007	131	46007	0.003	0	0.003	0.003	351.198	57.8916	121	373	
2.25	2.5	1	19	4	3	138	45874	138	45874	0.003	0	0.003	0.003	332.42	91.2775	57	421	
2.25	2.5	1	20	3	3	200	45836	200	45836	0.003	0	0.003	0.003	229.18	146.599	25	405	
2.5	2.75	4	1	3	3	126	58122	126	58314	0.003	0	0.003	0.003	462.81	92.0099	201	597	
2.5	2.75	4	2	5	3	165	57969	165	58017	0.003	0	0.003	0.003	351.618	158.747	49	533	
2.5	2.75	4	3	1	3	150	58186	150	58186	0.00314	0.000983283	0.003	0.01	387.907	147.726	57	717	
2.5	2.75	4	4	4	3	162	57926	161	57765	0.003	0	0.003	0.003	358.789	152.83	49	533	
2.5	2.75	4	5	2	3	129	57995	129	58107	0.003	0	0.003	0.003	450.442	79.9793	113	573	
2.5	2.75	2	6	5	3	161	53389	161	53437	0.003	0	0.003	0.003	331.907	150.275	32	437	
2.5	2.75	2	7	1	3	127	53543	127	53543	0.003	0	0.003	0.003	421.598	66.5734	145	453	
2.5	2.75	2	8	3	3	151	53507	151	53427	0.003	0	0.003	0.003	353.821	127.944	73	453	
2.5	2.75	2	9	2	3	128	53496	128	53496	0.003	0	0.003	0.003	417.938	65.3798	93	485	
2.5	2.75	2	10	4	3	133	53445	133	53445	0.003	0	0.003	0.003	401.842	85.8654	49	469	
2.5	2.75	3	11	5	3	163	57131	163	57131	0.003	0	0.003	0.003	350.497	158.848	49	469	
2.5	2.75	3	12	4	3	131	57245	131	57133	0.003	0	0.003	0.003	436.13	79.3699	113	573	
2.5	2.75	3	13	1	3	141	57121	142	57178	0.003	0	0.003	0.003	402.662	125.86	57	469	
2.5	2.75	3	14	3	3	129	57125	129	57125	0.003	0	0.003	0.003	442.829	72.5414	57	469	
2.5	2.75	3	15	2	3	128	57180	128	57180	0.003	0	0.003	0.003	446.719	70.7889	121	485	
2.5	2.75	1	16	2	3	132	46096	132	46160	0.003	0	0.003	0.003	349.697	71.7987	57	421	
2.5	2.75	1	17	1	3	136	46202	136	46202	0.003	0	0.003	0.003	339.721	71.4127	121	373	
2.5	2.75	1	18	5	3	134	45842	134	45842	0.003	0	0.003	0.003	342.104	68.8385	121	373	
2.5	2.75	1	19	4	3	129	46117	129	46117	0.00305426	0.000616316	0.003	0.01	357.496	62.0826	57	533	
2.5	2.75	1	20	3	3	196	45741	195	45715	0.003	0	0.003	0.003	234.436	148.613	26	373	
2.75	3	4	1	3	3	127	58143	127	57951	0.003	0	0.003	0.003	456.307	88.9774	201	597	
2.75	3	4	2	5	3	177	57965	177	57917	0.003	0	0.003	0.003	327.215	148.84	49	469	
2.75	3	4	3	1	3	146	57981	146	57869	0.00309589	0.000816458	0.003	0.01	396.363	136.588	57	533	
2.75	3	4	4	4	3	169	57749	170	58006	0.003	0	0.003	0.003	341.212	144.246	49	533	
2.75	3	4	5	2	3	134	58112	134	58000	0.003	0	0.003	0.003	432.836	97.5687	113	573	
2.75	3	2	6	5	3	159	53486	159	53438	0.003	0	0.003	0.003	336.088	139.434	32	469	
2.75	3	2	7	1	3	129	53469	129	53629	0.003	0	0.003	0.003	415.729	77.5	145	597	
2.75	3	2	8	3	3	153	53421	153	53501	0.003	0	0.003	0.003	349.68	126.991	73	453	
2.75	3	2	9	2	3	129	53493	129	53493	0.003	0	0.003	0.003	414.674	65.3485	93	485	
2.75	3	2	10	4	3	141	53459	141	53411	0.003	0	0.003	0.003	378.801	107.549	49	469	
2.75	3	3	11	5	3	164	57090	164	57138	0.003	0	0.003	0.003	348.402	157.973	49	469	
2.75	3	3	12	4	3	133	57241	133	57241	0.003	0	0.003	0.003	430.383	82.7029	113	573	
2.75	3	3	13	1	3	144	57148	144	57100	0.003	0	0.003	0.003	396.528	130.915	57	469	
2.75	3	3	14	3	3	133	57157	133	57157	0.003	0	0.003	0.003	429.752	95.7283	57	469	
2.75	3	3	15	2	3	128	57292	128	57292	0.003	0	0.003	0.003	447.594	70.5624	121	485	
2.75	3	1	16	2	3	133	45781	133	45717	0.00305263	0.000606977	0.003	0.01	343.737	81.5626	57	533	
2.75	3	1	17	1	3	127	45919	127	45919	0.003	0	0.003	0.003	361.567	37.2745	241	373	
2.75	3	1	18	5	3	130	46270	130	46270	0.003	0	0.003	0.003	355.923	49.4629	121	373	
2.75	3	1	19	4	3	134	45770	134	45770	0.003	0	0.003	0.003	341.567	79.6989	57	421	
2.75	3	1	20	3	3	205	46033	206	46059	0.003	0	0.003	0.003	223.587	146.937	26	405	
3	3.25	4	1	3	3	126	57929	126	58121	0.003	0	0.003	0.003	461.278	91.3455	201	597	
3	3.25	4	2	5	3	173	58279	173	58279	0.003	0	0.003	0.003	336.873	151.854	49	533	
3	3.25	4	3	1	3	141	57744	141	57856	0.00304964	0.000589506	0.003	0.01	410.326	128.458	57	645	
3	3.25	4	4	4	3	179	58349	178	58192	0.003	0	0.003	0.003	326.921	148.67	49	469	
3	3.25	4	5	2	3	130	57894	130	57894	0.003	0	0.003	0.003	445.338	87.7205	113	573	
3	3.25	2	6	5	3	179	53392	178	53365	0.003	0	0.003	0.003	299.803	155.7	32	469	
3	3.25	2	7	1	3	128	53528	128	53528	0.003	0	0.003	0.003	418.187	71.4861	145	453	
3	3.25	2	8	3	3	141	53425	141	53345	0.003	0	0.003	0.003	378.333	106.617	73	533	
3	3.25	2	9	2	3	126	53422	126	53518	0.003	0	0.003	0.003	424.746	55.6716	93	485	
3	3.25	2	10	4	3	146	53354	146	53402	0.003	0	0.003	0.003	365.767	109.534	49	469	
3	3.25	3	11	5	3	165	57181	165	57133	0.003	0	0.003	0.003	346.261	161.582	49	469	
3	3.25	3	12	4	3	129	57251	129	57251	0.003	0	0.003	0.003	443.806	71.5077	113	573	
3	3.25	3	13	1	3	142	57128	142	57176	0.003	0	0.003	0.003	402.648	125.853	57	469	
3	3.25	3	14	3	3	134	57122	134	57122	0.003	0	0.003	0.003	426.284	101.861	57	469	
3	3.25	3	15	2	3	127	57171	127	57171	0.003	0	0.003	0.003	450.165	64.5396	121	485	
3	3.25	1	16	2	3	132	45908	132	45972	0.00305303	0.000609272	0.003	0.01	348.273	77.6161	57	533	
3	3.25	1	17	1	3	131	46225	131	46225	0.003	0	0.003	0.003	352.863	54.2905	121	485	
3	3.25	1	18	5	3	130	45854	130	45854	0.003	0	0.003	0.003	352.723	54.4394	121	485	
3	3.25	1	19	4	3	134	45966	134	45966	0.003	0	0.003	0.003	343.03	81.0796	57	421	
3	3.25	1	20	3	3	200	45894	199	45868	0.003	0	0.003	0.003	230.492	150.129	26	403	
3.25	3.5	4	1	3	3	125	58305	125	58305	0.003	0	0.003	0.003	466.44	89.9238	405	597	
3.25	3.5	4	2	5	3	176	58108	176	58108	0.003	0	0.003	0.003	330.159	148.083	49	533	
3.25	3.5	4	3	1	3	139	58123	139	58123	0.003	0	0.003	0.003	418.151	124.226	57	533	
3.25	3.5	4	4	4	3	181	58105	181	58105	0.003	0	0.003	0.003	321.022	145.032	49	469	
3.25	3.5	4	5	2	3	132	58111	132	58111	0.003	0	0.003	0.003	440.235	92.956	113	573	
3.25	3.5	2	6	5	3	170	53367	171	53442	0.003	0	0.003	0.003	312.526	164.462	32	437	
3.25	3.5	2	7	1	3	126	53570	126	53410	0.003	0	0.003	0.003	423.889	64.8496	145	453	
3.25	3.5	2	8	3	3	145	53453	145	53453	0.003	0	0.003	0.003	368.641	120.067	73	453	
3.25	3.5	2	9	2	3	125	53520	125	53424	0.003	0	0.003	0.003	427.392	47.2097	389	485	
3.25	3.5	2	10	4	3	129	53397	129	53397	0.003	0	0.003	0.003	413.93	69.124	49	469	
3.25	3.5	3	11	5	3	161	57165	161	57165	0.003	0	0.003	0.003	355.062	158.96	49	469	
3.25	3.5	3	12	4	3	127	57163	127	57275	0.003	0	0.003	0.003	450.984	58.9837	113	573	
3.25	3.5	3	13	1	3	147	57183	146	57126	0.003	0	0.003	0.003	391.274	130.504	57	469	
3.25	3.5	3	14	3	3	138	57182	138	57182	0.003	0	0.003	0.003	414.362	115.963	57	533	
3.25	3.5	3	15	2	3	127	57283	127	57283	0.003	0	0.003	0.003	451.047	64.2413	121	485	
3.25	3.5	1	16	2	3	133	46149	132	46092	0.00305303	0.000609272	0.003	0.01	349.182	75.538	57	533	
3.25	3.5	1	17	1	3	128	45896	128	45896	0.003	0	0.003	0.003	358.562	41.3603	241	373	
3.25	3.5	1	18	5	3	129	46269	129	46269	0.003	0	0.003	0.003	358.674	41.218	241	373	
3.25	3.5	1	19	4	3	136	46132	136	46068	0.003	0	0.003	0.003	338.735	86.1127	57	421	
3.25	3.5	1	20	3	3	205	45714	206	45764	0.003	0	0.003	0.003	222.155	152.86	26	373	
3.5	3.75	4	1	3	3	127	58322	127	58130	0.003	0	0.003	0.003	457.717	93.1914	201	597	
3.5	3.75	4	2	5	3	182	58094	182	58144	0.003	0	0.003	0.003	319.473	146.015	49	533	
3.5	3.75	4	3	1	3	138	58118	138	58006	0.003	0	0.003	0.003	420.333	121.546	57	533	
3.5	3.75	4	4	4	3	177	58037	178	58146	0.003	0	0.003	0.003	326.663	150.635	49	469	
3.5	3.75	4	5	2	3	133	58241	133	58241	0.003	0	0.003	0.003	437.902	98.9577	113	573	
3.5	3.75	2	6	5	3	163	53459	162	53384	0.003	0	0.003	0.003	329.531	154.184	32	437	
3.5	3.75	2	7	1	3	126	53570	126	53730	0.003	0	0.003	0.003	426.429	62.7569	145	453	
3.5	3.75	2	8	3	3	149	53441	149	53441	0.003	0	0.003	0.003	358.664	125.33	73	453	
3.5	3.75	2	9	2	3	125	53425	125	53521	0.003	0	0.003	0.003	428.168	47.3703	389	485	
3.5	3.75	2	10	4	3	132	53448	132	53448	0.003	0	0.003	0.003	404.909	87.3277	49	469	
3.5	3.75	3	11	5	3	155	57145	154	57144	0.003	0	0.003	0.003	371.065	151.727	49	469	
3.5	3.75	3	12	4	3	128	57268	128	57156	0.003	0	0.003	0.003	446.531	68.6392	113	573	
3.5	3.75	3	13	1	3	153	57209	154	57218	0.003	0	0.003	0.003	371.545	143.645	57	469	
3.5	3.75	3	14	3	3	138	57138	138	57186	0.003	0	0.003	0.003	414.391	117.091	57	533	
3.5	3.75	3	15	2	3	127	57281	127	57281	0.003	0	0.003	0.003	451.031	64.2332	121	485	
3.5	3.75	1	16	2	3	133	45977	134	46034	0.003	0	0.003	0.003	343.537	82.2796	57	421	
3.5	3.75	1	17	1	3	130	46256	130	46256	0.003	0	0.003	0.003	355.815	47.1249	121	373	
3.5	3.75	1	18	5	3	128	45896	128	45896	0.003	0	0.003	0.003	358.562	41.3603	241	373	
3.5	3.75	1	19	4	3	136	45948	136	45948	0.003	0	0.003	0.003	337.853	87.8142	57	421	
3.5	3.75	1	20	3	3	198	45902	198	45878	0.003	0	0.003	0.003	231.707	152.664	26	405	
3.75	4	4	1	3	3	127	58131	127	58323	0.003	0	0.003	0.003	459.236	93.8796	201	597	
3.75	4	4	2	5	3	171	58095	170	58040	0.003	0	0.003	0.003	341.412	149.482	49	533	
3.75	4	4	3	1	3	144	58035	144	58099	0.00309722	0.000822068	0.003	0.01	403.465	136.096	56	645	
3.75	4	4	4	4	3	175	58139	175	58091	0.003	0	0.003	0.003	331.949	149.462	49	533	
3.75	4	4	5	2	3	132	58132	132	58132	0.003	0	0.003	0.003	440.394	91.984	113	573	
3.75	4	2	6	5	3	174	53353	174	53396	0.003	0	0.003	0.003	306.874	166.171	32	437	
3.75	4	2	7	1	3	125	53585	125	53425	0.003	0	0.003	0.003	427.4	58.893	293	453	
3.75	4	2	8	3	3	143	53463	143	53463	0.003	0	0.003	0.003	373.867	119.472	73	453	
3.75	4	2	9	2	3	125	53425	125	53425	0.003	0	0.003	0.003	427.4	47.2195	389	485	
3.75	4	2	10	4	3	129	53397	129	53397	0.003	0	0.003	0.003	413.93	69.124	49	469	
3.75	4	3	11	5	3	157	57172	157	57168	0.003	0	0.003	0.003	364.127	152.421	48	469	
3.75	4	3	12	4	3	130	57286	130	57286	0.003	0	0.003	0.003	440.662	80.2354	113	573	
3.75	4	3	13	1	3	151	57163	151	57163	0.003	0	0.003	0.003	378.563	142.036	57	469	
3.75	4	3	14	3	3	137	57179	137	57179	0.003	0	0.003	0.003	417.365	114.671	57	533	
3.75	4	3	15	2	3	129	57301	128	57292	0.003	0	0.003	0.003	447.594	70.5624	121	485	
3.75	4	1	16	2	3	137	45685	137	45809	0.003	0	0.003	0.003	334.372	86.0512	57	421	
3.75	4	1	17	1	3	136	45984	136	45984	0.003	0	0.003	0.003	338.118	80.2554	121	485	
3.75	4	1	18	5	3	135	46195	135	46195	0.003	0	0.003	0.003	342.185	70.1777	121	485	
3.75	4	1	19	4	3	135	45875	135	45875	0.00305185	0.000602464	0.003	0.01	339.815	80.8833	57	533	
3.75	4	1	20	3	3	193	45918	192	45863	0.003	0	0.003	0.003	238.87	145.439	26	405	
4	4.25	4	1	3	3	127	58323	127	58131	0.003	0	0.003	0.003	457.724	93.1868	201	597	
4	4.25	4	2	5	3	180	58021	181	58074	0.003	0	0.003	0.003	320.851	148.176	49	533	
4	4.25	4	3	1	3	141	57989	141	57989	0.00314894	0.00101374	0.003	0.01	411.27	132.131	57	645	
4	4.25	4	4	4	3	180	58041	179	58040	0.003	0	0.003	0.003	324.246	149.466	48	533	
4	4.25	4	5	2	3	136	58120	136	58120	0.003	0	0.003	0.003	427.353	99.8292	113	573	
4	4.25	2	6	5	3	176	53365	177	53349	0.003	0	0.003	0.003	301.407	169.838	32	469	
4	4.25	2	7	1	3	127	53543	127	53543	0.003	0	0.003	0.003	421.598	66.5734	145	453	
4	4.25	2	8	3	3	143	53411	142	53418	0.003	0	0.003	0.003	376.183	109.659	73	533	
4	4.25	2	9	2	3	127	53509	127	53413	0.003	0	0.003	0.003	420.575	59.9342	93	485	
4	4.25	2	10	4	3	136	53352	136	53400	0.003	0	0.003	0.003	392.647	96.1425	49	469	
4	4.25	3	11	5	3	160	57176	160	57180	0.003	0	0.003	0.003	357.375	154.997	49	469	
4	4.25	3	12	4	3	129	57261	129	57261	0.003	0	0.003	0.003	443.884	70.1872	113	573	
4	4.25	3	13	1	3	149	57177	149	57177	0.003	0	0.003	0.003	383.738	138.513	57	469	
4	4.25	3	14	3	3	139	57179	139	57179	0.003	0	0.003	0.003	411.36	120.196	57	533	
4	4.25	3	15	2	3	127	57171	128	57180	0.003	0	0.003	0.003	446.719	70.7889	121	485	
4	4.25	1	16	2	3	136	46156	135	45975	0.003	0	0.003	0.003	340.556	72.7288	57	421	
4	4.25	1	17	1	3	128	45908	128	45908	0.003	0	0.003	0.003	358.656	44.0344	121	373	
4	4.25	1	18	5	3	134	46106	134	46106	0.003	0	0.003	0.003	344.075	67.7899	121	373	
4	4.25	1	19	4	3	136	45948	136	45948	0.003	0	0.003	0.003	337.853	86.1659	57	421	
4	4.25	1	20	3	3	196	45826	197	45905	0.003	0	0.003	0.003	233.02	146.272	26	437	
4.25	4.5	4	1	3	3	126	58122	126	58314	0.003	0	0.003	0.003	462.81	92.0099	201	597	
4.25	4.5	4	2	5	3	170	57802	170	57802	0.003	0	0.003	0.003	340.012	149.35	49	533	
4.25	4.5	4	3	1	3	145	58227	145	58227	0.00314483	0.000999856	0.003	0.01	401.566	138.629	57	645	
4.25	4.5	4	4	4	3	180	58016	180	58016	0.003	0	0.003	0.003	322.311	153.678	47	533	
4.25	4.5	4	5	2	3	131	58117	131	57997	0.003	0	0.003	0.003	442.725	90.9396	113	573	
4.25	4.5	2	6	5	3	173	53397	172	53413	0.003	0	0.003	0.003	310.541	164.463	32	437	
4.25	4.5	2	7	1	3	125	53585	125	53585	0.003	0	0.003	0.003	428.68	57.6745	293	453	
4.25	4.5	2	8	3	3	141	53399	142	53392	0.003	0	0.003	0.003	376	116.105	73	453	
4.25	4.5	2	9	2	3	126	53422	126	53518	0.003	0	0.003	0.003	424.746	55.6716	93	485	
4.25	4.5	2	10	4	3	127	53395	127	53347	0.003	0	0.003	0.003	420.055	51.8593	49	469	
4.25	4.5	3	11	5	3	160	57183	161	57184	0.003	0	0.003	0.003	355.18	154.786	49	469	
4.25	4.5	3	12	4	3	132	57270	132	57270	0.003	0	0.003	0.003	433.864	82.965	113	573	
4.25	4.5	3	13	1	3	153	57145	153	57193	0.003	0	0.003	0.003	373.81	141.931	57	469	
4.25	4.5	3	14	3	3	142	57194	142	57146	0.003	0	0.003	0.003	402.437	126.418	57	533	
4.25	4.5	3	15	2	3	130	57310	130	57310	0.003	0	0.003	0.003	440.846	81.0817	121	485	
4.25	4.5	1	16	2	3	132	45984	133	45977	0.003	0	0.003	0.003	345.692	78.7055	57	421	
4.25	4.5	1	17	1	3	136	46316	136	46316	0.003	0	0.003	0.003	340.559	72.4442	121	485	
4.25	4.5	1	18	5	3	134	45822	134	45822	0.003	0	0.003	0.003	341.955	70.39	121	485	
4.25	4.5	1	19	4	3	134	45902	134	45966	0.003	0	0.003	0.003	343.03	81.0796	57	421	
4.25	4.5	1	20	3	3	193	45897	193	45873	0.003	0	0.003	0.003	237.684	150.327	26	373	
4.5	4.75	4	1	3	3	128	58344	128	58152	0.003	0	0.003	0.003	454.313	91.4542	201	597	
4.5	4.75	4	2	5	3	179	57866	179	57818	0.003	0	0.003	0.003	323.006	155.947	49	469	
4.5	4.75	4	3	1	3	152	57567	152	57615	0.00318421	0.00112421	0.003	0.01	379.046	155.006	57	717	
4.5	4.75	4	4	4	3	143	57855	144	57856	0.003	0	0.003	0.003	401.778	127.852	49	533	
4.5	4.75	4	5	2	3	131	58087	131	58207	0.003	0	0.003	0.003	444.328	76.7688	113	573	
4.5	4.75	2	6	5	3	174	53361	175	53345	0.003	0	0.003	0.003	304.829	168.668	32	437	
4.5	4.75	2	7	1	3	125	53585	125	53585	0.003	0	0.003	0.003	428.68	57.6745	293	453	
4.5	4.75	2	8	3	3	146	53454	145	53461	0.003	0	0.003	0.003	368.697	120.07	73	453	
4.5	4.75	2	9	2	3	125	53425	125	53425	0.003	0	0.003	0.003	427.4	47.2195	389	485	
4.5	4.75	2	10	4	3	132	53402	132	53402	0.003	0	0.003	0.003	404.561	85.4686	49	469	
4.5	4.75	3	11	5	3	162	57146	162	57146	0.003	0	0.003	0.003	352.753	155.575	49	469	
4.5	4.75	3	12	4	3	130	57366	129	57253	0.003	0	0.003	0.003	443.822	71.5094	113	573	
4.5	4.75	3	13	1	3	142	57130	141	57081	0.003	0	0.003	0.003	404.83	124.831	57	469	
4.5	4.75	3	14	3	3	134	57122	134	57170	0.003	0	0.003	0.003	426.642	101.926	57	469	
4.5	4.75	3	15	2	3	127	57171	127	57283	0.003	0	0.003	0.003	451.047	64.2413	121	485	
4.5	4.75	1	16	2	3	134	45906	134	45970	0.003	0	0.003	0.003	343.06	82.7595	57	421	
4.5	4.75	1	17	1	3	129	45997	129	45997	0.003	0	0.003	0.003	356.566	48.619	121	485	
4.5	4.75	1	18	5	3	135	46083	135	46083	0.003	0	0.003	0.003	341.356	69.131	121	373	
4.5	4.75	1	19	4	3	132	45980	132	45980	0.003	0	0.003	0.003	348.333	73.6489	57	421	
4.5	4.75	1	20	3	3	195	45918	194	45892	0.003	0	0.003	0.003	236.557	150.926	26	373	
4.75	5	4	1	3	3	126	57738	126	57930	0.003	0	0.003	0.003	459.762	90.6742	201	597	
4.75	5	4	2	5	3	159	57991	159	57927	0.003	0	0.003	0.003	364.321	152.654	49	533	
4.75	5	4	3	1	3	160	58150	160	58150	0.00321875	0.00122177	0.003	0.01	363.437	159.554	55	717	
4.75	5	4	4	4	3	156	57940	156	57940	0.003	0	0.003	0.003	371.41	146.017	49	533	
4.75	5	4	5	2	3	131	57755	131	57755	0.003	0	0.003	0.003	440.878	84.8513	113	573	
4.75	5	2	6	5	3	168	53423	167	53391	0.003	0	0.003	0.003	319.707	159.221	31	469	
4.75	5	2	7	1	3	125	53569	125	53569	0.003	0	0.003	0.003	428.552	60.7761	293	597	
4.75	5	2	8	3	3	148	53376	149	53449	0.003	0	0.003	0.003	358.718	125.682	73	533	
4.75	5	2	9	2	3	126	53518	126	53518	0.003	0	0.003	0.003	424.746	55.6716	93	485	
4.75	5	2	10	4	3	133	53405	133	53405	0.003	0	0.003	0.003	401.541	89.1954	49	469	
4.75	5	3	11	5	3	164	57176	164	57176	0.003	0	0.003	0.003	348.634	161.173	49	469	
4.75	5	3	12	4	3	130	57181	131	57174	0.003	0	0.003	0.003	436.443	83.3879	113	573	
4.75	5	3	13	1	3	147	57179	148	57228	0.003	0	0.003	0.003	386.676	135.956	57	469	
4.75	5	3	14	3	3	139	57199	139	57199	0.003	0	0.003	0.003	411.504	121.524	57	533	
4.75	5	3	15	2	3	127	57283	127	57171	0.003	0	0.003	0.003	450.165	64.5396	121	485	
4.75	5	1	16	2	3	132	45788	132	45788	0.003	0	0.003	0.003	346.879	73.0014	57	421	
4.75	5	1	17	1	3	134	45984	133	45995	0.003	0	0.003	0.003	345.827	66.8707	121	373	
4.75	5	1	18	5	3	131	46088	131	46088	0.003	0	0.003	0.003	351.817	64.4688	121	485	
4.75	5	1	19	4	3	130	45742	130	45742	0.00305385	0.000613941	0.003	0.01	351.862	70.975	57	533	
4.75	5	1	20	3	3	195	46052	196	46054	0.003	0	0.003	0.003	234.969	149.594	26	373	
5	5.25	4	1	3	3	128	58524	128	58524	0.003	0	0.003	0.003	457.219	96.2547	201	597	
5	5.25	4	2	5	3	172	58032	172	58096	0.003	0	0.003	0.003	337.767	150.103	49	533	
5	5.25	4	3	1	3	143	58057	143	58009	0.0030979	0.000824917	0.003	0.01	405.657	136.441	57	775	
5	5.25	4	4	4	3	167	57895	166	57890	0.003	0	0.003	0.003	348.735	147.772	49	533	
5	5.25	4	5	2	3	131	58355	131	58355	0.003	0	0.003	0.003	445.458	86.322	113	573	
5	5.25	2	6	5	3	170	53442	170	53447	0.003	0	0.003	0.003	314.394	161.123	32	437	
5	5.25	2	7	1	3	125	53424	125	53584	0.003	0	0.003	0.003	428.672	57.6712	293	453	
5	5.25	2	8	3	3	143	53467	143	53387	0.003	0	0.003	0.003	373.336	118.259	73	453	
5	5.25	2	9	2	3	125	53425	125	53425	0.003	0	0.003	0.003	427.4	47.2195	389	485	
5	5.25	2	10	4	3	131	53399	131	53399	0.003	0	0.003	0.003	407.626	81.8716	49	469	
5	5.25	3	11	5	3	158	57122	158	57170	0.003	0	0.003	0.003	361.835	153.715	49	469	
5	5.25	3	12	4	3	131	57151	131	57271	0.003	0	0.003	0.003	437.183	80.4156	113	573	
5	5.25	3	13	1	3	148	57184	148	57136	0.003	0	0.003	0.003	386.054	136.759	57	469	
5	5.25	3	14	3	3	134	57165	134	57117	0.003	0	0.003	0.003	426.246	100.553	56	469	
5	5.25	3	15	2	3	126	57274	126	57274	0.003	0	0.003	0.003	454.556	56.8911	121	485	
5	5.25	1	16	2	3	133	46085	133	46085	0.00305263	0.000606977	0.003	0.01	346.504	78.8687	57	533	
5	5.25	1	17	1	3	132	46116	133	46105	0.003	0	0.003	0.003	346.654	62.8498	121	373	
5	5.25	1	18	5	3	129	46017	129	46017	0.003	0	0.003	0.003	356.721	46.2039	121	373	
5	5.25	1	19	4	3	135	46063	135	46127	0.00305185	0.000602464	0.003	0.01	341.681	84.2279	57	533	
5	5.25	1	20	3	3	204	45718	203	45691	0.003	0	0.003	0.003	225.079	144.631	26	405	
5.25	5.5	4	1	3	3	126	58314	126	58122	0.003	0	0.003	0.003	461.286	91.3573	201	597	
5.25	5.5	4	2	5	3	179	58050	179	58098	0.003	0	0.003	0.003	324.57	150.109	49	533	
5.25	5.5	4	3	1	3	135	57839	135	57839	0.00305185	0.000602464	0.003	0.01	428.437	111.399	57	597	
5.25	5.5	4	4	4	3	171	58239	172	58244	0.003	0	0.003	0.003	338.628	150.488	49	533	
5.25	5.5	4	5	2	3	131	58127	131	58127	0.003	0	0.003	0.003	443.718	92.777	113	573	
5.25	5.5	2	6	5	3	166	53552	167	53579	0.003	0	0.003	0.003	320.832	159.03	32	469	
5.25	5.5	2	7	1	3	126	53410	126	53250	0.003	0	0.003	0.003	422.619	65.8341	145	453	
5.25	5.5	2	8	3	3	149	53592	149	53672	0.003	0	0.003	0.003	360.215	122.56	73	453	
5.25	5.5	2	9	2	3	125	53313	125	53313	0.003	0	0.003	0.003	426.504	50.4679	285	485	
5.25	5.5	2	10	4	3	130	53224	130	53176	0.00305385	0.000613941	0.003	0.01	409.046	84.074	49	621	
5.25	5.5	3	11	5	3	160	57176	159	57127	0.003	0	0.003	0.003	359.289	154.209	49	469	
5.25	5.5	3	12	4	3	129	57245	129	57245	0.003	0	0.003	0.003	443.76	70.0139	113	573	
5.25	5.5	3	13	1	3	149	57177	149	57177	0.003	0	0.003	0.003	383.738	138.513	57	469	
5.25	5.5	3	14	3	3	139	57125	139	57173	0.003	0	0.003	0.003	411.317	119.147	55	533	
5.25	5.5	3	15	2	3	127	57282	127	57282	0.003	0	0.003	0.003	451.039	64.251	121	485	
5.25	5.5	1	16	2	3	125	45905	125	45905	0.003	0	0.003	0.003	367.24	23.5572	357	421	
5.25	5.5	1	17	1	3	132	46100	132	46100	0.003	0	0.003	0.003	349.242	66.2832	121	485	
5.25	5.5	1	18	5	3	157	46128	157	46128	0.003	0	0.003	0.003	293.809	101.08	121	373	
5.25	5.5	1	19	4	3	130	45932	130	45868	0.003	0	0.003	0.003	352.831	64.8012	57	421	
5.25	5.5	1	20	3	3	178	45852	178	45877	0.003	0	0.003	0.003	257.736	148.782	26	373	
5.5	5.75	4	1	3	3	127	58143	126	57930	0.003	0	0.003	0.003	459.762	90.6742	201	597	
5.5	5.75	4	2	5	3	170	58226	170	58178	0.003	0	0.003	0.003	342.224	157.969	49	533	
5.5	5.75	4	3	1	3	156	57984	154	57682	0.00313636	0.000970602	0.003	0.01	374.558	153.147	57	645	
5.5	5.75	4	4	4	3	151	57739	151	57835	0.003	0	0.003	0.003	383.013	139.371	49	533	
5.5	5.75	4	5	2	3	131	58110	131	58110	0.003	0	0.003	0.003	443.588	88.3049	113	573	
5.5	5.75	2	6	5	3	171	53403	171	53403	0.003	0	0.003	0.003	312.298	161.55	32	437	
5.5	5.75	2	7	1	3	126	53558	126	53558	0.003	0	0.003	0.003	425.063	60.9828	293	453	
5.5	5.75	2	8	3	3	147	53447	147	53447	0.003	0	0.003	0.003	363.585	123.347	73	453	
5.5	5.75	2	9	2	3	125	53424	125	53424	0.003	0	0.003	0.003	427.392	47.2097	389	485	
5.5	5.75	2	10	4	3	129	53397	129	53397	0.003	0	0.003	0.003	413.93	68.8631	49	469	
5.5	5.75	3	11	5	3	165	57201	166	57202	0.003	0	0.003	0.003	344.59	158.507	49	469	
5.5	5.75	3	12	4	3	132	57296	132	57296	0.003	0	0.003	0.003	434.061	86.6684	113	573	
5.5	5.75	3	13	1	3	149	57165	148	57156	0.003	0	0.003	0.003	386.189	134.121	57	469	
5.5	5.75	3	14	3	3	143	57187	143	57187	0.003	0	0.003	0.003	399.909	129.007	57	469	
5.5	5.75	3	15	2	3	130	57196	130	57196	0.003	0	0.003	0.003	439.969	81.1954	121	485	
5.5	5.75	1	16	2	3	132	46044	132	45980	0.003	0	0.003	0.003	348.333	73.2231	57	421	
5.5	5.75	1	17	1	3	128	45908	128	45908	0.003	0	0.003	0.003	358.656	44.0344	121	373	
5.5	5.75	1	18	5	3	129	46149	129	46149	0.003	0	0.003	0.003	357.744	45.0687	121	373	
5.5	5.75	1	19	4	3	133	45973	133	45973	0.003	0	0.003	0.003	345.662	78.1253	57	421	
5.5	5.75	1	20	3	3	202	45900	203	45926	0.003	0	0.003	0.003	226.236	154.01	26	405	
5.75	6	4	1	3	3	125	58112	126	58517	0.003	0	0.003	0.003	464.421	89.1036	405	597	
5.75	6	4	2	5	3	170	57792	170	57888	0.003	0	0.003	0.003	340.518	148.733	49	533	
5.75	6	4	3	1	3	144	58204	145	57973	0.00309655	0.000819249	0.003	0.01	399.814	138.877	57	645	
5.75	6	4	4	4	3	183	58103	182	57906	0.003	0	0.003	0.003	318.165	145.247	49	533	
5.75	6	4	5	2	3	131	57999	131	57999	0.003	0	0.003	0.003	442.74	90.9412	113	573	
5.75	6	2	6	5	3	161	53452	161	53452	0.003	0	0.003	0.003	332	149.377	32	437	
5.75	6	2	7	1	3	126	53556	126	53556	0.003	0	0.003	0.003	425.048	61.0177	291	453	
5.75	6	2	8	3	3	152	53487	151	53414	0.003	0	0.003	0.003	353.735	130.316	73	453	
5.75	6	2	9	2	3	126	53518	126	53518	0.003	0	0.003	0.003	424.746	55.6716	93	485	
5.75	6	2	10	4	3	126	53394	126	53442	0.003	0	0.003	0.003	424.143	40.1648	49	469	
5.75	6	3	11	5	3	157	57125	156	57120	0.003	0	0.003	0.003	366.154	150.38	49	469	
5.75	6	3	12	4	3	129	57253	128	57252	0.003	0	0.003	0.003	447.281	61.6062	113	573	
5.75	6	3	13	1	3	147	57175	148	57184	0.003	0	0.003	0.003	386.378	140.037	57	469	
5.75	6	3	14	3	3	134	57138	134	57138	0.003	0	0.003	0.003	426.403	102.147	57	533	
5.75	6	3	15	2	3	125	57265	125	57265	0.003	0	0.003	0.003	458.12	48.0258	373	485	
5.75	6	1	16	2	3	131	45729	131	45793	0.003	0	0.003	0.003	349.565	67.7176	57	421	
5.75	6	1	17	1	3	138	46182	138	46182	0.003	0	0.003	0.003	334.652	76.3208	121	373	
5.75	6	1	18	5	3	128	45908	128	45908	0.003	0	0.003	0.003	358.656	44.0344	121	373	
5.75	6	1	19	4	3	135	45765	134	45772	0.00305224	0.000604708	0.003	0.01	341.582	84.9445	57	533	
5.75	6	1	20	3	3	195	46049	194	46022	0.003	0	0.003	0.003	237.227	149.59	26	405	
6	6.25	4	1	3	3	126	57916	126	57726	0.003	0	0.003	0.003	458.143	93.439	201	597	
6	6.25	4	2	5	3	174	57918	174	57822	0.003	0	0.003	0.003	332.31	147.447	49	533	
6	6.25	4	3	1	3	154	57838	155	58419	0.00318064	0.0011135	0.003	0.01	376.897	146.996	57	645	
6	6.25	4	4	4	3	171	58075	172	58176	0.003	0	0.003	0.003	338.233	145.557	49	533	
6	6.25	4	5	2	3	132	57792	132	57792	0.003	0	0.003	0.003	437.818	92.1502	113	573	
6	6.25	2	6	5	3	169	53365	169	53413	0.003	0	0.003	0.003	316.053	160.539	32	437	
6	6.25	2	7	1	3	126	53570	126	53570	0.003	0	0.003	0.003	425.159	63.8246	145	453	
6	6.25	2	8	3	3	144	53460	145	53453	0.003	0	0.003	0.003	368.641	122.383	73	453	
6	6.25	2	9	2	3	125	53425	125	53425	0.003	0	0.003	0.003	427.4	47.2195	389	485	
6	6.25	2	10	4	3	130	53445	130	53397	0.003	0	0.003	0.003	410.746	75.7628	49	469	
6	6.25	3	11	5	3	163	57171	163	57175	0.003	0	0.003	0.003	350.767	160.576	49	469	
6	6.25	3	12	4	3	130	57158	131	57159	0.003	0	0.003	0.003	436.328	83.2348	113	573	
6	6.25	3	13	1	3	148	57178	148	57178	0.003	0	0.003	0.003	386.338	135.818	57	469	
6	6.25	3	14	3	3	138	57190	138	57190	0.003	0	0.003	0.003	414.42	118.209	57	533	
6	6.25	3	15	2	3	128	57292	128	57292	0.003	0	0.003	0.003	447.594	70.5624	121	485	
6	6.25	1	16	2	3	128	45948	128	45948	0.003	0	0.003	0.003	358.969	53.213	57	421	
6	6.25	1	17	1	3	135	46067	135	46067	0.003	0	0.003	0.003	341.237	75.1433	121	485	
6	6.25	1	18	5	3	149	46085	149	46085	0.003	0	0.003	0.003	309.295	95.2869	121	373	
6	6.25	1	19	4	3	127	45887	128	45880	0.003	0	0.003	0.003	358.437	51.4085	57	421	
6	6.25	1	20	3	3	182	45890	182	45891	0.003	0	0.003	0.003	252.148	148.411	26	373	
6.25	6.5	4	1	3	3	126	58325	126	58515	0.003	0	0.003	0.003	464.405	89.0972	404	597	
6.25	6.5	4	2	5	3	175	57935	175	57983	0.003	0	0.003	0.003	331.331	152.462	49	533	
6.25	6.5	4	3	1	3	141	57969	141	57921	0.00319858	0.00116631	0.003	0.01	410.787	132.596	57	717	
6.25	6.5	4	4	4	3	175	57807	174	57754	0.003	0	0.003	0.003	331.92	152.322	49	533	
6.25	6.5	4	5	2	3	132	58240	132	58240	0.003	0	0.003	0.003	441.212	89.2997	113	573	
6.25	6.5	2	6	5	3	148	53532	148	53532	0.003	0	0.003	0.003	361.703	121.605	32	469	
6.25	6.5	2	7	1	3	130	53658	130	53658	0.003	0	0.003	0.003	412.754	79.1862	145	453	
6.25	6.5	2	8	3	3	148	53368	147	53375	0.003	0	0.003	0.003	363.095	123.131	73	453	
6.25	6.5	2	9	2	3	129	53889	129	53793	0.003	0	0.003	0.003	417	67.1118	93	485	
6.25	6.5	2	10	4	3	158	53529	158	53577	0.003	0	0.003	0.003	339.095	140.329	49	469	
6.25	6.5	3	11	5	3	159	57139	160	57188	0.003	0	0.003	0.003	357.425	153.338	49	469	
6.25	6.5	3	12	4	3	132	57288	132	57288	0.003	0	0.003	0.003	434	85.46	113	573	
6.25	6.5	3	13	1	3	148	57136	148	57136	0.003	0	0.003	0.003	386.054	136.759	57	469	
6.25	6.5	3	14	3	3	138	57201	138	57153	0.003	0	0.003	0.003	414.152	116.605	56	469	
6.25	6.5	3	15	2	3	127	57283	127	57283	0.003	0	0.003	0.003	451.047	64.2413	121	485	
6.25	6.5	1	16	2	3	133	45825	133	45825	0.00310526	0.000855137	0.003	0.01	344.549	80.1871	57	533	
6.25	6.5	1	17	1	3	130	45722	130	45722	0.003	0	0.003	0.003	351.708	55.2827	121	485	
6.25	6.5	1	18	5	3	127	45919	127	45919	0.003	0	0.003	0.003	361.567	37.2745	241	373	
6.25	6.5	1	19	4	3	137	46023	137	46023	0.00305109	0.00059805	0.003	0.01	335.934	80.305	57	421	
6.25	6.5	1	20	3	3	205	45803	205	45804	0.003	0	0.003	0.003	223.434	141.25	26	437	
6.5	6.75	4	1	3	3	127	58131	127	58131	0.003	0	0.003	0.003	457.724	93.1868	201	597	
6.5	6.75	4	2	5	3	185	58180	184	58127	0.003	0	0.003	0.003	315.908	147.245	49	533	
6.5	6.75	4	3	1	3	136	58064	136	58064	0.003	0	0.003	0.003	426.941	112.859	57	533	
6.5	6.75	4	4	4	3	176	58028	177	58081	0.003	0	0.003	0.003	328.141	150.623	49	469	
6.5	6.75	4	5	2	3	135	58138	135	58138	0.003	0	0.003	0.003	430.652	105.81	113	573	
6.5	6.75	2	6	5	3	183	53192	183	53144	0.003	0	0.003	0.003	290.404	132.962	32	469	
6.5	6.75	2	7	1	3	127	53515	127	53515	0.003	0	0.003	0.003	421.378	66.6275	293	597	
6.5	6.75	2	8	3	3	139	53495	140	53568	0.003	0	0.003	0.003	382.629	104.06	73	533	
6.5	6.75	2	9	2	3	133	53365	132	53372	0.003	0	0.003	0.003	404.333	81.4107	93	485	
6.5	6.75	2	10	4	3	158	53537	158	53537	0.003	0	0.003	0.003	338.842	119.954	49	469	
6.5	6.75	3	11	5	3	161	57225	160	57124	0.003	0	0.003	0.003	357.025	156.168	49	469	
6.5	6.75	3	12	4	3	129	57245	129	57245	0.003	0	0.003	0.003	443.76	70.0139	113	573	
6.5	6.75	3	13	1	3	148	57166	148	57166	0.003	0	0.003	0.003	386.257	136.466	57	469	
6.5	6.75	3	14	3	3	138	57116	138	57164	0.003	0	0.003	0.003	414.232	115.751	55	533	
6.5	6.75	3	15	2	3	127	57171	127	57283	0.003	0	0.003	0.003	451.047	64.2413	121	485	
6.5	6.75	1	16	2	3	133	45965	133	45965	0.003	0	0.003	0.003	345.602	72.3903	57	421	
6.5	6.75	1	17	1	3	135	46083	135	46215	0.003	0	0.003	0.003	342.333	68.6327	121	373	
6.5	6.75	1	18	5	3	131	46247	130	46138	0.003	0	0.003	0.003	354.908	50.4546	121	373	
6.5	6.75	1	19	4	3	137	45757	137	45757	0.003	0	0.003	0.003	333.993	89.9108	57	421	
6.5	6.75	1	20	3	3	194	45902	195	45903	0.003	0	0.003	0.003	235.4	145.923	25	405	
6.75	7	4	1	3	3	128	58344	128	58152	0.003	0	0.003	0.003	454.313	91.4542	201	597	
6.75	7	4	2	5	3	164	57932	165	58033	0.003	0	0.003	0.003	351.715	147.783	49	533	
6.75	7	4	3	1	3	146	57866	145	57797	0.0031931	0.00115046	0.003	0.01	398.6	144.121	57	717	
6.75	7	4	4	4	3	177	58244	176	58239	0.003	0	0.003	0.003	330.903	145.269	49	533	
6.75	7	4	5	2	3	131	58143	131	58143	0.003	0	0.003	0.003	443.84	88.5764	113	573	
6.75	7	2	6	5	3	145	53500	145	53500	0.003	0	0.003	0.003	368.966	122.959	32	469	
6.75	7	2	7	1	3	128	53832	128	53832	0.003	0	0.003	0.003	420.563	72.3391	145	597	
6.75	7	2	8	3	3	148	53630	148	53550	0.003	0	0.003	0.003	361.824	115.784	73	453	
6.75	7	2	9	2	3	138	53422	139	53415	0.003	0	0.003	0.003	384.281	91.1724	93	485	
6.75	7	2	10	4	3	165	53533	165	53581	0.003	0	0.003	0.003	324.733	138.185	49	469	
6.75	7	3	11	5	3	169	57121	169	57173	0.003	0	0.003	0.003	338.302	158.508	49	469	
6.75	7	3	12	4	3	132	57264	132	57264	0.003	0	0.003	0.003	433.818	81.7275	113	573	
6.75	7	3	13	1	3	142	57166	142	57166	0.003	0	0.003	0.003	402.577	123.212	57	469	
6.75	7	3	14	3	3	140	57160	140	57160	0.003	0	0.003	0.003	408.286	120.361	57	469	
6.75	7	3	15	2	3	130	57310	130	57198	0.003	0	0.003	0.003	439.985	81.2038	121	485	
6.75	7	1	16	2	3	130	45926	130	45926	0.003	0	0.003	0.003	353.277	60.7431	57	421	
6.75	7	1	17	1	3	140	46294	139	46043	0.003	0	0.003	0.003	331.245	82.7178	121	485	
6.75	7	1	18	5	3	139	45931	140	46040	0.003	0	0.003	0.003	328.857	82.0632	121	373	
6.75	7	1	19	4	3	132	45904	132	45904	0.00305303	0.000609272	0.003	0.01	347.758	71.6976	57	469	
6.75	7	1	20	3	3	184	45838	184	45862	0.003	0	0.003	0.003	249.25	150.628	26	405	
7	7.25	4	1	3	3	126	58134	126	58326	0.003	0	0.003	0.003	462.905	88.4696	405	597	
7	7.25	4	2	5	3	158	58021	158	57925	0.003	0	0.003	0.003	366.614	152.659	49	533	
7	7.25	4	3	1	3	166	58014	166	58014	0.00308434	0.000766018	0.003	0.01	349.482	154.054	57	645	
7	7.25	4	4	4	3	155	58011	156	58064	0.003	0	0.003	0.003	372.205	151.786	49	533	
7	7.25	4	5	2	3	131	58107	131	58107	0.003	0	0.003	0.003	443.565	85.9253	113	573	
7	7.25	2	6	5	3	163	53683	163	53683	0.003	0	0.003	0.003	329.344	142.518	32	469	
7	7.25	2	7	1	3	133	53725	133	53725	0.003	0	0.003	0.003	403.947	80.7434	145	453	
7	7.25	2	8	3	3	141	53257	141	53409	0.003	0	0.003	0.003	378.787	113.467	73	453	
7	7.25	2	9	2	3	134	53658	133	53561	0.003	0	0.003	0.003	402.714	81.2378	93	485	
7	7.25	2	10	4	3	158	53272	158	53224	0.003	0	0.003	0.003	336.861	139.919	49	469	
7	7.25	3	11	5	3	153	57161	153	57161	0.003	0	0.003	0.003	373.601	146.415	49	469	
7	7.25	3	12	4	3	129	57269	129	57269	0.003	0	0.003	0.003	443.946	71.679	113	573	
7	7.25	3	13	1	3	152	57156	152	57156	0.003	0	0.003	0.003	376.026	143.91	57	469	
7	7.25	3	14	3	3	137	57165	137	57165	0.003	0	0.003	0.003	417.263	114.413	57	533	
7	7.25	3	15	2	3	125	57265	125	57265	0.003	0	0.003	0.003	458.12	48.0258	373	485	
7	7.25	1	16	2	3	133	45977	133	45977	0.003	0	0.003	0.003	345.692	78.7055	57	421	
7	7.25	1	17	1	3	128	45896	129	46015	0.003	0	0.003	0.003	356.705	46.1987	121	373	
7	7.25	1	18	5	3	129	46137	129	46269	0.003	0	0.003	0.003	358.674	41.218	241	373	
7	7.25	1	19	4	3	136	46128	135	45895	0.003	0	0.003	0.003	339.963	84.7274	57	421	
7	7.25	1	20	3	3	199	45823	198	45878	0.003	0	0.003	0.003	231.707	152.645	26	405	
7.25	7.5	4	1	3	3	128	58125	128	58125	0.003	0	0.003	0.003	454.102	98.0699	201	597	
7.25	7.5	4	2	5	3	178	57970	178	57970	0.003	0	0.003	0.003	325.674	147.902	49	533	
7.25	7.5	4	3	1	3	143	58062	144	58131	0.00319444	0.00115436	0.003	0.01	403.688	126.803	57	717	
7.25	7.5	4	4	4	3	178	57842	177	57789	0.003	0	0.003	0.003	326.492	146.153	49	533	
7.25	7.5	4	5	2	3	133	58013	133	58013	0.003	0	0.003	0.003	436.188	95.5656	113	573	
7.25	7.5	2	6	5	3	158	53506	158	53506	0.003	0	0.003	0.003	338.646	137.024	32	469	
7.25	7.5	2	7	1	3	129	53337	129	53337	0.003	0	0.003	0.003	413.465	78.8045	145	597	
7.25	7.5	2	8	3	3	142	53710	141	53565	0.003	0	0.003	0.003	379.894	109.033	73	533	
7.25	7.5	2	9	2	3	131	53383	132	53576	0.003	0	0.003	0.003	405.879	78.0735	93	485	
7.25	7.5	2	10	4	3	156	53472	156	53472	0.003	0	0.003	0.003	342.769	134.751	49	469	
7.25	7.5	3	11	5	3	162	57174	163	57223	0.003	0	0.003	0.003	351.061	160.75	49	469	
7.25	7.5	3	12	4	3	130	57173	130	57173	0.003	0	0.003	0.003	439.792	80.7006	113	573	
7.25	7.5	3	13	1	3	149	57189	149	57189	0.003	0	0.003	0.003	383.819	137.875	57	469	
7.25	7.5	3	14	3	3	139	57247	139	57135	0.003	0	0.003	0.003	411.043	121.181	57	533	
7.25	7.5	3	15	2	3	128	57180	128	57292	0.003	0	0.003	0.003	447.594	70.5624	121	485	
7.25	7.5	1	16	2	3	136	46058	136	46058	0.00305147	0.000600245	0.003	0.01	338.662	82.4289	57	421	
7.25	7.5	1	17	1	3	128	46160	128	46160	0.003	0	0.003	0.003	360.625	38.6266	241	373	
7.25	7.5	1	18	5	3	128	45896	128	45764	0.003	0	0.003	0.003	357.531	42.6238	241	373	
7.25	7.5	1	19	4	3	134	45906	135	46139	0.00305185	0.000602464	0.003	0.01	341.77	87.7044	57	533	
7.25	7.5	1	20	3	3	202	45769	202	45688	0.003	0	0.003	0.003	226.178	150.986	26	373	
7.5	7.75	4	1	3	3	128	57948	128	57948	0.003	0	0.003	0.003	452.719	94.0607	201	597	
7.5	7.75	4	2	5	3	178	58198	178	58198	0.003	0	0.003	0.003	326.955	159.21	49	533	
7.5	7.75	4	3	1	3	145	57765	144	57756	0.00319444	0.00115436	0.003	0.01	401.083	142.227	57	717	
7.5	7.75	4	4	4	3	165	58157	165	58105	0.003	0	0.003	0.003	352.152	144.693	49	533	
7.5	7.75	4	5	2	3	132	57756	132	57868	0.003	0	0.003	0.003	438.394	82.3991	113	573	
7.5	7.75	2	6	5	3	181	53317	181	53365	0.003	0	0.003	0.003	294.834	157.76	32	469	
7.5	7.75	2	7	1	3	128	53528	128	53528	0.003	0	0.003	0.003	418.188	71.4861	145	453	
7.5	7.75	2	8	3	3	140	53424	141	53417	0.003	0	0.003	0.003	378.844	109.097	73	533	
7.5	7.75	2	9	2	3	126	53422	126	53326	0.003	0	0.003	0.003	423.222	55.3113	93	485	
7.5	7.75	2	10	4	3	145	53400	145	53400	0.003	0	0.003	0.003	368.276	106.771	49	469	
7.5	7.75	3	11	5	3	165	57140	165	57140	0.003	0	0.003	0.003	346.303	159.667	49	469	
7.5	7.75	3	12	4	3	132	57279	132	57279	0.003	0	0.003	0.003	433.932	86.5159	113	573	
7.5	7.75	3	13	1	3	143	57146	143	57146	0.003	0	0.003	0.003	399.622	130.433	57	469	
7.5	7.75	3	14	3	3	133	57112	133	57176	0.003	0	0.003	0.003	429.895	97.466	56	533	
7.5	7.75	3	15	2	3	127	57283	127	57171	0.003	0	0.003	0.003	450.165	64.5396	121	485	
7.5	7.75	1	16	2	3	131	45921	131	45921	0.003	0	0.003	0.003	350.542	68.4238	57	421	
7.5	7.75	1	17	1	3	136	45824	136	45824	0.003	0	0.003	0.003	336.941	78.432	121	485	
7.5	7.75	1	18	5	3	139	46306	139	46306	0.003	0	0.003	0.003	333.137	82.1296	121	485	
7.5	7.75	1	19	4	3	129	46001	129	45937	0.003	0	0.003	0.003	356.101	58.2285	57	421	
7.5	7.75	1	20	3	3	187	45866	188	45892	0.003	0	0.003	0.003	244.106	151.335	25	373	
7.75	8	4	1	3	3	128	58344	128	58344	0.003	0	0.003	0.003	455.812	92.2105	201	597	
7.75	8	4	2	5	3	144	58067	144	58003	0.003	0	0.003	0.003	402.799	129.94	49	533	
7.75	8	4	3	1	3	156	57988	157	58045	0.00308917	0.000787529	0.003	0.01	369.713	149.346	57	717	
7.75	8	4	4	4	3	172	57740	173	57797	0.003	0	0.003	0.003	334.087	157.468	49	533	
7.75	8	4	5	2	3	130	58318	130	58206	0.003	0	0.003	0.003	447.738	80.0744	113	573	
7.75	8	2	6	5	3	171	53396	170	53364	0.003	0	0.003	0.003	313.906	162.938	32	437	
7.75	8	2	7	1	3	126	53570	126	53570	0.003	0	0.003	0.003	425.159	63.8246	145	453	
7.75	8	2	8	3	3	145	53460	145	53460	0.003	0	0.003	0.003	368.69	120.398	73	453	
7.75	8	2	9	2	3	125	53425	125	53521	0.003	0	0.003	0.003	428.168	47.3703	389	485	
7.75	8	2	10	4	3	131	53399	131	53399	0.003	0	0.003	0.003	407.626	82.0878	49	469	
7.75	8	3	11	5	3	159	57171	159	57123	0.003	0	0.003	0.003	359.264	154.889	49	469	
7.75	8	3	12	4	3	129	57261	129	57261	0.003	0	0.003	0.003	443.884	70.1872	113	573	
7.75	8	3	13	1	3	148	57128	148	57176	0.003	0	0.003	0.003	386.324	135.086	57	469	
7.75	8	3	14	3	3	139	57157	139	57157	0.003	0	0.003	0.003	411.201	118.896	55	469	
7.75	8	3	15	2	3	126	57274	126	57274	0.003	0	0.003	0.003	454.556	56.8911	121	485	
7.75	8	1	16	2	3	130	45918	130	45918	0.003	0	0.003	0.003	353.215	57.0126	57	421	
7.75	8	1	17	1	3	146	46106	146	46106	0.003	0	0.003	0.003	315.795	90.9431	121	373	
7.75	8	1	18	5	3	127	46022	127	46022	0.003	0	0.003	0.003	362.378	44.4101	121	485	
7.75	8	1	19	4	3	134	45934	134	45934	0.003	0	0.003	0.003	342.791	72.7291	57	421	
7.75	8	1	20	3	3	186	45876	186	45876	0.003	0	0.003	0.003	246.645	144.85	26	437	
8	8.25	4	1	3	3	126	57930	126	57930	0.003	0	0.003	0.003	459.762	90.6742	201	597	
8	8.25	4	2	5	3	156	57898	156	58010	0.003	0	0.003	0.003	371.859	152.835	47	533	
8	8.25	4	3	1	3	155	57919	155	57743	0.00318064	0.0011135	0.003	0.01	372.535	153.868	57	645	
8	8.25	4	4	4	3	161	58227	161	58275	0.003	0	0.003	0.003	361.957	150.637	49	533	
8	8.25	4	5	2	3	131	57865	131	57865	0.003	0	0.003	0.003	441.718	82.0379	113	573	
8	8.25	2	6	5	3	170	53410	171	53394	0.003	0	0.003	0.003	312.246	164.29	32	437	
8	8.25	2	7	1	3	125	53585	125	53585	0.003	0	0.003	0.003	428.68	57.6745	293	453	
8	8.25	2	8	3	3	145	53377	145	53457	0.003	0	0.003	0.003	368.669	121.397	73	453	
8	8.25	2	9	2	3	125	53521	125	53425	0.003	0	0.003	0.003	427.4	47.2195	389	485	
8	8.25	2	10	4	3	130	53398	130	53398	0.003	0	0.003	0.003	410.754	75.5277	49	469	
8	8.25	3	11	5	3	164	57156	163	57151	0.003	0	0.003	0.003	350.62	155.301	49	469	
8	8.25	3	12	4	3	132	57376	131	57263	0.003	0	0.003	0.003	437.122	79.1041	113	573	
8	8.25	3	13	1	3	147	57195	147	57147	0.003	0	0.003	0.003	388.755	131.915	57	469	
8	8.25	3	14	3	3	142	57142	142	57190	0.003	0	0.003	0.003	402.746	125.515	57	533	
8	8.25	3	15	2	3	128	57180	128	57292	0.003	0	0.003	0.003	447.594	70.5624	121	485	
8	8.25	1	16	2	3	135	45947	135	45947	0.003	0	0.003	0.003	340.348	81.4088	57	421	
8	8.25	1	17	1	3	130	46138	130	46270	0.003	0	0.003	0.003	355.923	49.4629	121	373	
8	8.25	1	18	5	3	131	45993	130	45884	0.003	0	0.003	0.003	352.954	54.4324	121	373	
8	8.25	1	19	4	3	137	45937	137	46001	0.003	0	0.003	0.003	335.774	87.5181	57	421	
8	8.25	1	20	3	3	201	45900	201	45876	0.003	0	0.003	0.003	228.239	146.28	26	405	
8.25	8.5	4	1	3	3	126	58314	126	58122	0.003	0	0.003	0.003	461.286	91.3573	201	597	
8.25	8.5	4	2	5	3	173	58033	173	58033	0.003	0	0.003	0.003	335.451	152.044	49	533	
8.25	8.5	4	3	1	3	135	58091	135	58155	0.0031037	0.000848828	0.003	0.01	430.778	114.164	57	645	
8.25	8.5	4	4	4	3	180	58020	180	58020	0.003	0	0.003	0.003	322.333	146.141	49	533	
8.25	8.5	4	5	2	3	132	58128	132	58128	0.003	0	0.003	0.003	440.364	86.5796	113	573	
8.25	8.5	2	6	5	3	164	53443	163	53416	0.003	0	0.003	0.003	327.706	155.464	32	437	
8.25	8.5	2	7	1	3	125	53585	125	53585	0.003	0	0.003	0.003	428.68	57.6745	293	453	
8.25	8.5	2	8	3	3	148	53518	148	53438	0.003	0	0.003	0.003	361.068	125.618	73	453	
8.25	8.5	2	9	2	3	125	53425	125	53521	0.003	0	0.003	0.003	428.168	47.3703	389	485	
8.25	8.5	2	10	4	3	130	53398	130	53446	0.003	0	0.003	0.003	411.123	75.6953	49	469	
8.25	8.5	3	11	5	3	156	57212	157	57217	0.003	0	0.003	0.003	364.439	151.964	49	469	
8.25	8.5	3	12	4	3	129	57157	130	57270	0.003	0	0.003	0.003	440.538	74.9733	113	573	
8.25	8.5	3	13	1	3	154	57174	153	57165	0.003	0	0.003	0.003	373.627	145.582	57	469	
8.25	8.5	3	14	3	3	138	57174	138	57174	0.003	0	0.003	0.003	414.304	117.957	57	533	
8.25	8.5	3	15	2	3	128	57292	128	57180	0.003	0	0.003	0.003	446.719	70.7889	121	485	
8.25	8.5	1	16	2	3	133	45973	132	45916	0.003	0	0.003	0.003	347.848	73.8019	57	421	
8.25	8.5	1	17	1	3	129	46137	128	45896	0.003	0	0.003	0.003	358.562	41.3603	241	373	
8.25	8.5	1	18	5	3	128	45896	129	46137	0.003	0	0.003	0.003	357.651	42.4788	241	373	
8.25	8.5	1	19	4	3	137	45945	136	45888	0.003	0	0.003	0.003	337.412	87.2062	57	421	
8.25	8.5	1	20	3	3	200	45936	199	45965	0.003	0	0.003	0.003	230.98	153.115	26	405	
8.5	8.75	4	1	3	3	127	58131	127	58323	0.003	0	0.003	0.003	459.236	93.8796	201	597	
8.5	8.75	4	2	5	3	173	58005	172	57956	0.003	0	0.003	0.003	336.953	154.158	49	469	
8.5	8.75	4	3	1	3	150	58022	149	58017	0.00309396	0.000808254	0.003	0.01	389.376	146.171	57	717	
8.5	8.75	4	4	4	3	147	58015	147	57967	0.003	0	0.003	0.003	394.333	130.26	49	533	
8.5	8.75	4	5	2	3	131	58011	131	58123	0.003	0	0.003	0.003	443.687	89.6001	113	573	
8.5	8.75	2	6	5	3	149	53467	150	53582	0.003	0	0.003	0.003	357.213	123.471	32	469	
8.5	8.75	2	7	1	3	131	53631	131	53631	0.003	0	0.003	0.003	409.397	80.7272	145	453	
8.5	8.75	2	8	3	3	147	53453	146	53308	0.003	0	0.003	0.003	365.123	116.819	73	453	
8.5	8.75	2	9	2	3	133	53845	133	53845	0.003	0	0.003	0.003	404.85	80.5623	93	485	
8.5	8.75	2	10	4	3	164	53530	164	53482	0.003	0	0.003	0.003	326.11	144.398	49	469	
8.5	8.75	3	11	5	3	161	57177	161	57177	0.003	0	0.003	0.003	355.137	157.382	49	469	
8.5	8.75	3	12	4	3	130	57150	130	57150	0.003	0	0.003	0.003	439.615	76.6892	113	573	
8.5	8.75	3	13	1	3	147	57169	147	57169	0.003	0	0.003	0.003	388.905	133.637	57	469	
8.5	8.75	3	14	3	3	137	57165	137	57165	0.003	0	0.003	0.003	417.263	114.413	57	533	
8.5	8.75	3	15	2	3	128	57292	128	57292	0.003	0	0.003	0.003	447.594	70.5624	121	485	
8.5	8.75	1	16	2	3	132	45792	133	45913	0.00305263	0.000606977	0.003	0.01	345.211	82.7912	57	533	
8.5	8.75	1	17	1	3	128	46028	129	46269	0.003	0	0.003	0.003	358.674	41.218	241	373	
8.5	8.75	1	18	5	3	128	46028	128	45896	0.003	0	0.003	0.003	358.562	41.3603	241	373	
8.5	8.75	1	19	4	3	134	45836	134	45776	0.003	0	0.003	0.003	341.612	82.0974	57	421	
8.5	8.75	1	20	3	3	204	46045	204	46013	0.003	0	0.003	0.003	225.554	151.998	26	405	
8.75	9	4	1	3	3	126	58314	126	58314	0.003	0	0.003	0.003	462.81	92.0099	201	597	
8.75	9	4	2	5	3	174	57782	174	57730	0.003	0	0.003	0.003	331.782	155.235	49	469	
8.75	9	4	3	1	3	156	57828	156	57840	0.00304487	0.000560449	0.003	0.01	370.769	143.088	57	533	
8.75	9	4	4	4	3	156	57896	156	57944	0.003	0	0.003	0.003	371.436	150.765	49	533	
8.75	9	4	5	2	3	134	58310	134	58198	0.003	0	0.003	0.003	434.313	91.5034	113	573	
8.75	9	2	6	5	3	188	53254	187	53139	0.003	0	0.003	0.003	284.166	133.97	32	469	
8.75	9	2	7	1	3	127	53366	127	53526	0.003	0	0.003	0.003	421.465	69.2191	145	597	
8.75	9	2	8	3	3	137	53439	138	53584	0.003	0	0.003	0.003	388.29	99.4008	73	533	
8.75	9	2	9	2	3	135	53167	135	53167	0.003	0	0.003	0.003	393.83	89.4161	93	485	
8.75	9	2	10	4	3	154	53590	154	53590	0.003	0	0.003	0.003	347.987	114.785	49	469	
8.75	9	3	11	5	3	165	57096	165	57144	0.003	0	0.003	0.003	346.327	159.032	49	469	
8.75	9	3	12	4	3	132	57295	132	57295	0.003	0	0.003	0.003	434.053	88.8772	113	573	
8.75	9	3	13	1	3	142	57138	143	57147	0.003	0	0.003	0.003	399.629	130.434	57	469	
8.75	9	3	14	3	3	135	57194	135	57146	0.003	0	0.003	0.003	423.304	106.569	56	533	
8.75	9	3	15	2	3	126	57274	126	57274	0.003	0	0.003	0.003	454.556	56.8911	121	485	
8.75	9	1	16	2	3	131	45923	131	45859	0.003	0	0.003	0.003	350.069	69.0647	57	421	
8.75	9	1	17	1	3	137	45941	137	45809	0.003	0	0.003	0.003	334.372	76.5298	121	373	
8.75	9	1	18	5	3	135	46307	134	46198	0.003	0	0.003	0.003	344.761	70.3893	121	485	
8.75	9	1	19	4	3	130	45860	131	46101	0.003	0	0.003	0.003	351.916	63.7694	57	421	
8.75	9	1	20	3	3	191	45911	191	45888	0.003	0	0.003	0.003	240.251	150.847	26	373	
9	9.25	4	1	3	3	128	58152	128	58152	0.003	0	0.003	0.003	454.313	91.4542	201	597	
9	9.25	4	2	5	3	160	58116	161	58217	0.003	0	0.003	0.003	361.596	155.009	49	533	
9	9.25	4	3	1	3	151	58043	151	58031	0.00313907	0.000980066	0.003	0.01	384.311	145.16	57	645	
9	9.25	4	4	4	3	150	57764	150	57716	0.003	0	0.003	0.003	384.773	140.726	47	533	
9	9.25	4	5	2	3	132	57980	132	57980	0.003	0	0.003	0.003	439.242	84.3088	113	573	
9	9.25	2	6	5	3	150	53643	150	53683	0.003	0	0.003	0.003	357.887	129.032	32	469	
9	9.25	2	7	1	3	128	53990	128	53830	0.003	0	0.003	0.003	420.547	72.3322	145	597	
9	9.25	2	8	3	3	146	53322	146	53322	0.003	0	0.003	0.003	365.219	115.817	73	453	
9	9.25	2	9	2	3	134	53754	134	53754	0.003	0	0.003	0.003	401.149	78.5744	93	485	
9	9.25	2	10	4	3	166	53330	166	53330	0.003	0	0.003	0.003	321.265	138.123	49	469	
9	9.25	3	11	5	3	164	57188	164	57140	0.003	0	0.003	0.003	348.415	158.827	49	469	
9	9.25	3	12	4	3	129	57253	129	57253	0.003	0	0.003	0.003	443.822	68.663	113	573	
9	9.25	3	13	1	3	143	57147	142	57138	0.003	0	0.003	0.003	402.38	124.171	57	469	
9	9.25	3	14	3	3	136	57132	136	57132	0.003	0	0.003	0.003	420.088	107.909	57	469	
9	9.25	3	15	2	3	127	57171	127	57283	0.003	0	0.003	0.003	451.047	64.2413	121	485	
9	9.25	1	16	2	3	134	46130	134	46130	0.00310448	0.000851965	0.003	0.01	344.254	84.6017	57	533	
9	9.25	1	17	1	3	130	46118	130	46118	0.003	0	0.003	0.003	354.754	52.653	121	485	
9	9.25	1	18	5	3	132	46116	132	46104	0.003	0	0.003	0.003	349.273	57.2813	121	373	
9	9.25	1	19	4	3	135	46135	135	45947	0.003	0	0.003	0.003	340.348	82.4161	57	421	
9	9.25	1	20	3	3	201	45666	202	45740	0.003	0	0.003	0.003	226.436	150.049	26	405	
9.25	9.5	4	1	3	3	126	57918	126	57918	0.003	0	0.003	0.003	459.667	94.1284	201	597	
9.25	9.5	4	2	5	3	172	57820	171	57819	0.003	0	0.003	0.003	338.123	158.386	49	533	
9.25	9.5	4	3	1	3	149	58165	149	58169	0.00309396	0.000808254	0.003	0.01	390.396	141.282	57	645	
9.25	9.5	4	4	4	3	177	58245	177	58245	0.003	0	0.003	0.003	329.068	147.974	49	533	
9.25	9.5	4	5	2	3	132	57888	132	57888	0.003	0	0.003	0.003	438.545	95.7907	113	573	
9.25	9.5	2	6	5	3	155	53543	155	53498	0.003	0	0.003	0.003	345.148	137.43	32	469	
9.25	9.5	2	7	1	3	133	53405	133	53405	0.003	0	0.003	0.003	401.541	81.6315	145	453	
9.25	9.5	2	8	3	3	142	53485	142	53565	0.003	0	0.003	0.003	377.218	113.253	73	453	
9.25	9.5	2	9	2	3	133	53657	133	53561	0.003	0	0.003	0.003	402.714	81.2378	93	485	
9.25	9.5	2	10	4	3	161	53489	161	53537	0.003	0	0.003	0.003	332.528	143.55	49	469	
9.25	9.5	3	11	5	3	161	57141	160	57136	0.003	0	0.003	0.003	357.1	154.151	49	469	
9.25	9.5	3	12	4	3	131	57367	130	57142	0.003	0	0.003	0.003	439.554	75.304	113	573	
9.25	9.5	3	13	1	3	149	57165	150	57174	0.003	0	0.003	0.003	381.16	138.204	57	469	
9.25	9.5	3	14	3	3	141	57135	141	57311	0.003	0	0.003	0.003	406.461	123.338	55	533	
9.25	9.5	3	15	2	3	128	57292	128	57180	0.003	0	0.003	0.003	446.719	70.7889	121	485	
9.25	9.5	1	16	2	3	129	45941	129	45941	0.003	0	0.003	0.003	356.132	60.0978	57	421	
9.25	9.5	1	17	1	3	131	45993	131	46125	0.003	0	0.003	0.003	352.099	55.1346	121	373	
9.25	9.5	1	18	5	3	141	46017	142	46138	0.003	0	0.003	0.003	324.915	84.0607	121	373	
9.25	9.5	1	19	4	3	132	45918	132	45982	0.003	0	0.003	0.003	348.348	74.6859	57	421	
9.25	9.5	1	20	3	3	193	45929	192	45855	0.003	0	0.003	0.003	238.828	151.888	26	373	
9.5	9.75	4	1	3	3	127	58527	127	58335	0.003	0	0.003	0.003	459.331	90.4443	201	597	
9.5	9.75	4	2	5	3	177	58016	178	58017	0.003	0	0.003	0.003	325.938	148.303	49	533	
9.5	9.75	4	3	1	3	152	57984	152	58040	0.00313816	0.000976881	0.003	0.01	381.842	143.021	57	597	
9.5	9.75	4	4	4	3	175	57887	174	57882	0.003	0	0.003	0.003	332.655	153.201	49	533	
9.5	9.75	4	5	2	3	134	58350	134	58350	0.003	0	0.003	0.003	435.448	98.5744	113	573	
9.5	9.75	2	6	5	3	156	53449	157	53481	0.003	0	0.003	0.003	340.643	138.012	32	469	
9.5	9.75	2	7	1	3	129	53657	129	53657	0.003	0	0.003	0.003	415.946	77.4702	145	597	
9.5	9.75	2	8	3	3	144	53691	144	53691	0.003	0	0.003	0.003	372.854	117.005	73	533	
9.5	9.75	2	9	2	3	130	53294	130	53390	0.003	0	0.003	0.003	410.692	73.4798	93	485	
9.5	9.75	2	10	4	3	150	53502	150	53406	0.003	0	0.003	0.003	356.04	126.916	49	469	
9.5	9.75	3	11	5	3	157	57171	158	57224	0.003	0	0.003	0.003	362.177	151.479	49	469	
9.5	9.75	3	12	4	3	130	57166	131	57271	0.003	0	0.003	0.003	437.183	77.9347	113	573	
9.5	9.75	3	13	1	3	153	57205	153	57205	0.003	0	0.003	0.003	373.889	144.086	57	469	
9.5	9.75	3	14	3	3	140	57188	140	57060	0.003	0	0.003	0.003	407.571	123.729	57	533	
9.5	9.75	3	15	2	3	128	57292	128	57292	0.003	0	0.003	0.003	447.594	70.5624	121	485	
9.5	9.75	1	16	2	3	134	45970	134	45970	0.003	0	0.003	0.003	343.06	82.3866	57	421	
9.5	9.75	1	17	1	3	129	46149	129	46017	0.003	0	0.003	0.003	356.721	46.2039	121	373	
9.5	9.75	1	18	5	3	129	46017	129	46149	0.003	0	0.003	0.003	357.744	45.0687	121	373	
9.5	9.75	1	19	4	3	136	45951	136	45951	0.003	0	0.003	0.003	337.875	87.8295	57	421	
9.5	9.75	1	20	3	3	198	45903	198	45902	0.003	0	0.003	0.003	231.828	152.5	26	405	
9.75	10	4	1	3	3	127	58143	127	58335	0.003	0	0.003	0.003	459.331	90.4443	201	597	
9.75	10	4	2	5	3	161	57993	161	57945	0.003	0	0.003	0.003	359.907	147.103	49	533	
9.75	10	4	3	1	3	155	58019	156	58028	0.00317949	0.00111	0.003	0.01	371.974	155.119	57	645	
9.75	10	4	4	4	3	163	58142	163	58142	0.003	0	0.003	0.003	356.699	150.631	49	533	
9.75	10	4	5	2	3	128	57772	128	57772	0.003	0	0.003	0.003	451.344	75.7759	113	573	
9.75	10	2	6	5	3	182	53349	182	53349	0.003	0	0.003	0.003	293.126	158.325	32	469	
9.75	10	2	7	1	3	127	53543	127	53543	0.003	0	0.003	0.003	421.598	66.5734	145	453	
9.75	10	2	8	3	3	140	53422	140	53422	0.003	0	0.003	0.003	381.586	106.51	73	533	
9.75	10	2	9	2	3	126	53422	126	53326	0.003	0	0.003	0.003	423.222	55.3113	93	485	
9.75	10	2	10	4	3	146	53351	146	53399	0.003	0	0.003	0.003	365.747	109.526	49	469	
9.75	10	3	11	5	3	161	57181	161	57133	0.003	0	0.003	0.003	354.863	156.55	49	469	
9.75	10	3	12	4	3	130	57246	130	57246	0.003	0	0.003	0.003	440.354	73.3868	113	573	
9.75	10	3	13	1	3	145	57117	145	57165	0.003	0	0.003	0.003	394.241	131.835	57	469	
9.75	10	3	14	3	3	134	57186	134	57138	0.003	0	0.003	0.003	426.403	102.147	57	533	
9.75	10	3	15	2	3	128	57180	128	57292	0.003	0	0.003	0.003	447.594	70.5624	121	485	
9.75	10	1	16	2	3	131	45987	131	45987	0.003	0	0.003	0.003	351.046	69.1564	57	421	
9.75	10	1	17	1	3	136	46084	135	46095	0.003	0	0.003	0.003	341.444	70.7008	121	373	
9.75	10	1	18	5	3	137	46105	137	45973	0.003	0	0.003	0.003	335.569	82.4261	121	485	
9.75	10	1	19	4	3	134	45902	134	45902	0.003	0	0.003	0.003	342.552	79.6532	57	421	
9.75	10	1	20	3	3	191	45864	192	45891	0.003	0	0.003	0.003	239.016	149.592	26	373	
