% start	end	CellId	IMSI	RNTI	LCID	nTxPDUs	TxBytes	nRxPDUs	RxBytes	delay	stdDev	min	max	PduSize	stdDev	min	max
0.5	0.75	4	1	5	3	225	44457	216	38230	0.00306481	0.000672007	0.003	0.01	176.991	0.136083	175	177	
0.5	0.75	4	2	3	3	227	31613	218	25506	0.003	0	0.003	0.003	117	0	117	117	
0.5	0.75	4	3	2	3	126	26934	114	20176	0.00907895	0.00237667	0.003	0.01	176.982	0.187317	175	177	
0.5	0.75	4	4	1	3	227	40413	218	34226	0.003	0	0.003	0.003	157	0	157	157	
0.5	0.75	4	5	4	3	234	57480	232	57030	0.00342241	0.00240004	0.003	0.017	245.819	105.659	225	839	
0.5	0.75	2	6	4	3	220	85130	218	84384	0.00386697	0.00231121	0.003	0.01	387.083	82.6687	341	839	
0.5	0.75	2	7	5	3	227	40413	218	34226	0.003	0	0.003	0.003	157	0	157	157	
0.5	0.75	2	8	2	3	232	45696	230	45342	0.00348696	0.00280942	0.003	0.024	197.139	113.968	175	839	
0.5	0.75	2	9	3	3	222	39386	213	33199	0.00316432	0.00106232	0.003	0.01	155.864	6.63291	117	157	
0.5	0.75	2	10	1	3	241	93155	239	92409	0.00320502	0.00118278	0.003	0.01	386.649	78.7393	373	839	
0.5	0.75	3	11	5	3	227	31613	218	25506	0.003	0	0.003	0.003	117	0	117	117	
0.5	0.75	3	12	3	3	124	26482	113	19901	0.00931858	0.00208423	0.003	0.01	176.115	4.13122	157	177	
0.5	0.75	3	13	1	3	211	63712	209	63142	0.00423923	0.00323594	0.003	0.017	302.115	100.604	225	839	
0.5	0.75	3	14	4	3	234	56948	232	56498	0.00342241	0.00240004	0.003	0.017	243.526	105.259	225	839	
0.5	0.75	3	15	2	3	234	82942	232	82260	0.00342241	0.00240004	0.003	0.017	354.569	86.092	285	839	
0.5	0.75	1	16	3	3	234	56948	232	56498	0.00342241	0.00240004	0.003	0.017	243.526	105.259	225	839	
0.5	0.75	1	17	2	3	227	40413	218	34226	0.003	0	0.003	0.003	157	0	157	157	
0.5	0.75	1	18	4	3	199	48785	196	48110	0.00475	0.00357107	0.003	0.017	245.459	114.819	177	839	
0.5	0.75	1	19	5	3	234	82942	232	82260	0.00342241	0.00240004	0.003	0.017	354.569	86.092	285	839	
0.5	0.75	1	20	1	3	145	30297	134	23716	0.00723134	0.00343558	0.003	0.01	176.985	0.172774	175	177	
0.75	1	4	1	5	3	250	44250	250	44250	0.003	0	0.003	0.003	177	0	177	177	
0.75	1	4	2	3	3	250	29248	250	29248	0.003	0	0.003	0.003	116.992	0.126491	115	117	
0.75	1	4	3	2	3	135	23895	135	23895	0.00896296	0.00249599	0.003	0.01	177	0	177	177	
0.75	1	4	4	1	3	250	39250	250	39250	0.003	0	0.003	0.003	157	0	157	157	
0.75	1	4	5	4	3	250	56248	250	56248	0.003	0	0.003	0.003	224.992	0.126491	223	225	
0.75	1	2	6	4	3	239	89147	237	88401	0.00335443	0.00153798	0.003	0.01	373	0	373	373	
0.75	1	2	7	5	3	250	39250	250	39250	0.003	0	0.003	0.003	157	0	157	157	
0.75	1	2	8	2	3	250	44250	250	44250	0.003	0	0.003	0.003	177	0	177	177	
0.75	1	2	9	3	3	247	38777	247	38777	0.00308502	0.000768312	0.003	0.01	156.992	0.0898012	156	157	
0.75	1	2	10	1	3	250	93244	250	93244	0.003	0	0.003	0.003	372.976	0.177624	371	373	
0.75	1	3	11	5	3	250	29248	250	29248	0.003	0	0.003	0.003	116.992	0.126491	115	117	
0.75	1	3	12	3	3	129	22833	127	22479	0.00961417	0.0016038	0.003	0.01	177	0	177	177	
0.75	1	3	13	1	3	228	64980	227	64695	0.00367841	0.00207548	0.003	0.01	285	0	285	285	
0.75	1	3	14	4	3	250	56247	250	56247	0.003	0	0.003	0.003	224.988	0.141194	223	225	
0.75	1	3	15	2	3	250	85250	250	85250	0.003	0	0.003	0.003	341	0	341	341	
0.75	1	1	16	3	3	250	56247	250	56247	0.003	0	0.003	0.003	224.988	0.141194	223	225	
0.75	1	1	17	2	3	250	39250	250	39250	0.003	0	0.003	0.003	157	0	157	157	
0.75	1	1	18	4	3	212	47698	213	47923	0.00424883	0.00268628	0.003	0.01	224.991	0.137038	223	225	
0.75	1	1	19	5	3	250	85250	250	85250	0.003	0	0.003	0.003	341	0	341	341	
0.75	1	1	20	1	3	153	27081	154	27258	0.00736364	0.00340284	0.003	0.01	177	0	177	177	
1	1.25	4	1	5	3	250	44250	250	44250	0.003	0	0.003	0.003	177	0	177	177	
1	1.25	4	2	3	3	250	29247	250	29247	0.003	0	0.003	0.003	116.988	0.109104	116	117	
1	1.25	4	3	2	3	135	23895	138	24426	0.00883333	0.00261825	0.003	0.01	177	0	177	177	
1	1.25	4	4	1	3	250	39250	250	39250	0.003	0	0.003	0.003	157	0	157	157	
1	1.25	4	5	4	3	250	56249	250	56249	0.003	0	0.003	0.003	224.996	0.0632456	224	225	
1	1.25	2	6	4	3	237	88397	239	89143	0.00338075	0.00159088	0.003	0.01	372.983	0.157889	371	373	
1	1.25	2	7	5	3	250	39250	250	39250	0.003	0	0.003	0.003	157	0	157	157	
1	1.25	2	8	2	3	250	44250	250	44250	0.003	0	0.003	0.003	177	0	177	177	
1	1.25	2	9	3	3	241	37835	241	37835	0.00326141	0.00132999	0.003	0.01	156.992	0.0909075	156	157	
1	1.25	2	10	1	3	250	93243	250	93243	0.003	0	0.003	0.003	372.972	0.165304	372	373	
1	1.25	3	11	5	3	250	29247	250	29247	0.003	0	0.003	0.003	116.988	0.109104	116	117	
1	1.25	3	12	3	3	131	23187	131	23187	0.00946565	0.00186588	0.003	0.01	177	0	177	177	
1	1.25	3	13	1	3	227	64695	225	64125	0.00371555	0.00212531	0.003	0.01	285	0	285	285	
1	1.25	3	14	4	3	250	56249	250	56249	0.003	0	0.003	0.003	224.996	0.0632456	224	225	
1	1.25	3	15	2	3	250	85248	250	85248	0.003	0	0.003	0.003	340.992	0.126491	339	341	
1	1.25	1	16	3	3	250	56249	250	56249	0.003	0	0.003	0.003	224.996	0.0632456	224	225	
1	1.25	1	17	2	3	250	39250	250	39250	0.003	0	0.003	0.003	157	0	157	157	
1	1.25	1	18	4	3	218	49049	218	49049	0.00402752	0.00248297	0.003	0.01	224.995	0.0677285	224	225	
1	1.25	1	19	5	3	250	85248	250	85248	0.003	0	0.003	0.003	340.992	0.126491	339	341	
1	1.25	1	20	1	3	156	27612	156	27612	0.00730769	0.0034165	0.003	0.01	177	0	177	177	
1.25	1.5	4	1	5	3	250	44250	250	44250	0.003	0	0.003	0.003	177	0	177	177	
1.25	1.5	4	2	3	3	249	29131	249	29131	0.00302811	0.000443607	0.003	0.01	116.992	0.0894413	116	117	
1.25	1.5	4	3	2	3	139	24603	135	23895	0.00880741	0.00264151	0.003	0.01	177	0	177	177	
1.25	1.5	4	4	1	3	250	39247	250	39247	0.003	0	0.003	0.003	156.988	0.141194	155	157	
1.25	1.5	4	5	4	3	250	56248	250	56248	0.003	0	0.003	0.003	224.992	0.0892629	224	225	
1.25	1.5	2	6	4	3	234	87276	234	87276	0.00347863	0.00177052	0.003	0.01	372.974	0.158401	372	373	
1.25	1.5	2	7	5	3	250	39247	250	39247	0.003	0	0.003	0.003	156.988	0.141194	155	157	
1.25	1.5	2	8	2	3	250	44250	250	44250	0.003	0	0.003	0.003	177	0	177	177	
1.25	1.5	2	9	3	3	243	38149	243	38149	0.00317284	0.00108852	0.003	0.01	156.992	0.0905342	156	157	
1.25	1.5	2	10	1	3	250	93243	250	93243	0.003	0	0.003	0.003	372.972	0.165304	372	373	
1.25	1.5	3	11	5	3	250	29248	250	29248	0.003	0	0.003	0.003	116.992	0.0892629	116	117	
1.25	1.5	3	12	3	3	131	23187	132	23364	0.00925757	0.00216362	0.003	0.01	177	0	177	177	
1.25	1.5	3	13	1	3	224	63840	226	64410	0.00380531	0.00223849	0.003	0.01	285	0	285	285	
1.25	1.5	3	14	4	3	250	56248	250	56248	0.003	0	0.003	0.003	224.992	0.0892629	224	225	
1.25	1.5	3	15	2	3	250	85248	250	85248	0.003	0	0.003	0.003	340.992	0.126491	339	341	
1.25	1.5	1	16	3	3	250	56248	250	56248	0.003	0	0.003	0.003	224.992	0.0892629	224	225	
1.25	1.5	1	17	2	3	250	39247	250	39247	0.003	0	0.003	0.003	156.988	0.141194	155	157	
1.25	1.5	1	18	4	3	208	46799	207	46574	0.00438647	0.00279657	0.003	0.01	224.995	0.0695048	224	225	
1.25	1.5	1	19	5	3	250	85248	250	85248	0.003	0	0.003	0.003	340.992	0.126491	339	341	
1.25	1.5	1	20	1	3	160	28320	158	27966	0.00694304	0.00348289	0.003	0.01	177	0	177	177	
1.5	1.75	4	1	5	3	250	44250	250	44250	0.003	0	0.003	0.003	177	0	177	177	
1.5	1.75	4	2	3	3	250	29247	250	29247	0.003	0	0.003	0.003	116.988	0.109104	116	117	
1.5	1.75	4	3	2	3	135	23895	136	24072	0.00891912	0.00253875	0.003	0.01	177	0	177	177	
1.5	1.75	4	4	1	3	250	39248	250	39248	0.003	0	0.003	0.003	156.992	0.0892629	156	157	
1.5	1.75	4	5	4	3	250	56248	250	56248	0.003	0	0.003	0.003	224.992	0.0892629	224	225	
1.5	1.75	2	6	4	3	231	86156	231	86156	0.00357576	0.0019274	0.003	0.01	372.97	0.171792	372	373	
1.5	1.75	2	7	5	3	250	39248	250	39248	0.003	0	0.003	0.003	156.992	0.0892629	156	157	
1.5	1.75	2	8	2	3	250	44250	250	44250	0.003	0	0.003	0.003	177	0	177	177	
1.5	1.75	2	9	3	3	241	37835	240	37678	0.00329167	0.00140171	0.003	0.01	156.992	0.0910959	156	157	
1.5	1.75	2	10	1	3	250	93243	250	93243	0.003	0	0.003	0.003	372.972	0.165304	372	373	
1.5	1.75	3	11	5	3	250	29247	250	29247	0.003	0	0.003	0.003	116.988	0.109104	116	117	
1.5	1.75	3	12	3	3	127	22479	128	22656	0.00967187	0.00148541	0.003	0.01	177	0	177	177	
1.5	1.75	3	13	1	3	220	62700	221	62985	0.00395023	0.00240308	0.003	0.01	285	0	285	285	
1.5	1.75	3	14	4	3	250	56249	250	56249	0.003	0	0.003	0.003	224.996	0.0632456	224	225	
1.5	1.75	3	15	2	3	250	85248	250	85248	0.003	0	0.003	0.003	340.992	0.126491	339	341	
1.5	1.75	1	16	3	3	250	56249	250	56249	0.003	0	0.003	0.003	224.996	0.0632456	224	225	
1.5	1.75	1	17	2	3	250	39248	250	39248	0.003	0	0.003	0.003	156.992	0.0892629	156	157	
1.5	1.75	1	18	4	3	209	47023	209	47023	0.0044067	0.00281175	0.003	0.01	224.99	0.0975878	224	225	
1.5	1.75	1	19	5	3	250	85248	250	85248	0.003	0	0.003	0.003	340.992	0.126491	339	341	
1.5	1.75	1	20	1	3	156	27612	159	28143	0.00718239	0.00344368	0.003	0.01	177	0	177	177	
1.75	2	4	1	5	3	250	44250	250	44250	0.003	0	0.003	0.003	177	0	177	177	
1.75	2	4	2	3	3	250	29248	250	29248	0.003	0	0.003	0.003	116.992	0.0892629	116	117	
1.75	2	4	3	2	3	135	23895	136	24072	0.00891912	0.00253875	0.003	0.01	177	0	177	177	
1.75	2	4	4	1	3	250	39247	250	39247	0.003	0	0.003	0.003	156.988	0.109104	156	157	
1.75	2	4	5	4	3	250	56249	250	56249	0.003	0	0.003	0.003	224.996	0.0632456	224	225	
1.75	2	2	6	4	3	237	88395	236	88022	0.00338559	0.00160041	0.003	0.01	372.975	0.157743	372	373	
1.75	2	2	7	5	3	250	39247	250	39247	0.003	0	0.003	0.003	156.988	0.109104	156	157	
1.75	2	2	8	2	3	250	44250	250	44250	0.003	0	0.003	0.003	177	0	177	177	
1.75	2	2	9	3	3	239	37520	240	37677	0.00332083	0.00146692	0.003	0.01	156.987	0.111335	156	157	
1.75	2	2	10	1	3	250	93244	250	93244	0.003	0	0.003	0.003	372.976	0.153356	372	373	
1.75	2	3	11	5	3	250	29248	250	29248	0.003	0	0.003	0.003	116.992	0.0892629	116	117	
1.75	2	3	12	3	3	129	22833	128	22656	0.00961719	0.00159784	0.003	0.01	177	0	177	177	
1.75	2	3	13	1	3	220	62700	220	62700	0.00395454	0.0024077	0.003	0.01	285	0	285	285	
1.75	2	3	14	4	3	250	56248	250	56248	0.003	0	0.003	0.003	224.992	0.0892629	224	225	
1.75	2	3	15	2	3	250	85250	250	85250	0.003	0	0.003	0.003	341	0	341	341	
1.75	2	1	16	3	3	250	56248	250	56248	0.003	0	0.003	0.003	224.992	0.0892629	224	225	
1.75	2	1	17	2	3	250	39247	250	39247	0.003	0	0.003	0.003	156.988	0.109104	156	157	
1.75	2	1	18	4	3	214	48149	215	48374	0.00417209	0.00261969	0.003	0.01	224.995	0.0681994	224	225	
1.75	2	1	19	5	3	250	85250	250	85250	0.003	0	0.003	0.003	341	0	341	341	
1.75	2	1	20	1	3	152	26904	151	26727	0.00754305	0.00335208	0.003	0.01	177	0	177	177	
2	2.25	4	1	5	3	250	44250	250	44250	0.003	0	0.003	0.003	177	0	177	177	
2	2.25	4	2	3	3	250	29247	250	29247	0.003	0	0.003	0.003	116.988	0.109104	116	117	
2	2.25	4	3	2	3	134	23718	133	23541	0.00915789	0.0022858	0.003	0.01	177	0	177	177	
2	2.25	4	4	1	3	250	39248	250	39248	0.003	0	0.003	0.003	156.992	0.0892629	156	157	
2	2.25	4	5	4	3	250	56248	250	56248	0.003	0	0.003	0.003	224.992	0.0892629	224	225	
2	2.25	2	6	4	3	232	86530	233	86903	0.00354077	0.00187297	0.003	0.01	372.974	0.158733	372	373	
2	2.25	2	7	5	3	250	39248	250	39248	0.003	0	0.003	0.003	156.992	0.0892629	156	157	
2	2.25	2	8	2	3	250	44250	250	44250	0.003	0	0.003	0.003	177	0	177	177	
2	2.25	2	9	3	3	246	38620	246	38620	0.00311382	0.000887126	0.003	0.01	156.992	0.0899828	156	157	
2	2.25	2	10	1	3	250	93243	250	93243	0.003	0	0.003	0.003	372.972	0.165304	372	373	
2	2.25	3	11	5	3	250	29247	250	29247	0.003	0	0.003	0.003	116.988	0.109104	116	117	
2	2.25	3	12	3	3	129	22833	130	23010	0.00956923	0.00168872	0.003	0.01	177	0	177	177	
2	2.25	3	13	1	3	220	62700	218	62130	0.00393119	0.0023827	0.003	0.01	285	0	285	285	
2	2.25	3	14	4	3	250	56249	250	56249	0.003	0	0.003	0.003	224.996	0.0632456	224	225	
2	2.25	3	15	2	3	250	85248	250	85248	0.003	0	0.003	0.003	340.992	0.126491	339	341	
2	2.25	1	16	3	3	250	56249	250	56249	0.003	0	0.003	0.003	224.996	0.0632456	224	225	
2	2.25	1	17	2	3	250	39248	250	39248	0.003	0	0.003	0.003	156.992	0.0892629	156	157	
2	2.25	1	18	4	3	210	47249	209	47024	0.00433971	0.00276037	0.003	0.01	224.995	0.0691714	224	225	
2	2.25	1	19	5	3	250	85248	250	85248	0.003	0	0.003	0.003	340.992	0.126491	339	341	
2	2.25	1	20	1	3	157	27789	157	27789	0.00710191	0.00345889	0.003	0.01	177	0	177	177	
2.25	2.5	4	1	5	3	250	44250	250	44250	0.003	0	0.003	0.003	177	0	177	177	
2.25	2.5	4	2	3	3	250	29248	250	29248	0.003	0	0.003	0.003	116.992	0.0892629	116	117	
2.25	2.5	4	3	2	3	138	24426	139	24603	0.00858993	0.00281768	0.003	0.01	177	0	177	177	
2.25	2.5	4	4	1	3	250	39248	250	39248	0.003	0	0.003	0.003	156.992	0.0892629	156	157	
2.25	2.5	4	5	4	3	250	56249	250	56249	0.003	0	0.003	0.003	224.996	0.0632456	224	225	
2.25	2.5	2	6	4	3	233	86902	233	86902	0.00351073	0.00182443	0.003	0.01	372.97	0.171073	372	373	
2.25	2.5	2	7	5	3	250	39248	250	39248	0.003	0	0.003	0.003	156.992	0.0892629	156	157	
2.25	2.5	2	8	2	3	250	44250	250	44250	0.003	0	0.003	0.003	177	0	177	177	
2.25	2.5	2	9	3	3	238	37364	238	37364	0.00335294	0.0015349	0.003	0.01	156.992	0.0914762	156	157	
2.25	2.5	2	10	1	3	250	93243	250	93243	0.003	0	0.003	0.003	372.972	0.165304	372	373	
2.25	2.5	3	11	5	3	250	29248	250	29248	0.003	0	0.003	0.003	116.992	0.0892629	116	117	
2.25	2.5	3	12	3	3	129	22833	129	22833	0.00962015	0.00159194	0.003	0.01	177	0	177	177	
2.25	2.5	3	13	1	3	219	62415	220	62700	0.00401818	0.00247354	0.003	0.01	285	0	285	285	
2.25	2.5	3	14	4	3	250	56248	250	56248	0.003	0	0.003	0.003	224.992	0.0892629	224	225	
2.25	2.5	3	15	2	3	250	85248	250	85248	0.003	0	0.003	0.003	340.992	0.126491	339	341	
2.25	2.5	1	16	3	3	250	56248	250	56248	0.003	0	0.003	0.003	224.992	0.0892629	224	225	
2.25	2.5	1	17	2	3	250	39248	250	39248	0.003	0	0.003	0.003	156.992	0.0892629	156	157	
2.25	2.5	1	18	4	3	212	47698	212	47699	0.00425472	0.00269126	0.003	0.01	224.995	0.0686803	224	225	
2.25	2.5	1	19	5	3	250	85248	250	85248	0.003	0	0.003	0.003	340.992	0.126491	339	341	
2.25	2.5	1	20	1	3	156	27612	156	27612	0.00721795	0.00343661	0.003	0.01	177	0	177	177	
2.5	2.75	4	1	5	3	250	44250	250	44250	0.003	0	0.003	0.003	177	0	177	177	
2.5	2.75	4	2	3	3	250	29247	250	29247	0.003	0	0.003	0.003	116.988	0.109104	116	117	
2.5	2.75	4	3	2	3	137	24249	136	24072	0.0087647	0.00267841	0.003	0.01	177	0	177	177	
2.5	2.75	4	4	1	3	250	39248	250	39248	0.003	0	0.003	0.003	156.992	0.0892629	156	157	
2.5	2.75	4	5	4	3	250	56248	250	56248	0.003	0	0.003	0.003	224.992	0.0892629	224	225	
2.5	2.75	2	6	4	3	237	88395	237	88395	0.00338397	0.00159722	0.003	0.01	372.975	0.157417	372	373	
2.5	2.75	2	7	5	3	250	39248	250	39248	0.003	0	0.003	0.003	156.992	0.0892629	156	157	
2.5	2.75	2	8	2	3	250	44250	250	44250	0.003	0	0.003	0.003	177	0	177	177	
2.5	2.75	2	9	3	3	240	37678	240	37678	0.00329167	0.00140171	0.003	0.01	156.992	0.0910959	156	157	
2.5	2.75	2	10	1	3	250	93243	250	93243	0.003	0	0.003	0.003	372.972	0.165304	372	373	
2.5	2.75	3	11	5	3	250	29247	250	29247	0.003	0	0.003	0.003	116.988	0.109104	116	117	
2.5	2.75	3	12	3	3	129	22833	128	22656	0.00961719	0.00159784	0.003	0.01	177	0	177	177	
2.5	2.75	3	13	1	3	220	62700	219	62415	0.0039589	0.00241234	0.003	0.01	285	0	285	285	
2.5	2.75	3	14	4	3	250	56248	250	56248	0.003	0	0.003	0.003	224.992	0.0892629	224	225	
2.5	2.75	3	15	2	3	250	85250	250	85250	0.003	0	0.003	0.003	341	0	341	341	
2.5	2.75	1	16	3	3	250	56248	250	56248	0.003	0	0.003	0.003	224.992	0.0892629	224	225	
2.5	2.75	1	17	2	3	250	39248	250	39248	0.003	0	0.003	0.003	156.992	0.0892629	156	157	
2.5	2.75	1	18	4	3	216	48599	215	48373	0.00410698	0.00256006	0.003	0.01	224.991	0.096223	224	225	
2.5	2.75	1	19	5	3	250	85250	250	85250	0.003	0	0.003	0.003	341	0	341	341	
2.5	2.75	1	20	1	3	156	27612	154	27258	0.00727273	0.00342477	0.003	0.01	177	0	177	177	
2.75	3	4	1	5	3	250	44250	250	44250	0.003	0	0.003	0.003	177	0	177	177	
2.75	3	4	2	3	3	250	29248	250	29248	0.003	0	0.003	0.003	116.992	0.0892629	116	117	
2.75	3	4	3	2	3	138	24426	137	24249	0.00882482	0.00262594	0.003	0.01	177	0	177	177	
2.75	3	4	4	1	3	250	39247	250	39247	0.003	0	0.003	0.003	156.988	0.109104	156	157	
2.75	3	4	5	4	3	250	56249	250	56249	0.003	0	0.003	0.003	224.996	0.0632456	224	225	
2.75	3	2	6	4	3	240	89513	239	89140	0.00329289	0.00140452	0.003	0.01	372.971	0.168968	372	373	
2.75	3	2	7	5	3	250	39247	250	39247	0.003	0	0.003	0.003	156.988	0.109104	156	157	
2.75	3	2	8	2	3	250	44250	250	44250	0.003	0	0.003	0.003	177	0	177	177	
2.75	3	2	9	3	3	248	38933	248	38933	0.00305645	0.000627345	0.003	0.01	156.988	0.109539	156	157	
2.75	3	2	10	1	3	250	93244	250	93244	0.003	0	0.003	0.003	372.976	0.153356	372	373	
2.75	3	3	11	5	3	250	29248	250	29248	0.003	0	0.003	0.003	116.992	0.0892629	116	117	
2.75	3	3	12	3	3	128	22656	129	22833	0.00956589	0.00169487	0.003	0.01	177	0	177	177	
2.75	3	3	13	1	3	222	63270	221	62985	0.00388688	0.00233372	0.003	0.01	285	0	285	285	
2.75	3	3	14	4	3	250	56249	250	56249	0.003	0	0.003	0.003	224.996	0.0632456	224	225	
2.75	3	3	15	2	3	250	85248	250	85248	0.003	0	0.003	0.003	340.992	0.126491	339	341	
2.75	3	1	16	3	3	250	56249	250	56249	0.003	0	0.003	0.003	224.996	0.0632456	224	225	
2.75	3	1	17	2	3	250	39247	250	39247	0.003	0	0.003	0.003	156.988	0.109104	156	157	
2.75	3	1	18	4	3	207	46574	209	47024	0.00444019	0.00283649	0.003	0.01	224.995	0.0691714	224	225	
2.75	3	1	19	5	3	250	85248	250	85248	0.003	0	0.003	0.003	340.992	0.126491	339	341	
2.75	3	1	20	1	3	156	27612	158	27966	0.00716456	0.00344726	0.003	0.01	177	0	177	177	
3	3.25	4	1	5	3	250	44250	250	44250	0.003	0	0.003	0.003	177	0	177	177	
3	3.25	4	2	3	3	250	29248	250	29248	0.003	0	0.003	0.003	116.992	0.0892629	116	117	
3	3.25	4	3	2	3	140	24780	140	24780	0.0085	0.00288259	0.003	0.01	177	0	177	177	
3	3.25	4	4	1	3	250	39248	250	39248	0.003	0	0.003	0.003	156.992	0.0892629	156	157	
3	3.25	4	5	4	3	250	56248	250	56248	0.003	0	0.003	0.003	224.992	0.0892629	224	225	
3	3.25	2	6	4	3	231	86157	231	86157	0.00357576	0.0019274	0.003	0.01	372.974	0.159403	372	373	
3	3.25	2	7	5	3	250	39248	250	39248	0.003	0	0.003	0.003	156.992	0.0892629	156	157	
3	3.25	2	8	2	3	250	44250	250	44250	0.003	0	0.003	0.003	177	0	177	177	
3	3.25	2	9	3	3	242	37992	241	37835	0.00323236	0.00125663	0.003	0.01	156.992	0.0909075	156	157	
3	3.25	2	10	1	3	250	93243	250	93243	0.003	0	0.003	0.003	372.972	0.165304	372	373	
3	3.25	3	11	5	3	250	29248	250	29248	0.003	0	0.003	0.003	116.992	0.0892629	116	117	
3	3.25	3	12	3	3	129	22833	128	22656	0.00961719	0.00159784	0.003	0.01	177	0	177	177	
3	3.25	3	13	1	3	225	64125	226	64410	0.00377434	0.0022005	0.003	0.01	285	0	285	285	
3	3.25	3	14	4	3	250	56248	250	56248	0.003	0	0.003	0.003	224.992	0.0892629	224	225	
3	3.25	3	15	2	3	250	85248	250	85248	0.003	0	0.003	0.003	340.992	0.126491	339	341	
3	3.25	1	16	3	3	250	56248	250	56248	0.003	0	0.003	0.003	224.992	0.0892629	224	225	
3	3.25	1	17	2	3	250	39248	250	39248	0.003	0	0.003	0.003	156.992	0.0892629	156	157	
3	3.25	1	18	4	3	219	49274	219	49274	0.00399087	0.00244572	0.003	0.01	224.995	0.0675737	224	225	
3	3.25	1	19	5	3	250	85248	250	85248	0.003	0	0.003	0.003	340.992	0.126491	339	341	
3	3.25	1	20	1	3	157	27789	156	27612	0.00721795	0.00343661	0.003	0.01	177	0	177	177	
3.25	3.5	4	1	5	3	250	44250	250	44250	0.003	0	0.003	0.003	177	0	177	177	
3.25	3.5	4	2	3	3	250	29247	250	29247	0.003	0	0.003	0.003	116.988	0.109104	116	117	
3.25	3.5	4	3	2	3	136	24072	137	24249	0.00877372	0.00267063	0.003	0.01	177	0	177	177	
3.25	3.5	4	4	1	3	250	39248	250	39248	0.003	0	0.003	0.003	156.992	0.0892629	156	157	
3.25	3.5	4	5	4	3	250	56249	250	56249	0.003	0	0.003	0.003	224.996	0.0632456	224	225	
3.25	3.5	2	6	4	3	232	86530	233	86903	0.00354077	0.00187297	0.003	0.01	372.974	0.158733	372	373	
3.25	3.5	2	7	5	3	250	39248	250	39248	0.003	0	0.003	0.003	156.992	0.0892629	156	157	
3.25	3.5	2	8	2	3	250	44250	250	44250	0.003	0	0.003	0.003	177	0	177	177	
3.25	3.5	2	9	3	3	240	37678	241	37835	0.00329046	0.00139891	0.003	0.01	156.992	0.0909075	156	157	
3.25	3.5	2	10	1	3	250	93243	250	93243	0.003	0	0.003	0.003	372.972	0.165304	372	373	
3.25	3.5	3	11	5	3	250	29247	250	29247	0.003	0	0.003	0.003	116.988	0.109104	116	117	
3.25	3.5	3	12	3	3	126	22302	129	22833	0.00972868	0.00135642	0.003	0.01	177	0	177	177	
3.25	3.5	3	13	1	3	224	63840	226	64410	0.00380531	0.00223849	0.003	0.01	285	0	285	285	
3.25	3.5	3	14	4	3	250	56249	250	56249	0.003	0	0.003	0.003	224.996	0.0632456	224	225	
3.25	3.5	3	15	2	3	250	85248	250	85248	0.003	0	0.003	0.003	340.992	0.126491	339	341	
3.25	3.5	1	16	3	3	250	56249	250	56249	0.003	0	0.003	0.003	224.996	0.0632456	224	225	
3.25	3.5	1	17	2	3	250	39248	250	39248	0.003	0	0.003	0.003	156.992	0.0892629	156	157	
3.25	3.5	1	18	4	3	211	47473	210	47248	0.0043	0.00272864	0.003	0.01	224.99	0.0973563	224	225	
3.25	3.5	1	19	5	3	250	85248	250	85248	0.003	0	0.003	0.003	340.992	0.126491	339	341	
3.25	3.5	1	20	1	3	155	27435	157	27789	0.00723567	0.00343276	0.003	0.01	177	0	177	177	
3.5	3.75	4	1	5	3	250	44250	250	44250	0.003	0	0.003	0.003	177	0	177	177	
3.5	3.75	4	2	3	3	250	29248	250	29248	0.003	0	0.003	0.003	116.992	0.0892629	116	117	
3.5	3.75	4	3	2	3	136	24072	137	24249	0.00882482	0.00262594	0.003	0.01	177	0	177	177	
3.5	3.75	4	4	1	3	250	39247	250	39247	0.003	0	0.003	0.003	156.988	0.109104	156	157	
3.5	3.75	4	5	4	3	250	56248	250	56248	0.003	0	0.003	0.003	224.992	0.0892629	224	225	
3.5	3.75	2	6	4	3	238	88767	238	88768	0.00335294	0.0015349	0.003	0.01	372.975	0.157093	372	373	
3.5	3.75	2	7	5	3	250	39247	250	39247	0.003	0	0.003	0.003	156.988	0.109104	156	157	
3.5	3.75	2	8	2	3	250	44250	250	44250	0.003	0	0.003	0.003	177	0	177	177	
3.5	3.75	2	9	3	3	242	37992	242	37992	0.0032314	0.00125411	0.003	0.01	156.992	0.0907203	156	157	
3.5	3.75	2	10	1	3	250	93243	250	93243	0.003	0	0.003	0.003	372.972	0.165304	372	373	
3.5	3.75	3	11	5	3	250	29248	250	29248	0.003	0	0.003	0.003	116.992	0.0892629	116	117	
3.5	3.75	3	12	3	3	132	23364	130	23010	0.0093	0.00210812	0.003	0.01	177	0	177	177	
3.5	3.75	3	13	1	3	227	64695	227	64695	0.00370925	0.00211695	0.003	0.01	285	0	285	285	
3.5	3.75	3	14	4	3	250	56248	250	56248	0.003	0	0.003	0.003	224.992	0.0892629	224	225	
3.5	3.75	3	15	2	3	250	85250	250	85250	0.003	0	0.003	0.003	341	0	341	341	
3.5	3.75	1	16	3	3	250	56248	250	56248	0.003	0	0.003	0.003	224.992	0.0892629	224	225	
3.5	3.75	1	17	2	3	250	39247	250	39247	0.003	0	0.003	0.003	156.988	0.109104	156	157	
3.5	3.75	1	18	4	3	215	48374	216	48599	0.00413426	0.00258539	0.003	0.01	224.995	0.0680414	224	225	
3.5	3.75	1	19	5	3	250	85250	250	85250	0.003	0	0.003	0.003	341	0	341	341	
3.5	3.75	1	20	1	3	154	27258	152	26904	0.00732895	0.00341166	0.003	0.01	177	0	177	177	
3.75	4	4	1	5	3	249	44073	249	44073	0.00302811	0.000443607	0.003	0.01	177	0	177	177	
3.75	4	4	2	3	3	250	29247	250	29247	0.003	0	0.003	0.003	116.988	0.109104	116	117	
3.75	4	4	3	2	3	137	24249	135	23895	0.00891111	0.00254648	0.003	0.01	177	0	177	177	
3.75	4	4	4	1	3	250	39248	250	39248	0.003	0	0.003	0.003	156.992	0.0892629	156	157	
3.75	4	4	5	4	3	250	56248	250	56248	0.003	0	0.003	0.003	224.992	0.0892629	224	225	
3.75	4	2	6	4	3	235	87649	235	87648	0.00344681	0.0017148	0.003	0.01	372.97	0.170363	372	373	
3.75	4	2	7	5	3	250	39248	250	39248	0.003	0	0.003	0.003	156.992	0.0892629	156	157	
3.75	4	2	8	2	3	250	44250	250	44250	0.003	0	0.003	0.003	177	0	177	177	
3.75	4	2	9	3	3	242	37992	242	37992	0.00320248	0.00117561	0.003	0.01	156.992	0.0907203	156	157	
3.75	4	2	10	1	3	250	93244	250	93244	0.003	0	0.003	0.003	372.976	0.153356	372	373	
3.75	4	3	11	5	3	250	29247	250	29247	0.003	0	0.003	0.003	116.988	0.109104	116	117	
3.75	4	3	12	3	3	132	23364	129	22833	0.0094031	0.00196262	0.003	0.01	177	0	177	177	
3.75	4	3	13	1	3	224	63840	223	63555	0.00378475	0.00221346	0.003	0.01	285	0	285	285	
3.75	4	3	14	4	3	250	56249	250	56249	0.003	0	0.003	0.003	224.996	0.0632456	224	225	
3.75	4	3	15	2	3	250	85248	250	85248	0.003	0	0.003	0.003	340.992	0.126491	339	341	
3.75	4	1	16	3	3	250	56249	250	56249	0.003	0	0.003	0.003	224.996	0.0632456	224	225	
3.75	4	1	17	2	3	250	39248	250	39248	0.003	0	0.003	0.003	156.992	0.0892629	156	157	
3.75	4	1	18	4	3	212	47699	211	47474	0.00426066	0.00269626	0.003	0.01	224.995	0.0688428	224	225	
3.75	4	1	19	5	3	250	85248	250	85248	0.003	0	0.003	0.003	340.992	0.126491	339	341	
3.75	4	1	20	1	3	153	27081	154	27258	0.00745454	0.00337831	0.003	0.01	177	0	177	177	
4	4.25	4	1	5	3	249	44073	249	44073	0.00302811	0.000443607	0.003	0.01	177	0	177	177	
4	4.25	4	2	3	3	250	29248	250	29248	0.003	0	0.003	0.003	116.992	0.0892629	116	117	
4	4.25	4	3	2	3	133	23541	136	24072	0.00897059	0.00248832	0.003	0.01	177	0	177	177	
4	4.25	4	4	1	3	250	39248	250	39248	0.003	0	0.003	0.003	156.992	0.0892629	156	157	
4	4.25	4	5	4	3	250	56249	250	56249	0.003	0	0.003	0.003	224.996	0.0632456	224	225	
4	4.25	2	6	4	3	239	89141	239	89141	0.00332217	0.00146985	0.003	0.01	372.975	0.156771	372	373	
4	4.25	2	7	5	3	250	39248	250	39248	0.003	0	0.003	0.003	156.992	0.0892629	156	157	
4	4.25	2	8	2	3	250	44250	250	44250	0.003	0	0.003	0.003	177	0	177	177	
4	4.25	2	9	3	3	244	38305	244	38305	0.00320082	0.00117091	0.003	0.01	156.988	0.110426	156	157	
4	4.25	2	10	1	3	250	93243	250	93243	0.003	0	0.003	0.003	372.972	0.165304	372	373	
4	4.25	3	11	5	3	250	29248	250	29248	0.003	0	0.003	0.003	116.992	0.0892629	116	117	
4	4.25	3	12	3	3	131	23187	133	23541	0.00936842	0.00201311	0.003	0.01	177	0	177	177	
4	4.25	3	13	1	3	225	64125	226	64410	0.00380531	0.00223849	0.003	0.01	285	0	285	285	
4	4.25	3	14	4	3	250	56248	250	56248	0.003	0	0.003	0.003	224.992	0.0892629	224	225	
4	4.25	3	15	2	3	250	85248	250	85248	0.003	0	0.003	0.003	340.992	0.126491	339	341	
4	4.25	1	16	3	3	250	56248	250	56248	0.003	0	0.003	0.003	224.992	0.0892629	224	225	
4	4.25	1	17	2	3	250	39248	250	39248	0.003	0	0.003	0.003	156.992	0.0892629	156	157	
4	4.25	1	18	4	3	210	47248	210	47248	0.00433333	0.00275531	0.003	0.01	224.99	0.0973563	224	225	
4	4.25	1	19	5	3	250	85248	250	85248	0.003	0	0.003	0.003	340.992	0.126491	339	341	
4	4.25	1	20	1	3	157	27789	155	27435	0.0072	0.0034404	0.003	0.01	177	0	177	177	
4.25	4.5	4	1	5	3	250	44250	250	44250	0.003	0	0.003	0.003	177	0	177	177	
4.25	4.5	4	2	3	3	250	29247	250	29247	0.003	0	0.003	0.003	116.988	0.109104	116	117	
4.25	4.5	4	3	2	3	138	24426	138	24426	0.00863043	0.00278703	0.003	0.01	177	0	177	177	
4.25	4.5	4	4	1	3	250	39247	250	39247	0.003	0	0.003	0.003	156.988	0.109104	156	157	
4.25	4.5	4	5	4	3	250	56248	250	56248	0.003	0	0.003	0.003	224.992	0.0892629	224	225	
4.25	4.5	2	6	4	3	235	87648	235	87648	0.00344681	0.0017148	0.003	0.01	372.97	0.170363	372	373	
4.25	4.5	2	7	5	3	250	39247	250	39247	0.003	0	0.003	0.003	156.988	0.109104	156	157	
4.25	4.5	2	8	2	3	250	44250	250	44250	0.003	0	0.003	0.003	177	0	177	177	
4.25	4.5	2	9	3	3	242	37992	242	37992	0.00320248	0.00117561	0.003	0.01	156.992	0.0907203	156	157	
4.25	4.5	2	10	1	3	250	93243	250	93243	0.003	0	0.003	0.003	372.972	0.165304	372	373	
4.25	4.5	3	11	5	3	250	29247	250	29247	0.003	0	0.003	0.003	116.988	0.109104	116	117	
4.25	4.5	3	12	3	3	128	22656	128	22656	0.0095625	0.00170109	0.003	0.01	177	0	177	177	
4.25	4.5	3	13	1	3	227	64695	226	64410	0.00371239	0.00212112	0.003	0.01	285	0	285	285	
4.25	4.5	3	14	4	3	250	56249	250	56249	0.003	0	0.003	0.003	224.996	0.0632456	224	225	
4.25	4.5	3	15	2	3	250	85250	250	85250	0.003	0	0.003	0.003	341	0	341	341	
4.25	4.5	1	16	3	3	250	56249	250	56249	0.003	0	0.003	0.003	224.996	0.0632456	224	225	
4.25	4.5	1	17	2	3	250	39247	250	39247	0.003	0	0.003	0.003	156.988	0.109104	156	157	
4.25	4.5	1	18	4	3	218	49049	218	49049	0.00402752	0.00248297	0.003	0.01	224.995	0.0677285	224	225	
4.25	4.5	1	19	5	3	250	85250	250	85250	0.003	0	0.003	0.003	341	0	341	341	
4.25	4.5	1	20	1	3	159	28143	161	28497	0.00695652	0.00348093	0.003	0.01	177	0	177	177	
4.5	4.75	4	1	5	3	250	44250	250	44250	0.003	0	0.003	0.003	177	0	177	177	
4.5	4.75	4	2	3	3	250	29248	250	29248	0.003	0	0.003	0.003	116.992	0.0892629	116	117	
4.5	4.75	4	3	2	3	137	24249	136	24072	0.00891912	0.00253875	0.003	0.01	177	0	177	177	
4.5	4.75	4	4	1	3	250	39248	250	39248	0.003	0	0.003	0.003	156.992	0.0892629	156	157	
4.5	4.75	4	5	4	3	250	56249	250	56249	0.003	0	0.003	0.003	224.996	0.0632456	224	225	
4.5	4.75	2	6	4	3	231	86157	230	85784	0.00357826	0.00193123	0.003	0.01	372.974	0.159742	372	373	
4.5	4.75	2	7	5	3	250	39248	250	39248	0.003	0	0.003	0.003	156.992	0.0892629	156	157	
4.5	4.75	2	8	2	3	250	44250	250	44250	0.003	0	0.003	0.003	177	0	177	177	
4.5	4.75	2	9	3	3	243	38149	242	37992	0.0032314	0.00125411	0.003	0.01	156.992	0.0907203	156	157	
4.5	4.75	2	10	1	3	250	93243	250	93243	0.003	0	0.003	0.003	372.972	0.165304	372	373	
4.5	4.75	3	11	5	3	250	29248	250	29248	0.003	0	0.003	0.003	116.992	0.0892629	116	117	
4.5	4.75	3	12	3	3	131	23187	133	23541	0.00931579	0.00208664	0.003	0.01	177	0	177	177	
4.5	4.75	3	13	1	3	225	64125	226	64410	0.00374336	0.00216139	0.003	0.01	285	0	285	285	
4.5	4.75	3	14	4	3	250	56248	250	56248	0.003	0	0.003	0.003	224.992	0.0892629	224	225	
4.5	4.75	3	15	2	3	250	85248	250	85248	0.003	0	0.003	0.003	340.992	0.126491	339	341	
4.5	4.75	1	16	3	3	250	56248	250	56248	0.003	0	0.003	0.003	224.992	0.0892629	224	225	
4.5	4.75	1	17	2	3	250	39248	250	39248	0.003	0	0.003	0.003	156.992	0.0892629	156	157	
4.5	4.75	1	18	4	3	206	46349	205	46124	0.00446829	0.00285692	0.003	0.01	224.995	0.069843	224	225	
4.5	4.75	1	19	5	3	250	85248	250	85248	0.003	0	0.003	0.003	340.992	0.126491	339	341	
4.5	4.75	1	20	1	3	158	27966	159	28143	0.00709434	0.00346007	0.003	0.01	177	0	177	177	
4.75	5	4	1	5	3	250	44250	250	44250	0.003	0	0.003	0.003	177	0	177	177	
4.75	5	4	2	3	3	250	29247	250	29247	0.003	0	0.003	0.003	116.988	0.109104	116	117	
4.75	5	4	3	2	3	132	23364	133	23541	0.00910526	0.00234606	0.003	0.01	177	0	177	177	
4.75	5	4	4	1	3	250	39248	250	39248	0.003	0	0.003	0.003	156.992	0.0892629	156	157	
4.75	5	4	5	4	3	250	56248	250	56248	0.003	0	0.003	0.003	224.992	0.0892629	224	225	
4.75	5	2	6	4	3	239	89141	240	89514	0.00332083	0.00146692	0.003	0.01	372.975	0.156451	372	373	
4.75	5	2	7	5	3	250	39248	250	39248	0.003	0	0.003	0.003	156.992	0.0892629	156	157	
4.75	5	2	8	2	3	250	44250	250	44250	0.003	0	0.003	0.003	177	0	177	177	
4.75	5	2	9	3	3	241	37835	242	37992	0.00326033	0.00132734	0.003	0.01	156.992	0.0907203	156	157	
4.75	5	2	10	1	3	250	93243	250	93244	0.003	0	0.003	0.003	372.976	0.153356	372	373	
4.75	5	3	11	5	3	250	29247	250	29247	0.003	0	0.003	0.003	116.988	0.109104	116	117	
4.75	5	3	12	3	3	128	22656	126	22302	0.00972222	0.00137194	0.003	0.01	177	0	177	177	
4.75	5	3	13	1	3	226	64410	226	64410	0.00377434	0.0022005	0.003	0.01	285	0	285	285	
4.75	5	3	14	4	3	250	56248	250	56249	0.003	0	0.003	0.003	224.996	0.0632456	224	225	
4.75	5	3	15	2	3	250	85248	250	85248	0.003	0	0.003	0.003	340.992	0.126491	339	341	
4.75	5	1	16	3	3	250	56248	250	56249	0.003	0	0.003	0.003	224.996	0.0632456	224	225	
4.75	5	1	17	2	3	250	39248	250	39248	0.003	0	0.003	0.003	156.992	0.0892629	156	157	
4.75	5	1	18	4	3	211	47473	212	47698	0.00432075	0.00274526	0.003	0.01	224.991	0.0968982	224	225	
4.75	5	1	19	5	3	250	85248	250	85248	0.003	0	0.003	0.003	340.992	0.126491	339	341	
4.75	5	1	20	1	3	164	29028	162	28674	0.00671605	0.00350416	0.003	0.01	177	0	177	177	
5	5.25	4	1	5	3	250	44250	250	44250	0.003	0	0.003	0.003	177	0	177	177	
5	5.25	4	2	3	3	250	29248	250	29248	0.003	0	0.003	0.003	116.992	0.0892629	116	117	
5	5.25	4	3	2	3	144	25488	141	24957	0.0083617	0.00297436	0.003	0.01	177	0	177	177	
5	5.25	4	4	1	3	250	39248	250	39248	0.003	0	0.003	0.003	156.992	0.0892629	156	157	
5	5.25	4	5	4	3	250	56249	250	56249	0.003	0	0.003	0.003	224.996	0.0632456	224	225	
5	5.25	2	6	4	3	232	86529	232	86529	0.0035431	0.00187668	0.003	0.01	372.97	0.171431	372	373	
5	5.25	2	7	5	3	250	39248	250	39248	0.003	0	0.003	0.003	156.992	0.0892629	156	157	
5	5.25	2	8	2	3	250	44250	250	44250	0.003	0	0.003	0.003	177	0	177	177	
5	5.25	2	9	3	3	245	38462	245	38462	0.00314286	0.000991769	0.003	0.01	156.988	0.110202	156	157	
5	5.25	2	10	1	3	250	93244	250	93243	0.003	0	0.003	0.003	372.972	0.165304	372	373	
5	5.25	3	11	5	3	250	29248	250	29248	0.003	0	0.003	0.003	116.992	0.0892629	116	117	
5	5.25	3	12	3	3	131	23187	131	23187	0.00941221	0.00194885	0.003	0.01	177	0	177	177	
5	5.25	3	13	1	3	221	62985	221	62985	0.00391855	0.00236886	0.003	0.01	285	0	285	285	
5	5.25	3	14	4	3	250	56249	250	56248	0.003	0	0.003	0.003	224.992	0.0892629	224	225	
5	5.25	3	15	2	3	250	85248	250	85248	0.003	0	0.003	0.003	340.992	0.126491	339	341	
5	5.25	1	16	3	3	250	56249	250	56248	0.003	0	0.003	0.003	224.992	0.0892629	224	225	
5	5.25	1	17	2	3	250	39248	250	39248	0.003	0	0.003	0.003	156.992	0.0892629	156	157	
5	5.25	1	18	4	3	210	47249	208	46799	0.00434615	0.00276545	0.003	0.01	224.995	0.0693375	224	225	
5	5.25	1	19	5	3	250	85248	250	85248	0.003	0	0.003	0.003	340.992	0.126491	339	341	
5	5.25	1	20	1	3	162	28674	162	28674	0.00675926	0.00350121	0.003	0.01	177	0	177	177	
5.25	5.5	4	1	5	3	250	44250	250	44250	0.003	0	0.003	0.003	177	0	177	177	
5.25	5.5	4	2	3	3	250	29247	250	29247	0.003	0	0.003	0.003	116.988	0.109104	116	117	
5.25	5.5	4	3	2	3	133	23541	133	23541	0.00910526	0.00234606	0.003	0.01	177	0	177	177	
5.25	5.5	4	4	1	3	250	39247	250	39247	0.003	0	0.003	0.003	156.988	0.109104	156	157	
5.25	5.5	4	5	4	3	250	56248	250	56248	0.003	0	0.003	0.003	224.992	0.0892629	224	225	
5.25	5.5	2	6	4	3	236	88022	236	88022	0.00341525	0.0016571	0.003	0.01	372.975	0.157743	372	373	
5.25	5.5	2	7	5	3	250	39247	250	39247	0.003	0	0.003	0.003	156.988	0.109104	156	157	
5.25	5.5	2	8	2	3	250	44250	250	44250	0.003	0	0.003	0.003	177	0	177	177	
5.25	5.5	2	9	3	3	241	37835	241	37835	0.00326141	0.00132999	0.003	0.01	156.992	0.0909075	156	157	
5.25	5.5	2	10	1	3	250	93243	250	93243	0.003	0	0.003	0.003	372.972	0.165304	372	373	
5.25	5.5	3	11	5	3	250	29247	250	29247	0.003	0	0.003	0.003	116.988	0.109104	116	117	
5.25	5.5	3	12	3	3	128	22656	128	22656	0.00967187	0.00148541	0.003	0.01	177	0	177	177	
5.25	5.5	3	13	1	3	219	62415	218	62130	0.00399541	0.00245043	0.003	0.01	285	0	285	285	
5.25	5.5	3	14	4	3	250	56248	250	56248	0.003	0	0.003	0.003	224.992	0.0892629	224	225	
5.25	5.5	3	15	2	3	250	85250	250	85250	0.003	0	0.003	0.003	341	0	341	341	
5.25	5.5	1	16	3	3	250	56248	250	56248	0.003	0	0.003	0.003	224.992	0.0892629	224	225	
5.25	5.5	1	17	2	3	250	39247	250	39247	0.003	0	0.003	0.003	156.988	0.109104	156	157	
5.25	5.5	1	18	4	3	201	45224	204	45899	0.00464706	0.00297658	0.003	0.01	224.995	0.070014	224	225	
5.25	5.5	1	19	5	3	250	85250	250	85250	0.003	0	0.003	0.003	341	0	341	341	
5.25	5.5	1	20	1	3	162	28674	163	28851	0.00682208	0.00349589	0.003	0.01	177	0	177	177	
5.5	5.75	4	1	5	3	249	44073	249	44073	0.00302811	0.000443607	0.003	0.01	177	0	177	177	
5.5	5.75	4	2	3	3	250	29248	250	29248	0.003	0	0.003	0.003	116.992	0.0892629	116	117	
5.5	5.75	4	3	2	3	130	23010	133	23541	0.00936842	0.00201311	0.003	0.01	177	0	177	177	
5.5	5.75	4	4	1	3	250	39248	250	39248	0.003	0	0.003	0.003	156.992	0.0892629	156	157	
5.5	5.75	4	5	4	3	250	56249	250	56249	0.003	0	0.003	0.003	224.996	0.0632456	224	225	
5.5	5.75	2	6	4	3	238	88768	238	88768	0.00335294	0.0015349	0.003	0.01	372.975	0.157093	372	373	
5.5	5.75	2	7	5	3	250	39248	250	39248	0.003	0	0.003	0.003	156.992	0.0892629	156	157	
5.5	5.75	2	8	2	3	250	44250	250	44250	0.003	0	0.003	0.003	177	0	177	177	
5.5	5.75	2	9	3	3	244	38306	244	38306	0.00317213	0.00108634	0.003	0.01	156.992	0.0903493	156	157	
5.5	5.75	2	10	1	3	250	93243	250	93243	0.003	0	0.003	0.003	372.972	0.165304	372	373	
5.5	5.75	3	11	5	3	250	29248	250	29248	0.003	0	0.003	0.003	116.992	0.0892629	116	117	
5.5	5.75	3	12	3	3	131	23187	130	23010	0.00940769	0.0019557	0.003	0.01	177	0	177	177	
5.5	5.75	3	13	1	3	218	62130	217	61845	0.004	0.00245515	0.003	0.01	285	0	285	285	
5.5	5.75	3	14	4	3	250	56249	250	56249	0.003	0	0.003	0.003	224.996	0.0632456	224	225	
5.5	5.75	3	15	2	3	250	85248	250	85248	0.003	0	0.003	0.003	340.992	0.126491	339	341	
5.5	5.75	1	16	3	3	250	56249	250	56249	0.003	0	0.003	0.003	224.996	0.0632456	224	225	
5.5	5.75	1	17	2	3	250	39248	250	39248	0.003	0	0.003	0.003	156.992	0.0892629	156	157	
5.5	5.75	1	18	4	3	218	49048	217	48823	0.00406452	0.00251946	0.003	0.01	224.991	0.0957806	224	225	
5.5	5.75	1	19	5	3	250	85248	250	85248	0.003	0	0.003	0.003	340.992	0.126491	339	341	
5.5	5.75	1	20	1	3	149	26373	149	26373	0.00774497	0.00328213	0.003	0.01	177	0	177	177	
5.75	6	4	1	5	3	248	43896	248	43896	0.00302822	0.0004445	0.003	0.01	177	0	177	177	
5.75	6	4	2	3	3	250	29247	250	29247	0.003	0	0.003	0.003	116.988	0.109104	116	117	
5.75	6	4	3	2	3	135	23895	136	24072	0.00881618	0.00263369	0.003	0.01	177	0	177	177	
5.75	6	4	4	1	3	250	39248	250	39248	0.003	0	0.003	0.003	156.992	0.0892629	156	157	
5.75	6	4	5	4	3	250	56248	250	56248	0.003	0	0.003	0.003	224.992	0.0892629	224	225	
5.75	6	2	6	4	3	234	87275	234	87275	0.00347863	0.00177052	0.003	0.01	372.97	0.170717	372	373	
5.75	6	2	7	5	3	250	39248	250	39248	0.003	0	0.003	0.003	156.992	0.0892629	156	157	
5.75	6	2	8	2	3	250	44250	250	44250	0.003	0	0.003	0.003	177	0	177	177	
5.75	6	2	9	3	3	243	38149	243	38149	0.00320165	0.00117325	0.003	0.01	156.992	0.0905342	156	157	
5.75	6	2	10	1	3	250	93243	250	93244	0.003	0	0.003	0.003	372.976	0.153356	372	373	
5.75	6	3	11	5	3	250	29247	250	29247	0.003	0	0.003	0.003	116.988	0.109104	116	117	
5.75	6	3	12	3	3	130	23010	129	22833	0.00945736	0.00187919	0.003	0.01	177	0	177	177	
5.75	6	3	13	1	3	220	62700	221	62985	0.0039819	0.0024364	0.003	0.01	285	0	285	285	
5.75	6	3	14	4	3	250	56248	250	56248	0.003	0	0.003	0.003	224.992	0.0892629	224	225	
5.75	6	3	15	2	3	250	85248	250	85248	0.003	0	0.003	0.003	340.992	0.126491	339	341	
5.75	6	1	16	3	3	250	56248	250	56248	0.003	0	0.003	0.003	224.992	0.0892629	224	225	
5.75	6	1	17	2	3	250	39248	250	39248	0.003	0	0.003	0.003	156.992	0.0892629	156	157	
5.75	6	1	18	4	3	205	46124	205	46124	0.00450244	0.00288101	0.003	0.01	224.995	0.069843	224	225	
5.75	6	1	19	5	3	250	85248	250	85248	0.003	0	0.003	0.003	340.992	0.126491	339	341	
5.75	6	1	20	1	3	158	27966	156	27612	0.0071282	0.00345425	0.003	0.01	177	0	177	177	
6	6.25	4	1	5	3	250	44250	250	44250	0.003028	0.000442719	0.003	0.01	177	0	177	177	
6	6.25	4	2	3	3	249	29131	249	29131	0.00302811	0.000443607	0.003	0.01	116.992	0.0894413	116	117	
6	6.25	4	3	2	3	137	24249	134	23718	0.00900746	0.00245101	0.003	0.01	177	0	177	177	
6	6.25	4	4	1	3	250	39247	250	39247	0.003	0	0.003	0.003	156.988	0.109104	156	157	
6	6.25	4	5	4	3	250	56248	250	56248	0.003	0	0.003	0.003	224.992	0.0892629	224	225	
6	6.25	2	6	4	3	228	85038	228	85038	0.00367544	0.00207139	0.003	0.01	372.974	0.160425	372	373	
6	6.25	2	7	5	3	250	39247	250	39247	0.003	0	0.003	0.003	156.988	0.109104	156	157	
6	6.25	2	8	2	3	250	44250	250	44250	0.003	0	0.003	0.003	177	0	177	177	
6	6.25	2	9	3	3	246	38619	246	38619	0.00311382	0.000887126	0.003	0.01	156.988	0.10998	156	157	
6	6.25	2	10	1	3	250	93244	250	93243	0.003	0	0.003	0.003	372.972	0.165304	372	373	
6	6.25	3	11	5	3	250	29248	250	29248	0.003	0	0.003	0.003	116.992	0.0892629	116	117	
6	6.25	3	12	3	3	130	23010	132	23364	0.0094697	0.00185933	0.003	0.01	177	0	177	177	
6	6.25	3	13	1	3	226	64410	226	64410	0.00374336	0.00216139	0.003	0.01	285	0	285	285	
6	6.25	3	14	4	3	250	56249	250	56249	0.003	0	0.003	0.003	224.996	0.0632456	224	225	
6	6.25	3	15	2	3	250	85250	250	85250	0.003	0	0.003	0.003	341	0	341	341	
6	6.25	1	16	3	3	250	56249	250	56249	0.003	0	0.003	0.003	224.996	0.0632456	224	225	
6	6.25	1	17	2	3	250	39247	250	39247	0.003	0	0.003	0.003	156.988	0.109104	156	157	
6	6.25	1	18	4	3	199	44774	198	44549	0.00483838	0.00308824	0.003	0.01	224.995	0.0710669	224	225	
6	6.25	1	19	5	3	250	85250	250	85250	0.003	0	0.003	0.003	341	0	341	341	
6	6.25	1	20	1	3	150	26550	152	26904	0.00755921	0.0033469	0.003	0.01	177	0	177	177	
6.25	6.5	4	1	5	3	249	44073	249	44073	0.00302811	0.000443607	0.003	0.01	177	0	177	177	
6.25	6.5	4	2	3	3	250	29247	250	29247	0.003	0	0.003	0.003	116.988	0.109104	116	117	
6.25	6.5	4	3	2	3	132	23364	133	23541	0.00915789	0.0022858	0.003	0.01	177	0	177	177	
6.25	6.5	4	4	1	3	250	39248	250	39248	0.003	0	0.003	0.003	156.992	0.0892629	156	157	
6.25	6.5	4	5	4	3	250	56249	250	56249	0.003	0	0.003	0.003	224.996	0.0632456	224	225	
6.25	6.5	2	6	4	3	231	86157	231	86157	0.00354545	0.00188042	0.003	0.01	372.974	0.159403	372	373	
6.25	6.5	2	7	5	3	250	39248	250	39248	0.003	0	0.003	0.003	156.992	0.0892629	156	157	
6.25	6.5	2	8	2	3	250	44250	250	44250	0.003	0	0.003	0.003	177	0	177	177	
6.25	6.5	2	9	3	3	244	38306	244	38306	0.00317213	0.00108634	0.003	0.01	156.992	0.0903493	156	157	
6.25	6.5	2	10	1	3	250	93243	250	93243	0.003	0	0.003	0.003	372.972	0.165304	372	373	
6.25	6.5	3	11	5	3	250	29247	250	29247	0.003	0	0.003	0.003	116.988	0.109104	116	117	
6.25	6.5	3	12	3	3	129	22833	132	23364	0.00931061	0.00209373	0.003	0.01	177	0	177	177	
6.25	6.5	3	13	1	3	226	64410	226	64410	0.00371239	0.00212112	0.003	0.01	285	0	285	285	
6.25	6.5	3	14	4	3	250	56248	250	56248	0.003	0	0.003	0.003	224.992	0.0892629	224	225	
6.25	6.5	3	15	2	3	250	85248	250	85248	0.003	0	0.003	0.003	340.992	0.126491	339	341	
6.25	6.5	1	16	3	3	250	56248	250	56248	0.003	0	0.003	0.003	224.992	0.0892629	224	225	
6.25	6.5	1	17	2	3	250	39248	250	39248	0.003	0	0.003	0.003	156.992	0.0892629	156	157	
6.25	6.5	1	18	4	3	211	47474	212	47699	0.00428773	0.00271859	0.003	0.01	224.995	0.0686803	224	225	
6.25	6.5	1	19	5	3	250	85248	250	85248	0.003	0	0.003	0.003	340.992	0.126491	339	341	
6.25	6.5	1	20	1	3	160	28320	159	28143	0.00700629	0.00347413	0.003	0.01	177	0	177	177	
6.5	6.75	4	1	5	3	250	44250	250	44250	0.003	0	0.003	0.003	177	0	177	177	
6.5	6.75	4	2	3	3	250	29248	250	29248	0.003	0	0.003	0.003	116.992	0.0892629	116	117	
6.5	6.75	4	3	2	3	135	23895	136	24072	0.00897059	0.00248832	0.003	0.01	177	0	177	177	
6.5	6.75	4	4	1	3	250	39248	250	39248	0.003	0	0.003	0.003	156.992	0.0892629	156	157	
6.5	6.75	4	5	4	3	250	56248	250	56248	0.003	0	0.003	0.003	224.992	0.0892629	224	225	
6.5	6.75	2	6	4	3	231	86157	230	85784	0.00360869	0.0019767	0.003	0.01	372.974	0.159742	372	373	
6.5	6.75	2	7	5	3	250	39248	250	39248	0.003	0	0.003	0.003	156.992	0.0892629	156	157	
6.5	6.75	2	8	2	3	250	44250	250	44250	0.003	0	0.003	0.003	177	0	177	177	
6.5	6.75	2	9	3	3	243	38149	243	38149	0.00317284	0.00108852	0.003	0.01	156.992	0.0905342	156	157	
6.5	6.75	2	10	1	3	250	93243	250	93243	0.003	0	0.003	0.003	372.972	0.165304	372	373	
6.5	6.75	3	11	5	3	250	29248	250	29248	0.003	0	0.003	0.003	116.992	0.0892629	116	117	
6.5	6.75	3	12	3	3	131	23187	128	22656	0.00950781	0.00179674	0.003	0.01	177	0	177	177	
6.5	6.75	3	13	1	3	217	61845	218	62130	0.00405963	0.00251468	0.003	0.01	285	0	285	285	
6.5	6.75	3	14	4	3	250	56249	250	56249	0.003	0	0.003	0.003	224.996	0.0632456	224	225	
6.5	6.75	3	15	2	3	250	85248	250	85248	0.003	0	0.003	0.003	340.992	0.126491	339	341	
6.5	6.75	1	16	3	3	250	56249	250	56249	0.003	0	0.003	0.003	224.996	0.0632456	224	225	
6.5	6.75	1	17	2	3	250	39248	250	39248	0.003	0	0.003	0.003	156.992	0.0892629	156	157	
6.5	6.75	1	18	4	3	216	48598	217	48823	0.00409677	0.00255039	0.003	0.01	224.991	0.0957806	224	225	
6.5	6.75	1	19	5	3	250	85248	250	85248	0.003	0	0.003	0.003	340.992	0.126491	339	341	
6.5	6.75	1	20	1	3	158	27966	158	27966	0.00703164	0.00347039	0.003	0.01	177	0	177	177	
6.75	7	4	1	5	3	249	44073	249	44073	0.00302811	0.000443607	0.003	0.01	177	0	177	177	
6.75	7	4	2	3	3	250	29247	250	29247	0.003	0	0.003	0.003	116.988	0.109104	116	117	
6.75	7	4	3	2	3	136	24072	135	23895	0.00891111	0.00254648	0.003	0.01	177	0	177	177	
6.75	7	4	4	1	3	250	39248	250	39248	0.003	0	0.003	0.003	156.992	0.0892629	156	157	
6.75	7	4	5	4	3	250	56249	250	56249	0.003	0	0.003	0.003	224.996	0.0632456	224	225	
6.75	7	2	6	4	3	234	87275	235	87648	0.00347659	0.00176701	0.003	0.01	372.97	0.170363	372	373	
6.75	7	2	7	5	3	250	39248	250	39248	0.003	0	0.003	0.003	156.992	0.0892629	156	157	
6.75	7	2	8	2	3	250	44250	250	44250	0.003	0	0.003	0.003	177	0	177	177	
6.75	7	2	9	3	3	247	38777	247	38777	0.00311336	0.00088535	0.003	0.01	156.992	0.0898012	156	157	
6.75	7	2	10	1	3	250	93243	250	93243	0.003	0	0.003	0.003	372.972	0.165304	372	373	
6.75	7	3	11	5	3	250	29247	250	29247	0.003	0	0.003	0.003	116.988	0.109104	116	117	
6.75	7	3	12	3	3	133	23541	133	23541	0.00915789	0.0022858	0.003	0.01	177	0	177	177	
6.75	7	3	13	1	3	226	64410	226	64410	0.00377434	0.0022005	0.003	0.01	285	0	285	285	
6.75	7	3	14	4	3	250	56248	250	56248	0.003	0	0.003	0.003	224.992	0.0892629	224	225	
6.75	7	3	15	2	3	250	85248	250	85248	0.003	0	0.003	0.003	340.992	0.126491	339	341	
6.75	7	1	16	3	3	250	56248	250	56248	0.003	0	0.003	0.003	224.992	0.0892629	224	225	
6.75	7	1	17	2	3	250	39248	250	39248	0.003	0	0.003	0.003	156.992	0.0892629	156	157	
6.75	7	1	18	4	3	210	47249	209	47024	0.00433971	0.00276037	0.003	0.01	224.995	0.0691714	224	225	
6.75	7	1	19	5	3	250	85248	250	85248	0.003	0	0.003	0.003	340.992	0.126491	339	341	
6.75	7	1	20	1	3	158	27966	159	28143	0.00705031	0.00346739	0.003	0.01	177	0	177	177	
7	7.25	4	1	5	3	249	44073	249	44073	0.00302811	0.000443607	0.003	0.01	177	0	177	177	
7	7.25	4	2	3	3	250	29248	250	29248	0.003	0	0.003	0.003	116.992	0.0892629	116	117	
7	7.25	4	3	2	3	135	23895	135	23895	0.00885926	0.00259495	0.003	0.01	177	0	177	177	
7	7.25	4	4	1	3	250	39247	250	39247	0.003	0	0.003	0.003	156.988	0.109104	156	157	
7	7.25	4	5	4	3	250	56248	250	56248	0.003	0	0.003	0.003	224.992	0.0892629	224	225	
7	7.25	2	6	4	3	238	88768	237	88395	0.00335443	0.00153798	0.003	0.01	372.975	0.157417	372	373	
7	7.25	2	7	5	3	250	39247	250	39247	0.003	0	0.003	0.003	156.988	0.109104	156	157	
7	7.25	2	8	2	3	250	44250	250	44250	0.003	0	0.003	0.003	177	0	177	177	
7	7.25	2	9	3	3	242	37992	242	37992	0.0032314	0.00125411	0.003	0.01	156.992	0.0907203	156	157	
7	7.25	2	10	1	3	250	93244	250	93244	0.003	0	0.003	0.003	372.976	0.153356	372	373	
7	7.25	3	11	5	3	250	29248	250	29248	0.003	0	0.003	0.003	116.992	0.0892629	116	117	
7	7.25	3	12	3	3	130	23010	129	22833	0.00956589	0.00169487	0.003	0.01	177	0	177	177	
7	7.25	3	13	1	3	228	64980	227	64695	0.00367841	0.00207548	0.003	0.01	285	0	285	285	
7	7.25	3	14	4	3	250	56249	250	56249	0.003	0	0.003	0.003	224.996	0.0632456	224	225	
7	7.25	3	15	2	3	250	85250	250	85250	0.003	0	0.003	0.003	341	0	341	341	
7	7.25	1	16	3	3	250	56249	250	56249	0.003	0	0.003	0.003	224.996	0.0632456	224	225	
7	7.25	1	17	2	3	250	39247	250	39247	0.003	0	0.003	0.003	156.988	0.109104	156	157	
7	7.25	1	18	4	3	214	48149	214	48149	0.00417757	0.0026246	0.003	0.01	224.995	0.0683586	224	225	
7	7.25	1	19	5	3	250	85250	250	85250	0.003	0	0.003	0.003	341	0	341	341	
7	7.25	1	20	1	3	160	28320	158	27966	0.00698734	0.00347693	0.003	0.01	177	0	177	177	
7.25	7.5	4	1	5	3	249	44073	249	44073	0.00302811	0.000443607	0.003	0.01	177	0	177	177	
7.25	7.5	4	2	3	3	250	29247	250	29247	0.003	0	0.003	0.003	116.988	0.109104	116	117	
7.25	7.5	4	3	2	3	135	23895	135	23895	0.00901481	0.00244334	0.003	0.01	177	0	177	177	
7.25	7.5	4	4	1	3	250	39248	250	39248	0.003	0	0.003	0.003	156.992	0.0892629	156	157	
7.25	7.5	4	5	4	3	250	56249	250	56249	0.003	0	0.003	0.003	224.996	0.0632456	224	225	
7.25	7.5	2	6	4	3	231	86157	232	86530	0.00357327	0.0019236	0.003	0.01	372.974	0.159067	372	373	
7.25	7.5	2	7	5	3	250	39248	250	39248	0.003	0	0.003	0.003	156.992	0.0892629	156	157	
7.25	7.5	2	8	2	3	250	44250	250	44250	0.003	0	0.003	0.003	177	0	177	177	
7.25	7.5	2	9	3	3	238	37363	237	37206	0.00335443	0.00153798	0.003	0.01	156.987	0.112031	156	157	
7.25	7.5	2	10	1	3	250	93243	250	93243	0.003	0	0.003	0.003	372.972	0.165304	372	373	
7.25	7.5	3	11	5	3	250	29247	250	29247	0.003	0	0.003	0.003	116.988	0.109104	116	117	
7.25	7.5	3	12	3	3	126	22302	127	22479	0.00977953	0.00122742	0.003	0.01	177	0	177	177	
7.25	7.5	3	13	1	3	223	63555	224	63840	0.0038125	0.0022472	0.003	0.01	285	0	285	285	
7.25	7.5	3	14	4	3	250	56248	250	56248	0.003	0	0.003	0.003	224.992	0.0892629	224	225	
7.25	7.5	3	15	2	3	250	85248	250	85248	0.003	0	0.003	0.003	340.992	0.126491	339	341	
7.25	7.5	1	16	3	3	250	56248	250	56248	0.003	0	0.003	0.003	224.992	0.0892629	224	225	
7.25	7.5	1	17	2	3	250	39248	250	39248	0.003	0	0.003	0.003	156.992	0.0892629	156	157	
7.25	7.5	1	18	4	3	212	47698	212	47698	0.00425472	0.00269126	0.003	0.01	224.991	0.0968982	224	225	
7.25	7.5	1	19	5	3	250	85248	250	85248	0.003	0	0.003	0.003	340.992	0.126491	339	341	
7.25	7.5	1	20	1	3	159	28143	159	28143	0.00700629	0.00347413	0.003	0.01	177	0	177	177	
7.5	7.75	4	1	5	3	250	44250	250	44250	0.003	0	0.003	0.003	177	0	177	177	
7.5	7.75	4	2	3	3	249	29131	249	29131	0.00302811	0.000443607	0.003	0.01	116.992	0.0894413	116	117	
7.5	7.75	4	3	2	3	141	24957	142	25134	0.00837324	0.00296698	0.003	0.01	177	0	177	177	
7.5	7.75	4	4	1	3	250	39248	250	39248	0.003	0	0.003	0.003	156.992	0.0892629	156	157	
7.5	7.75	4	5	4	3	250	56248	250	56248	0.003	0	0.003	0.003	224.992	0.0892629	224	225	
7.5	7.75	2	6	4	3	240	89513	240	89513	0.00329167	0.00140171	0.003	0.01	372.971	0.168625	372	373	
7.5	7.75	2	7	5	3	250	39248	250	39248	0.003	0	0.003	0.003	156.992	0.0892629	156	157	
7.5	7.75	2	8	2	3	250	44250	250	44250	0.003	0	0.003	0.003	177	0	177	177	
7.5	7.75	2	9	3	3	243	38149	244	38306	0.00320082	0.00117091	0.003	0.01	156.992	0.0903493	156	157	
7.5	7.75	2	10	1	3	250	93243	250	93243	0.003	0	0.003	0.003	372.972	0.165304	372	373	
7.5	7.75	3	11	5	3	250	29248	250	29248	0.003	0	0.003	0.003	116.992	0.0892629	116	117	
7.5	7.75	3	12	3	3	130	23010	131	23187	0.00941221	0.00194885	0.003	0.01	177	0	177	177	
7.5	7.75	3	13	1	3	225	64125	225	64125	0.00380889	0.00224283	0.003	0.01	285	0	285	285	
7.5	7.75	3	14	4	3	250	56248	250	56248	0.003	0	0.003	0.003	224.992	0.0892629	224	225	
7.5	7.75	3	15	2	3	250	85248	250	85248	0.003	0	0.003	0.003	340.992	0.126491	339	341	
7.5	7.75	1	16	3	3	250	56248	250	56248	0.003	0	0.003	0.003	224.992	0.0892629	224	225	
7.5	7.75	1	17	2	3	250	39248	250	39248	0.003	0	0.003	0.003	156.992	0.0892629	156	157	
7.5	7.75	1	18	4	3	209	47024	210	47249	0.00436667	0.00278132	0.003	0.01	224.995	0.0690066	224	225	
7.5	7.75	1	19	5	3	250	85248	250	85248	0.003	0	0.003	0.003	340.992	0.126491	339	341	
7.5	7.75	1	20	1	3	159	28143	158	27966	0.00703164	0.00347039	0.003	0.01	177	0	177	177	
7.75	8	4	1	5	3	250	44250	250	44250	0.003	0	0.003	0.003	177	0	177	177	
7.75	8	4	2	3	3	250	29248	250	29248	0.003	0	0.003	0.003	116.992	0.0892629	116	117	
7.75	8	4	3	2	3	138	24426	137	24249	0.00877372	0.00267063	0.003	0.01	177	0	177	177	
7.75	8	4	4	1	3	250	39247	250	39247	0.003	0	0.003	0.003	156.988	0.109104	156	157	
7.75	8	4	5	4	3	250	56249	250	56249	0.003	0	0.003	0.003	224.996	0.0632456	224	225	
7.75	8	2	6	4	3	229	85411	229	85411	0.00364192	0.00202467	0.003	0.01	372.974	0.160082	372	373	
7.75	8	2	7	5	3	250	39247	250	39247	0.003	0	0.003	0.003	156.988	0.109104	156	157	
7.75	8	2	8	2	3	250	44250	250	44250	0.003	0	0.003	0.003	177	0	177	177	
7.75	8	2	9	3	3	246	38620	245	38463	0.00311428	0.000888912	0.003	0.01	156.992	0.0901655	156	157	
7.75	8	2	10	1	3	250	93243	250	93243	0.003	0	0.003	0.003	372.972	0.165304	372	373	
7.75	8	3	11	5	3	250	29247	250	29248	0.003	0	0.003	0.003	116.992	0.0892629	116	117	
7.75	8	3	12	3	3	129	22833	130	23010	0.00956923	0.00168872	0.003	0.01	177	0	177	177	
7.75	8	3	13	1	3	231	65835	230	65550	0.00357826	0.00193123	0.003	0.01	285	0	285	285	
7.75	8	3	14	4	3	250	56249	250	56249	0.003	0	0.003	0.003	224.996	0.0632456	224	225	
7.75	8	3	15	2	3	250	85250	250	85250	0.003	0	0.003	0.003	341	0	341	341	
7.75	8	1	16	3	3	250	56249	250	56249	0.003	0	0.003	0.003	224.996	0.0632456	224	225	
7.75	8	1	17	2	3	250	39247	250	39247	0.003	0	0.003	0.003	156.988	0.109104	156	157	
7.75	8	1	18	4	3	216	48599	215	48374	0.00410698	0.00256006	0.003	0.01	224.995	0.0681994	224	225	
7.75	8	1	19	5	3	250	85250	250	85250	0.003	0	0.003	0.003	341	0	341	341	
7.75	8	1	20	1	3	149	26373	151	26727	0.00763576	0.00332161	0.003	0.01	177	0	177	177	
8	8.25	4	1	5	3	250	44250	250	44250	0.003	0	0.003	0.003	177	0	177	177	
8	8.25	4	2	3	3	250	29247	250	29247	0.003	0	0.003	0.003	116.988	0.109104	116	117	
8	8.25	4	3	2	3	131	23187	132	23364	0.00931061	0.00209373	0.003	0.01	177	0	177	177	
8	8.25	4	4	1	3	250	39248	250	39248	0.003	0	0.003	0.003	156.992	0.0892629	156	157	
8	8.25	4	5	4	3	250	56248	250	56248	0.003	0	0.003	0.003	224.992	0.0892629	224	225	
8	8.25	2	6	4	3	234	87276	234	87276	0.00347863	0.00177052	0.003	0.01	372.974	0.158401	372	373	
8	8.25	2	7	5	3	250	39248	250	39248	0.003	0	0.003	0.003	156.992	0.0892629	156	157	
8	8.25	2	8	2	3	250	44250	250	44250	0.003	0	0.003	0.003	177	0	177	177	
8	8.25	2	9	3	3	237	37207	238	37364	0.00338235	0.00159404	0.003	0.01	156.992	0.0914762	156	157	
8	8.25	2	10	1	3	250	93244	250	93244	0.003	0	0.003	0.003	372.976	0.153356	372	373	
8	8.25	3	11	5	3	250	29248	250	29247	0.003	0	0.003	0.003	116.988	0.109104	116	117	
8	8.25	3	12	3	3	131	23187	130	23010	0.00940769	0.0019557	0.003	0.01	177	0	177	177	
8	8.25	3	13	1	3	223	63555	222	63270	0.00385135	0.00229311	0.003	0.01	285	0	285	285	
8	8.25	3	14	4	3	250	56248	250	56248	0.003	0	0.003	0.003	224.992	0.0892629	224	225	
8	8.25	3	15	2	3	250	85248	250	85248	0.003	0	0.003	0.003	340.992	0.126491	339	341	
8	8.25	1	16	3	3	250	56248	250	56248	0.003	0	0.003	0.003	224.992	0.0892629	224	225	
8	8.25	1	17	2	3	250	39248	250	39248	0.003	0	0.003	0.003	156.992	0.0892629	156	157	
8	8.25	1	18	4	3	216	48598	216	48598	0.00410185	0.00255521	0.003	0.01	224.991	0.096001	224	225	
8	8.25	1	19	5	3	250	85248	250	85248	0.003	0	0.003	0.003	340.992	0.126491	339	341	
8	8.25	1	20	1	3	163	28851	164	29028	0.00679878	0.0034979	0.003	0.01	177	0	177	177	
8.25	8.5	4	1	5	3	249	44073	249	44073	0.00302811	0.000443607	0.003	0.01	177	0	177	177	
8.25	8.5	4	2	3	3	250	29248	250	29248	0.003	0	0.003	0.003	116.992	0.0892629	116	117	
8.25	8.5	4	3	2	3	137	24249	134	23718	0.00890298	0.00255428	0.003	0.01	177	0	177	177	
8.25	8.5	4	4	1	3	250	39248	250	39248	0.003	0	0.003	0.003	156.992	0.0892629	156	157	
8.25	8.5	4	5	4	3	250	56248	250	56248	0.003	0	0.003	0.003	224.992	0.0892629	224	225	
8.25	8.5	2	6	4	3	237	88394	237	88394	0.00338397	0.00159722	0.003	0.01	372.97	0.169661	372	373	
8.25	8.5	2	7	5	3	250	39248	250	39248	0.003	0	0.003	0.003	156.992	0.0892629	156	157	
8.25	8.5	2	8	2	3	250	44250	250	44250	0.003	0	0.003	0.003	177	0	177	177	
8.25	8.5	2	9	3	3	241	37834	241	37834	0.00326141	0.00132999	0.003	0.01	156.988	0.111105	156	157	
8.25	8.5	2	10	1	3	250	93243	250	93243	0.003	0	0.003	0.003	372.972	0.165304	372	373	
8.25	8.5	3	11	5	3	250	29248	250	29248	0.003	0	0.003	0.003	116.992	0.0892629	116	117	
8.25	8.5	3	12	3	3	129	22833	129	22833	0.00956589	0.00169487	0.003	0.01	177	0	177	177	
8.25	8.5	3	13	1	3	219	62415	221	62985	0.0039819	0.0024364	0.003	0.01	285	0	285	285	
8.25	8.5	3	14	4	3	250	56249	250	56249	0.003	0	0.003	0.003	224.996	0.0632456	224	225	
8.25	8.5	3	15	2	3	250	85248	250	85248	0.003	0	0.003	0.003	340.992	0.126491	339	341	
8.25	8.5	1	16	3	3	250	56249	250	56249	0.003	0	0.003	0.003	224.996	0.0632456	224	225	
8.25	8.5	1	17	2	3	250	39248	250	39248	0.003	0	0.003	0.003	156.992	0.0892629	156	157	
8.25	8.5	1	18	4	3	209	47024	209	47024	0.0043732	0.00278638	0.003	0.01	224.995	0.0691714	224	225	
8.25	8.5	1	19	5	3	250	85248	250	85248	0.003	0	0.003	0.003	340.992	0.126491	339	341	
8.25	8.5	1	20	1	3	158	27966	154	27258	0.00718182	0.00344415	0.003	0.01	177	0	177	177	
8.5	8.75	4	1	5	3	250	44250	250	44250	0.003	0	0.003	0.003	177	0	177	177	
8.5	8.75	4	2	3	3	250	29247	250	29247	0.003	0	0.003	0.003	116.988	0.109104	116	117	
8.5	8.75	4	3	2	3	136	24072	137	24249	0.00872263	0.00271361	0.003	0.01	177	0	177	177	
8.5	8.75	4	4	1	3	250	39247	250	39248	0.003	0	0.003	0.003	156.992	0.0892629	156	157	
8.5	8.75	4	5	4	3	250	56249	250	56249	0.003	0	0.003	0.003	224.996	0.0632456	224	225	
8.5	8.75	2	6	4	3	238	88768	236	88022	0.00335593	0.00154107	0.003	0.01	372.975	0.157743	372	373	
8.5	8.75	2	7	5	3	250	39247	250	39248	0.003	0	0.003	0.003	156.992	0.0892629	156	157	
8.5	8.75	2	8	2	3	250	44250	250	44250	0.003	0	0.003	0.003	177	0	177	177	
8.5	8.75	2	9	3	3	242	37992	241	37835	0.00323236	0.00125663	0.003	0.01	156.992	0.0909075	156	157	
8.5	8.75	2	10	1	3	250	93243	250	93243	0.003	0	0.003	0.003	372.972	0.165304	372	373	
8.5	8.75	3	11	5	3	250	29247	250	29247	0.003	0	0.003	0.003	116.988	0.109104	116	117	
8.5	8.75	3	12	3	3	131	23187	131	23187	0.00930534	0.00210089	0.003	0.01	177	0	177	177	
8.5	8.75	3	13	1	3	226	64410	226	64410	0.00374336	0.00216139	0.003	0.01	285	0	285	285	
8.5	8.75	3	14	4	3	250	56248	250	56248	0.003	0	0.003	0.003	224.992	0.0892629	224	225	
8.5	8.75	3	15	2	3	250	85248	250	85248	0.003	0	0.003	0.003	340.992	0.126491	339	341	
8.5	8.75	1	16	3	3	250	56248	250	56248	0.003	0	0.003	0.003	224.992	0.0892629	224	225	
8.5	8.75	1	17	2	3	249	39090	249	39091	0.00302811	0.000443607	0.003	0.01	156.992	0.0894413	156	157	
8.5	8.75	1	18	4	3	215	48374	215	48374	0.00410698	0.00256006	0.003	0.01	224.995	0.0681994	224	225	
8.5	8.75	1	19	5	3	250	85248	250	85248	0.003	0	0.003	0.003	340.992	0.126491	339	341	
8.5	8.75	1	20	1	3	156	27612	158	27966	0.00712025	0.00345556	0.003	0.01	177	0	177	177	
8.75	9	4	1	5	3	250	44250	250	44250	0.003	0	0.003	0.003	177	0	177	177	
8.75	9	4	2	3	3	250	29248	250	29248	0.003	0	0.003	0.003	116.992	0.0892629	116	117	
8.75	9	4	3	2	3	135	23895	136	24072	0.00902206	0.00243574	0.003	0.01	177	0	177	177	
8.75	9	4	4	1	3	250	39248	250	39247	0.003	0	0.003	0.003	156.988	0.109104	156	157	
8.75	9	4	5	4	3	250	56248	250	56248	0.003	0	0.003	0.003	224.992	0.0892629	224	225	
8.75	9	2	6	4	3	228	85038	230	85784	0.00363913	0.00202069	0.003	0.01	372.974	0.159742	372	373	
8.75	9	2	7	5	3	250	39248	250	39247	0.003	0	0.003	0.003	156.988	0.109104	156	157	
8.75	9	2	8	2	3	250	44250	250	44250	0.003	0	0.003	0.003	177	0	177	177	
8.75	9	2	9	3	3	241	37835	242	37992	0.00326033	0.00132734	0.003	0.01	156.992	0.0907203	156	157	
8.75	9	2	10	1	3	250	93243	250	93243	0.003	0	0.003	0.003	372.972	0.165304	372	373	
8.75	9	3	11	5	3	250	29248	250	29248	0.003	0	0.003	0.003	116.992	0.0892629	116	117	
8.75	9	3	12	3	3	131	23187	131	23187	0.00941221	0.00194885	0.003	0.01	177	0	177	177	
8.75	9	3	13	1	3	227	64695	227	64695	0.00370925	0.00211695	0.003	0.01	285	0	285	285	
8.75	9	3	14	4	3	250	56249	250	56249	0.003	0	0.003	0.003	224.996	0.0632456	224	225	
8.75	9	3	15	2	3	250	85250	250	85250	0.003	0	0.003	0.003	341	0	341	341	
8.75	9	1	16	3	3	250	56249	250	56249	0.003	0	0.003	0.003	224.996	0.0632456	224	225	
8.75	9	1	17	2	3	250	39248	250	39247	0.003	0	0.003	0.003	156.988	0.109104	156	157	
8.75	9	1	18	4	3	215	48373	215	48373	0.00413953	0.00259025	0.003	0.01	224.991	0.096223	224	225	
8.75	9	1	19	5	3	250	85250	250	85250	0.003	0	0.003	0.003	341	0	341	341	
8.75	9	1	20	1	3	160	28320	160	28320	0.0069375	0.00348345	0.003	0.01	177	0	177	177	
9	9.25	4	1	5	3	250	44250	250	44250	0.003	0	0.003	0.003	177	0	177	177	
9	9.25	4	2	3	3	250	29247	250	29247	0.003	0	0.003	0.003	116.988	0.109104	116	117	
9	9.25	4	3	2	3	137	24249	137	24249	0.00872263	0.00271361	0.003	0.01	177	0	177	177	
9	9.25	4	4	1	3	250	39248	250	39248	0.003	0	0.003	0.003	156.992	0.0892629	156	157	
9	9.25	4	5	4	3	250	56249	250	56249	0.003	0	0.003	0.003	224.996	0.0632456	224	225	
9	9.25	2	6	4	3	238	88767	238	88767	0.00338235	0.00159404	0.003	0.01	372.971	0.169314	372	373	
9	9.25	2	7	5	3	250	39248	250	39248	0.003	0	0.003	0.003	156.992	0.0892629	156	157	
9	9.25	2	8	2	3	250	44250	250	44250	0.003	0	0.003	0.003	177	0	177	177	
9	9.25	2	9	3	3	244	38306	244	38306	0.00317213	0.00108634	0.003	0.01	156.992	0.0903493	156	157	
9	9.25	2	10	1	3	250	93244	250	93244	0.003	0	0.003	0.003	372.976	0.153356	372	373	
9	9.25	3	11	5	3	250	29247	250	29247	0.003	0	0.003	0.003	116.988	0.109104	116	117	
9	9.25	3	12	3	3	129	22833	128	22656	0.00961719	0.00159784	0.003	0.01	177	0	177	177	
9	9.25	3	13	1	3	224	63840	224	63840	0.0038125	0.0022472	0.003	0.01	285	0	285	285	
9	9.25	3	14	4	3	250	56248	250	56248	0.003	0	0.003	0.003	224.992	0.0892629	224	225	
9	9.25	3	15	2	3	250	85248	250	85248	0.003	0	0.003	0.003	340.992	0.126491	339	341	
9	9.25	1	16	3	3	250	56248	250	56248	0.003	0	0.003	0.003	224.992	0.0892629	224	225	
9	9.25	1	17	2	3	250	39248	250	39248	0.003	0	0.003	0.003	156.992	0.0892629	156	157	
9	9.25	1	18	4	3	214	48149	215	48374	0.00420465	0.0026484	0.003	0.01	224.995	0.0681994	224	225	
9	9.25	1	19	5	3	250	85248	250	85248	0.003	0	0.003	0.003	340.992	0.126491	339	341	
9	9.25	1	20	1	3	153	27081	152	26904	0.0074671	0.00337485	0.003	0.01	177	0	177	177	
9.25	9.5	4	1	5	3	250	44250	250	44250	0.003	0	0.003	0.003	177	0	177	177	
9.25	9.5	4	2	3	3	250	29248	250	29248	0.003	0	0.003	0.003	116.992	0.0892629	116	117	
9.25	9.5	4	3	2	3	133	23541	132	23364	0.00925757	0.00216362	0.003	0.01	177	0	177	177	
9.25	9.5	4	4	1	3	250	39248	250	39248	0.003	0	0.003	0.003	156.992	0.0892629	156	157	
9.25	9.5	4	5	4	3	250	56248	250	56248	0.003	0	0.003	0.003	224.992	0.0892629	224	225	
9.25	9.5	2	6	4	3	238	88768	237	88395	0.00335443	0.00153798	0.003	0.01	372.975	0.157417	372	373	
9.25	9.5	2	7	5	3	250	39248	250	39248	0.003	0	0.003	0.003	156.992	0.0892629	156	157	
9.25	9.5	2	8	2	3	250	44250	250	44250	0.003	0	0.003	0.003	177	0	177	177	
9.25	9.5	2	9	3	3	247	38777	247	38777	0.00308502	0.000768312	0.003	0.01	156.992	0.0898012	156	157	
9.25	9.5	2	10	1	3	250	93243	250	93243	0.003	0	0.003	0.003	372.972	0.165304	372	373	
9.25	9.5	3	11	5	3	250	29248	250	29248	0.003	0	0.003	0.003	116.992	0.0892629	116	117	
9.25	9.5	3	12	3	3	130	23010	132	23364	0.00936364	0.00202002	0.003	0.01	177	0	177	177	
9.25	9.5	3	13	1	3	222	63270	222	63270	0.00388288	0.00232919	0.003	0.01	285	0	285	285	
9.25	9.5	3	14	4	3	250	56249	250	56249	0.003	0	0.003	0.003	224.996	0.0632456	224	225	
9.25	9.5	3	15	2	3	250	85248	250	85248	0.003	0	0.003	0.003	340.992	0.126491	339	341	
9.25	9.5	1	16	3	3	250	56249	250	56249	0.003	0	0.003	0.003	224.996	0.0632456	224	225	
9.25	9.5	1	17	2	3	250	39248	250	39248	0.003	0	0.003	0.003	156.992	0.0892629	156	157	
9.25	9.5	1	18	4	3	209	47024	207	46574	0.00438647	0.00279657	0.003	0.01	224.995	0.0695048	224	225	
9.25	9.5	1	19	5	3	250	85248	250	85248	0.003	0	0.003	0.003	340.992	0.126491	339	341	
9.25	9.5	1	20	1	3	152	26904	155	27435	0.00742581	0.00338628	0.003	0.01	177	0	177	177	
9.5	9.75	4	1	5	3	249	44073	249	44073	0.00302811	0.000443607	0.003	0.01	177	0	177	177	
9.5	9.75	4	2	3	3	250	29247	250	29247	0.003	0	0.003	0.003	116.988	0.109104	116	117	
9.5	9.75	4	3	2	3	134	23718	136	24072	0.00897059	0.00248832	0.003	0.01	177	0	177	177	
9.5	9.75	4	4	1	3	250	39247	250	39247	0.003	0	0.003	0.003	156.988	0.109104	156	157	
9.5	9.75	4	5	4	3	250	56249	250	56249	0.003	0	0.003	0.003	224.996	0.0632456	224	225	
9.5	9.75	2	6	4	3	232	86529	232	86530	0.0035431	0.00187668	0.003	0.01	372.974	0.159067	372	373	
9.5	9.75	2	7	5	3	250	39247	250	39247	0.003	0	0.003	0.003	156.988	0.109104	156	157	
9.5	9.75	2	8	2	3	250	44250	250	44250	0.003	0	0.003	0.003	177	0	177	177	
9.5	9.75	2	9	3	3	244	38305	244	38305	0.00317213	0.00108634	0.003	0.01	156.988	0.110426	156	157	
9.5	9.75	2	10	1	3	250	93243	250	93243	0.003	0	0.003	0.003	372.972	0.165304	372	373	
9.5	9.75	3	11	5	3	250	29247	250	29247	0.003	0	0.003	0.003	116.988	0.109104	116	117	
9.5	9.75	3	12	3	3	125	22125	126	22302	0.00994444	0.00062361	0.003	0.01	177	0	177	177	
9.5	9.75	3	13	1	3	226	64410	224	63840	0.00371875	0.00212953	0.003	0.01	285	0	285	285	
9.5	9.75	3	14	4	3	250	56248	250	56248	0.003	0	0.003	0.003	224.992	0.0892629	224	225	
9.5	9.75	3	15	2	3	250	85250	250	85250	0.003	0	0.003	0.003	341	0	341	341	
9.5	9.75	1	16	3	3	250	56248	250	56248	0.003	0	0.003	0.003	224.992	0.0892629	224	225	
9.5	9.75	1	17	2	3	250	39247	250	39247	0.003	0	0.003	0.003	156.988	0.109104	156	157	
9.5	9.75	1	18	4	3	202	45448	204	45898	0.00461274	0.00295484	0.003	0.01	224.99	0.0987706	224	225	
9.5	9.75	1	19	5	3	250	85250	250	85250	0.003	0	0.003	0.003	341	0	341	341	
9.5	9.75	1	20	1	3	159	28143	157	27789	0.00710191	0.00345889	0.003	0.01	177	0	177	177	
9.75	10	4	1	5	3	250	44250	250	44250	0.003	0	0.003	0.003	177	0	177	177	
9.75	10	4	2	3	3	250	29248	250	29248	0.003	0	0.003	0.003	116.992	0.0892629	116	117	
9.75	10	4	3	2	3	134	23718	133	23541	0.00905263	0.00240365	0.003	0.01	177	0	177	177	
9.75	10	4	4	1	3	250	39248	250	39248	0.003	0	0.003	0.003	156.992	0.0892629	156	157	
9.75	10	4	5	4	3	250	56248	250	56248	0.003	0	0.003	0.003	224.992	0.0892629	224	225	
9.75	10	2	6	4	3	235	87649	236	88021	0.00344491	0.00171139	0.003	0.01	372.97	0.170011	372	373	
9.75	10	2	7	5	3	250	39248	250	39248	0.003	0	0.003	0.003	156.992	0.0892629	156	157	
9.75	10	2	8	2	3	250	44250	250	44250	0.003	0	0.003	0.003	177	0	177	177	
9.75	10	2	9	3	3	241	37835	241	37835	0.00326141	0.00132999	0.003	0.01	156.992	0.0909075	156	157	
9.75	10	2	10	1	3	250	93243	250	93243	0.003	0	0.003	0.003	372.972	0.165304	372	373	
9.75	10	3	11	5	3	250	29248	250	29248	0.003	0	0.003	0.003	116.992	0.0892629	116	117	
9.75	10	3	12	3	3	132	23364	130	23010	0.00935385	0.00203406	0.003	0.01	177	0	177	177	
9.75	10	3	13	1	3	213	60705	214	60990	0.00421028	0.00265332	0.003	0.01	285	0	285	285	
9.75	10	3	14	4	3	250	56248	250	56248	0.003	0	0.003	0.003	224.992	0.0892629	224	225	
9.75	10	3	15	2	3	250	85248	250	85248	0.003	0	0.003	0.003	340.992	0.126491	339	341	
9.75	10	1	16	3	3	250	56248	250	56248	0.003	0	0.003	0.003	224.992	0.0892629	224	225	
9.75	10	1	17	2	3	250	39248	250	39248	0.003	0	0.003	0.003	156.992	0.0892629	156	157	
9.75	10	1	18	4	3	204	45899	202	45449	0.00459406	0.00294283	0.003	0.01	224.995	0.0703598	224	225	
9.75	10	1	19	5	3	250	85248	250	85248	0.003	0	0.003	0.003	340.992	0.126491	339	341	
9.75	10	1	20	1	3	157	27789	157	27789	0.00710191	0.00345889	0.003	0.01	177	0	177	177	
