% start	end	CellId	IMSI	RNTI	LCID	nTxPDUs	TxBytes	nRxPDUs	RxBytes	delay	stdDev	min	max	PduSize	stdDev	min	max
0.5	0.75	4	1	3	3	234	70566	232	69996	0.00342241	0.00240004	0.003	0.017	301.707	94.9746	283	839	
0.5	0.75	4	2	1	3	234	70566	232	69996	0.00342241	0.00240004	0.003	0.017	301.707	94.9746	283	839	
0.5	0.75	4	3	2	3	248	211654	246	209976	0.003	0	0.003	0.003	853.561	59.431	837	1095	
0.5	0.75	4	4	5	3	234	56948	232	56498	0.00342241	0.00240004	0.003	0.017	243.526	105.259	225	839	
0.5	0.75	4	5	4	3	201	40171	192	33944	0.00391146	0.00236189	0.003	0.01	176.792	2.03589	157	177	
0.5	0.75	2	6	5	3	234	70566	232	69996	0.00342241	0.00240004	0.003	0.017	301.707	94.9746	283	839	
0.5	0.75	2	7	1	3	227	31613	218	25506	0.003	0	0.003	0.003	117	0	117	117	
0.5	0.75	2	8	2	3	235	83619	233	82937	0.00339056	0.00226428	0.003	0.017	355.953	85.1959	339	839	
0.5	0.75	2	9	4	3	241	93827	239	93081	0.00320502	0.00118278	0.003	0.01	389.46	80.1941	373	839	
0.5	0.75	2	10	3	3	223	39705	214	33518	0.00313084	0.000950257	0.003	0.01	156.626	3.85786	117	157	
0.5	0.75	3	11	5	3	241	145001	239	143807	0.00320502	0.00118278	0.003	0.01	601.703	55.3227	28	839	
0.5	0.75	3	12	1	3	248	209606	246	207928	0.003	0	0.003	0.003	845.236	39.5719	837	1095	
0.5	0.75	3	13	3	3	241	111875	239	110969	0.00320502	0.00118278	0.003	0.01	464.305	65.2218	453	839	
0.5	0.75	3	14	2	3	241	111875	239	110969	0.00320502	0.00118278	0.003	0.01	464.305	65.2218	453	839	
0.5	0.75	3	15	4	3	227	40284	218	34097	0.003	0	0.003	0.003	156.408	8.73698	28	157	
0.5	0.75	1	16	4	3	234	56948	232	56498	0.00342241	0.00240004	0.003	0.017	243.526	105.259	225	839	
0.5	0.75	1	17	3	3	234	56948	232	56498	0.00342241	0.00240004	0.003	0.017	243.526	105.259	225	839	
0.5	0.75	1	18	5	3	227	40413	218	34226	0.003	0	0.003	0.003	157	0	157	157	
0.5	0.75	1	19	1	3	241	112883	239	111977	0.00320502	0.00118278	0.003	0.01	468.523	68.9213	453	839	
0.5	0.75	1	20	2	3	234	56948	232	56498	0.00342241	0.00240004	0.003	0.017	243.526	105.259	225	839	
0.75	1	4	1	3	3	250	71250	250	71250	0.003	0	0.003	0.003	285	0	285	285	
0.75	1	4	2	1	3	250	71250	250	71250	0.003	0	0.003	0.003	285	0	285	285	
0.75	1	4	3	2	3	250	209750	250	209750	0.003	0	0.003	0.003	839	0	839	839	
0.75	1	4	4	5	3	250	56247	250	56247	0.003	0	0.003	0.003	224.988	0.141194	223	225	
0.75	1	4	5	4	3	221	39117	220	38940	0.00395454	0.0024077	0.003	0.01	177	0	177	177	
0.75	1	2	6	5	3	250	71250	250	71250	0.003	0	0.003	0.003	285	0	285	285	
0.75	1	2	7	1	3	250	29248	250	29248	0.003	0	0.003	0.003	116.992	0.126491	115	117	
0.75	1	2	8	2	3	250	85250	250	85250	0.003	0	0.003	0.003	341	0	341	341	
0.75	1	2	9	4	3	250	93250	250	93250	0.003	0	0.003	0.003	373	0	373	373	
0.75	1	2	10	3	3	248	38936	248	38936	0.00305645	0.000627345	0.003	0.01	157	0	157	157	
0.75	1	3	11	5	3	250	149248	250	149248	0.003	0	0.003	0.003	596.992	0.0892629	596	597	
0.75	1	3	12	1	3	250	209750	250	209750	0.003	0	0.003	0.003	839	0	839	839	
0.75	1	3	13	3	3	250	113250	250	113250	0.003	0	0.003	0.003	453	0	453	453	
0.75	1	3	14	2	3	250	113250	250	113250	0.003	0	0.003	0.003	453	0	453	453	
0.75	1	3	15	4	3	250	39250	250	39250	0.003	0	0.003	0.003	157	0	157	157	
0.75	1	1	16	4	3	250	56247	250	56247	0.003	0	0.003	0.003	224.988	0.141194	223	225	
0.75	1	1	17	3	3	250	56247	250	56247	0.003	0	0.003	0.003	224.988	0.141194	223	225	
0.75	1	1	18	5	3	250	39250	250	39250	0.003	0	0.003	0.003	157	0	157	157	
0.75	1	1	19	1	3	250	113250	250	113250	0.003	0	0.003	0.003	453	0	453	453	
0.75	1	1	20	2	3	250	56247	250	56247	0.003	0	0.003	0.003	224.988	0.141194	223	225	
1	1.25	4	1	3	3	250	71250	250	71250	0.003	0	0.003	0.003	285	0	285	285	
1	1.25	4	2	1	3	250	71250	250	71250	0.003	0	0.003	0.003	285	0	285	285	
1	1.25	4	3	2	3	250	209748	250	209748	0.003	0	0.003	0.003	838.992	0.126491	837	839	
1	1.25	4	4	5	3	250	56249	250	56249	0.003	0	0.003	0.003	224.996	0.0632456	224	225	
1	1.25	4	5	4	3	219	38763	220	38940	0.00398636	0.00244105	0.003	0.01	177	0	177	177	
1	1.25	2	6	5	3	250	71250	250	71250	0.003	0	0.003	0.003	285	0	285	285	
1	1.25	2	7	1	3	250	29247	250	29247	0.003	0	0.003	0.003	116.988	0.109104	116	117	
1	1.25	2	8	2	3	250	85248	250	85248	0.003	0	0.003	0.003	340.992	0.126491	339	341	
1	1.25	2	9	4	3	250	93250	250	93250	0.003	0	0.003	0.003	373	0	373	373	
1	1.25	2	10	3	3	243	38148	242	37991	0.00320248	0.00117561	0.003	0.01	156.988	0.143501	155	157	
1	1.25	3	11	5	3	250	149249	250	149249	0.003	0	0.003	0.003	596.996	0.0632456	596	597	
1	1.25	3	12	1	3	250	209748	250	209748	0.003	0	0.003	0.003	838.992	0.126491	837	839	
1	1.25	3	13	3	3	250	113250	250	113250	0.003	0	0.003	0.003	453	0	453	453	
1	1.25	3	14	2	3	250	113250	250	113250	0.003	0	0.003	0.003	453	0	453	453	
1	1.25	3	15	4	3	250	39246	250	39246	0.003	0	0.003	0.003	156.984	0.1544	155	157	
1	1.25	1	16	4	3	250	56249	250	56249	0.003	0	0.003	0.003	224.996	0.0632456	224	225	
1	1.25	1	17	3	3	250	56249	250	56249	0.003	0	0.003	0.003	224.996	0.0632456	224	225	
1	1.25	1	18	5	3	250	39250	250	39250	0.003	0	0.003	0.003	157	0	157	157	
1	1.25	1	19	1	3	250	113250	250	113250	0.003	0	0.003	0.003	453	0	453	453	
1	1.25	1	20	2	3	250	56249	250	56249	0.003	0	0.003	0.003	224.996	0.0632456	224	225	
1.25	1.5	4	1	3	3	250	71250	250	71250	0.003	0	0.003	0.003	285	0	285	285	
1.25	1.5	4	2	1	3	250	71250	250	71250	0.003	0	0.003	0.003	285	0	285	285	
1.25	1.5	4	3	2	3	250	209748	250	209748	0.003	0	0.003	0.003	838.992	0.126491	837	839	
1.25	1.5	4	4	5	3	250	56248	250	56248	0.003	0	0.003	0.003	224.992	0.0892629	224	225	
1.25	1.5	4	5	4	3	223	39471	223	39471	0.00384753	0.00228865	0.003	0.01	177	0	177	177	
1.25	1.5	2	6	5	3	250	71250	250	71250	0.003	0	0.003	0.003	285	0	285	285	
1.25	1.5	2	7	1	3	250	29248	250	29248	0.003	0	0.003	0.003	116.992	0.0892629	116	117	
1.25	1.5	2	8	2	3	250	85248	250	85248	0.003	0	0.003	0.003	340.992	0.126491	339	341	
1.25	1.5	2	9	4	3	250	93246	250	93246	0.003	0	0.003	0.003	372.984	0.1544	371	373	
1.25	1.5	2	10	3	3	244	38306	245	38463	0.00317143	0.00108416	0.003	0.01	156.992	0.0901655	156	157	
1.25	1.5	3	11	5	3	250	149249	250	149249	0.003	0	0.003	0.003	596.996	0.0632456	596	597	
1.25	1.5	3	12	1	3	250	209748	250	209748	0.003	0	0.003	0.003	838.992	0.126491	837	839	
1.25	1.5	3	13	3	3	250	113250	250	113250	0.003	0	0.003	0.003	453	0	453	453	
1.25	1.5	3	14	2	3	250	113250	250	113250	0.003	0	0.003	0.003	453	0	453	453	
1.25	1.5	3	15	4	3	250	39248	250	39248	0.003	0	0.003	0.003	156.992	0.0892629	156	157	
1.25	1.5	1	16	4	3	250	56248	250	56248	0.003	0	0.003	0.003	224.992	0.0892629	224	225	
1.25	1.5	1	17	3	3	250	56248	250	56248	0.003	0	0.003	0.003	224.992	0.0892629	224	225	
1.25	1.5	1	18	5	3	250	39247	250	39247	0.003	0	0.003	0.003	156.988	0.141194	155	157	
1.25	1.5	1	19	1	3	250	113250	250	113250	0.003	0	0.003	0.003	453	0	453	453	
1.25	1.5	1	20	2	3	250	56248	250	56248	0.003	0	0.003	0.003	224.992	0.0892629	224	225	
1.5	1.75	4	1	3	3	250	71250	250	71250	0.003	0	0.003	0.003	285	0	285	285	
1.5	1.75	4	2	1	3	250	71250	250	71250	0.003	0	0.003	0.003	285	0	285	285	
1.5	1.75	4	3	2	3	250	209750	250	209750	0.003	0	0.003	0.003	839	0	839	839	
1.5	1.75	4	4	5	3	250	56249	250	56249	0.003	0	0.003	0.003	224.996	0.0632456	224	225	
1.5	1.75	4	5	4	3	217	38409	217	38409	0.00406452	0.00251946	0.003	0.01	177	0	177	177	
1.5	1.75	2	6	5	3	250	71250	250	71250	0.003	0	0.003	0.003	285	0	285	285	
1.5	1.75	2	7	1	3	250	29247	250	29247	0.003	0	0.003	0.003	116.988	0.109104	116	117	
1.5	1.75	2	8	2	3	250	85250	250	85250	0.003	0	0.003	0.003	341	0	341	341	
1.5	1.75	2	9	4	3	250	93243	250	93243	0.003	0	0.003	0.003	372.972	0.165304	372	373	
1.5	1.75	2	10	3	3	245	38462	245	38462	0.00314286	0.000991769	0.003	0.01	156.988	0.110202	156	157	
1.5	1.75	3	11	5	3	250	149249	250	149249	0.003	0	0.003	0.003	596.996	0.0632456	596	597	
1.5	1.75	3	12	1	3	250	209750	250	209750	0.003	0	0.003	0.003	839	0	839	839	
1.5	1.75	3	13	3	3	250	113250	250	113250	0.003	0	0.003	0.003	453	0	453	453	
1.5	1.75	3	14	2	3	250	113250	250	113250	0.003	0	0.003	0.003	453	0	453	453	
1.5	1.75	3	15	4	3	250	39248	250	39248	0.003	0	0.003	0.003	156.992	0.0892629	156	157	
1.5	1.75	1	16	4	3	250	56249	250	56249	0.003	0	0.003	0.003	224.996	0.0632456	224	225	
1.5	1.75	1	17	3	3	250	56249	250	56249	0.003	0	0.003	0.003	224.996	0.0632456	224	225	
1.5	1.75	1	18	5	3	250	39248	250	39248	0.003	0	0.003	0.003	156.992	0.0892629	156	157	
1.5	1.75	1	19	1	3	250	113250	250	113250	0.003	0	0.003	0.003	453	0	453	453	
1.5	1.75	1	20	2	3	250	56249	250	56249	0.003	0	0.003	0.003	224.996	0.0632456	224	225	
1.75	2	4	1	3	3	250	71250	250	71250	0.003	0	0.003	0.003	285	0	285	285	
1.75	2	4	2	1	3	250	71250	250	71250	0.003	0	0.003	0.003	285	0	285	285	
1.75	2	4	3	2	3	250	209748	250	209748	0.003	0	0.003	0.003	838.992	0.126491	837	839	
1.75	2	4	4	5	3	250	56248	250	56248	0.003	0	0.003	0.003	224.992	0.0892629	224	225	
1.75	2	4	5	4	3	213	37701	213	37701	0.00421596	0.00265826	0.003	0.01	177	0	177	177	
1.75	2	2	6	5	3	250	71250	250	71250	0.003	0	0.003	0.003	285	0	285	285	
1.75	2	2	7	1	3	250	29248	250	29248	0.003	0	0.003	0.003	116.992	0.0892629	116	117	
1.75	2	2	8	2	3	250	85248	250	85248	0.003	0	0.003	0.003	340.992	0.126491	339	341	
1.75	2	2	9	4	3	250	93243	250	93243	0.003	0	0.003	0.003	372.972	0.165304	372	373	
1.75	2	2	10	3	3	247	38777	247	38777	0.00308502	0.000768312	0.003	0.01	156.992	0.0898012	156	157	
1.75	2	3	11	5	3	250	149248	250	149248	0.003	0	0.003	0.003	596.992	0.0892629	596	597	
1.75	2	3	12	1	3	250	209748	250	209748	0.003	0	0.003	0.003	838.992	0.126491	837	839	
1.75	2	3	13	3	3	250	113250	250	113250	0.003	0	0.003	0.003	453	0	453	453	
1.75	2	3	14	2	3	250	113250	250	113250	0.003	0	0.003	0.003	453	0	453	453	
1.75	2	3	15	4	3	250	39247	250	39247	0.003	0	0.003	0.003	156.988	0.109104	156	157	
1.75	2	1	16	4	3	250	56248	250	56248	0.003	0	0.003	0.003	224.992	0.0892629	224	225	
1.75	2	1	17	3	3	250	56248	250	56248	0.003	0	0.003	0.003	224.992	0.0892629	224	225	
1.75	2	1	18	5	3	250	39247	250	39247	0.003	0	0.003	0.003	156.988	0.109104	156	157	
1.75	2	1	19	1	3	250	113250	250	113250	0.003	0	0.003	0.003	453	0	453	453	
1.75	2	1	20	2	3	250	56248	250	56248	0.003	0	0.003	0.003	224.992	0.0892629	224	225	
2	2.25	4	1	3	3	250	71250	250	71250	0.003	0	0.003	0.003	285	0	285	285	
2	2.25	4	2	1	3	250	71250	250	71250	0.003	0	0.003	0.003	285	0	285	285	
2	2.25	4	3	2	3	250	209748	250	209748	0.003	0	0.003	0.003	838.992	0.126491	837	839	
2	2.25	4	4	5	3	250	56249	250	56249	0.003	0	0.003	0.003	224.996	0.0632456	224	225	
2	2.25	4	5	4	3	222	39294	222	39294	0.00385135	0.00229311	0.003	0.01	177	0	177	177	
2	2.25	2	6	5	3	250	71250	250	71250	0.003	0	0.003	0.003	285	0	285	285	
2	2.25	2	7	1	3	250	29247	250	29247	0.003	0	0.003	0.003	116.988	0.109104	116	117	
2	2.25	2	8	2	3	250	85248	250	85248	0.003	0	0.003	0.003	340.992	0.126491	339	341	
2	2.25	2	9	4	3	250	93243	250	93243	0.003	0	0.003	0.003	372.972	0.165304	372	373	
2	2.25	2	10	3	3	245	38463	245	38463	0.00314286	0.000991769	0.003	0.01	156.992	0.0901655	156	157	
2	2.25	3	11	5	3	250	149249	250	149249	0.003	0	0.003	0.003	596.996	0.0632456	596	597	
2	2.25	3	12	1	3	250	209748	250	209748	0.003	0	0.003	0.003	838.992	0.126491	837	839	
2	2.25	3	13	3	3	250	113250	250	113250	0.003	0	0.003	0.003	453	0	453	453	
2	2.25	3	14	2	3	250	113250	250	113250	0.003	0	0.003	0.003	453	0	453	453	
2	2.25	3	15	4	3	250	39248	250	39248	0.003	0	0.003	0.003	156.992	0.0892629	156	157	
2	2.25	1	16	4	3	250	56249	250	56249	0.003	0	0.003	0.003	224.996	0.0632456	224	225	
2	2.25	1	17	3	3	250	56249	250	56249	0.003	0	0.003	0.003	224.996	0.0632456	224	225	
2	2.25	1	18	5	3	250	39248	250	39248	0.003	0	0.003	0.003	156.992	0.0892629	156	157	
2	2.25	1	19	1	3	250	113250	250	113250	0.003	0	0.003	0.003	453	0	453	453	
2	2.25	1	20	2	3	250	56249	250	56249	0.003	0	0.003	0.003	224.996	0.0632456	224	225	
2.25	2.5	4	1	3	3	250	71250	250	71250	0.003	0	0.003	0.003	285	0	285	285	
2.25	2.5	4	2	1	3	250	71250	250	71250	0.003	0	0.003	0.003	285	0	285	285	
2.25	2.5	4	3	2	3	250	209750	250	209750	0.003	0	0.003	0.003	839	0	839	839	
2.25	2.5	4	4	5	3	250	56248	250	56248	0.003	0	0.003	0.003	224.992	0.0892629	224	225	
2.25	2.5	4	5	4	3	226	40002	225	39825	0.00377778	0.00220479	0.003	0.01	177	0	177	177	
2.25	2.5	2	6	5	3	250	71250	250	71250	0.003	0	0.003	0.003	285	0	285	285	
2.25	2.5	2	7	1	3	250	29248	250	29248	0.003	0	0.003	0.003	116.992	0.0892629	116	117	
2.25	2.5	2	8	2	3	250	85248	250	85248	0.003	0	0.003	0.003	340.992	0.126491	339	341	
2.25	2.5	2	9	4	3	250	93244	250	93244	0.003	0	0.003	0.003	372.976	0.153356	372	373	
2.25	2.5	2	10	3	3	249	39091	248	38934	0.00302822	0.0004445	0.003	0.01	156.992	0.0896207	156	157	
2.25	2.5	3	11	5	3	250	149249	250	149249	0.003	0	0.003	0.003	596.996	0.0632456	596	597	
2.25	2.5	3	12	1	3	250	209748	250	209748	0.003	0	0.003	0.003	838.992	0.126491	837	839	
2.25	2.5	3	13	3	3	250	113250	250	113250	0.003	0	0.003	0.003	453	0	453	453	
2.25	2.5	3	14	2	3	250	113250	250	113250	0.003	0	0.003	0.003	453	0	453	453	
2.25	2.5	3	15	4	3	250	39248	250	39248	0.003	0	0.003	0.003	156.992	0.0892629	156	157	
2.25	2.5	1	16	4	3	250	56248	250	56248	0.003	0	0.003	0.003	224.992	0.0892629	224	225	
2.25	2.5	1	17	3	3	250	56248	250	56248	0.003	0	0.003	0.003	224.992	0.0892629	224	225	
2.25	2.5	1	18	5	3	250	39248	250	39248	0.003	0	0.003	0.003	156.992	0.0892629	156	157	
2.25	2.5	1	19	1	3	250	113250	250	113250	0.003	0	0.003	0.003	453	0	453	453	
2.25	2.5	1	20	2	3	250	56248	250	56248	0.003	0	0.003	0.003	224.992	0.0892629	224	225	
2.5	2.75	4	1	3	3	250	71250	250	71250	0.003	0	0.003	0.003	285	0	285	285	
2.5	2.75	4	2	1	3	250	71250	250	71250	0.003	0	0.003	0.003	285	0	285	285	
2.5	2.75	4	3	2	3	250	209748	250	209748	0.003	0	0.003	0.003	838.992	0.126491	837	839	
2.5	2.75	4	4	5	3	250	56248	250	56248	0.003	0	0.003	0.003	224.992	0.0892629	224	225	
2.5	2.75	4	5	4	3	226	40002	227	40179	0.00374009	0.00215717	0.003	0.01	177	0	177	177	
2.5	2.75	2	6	5	3	250	71250	250	71250	0.003	0	0.003	0.003	285	0	285	285	
2.5	2.75	2	7	1	3	250	29247	250	29247	0.003	0	0.003	0.003	116.988	0.109104	116	117	
2.5	2.75	2	8	2	3	250	85250	250	85250	0.003	0	0.003	0.003	341	0	341	341	
2.5	2.75	2	9	4	3	250	93243	250	93243	0.003	0	0.003	0.003	372.972	0.165304	372	373	
2.5	2.75	2	10	3	3	245	38462	246	38619	0.00314228	0.000989785	0.003	0.01	156.988	0.10998	156	157	
2.5	2.75	3	11	5	3	250	149248	250	149248	0.003	0	0.003	0.003	596.992	0.0892629	596	597	
2.5	2.75	3	12	1	3	250	209750	250	209750	0.003	0	0.003	0.003	839	0	839	839	
2.5	2.75	3	13	3	3	250	113250	250	113250	0.003	0	0.003	0.003	453	0	453	453	
2.5	2.75	3	14	2	3	250	113250	250	113250	0.003	0	0.003	0.003	453	0	453	453	
2.5	2.75	3	15	4	3	250	39247	250	39247	0.003	0	0.003	0.003	156.988	0.109104	156	157	
2.5	2.75	1	16	4	3	250	56248	250	56248	0.003	0	0.003	0.003	224.992	0.0892629	224	225	
2.5	2.75	1	17	3	3	250	56248	250	56248	0.003	0	0.003	0.003	224.992	0.0892629	224	225	
2.5	2.75	1	18	5	3	250	39248	250	39248	0.003	0	0.003	0.003	156.992	0.0892629	156	157	
2.5	2.75	1	19	1	3	250	113250	250	113250	0.003	0	0.003	0.003	453	0	453	453	
2.5	2.75	1	20	2	3	250	56248	250	56248	0.003	0	0.003	0.003	224.992	0.0892629	224	225	
2.75	3	4	1	3	3	250	71250	250	71250	0.003	0	0.003	0.003	285	0	285	285	
2.75	3	4	2	1	3	250	71250	250	71250	0.003	0	0.003	0.003	285	0	285	285	
2.75	3	4	3	2	3	250	209748	250	209748	0.003	0	0.003	0.003	838.992	0.126491	837	839	
2.75	3	4	4	5	3	250	56249	250	56249	0.003	0	0.003	0.003	224.996	0.0632456	224	225	
2.75	3	4	5	4	3	221	39117	221	39117	0.00391855	0.00236886	0.003	0.01	177	0	177	177	
2.75	3	2	6	5	3	250	71250	250	71250	0.003	0	0.003	0.003	285	0	285	285	
2.75	3	2	7	1	3	250	29248	250	29248	0.003	0	0.003	0.003	116.992	0.0892629	116	117	
2.75	3	2	8	2	3	250	85248	250	85248	0.003	0	0.003	0.003	340.992	0.126491	339	341	
2.75	3	2	9	4	3	250	93243	250	93243	0.003	0	0.003	0.003	372.972	0.165304	372	373	
2.75	3	2	10	3	3	244	38306	244	38306	0.00317213	0.00108634	0.003	0.01	156.992	0.0903493	156	157	
2.75	3	3	11	5	3	250	149249	250	149249	0.003	0	0.003	0.003	596.996	0.0632456	596	597	
2.75	3	3	12	1	3	250	209748	250	209748	0.003	0	0.003	0.003	838.992	0.126491	837	839	
2.75	3	3	13	3	3	250	113250	250	113250	0.003	0	0.003	0.003	453	0	453	453	
2.75	3	3	14	2	3	250	113250	250	113250	0.003	0	0.003	0.003	453	0	453	453	
2.75	3	3	15	4	3	250	39248	250	39248	0.003	0	0.003	0.003	156.992	0.0892629	156	157	
2.75	3	1	16	4	3	250	56249	250	56249	0.003	0	0.003	0.003	224.996	0.0632456	224	225	
2.75	3	1	17	3	3	250	56249	250	56249	0.003	0	0.003	0.003	224.996	0.0632456	224	225	
2.75	3	1	18	5	3	250	39247	250	39247	0.003	0	0.003	0.003	156.988	0.109104	156	157	
2.75	3	1	19	1	3	250	113250	250	113250	0.003	0	0.003	0.003	453	0	453	453	
2.75	3	1	20	2	3	250	56249	250	56249	0.003	0	0.003	0.003	224.996	0.0632456	224	225	
3	3.25	4	1	3	3	250	71250	250	71250	0.003	0	0.003	0.003	285	0	285	285	
3	3.25	4	2	1	3	250	71250	250	71250	0.003	0	0.003	0.003	285	0	285	285	
3	3.25	4	3	2	3	250	209748	250	209748	0.003	0	0.003	0.003	838.992	0.126491	837	839	
3	3.25	4	4	5	3	250	56248	250	56248	0.003	0	0.003	0.003	224.992	0.0892629	224	225	
3	3.25	4	5	4	3	217	38409	217	38409	0.00406452	0.00251946	0.003	0.01	177	0	177	177	
3	3.25	2	6	5	3	250	71250	250	71250	0.003	0	0.003	0.003	285	0	285	285	
3	3.25	2	7	1	3	250	29248	250	29248	0.003	0	0.003	0.003	116.992	0.0892629	116	117	
3	3.25	2	8	2	3	250	85248	250	85248	0.003	0	0.003	0.003	340.992	0.126491	339	341	
3	3.25	2	9	4	3	250	93243	250	93243	0.003	0	0.003	0.003	372.972	0.165304	372	373	
3	3.25	2	10	3	3	248	38934	248	38934	0.00305645	0.000627345	0.003	0.01	156.992	0.0896207	156	157	
3	3.25	3	11	5	3	250	149249	250	149249	0.003	0	0.003	0.003	596.996	0.0632456	596	597	
3	3.25	3	12	1	3	250	209748	250	209748	0.003	0	0.003	0.003	838.992	0.126491	837	839	
3	3.25	3	13	3	3	250	113250	250	113250	0.003	0	0.003	0.003	453	0	453	453	
3	3.25	3	14	2	3	250	113250	250	113250	0.003	0	0.003	0.003	453	0	453	453	
3	3.25	3	15	4	3	250	39248	250	39248	0.003	0	0.003	0.003	156.992	0.0892629	156	157	
3	3.25	1	16	4	3	250	56248	250	56248	0.003	0	0.003	0.003	224.992	0.0892629	224	225	
3	3.25	1	17	3	3	250	56248	250	56248	0.003	0	0.003	0.003	224.992	0.0892629	224	225	
3	3.25	1	18	5	3	250	39248	250	39248	0.003	0	0.003	0.003	156.992	0.0892629	156	157	
3	3.25	1	19	1	3	250	113250	250	113250	0.003	0	0.003	0.003	453	0	453	453	
3	3.25	1	20	2	3	250	56248	250	56248	0.003	0	0.003	0.003	224.992	0.0892629	224	225	
3.25	3.5	4	1	3	3	250	71250	250	71250	0.003	0	0.003	0.003	285	0	285	285	
3.25	3.5	4	2	1	3	250	71250	250	71250	0.003	0	0.003	0.003	285	0	285	285	
3.25	3.5	4	3	2	3	250	209750	250	209750	0.003	0	0.003	0.003	839	0	839	839	
3.25	3.5	4	4	5	3	250	56249	250	56249	0.003	0	0.003	0.003	224.996	0.0632456	224	225	
3.25	3.5	4	5	4	3	223	39471	223	39471	0.00384753	0.00228865	0.003	0.01	177	0	177	177	
3.25	3.5	2	6	5	3	250	71250	250	71250	0.003	0	0.003	0.003	285	0	285	285	
3.25	3.5	2	7	1	3	250	29247	250	29247	0.003	0	0.003	0.003	116.988	0.109104	116	117	
3.25	3.5	2	8	2	3	250	85250	250	85250	0.003	0	0.003	0.003	341	0	341	341	
3.25	3.5	2	9	4	3	250	93244	250	93244	0.003	0	0.003	0.003	372.976	0.153356	372	373	
3.25	3.5	2	10	3	3	244	38306	244	38306	0.00317213	0.00108634	0.003	0.01	156.992	0.0903493	156	157	
3.25	3.5	3	11	5	3	250	149249	250	149249	0.003	0	0.003	0.003	596.996	0.0632456	596	597	
3.25	3.5	3	12	1	3	250	209750	250	209750	0.003	0	0.003	0.003	839	0	839	839	
3.25	3.5	3	13	3	3	250	113250	250	113250	0.003	0	0.003	0.003	453	0	453	453	
3.25	3.5	3	14	2	3	250	113250	250	113250	0.003	0	0.003	0.003	453	0	453	453	
3.25	3.5	3	15	4	3	250	39248	250	39248	0.003	0	0.003	0.003	156.992	0.0892629	156	157	
3.25	3.5	1	16	4	3	250	56249	250	56249	0.003	0	0.003	0.003	224.996	0.0632456	224	225	
3.25	3.5	1	17	3	3	250	56249	250	56249	0.003	0	0.003	0.003	224.996	0.0632456	224	225	
3.25	3.5	1	18	5	3	250	39248	250	39248	0.003	0	0.003	0.003	156.992	0.0892629	156	157	
3.25	3.5	1	19	1	3	250	113250	250	113250	0.003	0	0.003	0.003	453	0	453	453	
3.25	3.5	1	20	2	3	250	56249	250	56249	0.003	0	0.003	0.003	224.996	0.0632456	224	225	
3.5	3.75	4	1	3	3	250	71250	250	71250	0.003	0	0.003	0.003	285	0	285	285	
3.5	3.75	4	2	1	3	250	71250	250	71250	0.003	0	0.003	0.003	285	0	285	285	
3.5	3.75	4	3	2	3	250	209748	250	209748	0.003	0	0.003	0.003	838.992	0.126491	837	839	
3.5	3.75	4	4	5	3	250	56248	250	56248	0.003	0	0.003	0.003	224.992	0.0892629	224	225	
3.5	3.75	4	5	4	3	227	40179	227	40179	0.00370925	0.00211695	0.003	0.01	177	0	177	177	
3.5	3.75	2	6	5	3	250	71250	250	71250	0.003	0	0.003	0.003	285	0	285	285	
3.5	3.75	2	7	1	3	250	29248	250	29248	0.003	0	0.003	0.003	116.992	0.0892629	116	117	
3.5	3.75	2	8	2	3	250	85248	250	85248	0.003	0	0.003	0.003	340.992	0.126491	339	341	
3.5	3.75	2	9	4	3	250	93243	250	93243	0.003	0	0.003	0.003	372.972	0.165304	372	373	
3.5	3.75	2	10	3	3	245	38462	245	38462	0.00314286	0.000991769	0.003	0.01	156.988	0.110202	156	157	
3.5	3.75	3	11	5	3	250	149248	250	149248	0.003	0	0.003	0.003	596.992	0.0892629	596	597	
3.5	3.75	3	12	1	3	250	209748	250	209748	0.003	0	0.003	0.003	838.992	0.126491	837	839	
3.5	3.75	3	13	3	3	250	113250	250	113250	0.003	0	0.003	0.003	453	0	453	453	
3.5	3.75	3	14	2	3	250	113250	250	113250	0.003	0	0.003	0.003	453	0	453	453	
3.5	3.75	3	15	4	3	250	39247	250	39247	0.003	0	0.003	0.003	156.988	0.109104	156	157	
3.5	3.75	1	16	4	3	250	56248	250	56248	0.003	0	0.003	0.003	224.992	0.0892629	224	225	
3.5	3.75	1	17	3	3	250	56248	250	56248	0.003	0	0.003	0.003	224.992	0.0892629	224	225	
3.5	3.75	1	18	5	3	250	39247	250	39247	0.003	0	0.003	0.003	156.988	0.109104	156	157	
3.5	3.75	1	19	1	3	250	113250	250	113250	0.003	0	0.003	0.003	453	0	453	453	
3.5	3.75	1	20	2	3	250	56248	250	56248	0.003	0	0.003	0.003	224.992	0.0892629	224	225	
3.75	4	4	1	3	3	250	71250	250	71250	0.003	0	0.003	0.003	285	0	285	285	
3.75	4	4	2	1	3	250	71250	250	71250	0.003	0	0.003	0.003	285	0	285	285	
3.75	4	4	3	2	3	250	209748	250	209748	0.003	0	0.003	0.003	838.992	0.126491	837	839	
3.75	4	4	4	5	3	250	56249	250	56249	0.003	0	0.003	0.003	224.996	0.0632456	224	225	
3.75	4	4	5	4	3	220	38940	219	38763	0.0039589	0.00241234	0.003	0.01	177	0	177	177	
3.75	4	2	6	5	3	250	71250	250	71250	0.003	0	0.003	0.003	285	0	285	285	
3.75	4	2	7	1	3	250	29247	250	29247	0.003	0	0.003	0.003	116.988	0.109104	116	117	
3.75	4	2	8	2	3	250	85248	250	85248	0.003	0	0.003	0.003	340.992	0.126491	339	341	
3.75	4	2	9	4	3	250	93243	250	93243	0.003	0	0.003	0.003	372.972	0.165304	372	373	
3.75	4	2	10	3	3	247	38777	247	38777	0.00308502	0.000768312	0.003	0.01	156.992	0.0898012	156	157	
3.75	4	3	11	5	3	250	149249	250	149249	0.003	0	0.003	0.003	596.996	0.0632456	596	597	
3.75	4	3	12	1	3	250	209748	250	209748	0.003	0	0.003	0.003	838.992	0.126491	837	839	
3.75	4	3	13	3	3	250	113250	250	113250	0.003	0	0.003	0.003	453	0	453	453	
3.75	4	3	14	2	3	250	113250	250	113250	0.003	0	0.003	0.003	453	0	453	453	
3.75	4	3	15	4	3	250	39248	250	39248	0.003	0	0.003	0.003	156.992	0.0892629	156	157	
3.75	4	1	16	4	3	250	56249	250	56249	0.003	0	0.003	0.003	224.996	0.0632456	224	225	
3.75	4	1	17	3	3	250	56249	250	56249	0.003	0	0.003	0.003	224.996	0.0632456	224	225	
3.75	4	1	18	5	3	250	39248	250	39248	0.003	0	0.003	0.003	156.992	0.0892629	156	157	
3.75	4	1	19	1	3	250	113250	250	113250	0.003	0	0.003	0.003	453	0	453	453	
3.75	4	1	20	2	3	250	56249	250	56249	0.003	0	0.003	0.003	224.996	0.0632456	224	225	
4	4.25	4	1	3	3	250	71250	250	71250	0.003	0	0.003	0.003	285	0	285	285	
4	4.25	4	2	1	3	250	71250	250	71250	0.003	0	0.003	0.003	285	0	285	285	
4	4.25	4	3	2	3	250	209750	250	209750	0.003	0	0.003	0.003	839	0	839	839	
4	4.25	4	4	5	3	250	56248	250	56248	0.003	0	0.003	0.003	224.992	0.0892629	224	225	
4	4.25	4	5	4	3	217	38409	218	38586	0.00402752	0.00248297	0.003	0.01	177	0	177	177	
4	4.25	2	6	5	3	250	71250	250	71250	0.003	0	0.003	0.003	285	0	285	285	
4	4.25	2	7	1	3	250	29248	250	29248	0.003	0	0.003	0.003	116.992	0.0892629	116	117	
4	4.25	2	8	2	3	250	85248	250	85250	0.003	0	0.003	0.003	341	0	341	341	
4	4.25	2	9	4	3	250	93243	250	93243	0.003	0	0.003	0.003	372.972	0.165304	372	373	
4	4.25	2	10	3	3	243	38149	243	38149	0.00320165	0.00117325	0.003	0.01	156.992	0.0905342	156	157	
4	4.25	3	11	5	3	250	149249	250	149249	0.003	0	0.003	0.003	596.996	0.0632456	596	597	
4	4.25	3	12	1	3	250	209748	250	209748	0.003	0	0.003	0.003	838.992	0.126491	837	839	
4	4.25	3	13	3	3	250	113250	250	113250	0.003	0	0.003	0.003	453	0	453	453	
4	4.25	3	14	2	3	250	113250	250	113250	0.003	0	0.003	0.003	453	0	453	453	
4	4.25	3	15	4	3	250	39248	250	39248	0.003	0	0.003	0.003	156.992	0.0892629	156	157	
4	4.25	1	16	4	3	250	56248	250	56248	0.003	0	0.003	0.003	224.992	0.0892629	224	225	
4	4.25	1	17	3	3	250	56248	250	56248	0.003	0	0.003	0.003	224.992	0.0892629	224	225	
4	4.25	1	18	5	3	250	39248	250	39248	0.003	0	0.003	0.003	156.992	0.0892629	156	157	
4	4.25	1	19	1	3	250	113250	250	113250	0.003	0	0.003	0.003	453	0	453	453	
4	4.25	1	20	2	3	250	56248	250	56248	0.003	0	0.003	0.003	224.992	0.0892629	224	225	
4.25	4.5	4	1	3	3	250	71250	250	71250	0.003	0	0.003	0.003	285	0	285	285	
4.25	4.5	4	2	1	3	250	71250	250	71250	0.003	0	0.003	0.003	285	0	285	285	
4.25	4.5	4	3	2	3	250	209748	250	209748	0.003	0	0.003	0.003	838.992	0.126491	837	839	
4.25	4.5	4	4	5	3	250	56249	250	56249	0.003	0	0.003	0.003	224.996	0.0632456	224	225	
4.25	4.5	4	5	4	3	226	40002	225	39825	0.00377778	0.00220479	0.003	0.01	177	0	177	177	
4.25	4.5	2	6	5	3	250	71250	250	71250	0.003	0	0.003	0.003	285	0	285	285	
4.25	4.5	2	7	1	3	250	29247	250	29247	0.003	0	0.003	0.003	116.988	0.109104	116	117	
4.25	4.5	2	8	2	3	250	85250	250	85248	0.003	0	0.003	0.003	340.992	0.126491	339	341	
4.25	4.5	2	9	4	3	250	93244	250	93244	0.003	0	0.003	0.003	372.976	0.153356	372	373	
4.25	4.5	2	10	3	3	241	37835	241	37835	0.00326141	0.00132999	0.003	0.01	156.992	0.0909075	156	157	
4.25	4.5	3	11	5	3	250	149249	250	149249	0.003	0	0.003	0.003	596.996	0.0632456	596	597	
4.25	4.5	3	12	1	3	250	209750	250	209750	0.003	0	0.003	0.003	839	0	839	839	
4.25	4.5	3	13	3	3	250	113250	250	113250	0.003	0	0.003	0.003	453	0	453	453	
4.25	4.5	3	14	2	3	250	113250	250	113250	0.003	0	0.003	0.003	453	0	453	453	
4.25	4.5	3	15	4	3	250	39247	250	39247	0.003	0	0.003	0.003	156.988	0.109104	156	157	
4.25	4.5	1	16	4	3	250	56249	250	56249	0.003	0	0.003	0.003	224.996	0.0632456	224	225	
4.25	4.5	1	17	3	3	250	56249	250	56249	0.003	0	0.003	0.003	224.996	0.0632456	224	225	
4.25	4.5	1	18	5	3	250	39247	250	39247	0.003	0	0.003	0.003	156.988	0.109104	156	157	
4.25	4.5	1	19	1	3	250	113250	250	113250	0.003	0	0.003	0.003	453	0	453	453	
4.25	4.5	1	20	2	3	250	56249	250	56249	0.003	0	0.003	0.003	224.996	0.0632456	224	225	
4.5	4.75	4	1	3	3	250	71250	250	71250	0.003	0	0.003	0.003	285	0	285	285	
4.5	4.75	4	2	1	3	250	71250	250	71250	0.003	0	0.003	0.003	285	0	285	285	
4.5	4.75	4	3	2	3	250	209748	250	209748	0.003	0	0.003	0.003	838.992	0.126491	837	839	
4.5	4.75	4	4	5	3	250	56248	250	56248	0.003	0	0.003	0.003	224.992	0.0892629	224	225	
4.5	4.75	4	5	4	3	220	38940	220	38940	0.00395454	0.0024077	0.003	0.01	177	0	177	177	
4.5	4.75	2	6	5	3	250	71250	250	71250	0.003	0	0.003	0.003	285	0	285	285	
4.5	4.75	2	7	1	3	250	29248	250	29248	0.003	0	0.003	0.003	116.992	0.0892629	116	117	
4.5	4.75	2	8	2	3	250	85248	250	85248	0.003	0	0.003	0.003	340.992	0.126491	339	341	
4.5	4.75	2	9	4	3	250	93243	250	93243	0.003	0	0.003	0.003	372.972	0.165304	372	373	
4.5	4.75	2	10	3	3	244	38305	244	38305	0.00317213	0.00108634	0.003	0.01	156.988	0.110426	156	157	
4.5	4.75	3	11	5	3	250	149248	250	149248	0.003	0	0.003	0.003	596.992	0.0892629	596	597	
4.5	4.75	3	12	1	3	250	209748	250	209748	0.003	0	0.003	0.003	838.992	0.126491	837	839	
4.5	4.75	3	13	3	3	250	113250	250	113250	0.003	0	0.003	0.003	453	0	453	453	
4.5	4.75	3	14	2	3	250	113250	250	113250	0.003	0	0.003	0.003	453	0	453	453	
4.5	4.75	3	15	4	3	250	39248	250	39248	0.003	0	0.003	0.003	156.992	0.0892629	156	157	
4.5	4.75	1	16	4	3	250	56248	250	56248	0.003	0	0.003	0.003	224.992	0.0892629	224	225	
4.5	4.75	1	17	3	3	250	56248	250	56248	0.003	0	0.003	0.003	224.992	0.0892629	224	225	
4.5	4.75	1	18	5	3	250	39248	250	39248	0.003	0	0.003	0.003	156.992	0.0892629	156	157	
4.5	4.75	1	19	1	3	250	113250	250	113250	0.003	0	0.003	0.003	453	0	453	453	
4.5	4.75	1	20	2	3	250	56248	250	56248	0.003	0	0.003	0.003	224.992	0.0892629	224	225	
4.75	5	4	1	3	3	250	71250	250	71250	0.003	0	0.003	0.003	285	0	285	285	
4.75	5	4	2	1	3	250	71250	250	71250	0.003	0	0.003	0.003	285	0	285	285	
4.75	5	4	3	2	3	250	209748	250	209748	0.003	0	0.003	0.003	838.992	0.126491	837	839	
4.75	5	4	4	5	3	250	56248	250	56249	0.003	0	0.003	0.003	224.996	0.0632456	224	225	
4.75	5	4	5	4	3	224	39648	225	39825	0.00380889	0.00224283	0.003	0.01	177	0	177	177	
4.75	5	2	6	5	3	250	71250	250	71250	0.003	0	0.003	0.003	285	0	285	285	
4.75	5	2	7	1	3	250	29247	250	29247	0.003	0	0.003	0.003	116.988	0.109104	116	117	
4.75	5	2	8	2	3	250	85248	250	85248	0.003	0	0.003	0.003	340.992	0.126491	339	341	
4.75	5	2	9	4	3	250	93243	250	93243	0.003	0	0.003	0.003	372.972	0.165304	372	373	
4.75	5	2	10	3	3	244	38306	244	38306	0.00317213	0.00108634	0.003	0.01	156.992	0.0903493	156	157	
4.75	5	3	11	5	3	250	149249	250	149249	0.003	0	0.003	0.003	596.996	0.0632456	596	597	
4.75	5	3	12	1	3	250	209748	250	209748	0.003	0	0.003	0.003	838.992	0.126491	837	839	
4.75	5	3	13	3	3	250	113250	250	113250	0.003	0	0.003	0.003	453	0	453	453	
4.75	5	3	14	2	3	250	113250	250	113250	0.003	0	0.003	0.003	453	0	453	453	
4.75	5	3	15	4	3	250	39248	250	39248	0.003	0	0.003	0.003	156.992	0.0892629	156	157	
4.75	5	1	16	4	3	250	56248	250	56249	0.003	0	0.003	0.003	224.996	0.0632456	224	225	
4.75	5	1	17	3	3	250	56248	250	56249	0.003	0	0.003	0.003	224.996	0.0632456	224	225	
4.75	5	1	18	5	3	250	39248	250	39248	0.003	0	0.003	0.003	156.992	0.0892629	156	157	
4.75	5	1	19	1	3	250	113250	250	113250	0.003	0	0.003	0.003	453	0	453	453	
4.75	5	1	20	2	3	250	56248	250	56249	0.003	0	0.003	0.003	224.996	0.0632456	224	225	
5	5.25	4	1	3	3	250	71250	250	71250	0.003	0	0.003	0.003	285	0	285	285	
5	5.25	4	2	1	3	250	71250	250	71250	0.003	0	0.003	0.003	285	0	285	285	
5	5.25	4	3	2	3	250	209750	250	209750	0.003	0	0.003	0.003	839	0	839	839	
5	5.25	4	4	5	3	250	56249	250	56248	0.003	0	0.003	0.003	224.992	0.0892629	224	225	
5	5.25	4	5	4	3	227	40179	227	40179	0.00370925	0.00211695	0.003	0.01	177	0	177	177	
5	5.25	2	6	5	3	250	71250	250	71250	0.003	0	0.003	0.003	285	0	285	285	
5	5.25	2	7	1	3	250	29248	250	29248	0.003	0	0.003	0.003	116.992	0.0892629	116	117	
5	5.25	2	8	2	3	250	85250	250	85250	0.003	0	0.003	0.003	341	0	341	341	
5	5.25	2	9	4	3	250	93243	250	93243	0.003	0	0.003	0.003	372.972	0.165304	372	373	
5	5.25	2	10	3	3	244	38306	244	38306	0.00317213	0.00108634	0.003	0.01	156.992	0.0903493	156	157	
5	5.25	3	11	5	3	250	149249	250	149249	0.003	0	0.003	0.003	596.996	0.0632456	596	597	
5	5.25	3	12	1	3	250	209750	250	209750	0.003	0	0.003	0.003	839	0	839	839	
5	5.25	3	13	3	3	250	113250	250	113250	0.003	0	0.003	0.003	453	0	453	453	
5	5.25	3	14	2	3	250	113250	250	113250	0.003	0	0.003	0.003	453	0	453	453	
5	5.25	3	15	4	3	250	39248	250	39248	0.003	0	0.003	0.003	156.992	0.0892629	156	157	
5	5.25	1	16	4	3	250	56249	250	56248	0.003	0	0.003	0.003	224.992	0.0892629	224	225	
5	5.25	1	17	3	3	250	56249	250	56248	0.003	0	0.003	0.003	224.992	0.0892629	224	225	
5	5.25	1	18	5	3	250	39248	250	39248	0.003	0	0.003	0.003	156.992	0.0892629	156	157	
5	5.25	1	19	1	3	250	113250	250	113250	0.003	0	0.003	0.003	453	0	453	453	
5	5.25	1	20	2	3	250	56249	250	56248	0.003	0	0.003	0.003	224.992	0.0892629	224	225	
5.25	5.5	4	1	3	3	250	71250	250	71250	0.003	0	0.003	0.003	285	0	285	285	
5.25	5.5	4	2	1	3	250	71250	250	71250	0.003	0	0.003	0.003	285	0	285	285	
5.25	5.5	4	3	2	3	250	209748	250	209748	0.003	0	0.003	0.003	838.992	0.126491	837	839	
5.25	5.5	4	4	5	3	250	56248	250	56248	0.003	0	0.003	0.003	224.992	0.0892629	224	225	
5.25	5.5	4	5	4	3	221	39117	219	38763	0.00392694	0.00237806	0.003	0.01	177	0	177	177	
5.25	5.5	2	6	5	3	250	71250	250	71250	0.003	0	0.003	0.003	285	0	285	285	
5.25	5.5	2	7	1	3	250	29247	250	29247	0.003	0	0.003	0.003	116.988	0.109104	116	117	
5.25	5.5	2	8	2	3	250	85248	250	85248	0.003	0	0.003	0.003	340.992	0.126491	339	341	
5.25	5.5	2	9	4	3	250	93244	250	93244	0.003	0	0.003	0.003	372.976	0.153356	372	373	
5.25	5.5	2	10	3	3	246	38620	246	38620	0.00311382	0.000887126	0.003	0.01	156.992	0.0899828	156	157	
5.25	5.5	3	11	5	3	250	149248	250	149248	0.003	0	0.003	0.003	596.992	0.0892629	596	597	
5.25	5.5	3	12	1	3	250	209748	250	209748	0.003	0	0.003	0.003	838.992	0.126491	837	839	
5.25	5.5	3	13	3	3	250	113250	250	113250	0.003	0	0.003	0.003	453	0	453	453	
5.25	5.5	3	14	2	3	250	113250	250	113250	0.003	0	0.003	0.003	453	0	453	453	
5.25	5.5	3	15	4	3	250	39247	250	39247	0.003	0	0.003	0.003	156.988	0.109104	156	157	
5.25	5.5	1	16	4	3	250	56248	250	56248	0.003	0	0.003	0.003	224.992	0.0892629	224	225	
5.25	5.5	1	17	3	3	250	56248	250	56248	0.003	0	0.003	0.003	224.992	0.0892629	224	225	
5.25	5.5	1	18	5	3	250	39247	250	39247	0.003	0	0.003	0.003	156.988	0.109104	156	157	
5.25	5.5	1	19	1	3	250	113250	250	113250	0.003	0	0.003	0.003	453	0	453	453	
5.25	5.5	1	20	2	3	250	56248	250	56248	0.003	0	0.003	0.003	224.992	0.0892629	224	225	
5.5	5.75	4	1	3	3	250	71250	250	71250	0.003	0	0.003	0.003	285	0	285	285	
5.5	5.75	4	2	1	3	250	71250	250	71250	0.003	0	0.003	0.003	285	0	285	285	
5.5	5.75	4	3	2	3	250	209748	250	209748	0.003	0	0.003	0.003	838.992	0.126491	837	839	
5.5	5.75	4	4	5	3	250	56249	250	56249	0.003	0	0.003	0.003	224.996	0.0632456	224	225	
5.5	5.75	4	5	4	3	218	38586	218	38586	0.00402752	0.00248297	0.003	0.01	177	0	177	177	
5.5	5.75	2	6	5	3	250	71250	250	71250	0.003	0	0.003	0.003	285	0	285	285	
5.5	5.75	2	7	1	3	250	29248	250	29248	0.003	0	0.003	0.003	116.992	0.0892629	116	117	
5.5	5.75	2	8	2	3	250	85248	250	85248	0.003	0	0.003	0.003	340.992	0.126491	339	341	
5.5	5.75	2	9	4	3	250	93243	250	93243	0.003	0	0.003	0.003	372.972	0.165304	372	373	
5.5	5.75	2	10	3	3	249	39090	249	39090	0.00302811	0.000443607	0.003	0.01	156.988	0.109321	156	157	
5.5	5.75	3	11	5	3	250	149249	250	149249	0.003	0	0.003	0.003	596.996	0.0632456	596	597	
5.5	5.75	3	12	1	3	250	209748	250	209748	0.003	0	0.003	0.003	838.992	0.126491	837	839	
5.5	5.75	3	13	3	3	250	113250	250	113250	0.003	0	0.003	0.003	453	0	453	453	
5.5	5.75	3	14	2	3	250	113250	250	113250	0.003	0	0.003	0.003	453	0	453	453	
5.5	5.75	3	15	4	3	250	39248	250	39248	0.003	0	0.003	0.003	156.992	0.0892629	156	157	
5.5	5.75	1	16	4	3	250	56249	250	56249	0.003	0	0.003	0.003	224.996	0.0632456	224	225	
5.5	5.75	1	17	3	3	250	56249	250	56249	0.003	0	0.003	0.003	224.996	0.0632456	224	225	
5.5	5.75	1	18	5	3	250	39248	250	39248	0.003	0	0.003	0.003	156.992	0.0892629	156	157	
5.5	5.75	1	19	1	3	250	113250	250	113250	0.003	0	0.003	0.003	453	0	453	453	
5.5	5.75	1	20	2	3	250	56249	250	56249	0.003	0	0.003	0.003	224.996	0.0632456	224	225	
5.75	6	4	1	3	3	250	71250	250	71250	0.003	0	0.003	0.003	285	0	285	285	
5.75	6	4	2	1	3	250	71250	250	71250	0.003	0	0.003	0.003	285	0	285	285	
5.75	6	4	3	2	3	250	209750	250	209750	0.003	0	0.003	0.003	839	0	839	839	
5.75	6	4	4	5	3	250	56248	250	56248	0.003	0	0.003	0.003	224.992	0.0892629	224	225	
5.75	6	4	5	4	3	227	40179	229	40533	0.00367249	0.00206733	0.003	0.01	177	0	177	177	
5.75	6	2	6	5	3	250	71250	250	71250	0.003	0	0.003	0.003	285	0	285	285	
5.75	6	2	7	1	3	250	29247	250	29247	0.003	0	0.003	0.003	116.988	0.109104	116	117	
5.75	6	2	8	2	3	250	85250	250	85250	0.003	0	0.003	0.003	341	0	341	341	
5.75	6	2	9	4	3	250	93243	250	93243	0.003	0	0.003	0.003	372.972	0.165304	372	373	
5.75	6	2	10	3	3	246	38620	245	38463	0.00311428	0.000888912	0.003	0.01	156.992	0.0901655	156	157	
5.75	6	3	11	5	3	250	149249	250	149249	0.003	0	0.003	0.003	596.996	0.0632456	596	597	
5.75	6	3	12	1	3	250	209750	250	209750	0.003	0	0.003	0.003	839	0	839	839	
5.75	6	3	13	3	3	250	113250	250	113250	0.003	0	0.003	0.003	453	0	453	453	
5.75	6	3	14	2	3	250	113250	250	113250	0.003	0	0.003	0.003	453	0	453	453	
5.75	6	3	15	4	3	250	39248	250	39248	0.003	0	0.003	0.003	156.992	0.0892629	156	157	
5.75	6	1	16	4	3	250	56248	250	56248	0.003	0	0.003	0.003	224.992	0.0892629	224	225	
5.75	6	1	17	3	3	250	56248	250	56248	0.003	0	0.003	0.003	224.992	0.0892629	224	225	
5.75	6	1	18	5	3	250	39248	250	39248	0.003	0	0.003	0.003	156.992	0.0892629	156	157	
5.75	6	1	19	1	3	250	113250	250	113250	0.003	0	0.003	0.003	453	0	453	453	
5.75	6	1	20	2	3	250	56248	250	56248	0.003	0	0.003	0.003	224.992	0.0892629	224	225	
6	6.25	4	1	3	3	250	71250	250	71250	0.003	0	0.003	0.003	285	0	285	285	
6	6.25	4	2	1	3	250	71250	250	71250	0.003	0	0.003	0.003	285	0	285	285	
6	6.25	4	3	2	3	250	209748	250	209748	0.003	0	0.003	0.003	838.992	0.126491	837	839	
6	6.25	4	4	5	3	250	56249	250	56249	0.003	0	0.003	0.003	224.996	0.0632456	224	225	
6	6.25	4	5	4	3	225	39825	224	39648	0.0038125	0.0022472	0.003	0.01	177	0	177	177	
6	6.25	2	6	5	3	250	71250	250	71250	0.003	0	0.003	0.003	285	0	285	285	
6	6.25	2	7	1	3	250	29248	250	29248	0.003	0	0.003	0.003	116.992	0.0892629	116	117	
6	6.25	2	8	2	3	250	85248	250	85248	0.003	0	0.003	0.003	340.992	0.126491	339	341	
6	6.25	2	9	4	3	250	93243	250	93243	0.003	0	0.003	0.003	372.972	0.165304	372	373	
6	6.25	2	10	3	3	242	37992	243	38149	0.00323045	0.0012516	0.003	0.01	156.992	0.0905342	156	157	
6	6.25	3	11	5	3	250	149249	250	149249	0.003	0	0.003	0.003	596.996	0.0632456	596	597	
6	6.25	3	12	1	3	250	209748	250	209748	0.003	0	0.003	0.003	838.992	0.126491	837	839	
6	6.25	3	13	3	3	250	113250	250	113250	0.003	0	0.003	0.003	453	0	453	453	
6	6.25	3	14	2	3	250	113250	250	113250	0.003	0	0.003	0.003	453	0	453	453	
6	6.25	3	15	4	3	250	39247	250	39247	0.003	0	0.003	0.003	156.988	0.109104	156	157	
6	6.25	1	16	4	3	250	56249	250	56249	0.003	0	0.003	0.003	224.996	0.0632456	224	225	
6	6.25	1	17	3	3	250	56249	250	56249	0.003	0	0.003	0.003	224.996	0.0632456	224	225	
6	6.25	1	18	5	3	250	39247	250	39247	0.003	0	0.003	0.003	156.988	0.109104	156	157	
6	6.25	1	19	1	3	250	113250	250	113250	0.003	0	0.003	0.003	453	0	453	453	
6	6.25	1	20	2	3	250	56249	250	56249	0.003	0	0.003	0.003	224.996	0.0632456	224	225	
6.25	6.5	4	1	3	3	250	71250	250	71250	0.003	0	0.003	0.003	285	0	285	285	
6.25	6.5	4	2	1	3	250	71250	250	71250	0.003	0	0.003	0.003	285	0	285	285	
6.25	6.5	4	3	2	3	250	209748	250	209748	0.003	0	0.003	0.003	838.992	0.126491	837	839	
6.25	6.5	4	4	5	3	250	56248	250	56248	0.003	0	0.003	0.003	224.992	0.0892629	224	225	
6.25	6.5	4	5	4	3	211	37347	212	37524	0.00425472	0.00269126	0.003	0.01	177	0	177	177	
6.25	6.5	2	6	5	3	250	71250	250	71250	0.003	0	0.003	0.003	285	0	285	285	
6.25	6.5	2	7	1	3	250	29247	250	29247	0.003	0	0.003	0.003	116.988	0.109104	116	117	
6.25	6.5	2	8	2	3	250	85248	250	85248	0.003	0	0.003	0.003	340.992	0.126491	339	341	
6.25	6.5	2	9	4	3	250	93244	250	93244	0.003	0	0.003	0.003	372.976	0.153356	372	373	
6.25	6.5	2	10	3	3	242	37992	241	37835	0.00323236	0.00125663	0.003	0.01	156.992	0.0909075	156	157	
6.25	6.5	3	11	5	3	250	149248	250	149248	0.003	0	0.003	0.003	596.992	0.0892629	596	597	
6.25	6.5	3	12	1	3	250	209748	250	209748	0.003	0	0.003	0.003	838.992	0.126491	837	839	
6.25	6.5	3	13	3	3	250	113250	250	113250	0.003	0	0.003	0.003	453	0	453	453	
6.25	6.5	3	14	2	3	250	113250	250	113250	0.003	0	0.003	0.003	453	0	453	453	
6.25	6.5	3	15	4	3	250	39248	250	39248	0.003	0	0.003	0.003	156.992	0.0892629	156	157	
6.25	6.5	1	16	4	3	250	56248	250	56248	0.003	0	0.003	0.003	224.992	0.0892629	224	225	
6.25	6.5	1	17	3	3	250	56248	250	56248	0.003	0	0.003	0.003	224.992	0.0892629	224	225	
6.25	6.5	1	18	5	3	250	39248	250	39248	0.003	0	0.003	0.003	156.992	0.0892629	156	157	
6.25	6.5	1	19	1	3	250	113250	250	113250	0.003	0	0.003	0.003	453	0	453	453	
6.25	6.5	1	20	2	3	250	56248	250	56248	0.003	0	0.003	0.003	224.992	0.0892629	224	225	
6.5	6.75	4	1	3	3	250	71250	250	71250	0.003	0	0.003	0.003	285	0	285	285	
6.5	6.75	4	2	1	3	250	71250	250	71250	0.003	0	0.003	0.003	285	0	285	285	
6.5	6.75	4	3	2	3	250	209748	250	209748	0.003	0	0.003	0.003	838.992	0.126491	837	839	
6.5	6.75	4	4	5	3	250	56249	250	56249	0.003	0	0.003	0.003	224.996	0.0632456	224	225	
6.5	6.75	4	5	4	3	226	40002	226	40002	0.00374336	0.00216139	0.003	0.01	177	0	177	177	
6.5	6.75	2	6	5	3	250	71250	250	71250	0.003	0	0.003	0.003	285	0	285	285	
6.5	6.75	2	7	1	3	250	29248	250	29248	0.003	0	0.003	0.003	116.992	0.0892629	116	117	
6.5	6.75	2	8	2	3	250	85248	250	85248	0.003	0	0.003	0.003	340.992	0.126491	339	341	
6.5	6.75	2	9	4	3	250	93243	250	93243	0.003	0	0.003	0.003	372.972	0.165304	372	373	
6.5	6.75	2	10	3	3	244	38305	245	38463	0.00317143	0.00108416	0.003	0.01	156.992	0.0901655	156	157	
6.5	6.75	3	11	5	3	250	149249	250	149249	0.003	0	0.003	0.003	596.996	0.0632456	596	597	
6.5	6.75	3	12	1	3	250	209748	250	209748	0.003	0	0.003	0.003	838.992	0.126491	837	839	
6.5	6.75	3	13	3	3	250	113250	250	113250	0.003	0	0.003	0.003	453	0	453	453	
6.5	6.75	3	14	2	3	250	113250	250	113250	0.003	0	0.003	0.003	453	0	453	453	
6.5	6.75	3	15	4	3	250	39248	250	39248	0.003	0	0.003	0.003	156.992	0.0892629	156	157	
6.5	6.75	1	16	4	3	250	56249	250	56249	0.003	0	0.003	0.003	224.996	0.0632456	224	225	
6.5	6.75	1	17	3	3	250	56249	250	56249	0.003	0	0.003	0.003	224.996	0.0632456	224	225	
6.5	6.75	1	18	5	3	250	39248	250	39248	0.003	0	0.003	0.003	156.992	0.0892629	156	157	
6.5	6.75	1	19	1	3	250	113250	250	113250	0.003	0	0.003	0.003	453	0	453	453	
6.5	6.75	1	20	2	3	250	56249	250	56249	0.003	0	0.003	0.003	224.996	0.0632456	224	225	
6.75	7	4	1	3	3	250	71250	250	71250	0.003	0	0.003	0.003	285	0	285	285	
6.75	7	4	2	1	3	250	71250	250	71250	0.003	0	0.003	0.003	285	0	285	285	
6.75	7	4	3	2	3	250	209750	250	209750	0.003	0	0.003	0.003	839	0	839	839	
6.75	7	4	4	5	3	250	56248	250	56248	0.003	0	0.003	0.003	224.992	0.0892629	224	225	
6.75	7	4	5	4	3	227	40179	227	40179	0.00374009	0.00215717	0.003	0.01	177	0	177	177	
6.75	7	2	6	5	3	250	71250	250	71250	0.003	0	0.003	0.003	285	0	285	285	
6.75	7	2	7	1	3	250	29247	250	29247	0.003	0	0.003	0.003	116.988	0.109104	116	117	
6.75	7	2	8	2	3	250	85250	250	85250	0.003	0	0.003	0.003	341	0	341	341	
6.75	7	2	9	4	3	250	93243	250	93243	0.003	0	0.003	0.003	372.972	0.165304	372	373	
6.75	7	2	10	3	3	242	37992	242	37991	0.0032314	0.00125411	0.003	0.01	156.988	0.110877	156	157	
6.75	7	3	11	5	3	250	149249	250	149249	0.003	0	0.003	0.003	596.996	0.0632456	596	597	
6.75	7	3	12	1	3	250	209750	250	209750	0.003	0	0.003	0.003	839	0	839	839	
6.75	7	3	13	3	3	250	113250	250	113250	0.003	0	0.003	0.003	453	0	453	453	
6.75	7	3	14	2	3	250	113250	250	113250	0.003	0	0.003	0.003	453	0	453	453	
6.75	7	3	15	4	3	250	39247	250	39248	0.003	0	0.003	0.003	156.992	0.0892629	156	157	
6.75	7	1	16	4	3	250	56248	250	56248	0.003	0	0.003	0.003	224.992	0.0892629	224	225	
6.75	7	1	17	3	3	250	56248	250	56248	0.003	0	0.003	0.003	224.992	0.0892629	224	225	
6.75	7	1	18	5	3	250	39248	250	39248	0.003	0	0.003	0.003	156.992	0.0892629	156	157	
6.75	7	1	19	1	3	250	113250	250	113250	0.003	0	0.003	0.003	453	0	453	453	
6.75	7	1	20	2	3	250	56248	250	56248	0.003	0	0.003	0.003	224.992	0.0892629	224	225	
7	7.25	4	1	3	3	250	71250	250	71250	0.003	0	0.003	0.003	285	0	285	285	
7	7.25	4	2	1	3	250	71250	250	71250	0.003	0	0.003	0.003	285	0	285	285	
7	7.25	4	3	2	3	250	209748	250	209748	0.003	0	0.003	0.003	838.992	0.126491	837	839	
7	7.25	4	4	5	3	250	56249	250	56249	0.003	0	0.003	0.003	224.996	0.0632456	224	225	
7	7.25	4	5	4	3	216	38232	215	38055	0.00407442	0.00252909	0.003	0.01	177	0	177	177	
7	7.25	2	6	5	3	250	71250	250	71250	0.003	0	0.003	0.003	285	0	285	285	
7	7.25	2	7	1	3	250	29248	250	29248	0.003	0	0.003	0.003	116.992	0.0892629	116	117	
7	7.25	2	8	2	3	250	85248	250	85248	0.003	0	0.003	0.003	340.992	0.126491	339	341	
7	7.25	2	9	4	3	250	93243	250	93243	0.003	0	0.003	0.003	372.972	0.165304	372	373	
7	7.25	2	10	3	3	243	38149	243	38149	0.00317284	0.00108852	0.003	0.01	156.992	0.0905342	156	157	
7	7.25	3	11	5	3	250	149249	250	149249	0.003	0	0.003	0.003	596.996	0.0632456	596	597	
7	7.25	3	12	1	3	250	209748	250	209748	0.003	0	0.003	0.003	838.992	0.126491	837	839	
7	7.25	3	13	3	3	250	113250	250	113250	0.003	0	0.003	0.003	453	0	453	453	
7	7.25	3	14	2	3	250	113250	250	113250	0.003	0	0.003	0.003	453	0	453	453	
7	7.25	3	15	4	3	250	39248	250	39247	0.003	0	0.003	0.003	156.988	0.109104	156	157	
7	7.25	1	16	4	3	250	56249	250	56249	0.003	0	0.003	0.003	224.996	0.0632456	224	225	
7	7.25	1	17	3	3	250	56249	250	56249	0.003	0	0.003	0.003	224.996	0.0632456	224	225	
7	7.25	1	18	5	3	250	39247	250	39247	0.003	0	0.003	0.003	156.988	0.109104	156	157	
7	7.25	1	19	1	3	250	113250	250	113250	0.003	0	0.003	0.003	453	0	453	453	
7	7.25	1	20	2	3	250	56249	250	56249	0.003	0	0.003	0.003	224.996	0.0632456	224	225	
7.25	7.5	4	1	3	3	250	71250	250	71250	0.003	0	0.003	0.003	285	0	285	285	
7.25	7.5	4	2	1	3	250	71250	250	71250	0.003	0	0.003	0.003	285	0	285	285	
7.25	7.5	4	3	2	3	250	209748	250	209748	0.003	0	0.003	0.003	838.992	0.126491	837	839	
7.25	7.5	4	4	5	3	250	56248	250	56248	0.003	0	0.003	0.003	224.992	0.0892629	224	225	
7.25	7.5	4	5	4	3	220	38940	220	38940	0.00398636	0.00244105	0.003	0.01	177	0	177	177	
7.25	7.5	2	6	5	3	250	71250	250	71250	0.003	0	0.003	0.003	285	0	285	285	
7.25	7.5	2	7	1	3	250	29247	250	29247	0.003	0	0.003	0.003	116.988	0.109104	116	117	
7.25	7.5	2	8	2	3	250	85248	250	85248	0.003	0	0.003	0.003	340.992	0.126491	339	341	
7.25	7.5	2	9	4	3	250	93243	250	93244	0.003	0	0.003	0.003	372.976	0.153356	372	373	
7.25	7.5	2	10	3	3	247	38777	247	38777	0.00311336	0.00088535	0.003	0.01	156.992	0.0898012	156	157	
7.25	7.5	3	11	5	3	250	149248	250	149248	0.003	0	0.003	0.003	596.992	0.0892629	596	597	
7.25	7.5	3	12	1	3	250	209748	250	209748	0.003	0	0.003	0.003	838.992	0.126491	837	839	
7.25	7.5	3	13	3	3	250	113250	250	113250	0.003	0	0.003	0.003	453	0	453	453	
7.25	7.5	3	14	2	3	250	113250	250	113250	0.003	0	0.003	0.003	453	0	453	453	
7.25	7.5	3	15	4	3	250	39248	250	39248	0.003	0	0.003	0.003	156.992	0.0892629	156	157	
7.25	7.5	1	16	4	3	250	56248	250	56248	0.003	0	0.003	0.003	224.992	0.0892629	224	225	
7.25	7.5	1	17	3	3	250	56248	250	56248	0.003	0	0.003	0.003	224.992	0.0892629	224	225	
7.25	7.5	1	18	5	3	250	39248	250	39248	0.003	0	0.003	0.003	156.992	0.0892629	156	157	
7.25	7.5	1	19	1	3	250	113250	250	113250	0.003	0	0.003	0.003	453	0	453	453	
7.25	7.5	1	20	2	3	250	56248	250	56248	0.003	0	0.003	0.003	224.992	0.0892629	224	225	
7.5	7.75	4	1	3	3	250	71250	250	71250	0.003	0	0.003	0.003	285	0	285	285	
7.5	7.75	4	2	1	3	250	71250	250	71250	0.003	0	0.003	0.003	285	0	285	285	
7.5	7.75	4	3	2	3	250	209750	250	209750	0.003	0	0.003	0.003	839	0	839	839	
7.5	7.75	4	4	5	3	250	56248	250	56248	0.003	0	0.003	0.003	224.992	0.0892629	224	225	
7.5	7.75	4	5	4	3	222	39294	222	39294	0.00385135	0.00229311	0.003	0.01	177	0	177	177	
7.5	7.75	2	6	5	3	250	71250	250	71250	0.003	0	0.003	0.003	285	0	285	285	
7.5	7.75	2	7	1	3	250	29248	250	29248	0.003	0	0.003	0.003	116.992	0.0892629	116	117	
7.5	7.75	2	8	2	3	250	85250	250	85250	0.003	0	0.003	0.003	341	0	341	341	
7.5	7.75	2	9	4	3	250	93244	250	93243	0.003	0	0.003	0.003	372.972	0.165304	372	373	
7.5	7.75	2	10	3	3	247	38777	247	38777	0.00308502	0.000768312	0.003	0.01	156.992	0.0898012	156	157	
7.5	7.75	3	11	5	3	250	149249	250	149249	0.003	0	0.003	0.003	596.996	0.0632456	596	597	
7.5	7.75	3	12	1	3	250	209750	250	209750	0.003	0	0.003	0.003	839	0	839	839	
7.5	7.75	3	13	3	3	250	113250	250	113250	0.003	0	0.003	0.003	453	0	453	453	
7.5	7.75	3	14	2	3	250	113250	250	113250	0.003	0	0.003	0.003	453	0	453	453	
7.5	7.75	3	15	4	3	250	39248	250	39248	0.003	0	0.003	0.003	156.992	0.0892629	156	157	
7.5	7.75	1	16	4	3	250	56248	250	56248	0.003	0	0.003	0.003	224.992	0.0892629	224	225	
7.5	7.75	1	17	3	3	250	56248	250	56248	0.003	0	0.003	0.003	224.992	0.0892629	224	225	
7.5	7.75	1	18	5	3	250	39248	250	39248	0.003	0	0.003	0.003	156.992	0.0892629	156	157	
7.5	7.75	1	19	1	3	250	113250	250	113250	0.003	0	0.003	0.003	453	0	453	453	
7.5	7.75	1	20	2	3	250	56248	250	56248	0.003	0	0.003	0.003	224.992	0.0892629	224	225	
7.75	8	4	1	3	3	250	71250	250	71250	0.003	0	0.003	0.003	285	0	285	285	
7.75	8	4	2	1	3	250	71250	250	71250	0.003	0	0.003	0.003	285	0	285	285	
7.75	8	4	3	2	3	250	209748	250	209748	0.003	0	0.003	0.003	838.992	0.126491	837	839	
7.75	8	4	4	5	3	250	56249	250	56249	0.003	0	0.003	0.003	224.996	0.0632456	224	225	
7.75	8	4	5	4	3	224	39648	224	39648	0.00384375	0.00228421	0.003	0.01	177	0	177	177	
7.75	8	2	6	5	3	250	71250	250	71250	0.003	0	0.003	0.003	285	0	285	285	
7.75	8	2	7	1	3	250	29247	250	29248	0.003	0	0.003	0.003	116.992	0.0892629	116	117	
7.75	8	2	8	2	3	250	85248	250	85248	0.003	0	0.003	0.003	340.992	0.126491	339	341	
7.75	8	2	9	4	3	250	93243	250	93243	0.003	0	0.003	0.003	372.972	0.165304	372	373	
7.75	8	2	10	3	3	241	37834	240	37677	0.0032625	0.00133266	0.003	0.01	156.987	0.111335	156	157	
7.75	8	3	11	5	3	250	149249	250	149249	0.003	0	0.003	0.003	596.996	0.0632456	596	597	
7.75	8	3	12	1	3	250	209748	250	209748	0.003	0	0.003	0.003	838.992	0.126491	837	839	
7.75	8	3	13	3	3	250	113250	250	113250	0.003	0	0.003	0.003	453	0	453	453	
7.75	8	3	14	2	3	250	113250	250	113250	0.003	0	0.003	0.003	453	0	453	453	
7.75	8	3	15	4	3	250	39247	250	39247	0.003	0	0.003	0.003	156.988	0.109104	156	157	
7.75	8	1	16	4	3	250	56249	250	56249	0.003	0	0.003	0.003	224.996	0.0632456	224	225	
7.75	8	1	17	3	3	250	56249	250	56249	0.003	0	0.003	0.003	224.996	0.0632456	224	225	
7.75	8	1	18	5	3	250	39247	250	39247	0.003	0	0.003	0.003	156.988	0.109104	156	157	
7.75	8	1	19	1	3	250	113250	250	113250	0.003	0	0.003	0.003	453	0	453	453	
7.75	8	1	20	2	3	250	56249	250	56249	0.003	0	0.003	0.003	224.996	0.0632456	224	225	
8	8.25	4	1	3	3	250	71250	250	71250	0.003	0	0.003	0.003	285	0	285	285	
8	8.25	4	2	1	3	250	71250	250	71250	0.003	0	0.003	0.003	285	0	285	285	
8	8.25	4	3	2	3	250	209748	250	209748	0.003	0	0.003	0.003	838.992	0.126491	837	839	
8	8.25	4	4	5	3	250	56248	250	56248	0.003	0	0.003	0.003	224.992	0.0892629	224	225	
8	8.25	4	5	4	3	217	38409	218	38586	0.00405963	0.00251468	0.003	0.01	177	0	177	177	
8	8.25	2	6	5	3	250	71250	250	71250	0.003	0	0.003	0.003	285	0	285	285	
8	8.25	2	7	1	3	250	29248	250	29247	0.003	0	0.003	0.003	116.988	0.109104	116	117	
8	8.25	2	8	2	3	250	85248	250	85248	0.003	0	0.003	0.003	340.992	0.126491	339	341	
8	8.25	2	9	4	3	250	93243	250	93243	0.003	0	0.003	0.003	372.972	0.165304	372	373	
8	8.25	2	10	3	3	242	37992	243	38149	0.00323045	0.0012516	0.003	0.01	156.992	0.0905342	156	157	
8	8.25	3	11	5	3	250	149249	250	149249	0.003	0	0.003	0.003	596.996	0.0632456	596	597	
8	8.25	3	12	1	3	250	209748	250	209748	0.003	0	0.003	0.003	838.992	0.126491	837	839	
8	8.25	3	13	3	3	250	113250	250	113250	0.003	0	0.003	0.003	453	0	453	453	
8	8.25	3	14	2	3	250	113250	250	113250	0.003	0	0.003	0.003	453	0	453	453	
8	8.25	3	15	4	3	250	39248	250	39248	0.003	0	0.003	0.003	156.992	0.0892629	156	157	
8	8.25	1	16	4	3	250	56248	250	56248	0.003	0	0.003	0.003	224.992	0.0892629	224	225	
8	8.25	1	17	3	3	250	56248	250	56248	0.003	0	0.003	0.003	224.992	0.0892629	224	225	
8	8.25	1	18	5	3	250	39248	250	39248	0.003	0	0.003	0.003	156.992	0.0892629	156	157	
8	8.25	1	19	1	3	250	113250	250	113250	0.003	0	0.003	0.003	453	0	453	453	
8	8.25	1	20	2	3	250	56248	250	56248	0.003	0	0.003	0.003	224.992	0.0892629	224	225	
8.25	8.5	4	1	3	3	250	71250	250	71250	0.003	0	0.003	0.003	285	0	285	285	
8.25	8.5	4	2	1	3	250	71250	250	71250	0.003	0	0.003	0.003	285	0	285	285	
8.25	8.5	4	3	2	3	250	209748	250	209748	0.003	0	0.003	0.003	838.992	0.126491	837	839	
8.25	8.5	4	4	5	3	250	56249	250	56249	0.003	0	0.003	0.003	224.996	0.0632456	224	225	
8.25	8.5	4	5	4	3	220	38940	220	38940	0.00395454	0.0024077	0.003	0.01	177	0	177	177	
8.25	8.5	2	6	5	3	250	71250	250	71250	0.003	0	0.003	0.003	285	0	285	285	
8.25	8.5	2	7	1	3	250	29248	250	29248	0.003	0	0.003	0.003	116.992	0.0892629	116	117	
8.25	8.5	2	8	2	3	250	85248	250	85248	0.003	0	0.003	0.003	340.992	0.126491	339	341	
8.25	8.5	2	9	4	3	250	93243	250	93244	0.003	0	0.003	0.003	372.976	0.153356	372	373	
8.25	8.5	2	10	3	3	245	38463	245	38463	0.00314286	0.000991769	0.003	0.01	156.992	0.0901655	156	157	
8.25	8.5	3	11	5	3	250	149248	250	149248	0.003	0	0.003	0.003	596.992	0.0892629	596	597	
8.25	8.5	3	12	1	3	250	209748	250	209748	0.003	0	0.003	0.003	838.992	0.126491	837	839	
8.25	8.5	3	13	3	3	250	113250	250	113250	0.003	0	0.003	0.003	453	0	453	453	
8.25	8.5	3	14	2	3	250	113250	250	113250	0.003	0	0.003	0.003	453	0	453	453	
8.25	8.5	3	15	4	3	250	39248	250	39248	0.003	0	0.003	0.003	156.992	0.0892629	156	157	
8.25	8.5	1	16	4	3	250	56249	250	56249	0.003	0	0.003	0.003	224.996	0.0632456	224	225	
8.25	8.5	1	17	3	3	250	56249	250	56249	0.003	0	0.003	0.003	224.996	0.0632456	224	225	
8.25	8.5	1	18	5	3	250	39248	250	39248	0.003	0	0.003	0.003	156.992	0.0892629	156	157	
8.25	8.5	1	19	1	3	250	113250	250	113250	0.003	0	0.003	0.003	453	0	453	453	
8.25	8.5	1	20	2	3	250	56249	250	56249	0.003	0	0.003	0.003	224.996	0.0632456	224	225	
8.5	8.75	4	1	3	3	250	71250	250	71250	0.003	0	0.003	0.003	285	0	285	285	
8.5	8.75	4	2	1	3	250	71250	250	71250	0.003	0	0.003	0.003	285	0	285	285	
8.5	8.75	4	3	2	3	250	209750	250	209750	0.003	0	0.003	0.003	839	0	839	839	
8.5	8.75	4	4	5	3	250	56248	250	56248	0.003	0	0.003	0.003	224.992	0.0892629	224	225	
8.5	8.75	4	5	4	3	226	40002	226	40002	0.00374336	0.00216139	0.003	0.01	177	0	177	177	
8.5	8.75	2	6	5	3	250	71250	250	71250	0.003	0	0.003	0.003	285	0	285	285	
8.5	8.75	2	7	1	3	250	29247	250	29247	0.003	0	0.003	0.003	116.988	0.109104	116	117	
8.5	8.75	2	8	2	3	250	85250	250	85250	0.003	0	0.003	0.003	341	0	341	341	
8.5	8.75	2	9	4	3	250	93244	250	93243	0.003	0	0.003	0.003	372.972	0.165304	372	373	
8.5	8.75	2	10	3	3	247	38777	246	38620	0.00308536	0.000769859	0.003	0.01	156.992	0.0899828	156	157	
8.5	8.75	3	11	5	3	250	149249	250	149249	0.003	0	0.003	0.003	596.996	0.0632456	596	597	
8.5	8.75	3	12	1	3	250	209750	250	209750	0.003	0	0.003	0.003	839	0	839	839	
8.5	8.75	3	13	3	3	250	113250	250	113250	0.003	0	0.003	0.003	453	0	453	453	
8.5	8.75	3	14	2	3	250	113250	250	113250	0.003	0	0.003	0.003	453	0	453	453	
8.5	8.75	3	15	4	3	250	39247	250	39247	0.003	0	0.003	0.003	156.988	0.109104	156	157	
8.5	8.75	1	16	4	3	250	56248	250	56248	0.003	0	0.003	0.003	224.992	0.0892629	224	225	
8.5	8.75	1	17	3	3	250	56248	250	56248	0.003	0	0.003	0.003	224.992	0.0892629	224	225	
8.5	8.75	1	18	5	3	250	39247	250	39248	0.003	0	0.003	0.003	156.992	0.0892629	156	157	
8.5	8.75	1	19	1	3	250	113250	250	113250	0.003	0	0.003	0.003	453	0	453	453	
8.5	8.75	1	20	2	3	250	56248	250	56248	0.003	0	0.003	0.003	224.992	0.0892629	224	225	
8.75	9	4	1	3	3	250	71250	250	71250	0.003	0	0.003	0.003	285	0	285	285	
8.75	9	4	2	1	3	250	71250	250	71250	0.003	0	0.003	0.003	285	0	285	285	
8.75	9	4	3	2	3	250	209748	250	209748	0.003	0	0.003	0.003	838.992	0.126491	837	839	
8.75	9	4	4	5	3	250	56249	250	56249	0.003	0	0.003	0.003	224.996	0.0632456	224	225	
8.75	9	4	5	4	3	233	41241	233	41241	0.00351073	0.00182443	0.003	0.01	177	0	177	177	
8.75	9	2	6	5	3	250	71250	250	71250	0.003	0	0.003	0.003	285	0	285	285	
8.75	9	2	7	1	3	250	29248	250	29248	0.003	0	0.003	0.003	116.992	0.0892629	116	117	
8.75	9	2	8	2	3	250	85248	250	85248	0.003	0	0.003	0.003	340.992	0.126491	339	341	
8.75	9	2	9	4	3	250	93243	250	93243	0.003	0	0.003	0.003	372.972	0.165304	372	373	
8.75	9	2	10	3	3	247	38776	248	38933	0.00308468	0.000766774	0.003	0.01	156.988	0.109539	156	157	
8.75	9	3	11	5	3	250	149249	250	149249	0.003	0	0.003	0.003	596.996	0.0632456	596	597	
8.75	9	3	12	1	3	250	209748	250	209748	0.003	0	0.003	0.003	838.992	0.126491	837	839	
8.75	9	3	13	3	3	250	113250	250	113250	0.003	0	0.003	0.003	453	0	453	453	
8.75	9	3	14	2	3	250	113250	250	113250	0.003	0	0.003	0.003	453	0	453	453	
8.75	9	3	15	4	3	250	39248	250	39248	0.003	0	0.003	0.003	156.992	0.0892629	156	157	
8.75	9	1	16	4	3	250	56249	250	56249	0.003	0	0.003	0.003	224.996	0.0632456	224	225	
8.75	9	1	17	3	3	250	56249	250	56249	0.003	0	0.003	0.003	224.996	0.0632456	224	225	
8.75	9	1	18	5	3	250	39248	250	39247	0.003	0	0.003	0.003	156.988	0.109104	156	157	
8.75	9	1	19	1	3	250	113250	250	113250	0.003	0	0.003	0.003	453	0	453	453	
8.75	9	1	20	2	3	250	56249	250	56249	0.003	0	0.003	0.003	224.996	0.0632456	224	225	
9	9.25	4	1	3	3	250	71250	250	71250	0.003	0	0.003	0.003	285	0	285	285	
9	9.25	4	2	1	3	250	71250	250	71250	0.003	0	0.003	0.003	285	0	285	285	
9	9.25	4	3	2	3	250	209748	250	209748	0.003	0	0.003	0.003	838.992	0.126491	837	839	
9	9.25	4	4	5	3	250	56248	250	56248	0.003	0	0.003	0.003	224.992	0.0892629	224	225	
9	9.25	4	5	4	3	224	39648	224	39648	0.0038125	0.0022472	0.003	0.01	177	0	177	177	
9	9.25	2	6	5	3	250	71250	250	71250	0.003	0	0.003	0.003	285	0	285	285	
9	9.25	2	7	1	3	250	29247	250	29247	0.003	0	0.003	0.003	116.988	0.109104	116	117	
9	9.25	2	8	2	3	250	85248	250	85248	0.003	0	0.003	0.003	340.992	0.126491	339	341	
9	9.25	2	9	4	3	250	93243	250	93243	0.003	0	0.003	0.003	372.972	0.165304	372	373	
9	9.25	2	10	3	3	241	37835	240	37678	0.0032625	0.00133266	0.003	0.01	156.992	0.0910959	156	157	
9	9.25	3	11	5	3	250	149248	250	149248	0.003	0	0.003	0.003	596.992	0.0892629	596	597	
9	9.25	3	12	1	3	250	209748	250	209748	0.003	0	0.003	0.003	838.992	0.126491	837	839	
9	9.25	3	13	3	3	250	113250	250	113250	0.003	0	0.003	0.003	453	0	453	453	
9	9.25	3	14	2	3	250	113250	250	113250	0.003	0	0.003	0.003	453	0	453	453	
9	9.25	3	15	4	3	250	39248	250	39248	0.003	0	0.003	0.003	156.992	0.0892629	156	157	
9	9.25	1	16	4	3	250	56248	250	56248	0.003	0	0.003	0.003	224.992	0.0892629	224	225	
9	9.25	1	17	3	3	250	56248	250	56248	0.003	0	0.003	0.003	224.992	0.0892629	224	225	
9	9.25	1	18	5	3	250	39248	250	39248	0.003	0	0.003	0.003	156.992	0.0892629	156	157	
9	9.25	1	19	1	3	250	113250	250	113250	0.003	0	0.003	0.003	453	0	453	453	
9	9.25	1	20	2	3	250	56248	250	56248	0.003	0	0.003	0.003	224.992	0.0892629	224	225	
9.25	9.5	4	1	3	3	250	71250	250	71250	0.003	0	0.003	0.003	285	0	285	285	
9.25	9.5	4	2	1	3	250	71250	250	71250	0.003	0	0.003	0.003	285	0	285	285	
9.25	9.5	4	3	2	3	250	209750	250	209750	0.003	0	0.003	0.003	839	0	839	839	
9.25	9.5	4	4	5	3	250	56249	250	56249	0.003	0	0.003	0.003	224.996	0.0632456	224	225	
9.25	9.5	4	5	4	3	225	39825	224	39648	0.00378125	0.00220911	0.003	0.01	177	0	177	177	
9.25	9.5	2	6	5	3	250	71250	250	71250	0.003	0	0.003	0.003	285	0	285	285	
9.25	9.5	2	7	1	3	250	29248	250	29248	0.003	0	0.003	0.003	116.992	0.0892629	116	117	
9.25	9.5	2	8	2	3	250	85250	250	85250	0.003	0	0.003	0.003	341	0	341	341	
9.25	9.5	2	9	4	3	250	93243	250	93243	0.003	0	0.003	0.003	372.972	0.165304	372	373	
9.25	9.5	2	10	3	3	245	38463	246	38620	0.00314228	0.000989785	0.003	0.01	156.992	0.0899828	156	157	
9.25	9.5	3	11	5	3	250	149249	250	149249	0.003	0	0.003	0.003	596.996	0.0632456	596	597	
9.25	9.5	3	12	1	3	250	209750	250	209750	0.003	0	0.003	0.003	839	0	839	839	
9.25	9.5	3	13	3	3	250	113250	250	113250	0.003	0	0.003	0.003	453	0	453	453	
9.25	9.5	3	14	2	3	250	113250	250	113250	0.003	0	0.003	0.003	453	0	453	453	
9.25	9.5	3	15	4	3	250	39248	250	39248	0.003	0	0.003	0.003	156.992	0.0892629	156	157	
9.25	9.5	1	16	4	3	250	56249	250	56249	0.003	0	0.003	0.003	224.996	0.0632456	224	225	
9.25	9.5	1	17	3	3	250	56249	250	56249	0.003	0	0.003	0.003	224.996	0.0632456	224	225	
9.25	9.5	1	18	5	3	250	39248	250	39248	0.003	0	0.003	0.003	156.992	0.0892629	156	157	
9.25	9.5	1	19	1	3	250	113250	250	113250	0.003	0	0.003	0.003	453	0	453	453	
9.25	9.5	1	20	2	3	250	56249	250	56249	0.003	0	0.003	0.003	224.996	0.0632456	224	225	
9.5	9.75	4	1	3	3	250	71250	250	71250	0.003	0	0.003	0.003	285	0	285	285	
9.5	9.75	4	2	1	3	250	71250	250	71250	0.003	0	0.003	0.003	285	0	285	285	
9.5	9.75	4	3	2	3	250	209748	250	209748	0.003	0	0.003	0.003	838.992	0.126491	837	839	
9.5	9.75	4	4	5	3	250	56248	250	56248	0.003	0	0.003	0.003	224.992	0.0892629	224	225	
9.5	9.75	4	5	4	3	218	38586	219	38763	0.00402283	0.00247824	0.003	0.01	177	0	177	177	
9.5	9.75	2	6	5	3	250	71250	250	71250	0.003	0	0.003	0.003	285	0	285	285	
9.5	9.75	2	7	1	3	250	29247	250	29247	0.003	0	0.003	0.003	116.988	0.109104	116	117	
9.5	9.75	2	8	2	3	250	85248	250	85248	0.003	0	0.003	0.003	340.992	0.126491	339	341	
9.5	9.75	2	9	4	3	250	93244	250	93244	0.003	0	0.003	0.003	372.976	0.153356	372	373	
9.5	9.75	2	10	3	3	248	38934	248	38934	0.00305645	0.000627345	0.003	0.01	156.992	0.0896207	156	157	
9.5	9.75	3	11	5	3	250	149249	250	149249	0.003	0	0.003	0.003	596.996	0.0632456	596	597	
9.5	9.75	3	12	1	3	250	209748	250	209748	0.003	0	0.003	0.003	838.992	0.126491	837	839	
9.5	9.75	3	13	3	3	250	113250	250	113250	0.003	0	0.003	0.003	453	0	453	453	
9.5	9.75	3	14	2	3	250	113250	250	113250	0.003	0	0.003	0.003	453	0	453	453	
9.5	9.75	3	15	4	3	250	39247	250	39247	0.003	0	0.003	0.003	156.988	0.109104	156	157	
9.5	9.75	1	16	4	3	250	56248	250	56248	0.003	0	0.003	0.003	224.992	0.0892629	224	225	
9.5	9.75	1	17	3	3	250	56248	250	56248	0.003	0	0.003	0.003	224.992	0.0892629	224	225	
9.5	9.75	1	18	5	3	250	39247	250	39247	0.003	0	0.003	0.003	156.988	0.109104	156	157	
9.5	9.75	1	19	1	3	250	113250	250	113250	0.003	0	0.003	0.003	453	0	453	453	
9.5	9.75	1	20	2	3	250	56248	250	56248	0.003	0	0.003	0.003	224.992	0.0892629	224	225	
9.75	10	4	1	3	3	250	71250	250	71250	0.003	0	0.003	0.003	285	0	285	285	
9.75	10	4	2	1	3	250	71250	250	71250	0.003	0	0.003	0.003	285	0	285	285	
9.75	10	4	3	2	3	250	209748	250	209748	0.003	0	0.003	0.003	838.992	0.126491	837	839	
9.75	10	4	4	5	3	250	56248	250	56248	0.003	0	0.003	0.003	224.992	0.0892629	224	225	
9.75	10	4	5	4	3	225	39825	225	39825	0.00377778	0.00220479	0.003	0.01	177	0	177	177	
9.75	10	2	6	5	3	250	71250	250	71250	0.003	0	0.003	0.003	285	0	285	285	
9.75	10	2	7	1	3	250	29248	250	29248	0.003	0	0.003	0.003	116.992	0.0892629	116	117	
9.75	10	2	8	2	3	250	85248	250	85248	0.003	0	0.003	0.003	340.992	0.126491	339	341	
9.75	10	2	9	4	3	250	93243	250	93243	0.003	0	0.003	0.003	372.972	0.165304	372	373	
9.75	10	2	10	3	3	243	38148	243	38148	0.00320165	0.00117325	0.003	0.01	156.988	0.110651	156	157	
9.75	10	3	11	5	3	250	149249	250	149249	0.003	0	0.003	0.003	596.996	0.0632456	596	597	
9.75	10	3	12	1	3	250	209748	250	209748	0.003	0	0.003	0.003	838.992	0.126491	837	839	
9.75	10	3	13	3	3	250	113250	250	113250	0.003	0	0.003	0.003	453	0	453	453	
9.75	10	3	14	2	3	250	113250	250	113250	0.003	0	0.003	0.003	453	0	453	453	
9.75	10	3	15	4	3	250	39248	250	39248	0.003	0	0.003	0.003	156.992	0.0892629	156	157	
9.75	10	1	16	4	3	250	56248	250	56248	0.003	0	0.003	0.003	224.992	0.0892629	224	225	
9.75	10	1	17	3	3	250	56248	250	56248	0.003	0	0.003	0.003	224.992	0.0892629	224	225	
9.75	10	1	18	5	3	250	39248	250	39248	0.003	0	0.003	0.003	156.992	0.0892629	156	157	
9.75	10	1	19	1	3	250	113250	250	113250	0.003	0	0.003	0.003	453	0	453	453	
9.75	10	1	20	2	3	250	56248	250	56248	0.003	0	0.003	0.003	224.992	0.0892629	224	225	
