% start	end	CellId	IMSI	RNTI	LCID	nTxPDUs	TxBytes	nRxPDUs	RxBytes	delay	stdDev	min	max	PduSize	stdDev	min	max
0.5	0.75	4	1	5	3	227	40413	218	34226	0.003	0	0.003	0.003	157	0	157	157	
0.5	0.75	4	2	3	3	241	111875	239	110969	0.00320502	0.00118278	0.003	0.01	464.305	65.2218	453	839	
0.5	0.75	4	3	1	3	234	56948	232	56498	0.00342241	0.00240004	0.003	0.017	243.526	105.259	225	839	
0.5	0.75	4	4	4	3	248	209864	246	208186	0.003	0	0.003	0.003	846.285	42.6518	839	1095	
0.5	0.75	4	5	2	3	227	40413	218	34226	0.003	0	0.003	0.003	157	0	157	157	
0.5	0.75	2	6	1	3	234	56948	232	56498	0.00342241	0.00240004	0.003	0.017	243.526	105.259	225	839	
0.5	0.75	2	7	4	3	241	93740	239	92994	0.00320502	0.00118278	0.003	0.01	389.096	80.7562	341	839	
0.5	0.75	2	8	5	3	227	40413	218	34226	0.003	0	0.003	0.003	157	0	157	157	
0.5	0.75	2	9	2	3	223	44103	214	37876	0.00313084	0.000950257	0.003	0.01	176.991	0.136717	175	177	
0.5	0.75	2	10	3	3	230	69426	228	68856	0.00355263	0.00256919	0.003	0.017	302	95.7816	283	839	
0.5	0.75	3	11	1	3	234	70566	232	69996	0.00342241	0.00240004	0.003	0.017	301.707	94.9746	283	839	
0.5	0.75	3	12	3	3	241	145568	239	144374	0.00320502	0.00118278	0.003	0.01	604.075	40.8928	595	839	
0.5	0.75	3	13	5	3	227	31613	218	25506	0.003	0	0.003	0.003	117	0	117	117	
0.5	0.75	3	14	4	3	241	110275	239	109369	0.00320502	0.00118278	0.003	0.01	457.611	69.9907	373	839	
0.5	0.75	3	15	2	3	241	93155	239	92409	0.00320502	0.00118278	0.003	0.01	386.649	78.7393	373	839	
0.5	0.75	1	16	5	3	227	40333	218	34146	0.003	0	0.003	0.003	156.633	3.82247	117	157	
0.5	0.75	1	17	4	3	125	26719	115	20315	0.00914783	0.00229891	0.003	0.01	176.652	2.62593	157	177	
0.5	0.75	1	18	3	3	227	31613	218	25506	0.003	0	0.003	0.003	117	0	117	117	
0.5	0.75	1	19	2	3	225	44457	216	38230	0.00306481	0.000672007	0.003	0.01	176.991	0.136083	175	177	
0.5	0.75	1	20	1	3	233	71009	231	70439	0.00345454	0.00244351	0.003	0.017	304.931	96.2869	283	839	
0.75	1	4	1	5	3	250	39250	250	39250	0.003	0	0.003	0.003	157	0	157	157	
0.75	1	4	2	3	3	250	113250	250	113250	0.003	0	0.003	0.003	453	0	453	453	
0.75	1	4	3	1	3	250	56247	250	56247	0.003	0	0.003	0.003	224.988	0.141194	223	225	
0.75	1	4	4	4	3	250	209750	250	209750	0.003	0	0.003	0.003	839	0	839	839	
0.75	1	4	5	2	3	250	39250	250	39250	0.003	0	0.003	0.003	157	0	157	157	
0.75	1	2	6	1	3	250	56247	250	56247	0.003	0	0.003	0.003	224.988	0.141194	223	225	
0.75	1	2	7	4	3	250	93243	250	93243	0.003	0	0.003	0.003	372.972	0.165304	372	373	
0.75	1	2	8	5	3	250	39250	250	39250	0.003	0	0.003	0.003	157	0	157	157	
0.75	1	2	9	2	3	245	43365	245	43365	0.00314286	0.000991769	0.003	0.01	177	0	177	177	
0.75	1	2	10	3	3	250	71250	250	71250	0.003	0	0.003	0.003	285	0	285	285	
0.75	1	3	11	1	3	250	71250	250	71250	0.003	0	0.003	0.003	285	0	285	285	
0.75	1	3	12	3	3	250	149249	250	149249	0.003	0	0.003	0.003	596.996	0.0632456	596	597	
0.75	1	3	13	5	3	250	29248	250	29248	0.003	0	0.003	0.003	116.992	0.126491	115	117	
0.75	1	3	14	4	3	250	113250	250	113250	0.003	0	0.003	0.003	453	0	453	453	
0.75	1	3	15	2	3	250	93244	250	93244	0.003	0	0.003	0.003	372.976	0.177624	371	373	
0.75	1	1	16	5	3	250	39250	250	39250	0.003	0	0.003	0.003	157	0	157	157	
0.75	1	1	17	4	3	132	23364	133	23541	0.00915789	0.0022858	0.003	0.01	177	0	177	177	
0.75	1	1	18	3	3	250	29248	250	29248	0.003	0	0.003	0.003	116.992	0.126491	115	117	
0.75	1	1	19	2	3	249	44073	249	44073	0.00302811	0.000443607	0.003	0.01	177	0	177	177	
0.75	1	1	20	1	3	249	70965	249	70965	0.00302811	0.000443607	0.003	0.01	285	0	285	285	
1	1.25	4	1	5	3	250	39250	250	39250	0.003	0	0.003	0.003	157	0	157	157	
1	1.25	4	2	3	3	250	113250	250	113250	0.003	0	0.003	0.003	453	0	453	453	
1	1.25	4	3	1	3	250	56249	250	56249	0.003	0	0.003	0.003	224.996	0.0632456	224	225	
1	1.25	4	4	4	3	250	209748	250	209748	0.003	0	0.003	0.003	838.992	0.126491	837	839	
1	1.25	4	5	2	3	250	39250	250	39250	0.003	0	0.003	0.003	157	0	157	157	
1	1.25	2	6	1	3	250	56249	250	56249	0.003	0	0.003	0.003	224.996	0.0632456	224	225	
1	1.25	2	7	4	3	250	93243	250	93244	0.003	0	0.003	0.003	372.976	0.153356	372	373	
1	1.25	2	8	5	3	250	39250	250	39250	0.003	0	0.003	0.003	157	0	157	157	
1	1.25	2	9	2	3	245	43365	245	43365	0.00314286	0.000991769	0.003	0.01	177	0	177	177	
1	1.25	2	10	3	3	247	70395	247	70395	0.00308502	0.000768312	0.003	0.01	285	0	285	285	
1	1.25	3	11	1	3	250	71250	250	71250	0.003	0	0.003	0.003	285	0	285	285	
1	1.25	3	12	3	3	250	149249	250	149249	0.003	0	0.003	0.003	596.996	0.0632456	596	597	
1	1.25	3	13	5	3	250	29247	250	29247	0.003	0	0.003	0.003	116.988	0.109104	116	117	
1	1.25	3	14	4	3	249	112797	249	112797	0.00302811	0.000443607	0.003	0.01	453	0	453	453	
1	1.25	3	15	2	3	250	93243	250	93243	0.003	0	0.003	0.003	372.972	0.165304	372	373	
1	1.25	1	16	5	3	250	39247	250	39247	0.003	0	0.003	0.003	156.988	0.141194	155	157	
1	1.25	1	17	4	3	136	24072	133	23541	0.009	0.00245875	0.003	0.01	177	0	177	177	
1	1.25	1	18	3	3	250	29247	250	29247	0.003	0	0.003	0.003	116.988	0.109104	116	117	
1	1.25	1	19	2	3	246	43542	246	43542	0.00311382	0.000887126	0.003	0.01	177	0	177	177	
1	1.25	1	20	1	3	247	70395	247	70395	0.00308502	0.000768312	0.003	0.01	285	0	285	285	
1.25	1.5	4	1	5	3	250	39247	250	39247	0.003	0	0.003	0.003	156.988	0.141194	155	157	
1.25	1.5	4	2	3	3	250	113250	250	113250	0.003	0	0.003	0.003	453	0	453	453	
1.25	1.5	4	3	1	3	250	56248	250	56248	0.003	0	0.003	0.003	224.992	0.0892629	224	225	
1.25	1.5	4	4	4	3	250	209748	250	209748	0.003	0	0.003	0.003	838.992	0.126491	837	839	
1.25	1.5	4	5	2	3	250	39247	250	39247	0.003	0	0.003	0.003	156.988	0.141194	155	157	
1.25	1.5	2	6	1	3	250	56248	250	56248	0.003	0	0.003	0.003	224.992	0.0892629	224	225	
1.25	1.5	2	7	4	3	250	93244	250	93243	0.003	0	0.003	0.003	372.972	0.165304	372	373	
1.25	1.5	2	8	5	3	250	39247	250	39247	0.003	0	0.003	0.003	156.988	0.141194	155	157	
1.25	1.5	2	9	2	3	244	43188	244	43188	0.00317213	0.00108634	0.003	0.01	177	0	177	177	
1.25	1.5	2	10	3	3	249	70965	249	70965	0.00302811	0.000443607	0.003	0.01	285	0	285	285	
1.25	1.5	3	11	1	3	250	71250	250	71250	0.003	0	0.003	0.003	285	0	285	285	
1.25	1.5	3	12	3	3	250	149249	250	149249	0.003	0	0.003	0.003	596.996	0.0632456	596	597	
1.25	1.5	3	13	5	3	250	29248	250	29248	0.003	0	0.003	0.003	116.992	0.0892629	116	117	
1.25	1.5	3	14	4	3	250	113250	250	113250	0.003	0	0.003	0.003	453	0	453	453	
1.25	1.5	3	15	2	3	250	93243	250	93243	0.003	0	0.003	0.003	372.972	0.165304	372	373	
1.25	1.5	1	16	5	3	249	39091	249	39091	0.00302811	0.000443607	0.003	0.01	156.992	0.0894413	156	157	
1.25	1.5	1	17	4	3	130	23010	130	23010	0.00956923	0.00168872	0.003	0.01	177	0	177	177	
1.25	1.5	1	18	3	3	250	29248	250	29248	0.003	0	0.003	0.003	116.992	0.0892629	116	117	
1.25	1.5	1	19	2	3	250	44250	250	44250	0.003	0	0.003	0.003	177	0	177	177	
1.25	1.5	1	20	1	3	246	70110	246	70110	0.00311382	0.000887126	0.003	0.01	285	0	285	285	
1.5	1.75	4	1	5	3	250	39248	250	39248	0.003	0	0.003	0.003	156.992	0.0892629	156	157	
1.5	1.75	4	2	3	3	250	113250	250	113250	0.003	0	0.003	0.003	453	0	453	453	
1.5	1.75	4	3	1	3	250	56249	250	56249	0.003	0	0.003	0.003	224.996	0.0632456	224	225	
1.5	1.75	4	4	4	3	250	209750	250	209750	0.003	0	0.003	0.003	839	0	839	839	
1.5	1.75	4	5	2	3	250	39248	250	39248	0.003	0	0.003	0.003	156.992	0.0892629	156	157	
1.5	1.75	2	6	1	3	250	56249	250	56249	0.003	0	0.003	0.003	224.996	0.0632456	224	225	
1.5	1.75	2	7	4	3	250	93243	250	93243	0.003	0	0.003	0.003	372.972	0.165304	372	373	
1.5	1.75	2	8	5	3	250	39248	250	39248	0.003	0	0.003	0.003	156.992	0.0892629	156	157	
1.5	1.75	2	9	2	3	245	43365	244	43188	0.00314344	0.000993766	0.003	0.01	177	0	177	177	
1.5	1.75	2	10	3	3	250	71250	249	70965	0.003	0	0.003	0.003	285	0	285	285	
1.5	1.75	3	11	1	3	250	71250	250	71250	0.003	0	0.003	0.003	285	0	285	285	
1.5	1.75	3	12	3	3	250	149248	250	149248	0.003	0	0.003	0.003	596.992	0.0892629	596	597	
1.5	1.75	3	13	5	3	250	29247	250	29247	0.003	0	0.003	0.003	116.988	0.109104	116	117	
1.5	1.75	3	14	4	3	249	112797	249	112797	0.00302811	0.000443607	0.003	0.01	453	0	453	453	
1.5	1.75	3	15	2	3	250	93243	250	93243	0.003	0	0.003	0.003	372.972	0.165304	372	373	
1.5	1.75	1	16	5	3	248	38933	248	38933	0.00305645	0.000627345	0.003	0.01	156.988	0.109539	156	157	
1.5	1.75	1	17	4	3	129	22833	130	23010	0.00951538	0.0017838	0.003	0.01	177	0	177	177	
1.5	1.75	1	18	3	3	250	29247	250	29247	0.003	0	0.003	0.003	116.988	0.109104	116	117	
1.5	1.75	1	19	2	3	250	44250	250	44250	0.003	0	0.003	0.003	177	0	177	177	
1.5	1.75	1	20	1	3	248	70680	248	70680	0.00305645	0.000627345	0.003	0.01	285	0	285	285	
1.75	2	4	1	5	3	250	39247	250	39247	0.003	0	0.003	0.003	156.988	0.109104	156	157	
1.75	2	4	2	3	3	250	113250	250	113250	0.003	0	0.003	0.003	453	0	453	453	
1.75	2	4	3	1	3	250	56248	250	56248	0.003	0	0.003	0.003	224.992	0.0892629	224	225	
1.75	2	4	4	4	3	250	209748	250	209748	0.003	0	0.003	0.003	838.992	0.126491	837	839	
1.75	2	4	5	2	3	250	39247	250	39247	0.003	0	0.003	0.003	156.988	0.109104	156	157	
1.75	2	2	6	1	3	250	56248	250	56248	0.003	0	0.003	0.003	224.992	0.0892629	224	225	
1.75	2	2	7	4	3	250	93243	250	93243	0.003	0	0.003	0.003	372.972	0.165304	372	373	
1.75	2	2	8	5	3	250	39247	250	39247	0.003	0	0.003	0.003	156.988	0.109104	156	157	
1.75	2	2	9	2	3	246	43542	247	43719	0.00311336	0.00088535	0.003	0.01	177	0	177	177	
1.75	2	2	10	3	3	246	70110	247	70395	0.00311336	0.00088535	0.003	0.01	285	0	285	285	
1.75	2	3	11	1	3	250	71250	250	71250	0.003	0	0.003	0.003	285	0	285	285	
1.75	2	3	12	3	3	250	149249	250	149249	0.003	0	0.003	0.003	596.996	0.0632456	596	597	
1.75	2	3	13	5	3	250	29248	250	29248	0.003	0	0.003	0.003	116.992	0.0892629	116	117	
1.75	2	3	14	4	3	250	113250	250	113250	0.003	0	0.003	0.003	453	0	453	453	
1.75	2	3	15	2	3	250	93244	250	93244	0.003	0	0.003	0.003	372.976	0.153356	372	373	
1.75	2	1	16	5	3	249	39091	249	39091	0.00302811	0.000443607	0.003	0.01	156.992	0.0894413	156	157	
1.75	2	1	17	4	3	132	23364	131	23187	0.00925191	0.00217094	0.003	0.01	177	0	177	177	
1.75	2	1	18	3	3	250	29248	250	29248	0.003	0	0.003	0.003	116.992	0.0892629	116	117	
1.75	2	1	19	2	3	248	43896	248	43896	0.00305645	0.000627345	0.003	0.01	177	0	177	177	
1.75	2	1	20	1	3	248	70680	248	70680	0.00305645	0.000627345	0.003	0.01	285	0	285	285	
2	2.25	4	1	5	3	250	39248	250	39248	0.003	0	0.003	0.003	156.992	0.0892629	156	157	
2	2.25	4	2	3	3	250	113250	250	113250	0.003	0	0.003	0.003	453	0	453	453	
2	2.25	4	3	1	3	250	56249	250	56249	0.003	0	0.003	0.003	224.996	0.0632456	224	225	
2	2.25	4	4	4	3	250	209748	250	209748	0.003	0	0.003	0.003	838.992	0.126491	837	839	
2	2.25	4	5	2	3	250	39248	250	39248	0.003	0	0.003	0.003	156.992	0.0892629	156	157	
2	2.25	2	6	1	3	250	56249	250	56249	0.003	0	0.003	0.003	224.996	0.0632456	224	225	
2	2.25	2	7	4	3	250	93243	250	93244	0.003	0	0.003	0.003	372.976	0.153356	372	373	
2	2.25	2	8	5	3	250	39248	250	39248	0.003	0	0.003	0.003	156.992	0.0892629	156	157	
2	2.25	2	9	2	3	245	43365	245	43365	0.00314286	0.000991769	0.003	0.01	177	0	177	177	
2	2.25	2	10	3	3	248	70680	248	70680	0.00305645	0.000627345	0.003	0.01	285	0	285	285	
2	2.25	3	11	1	3	250	71250	250	71250	0.003	0	0.003	0.003	285	0	285	285	
2	2.25	3	12	3	3	250	149249	250	149249	0.003	0	0.003	0.003	596.996	0.0632456	596	597	
2	2.25	3	13	5	3	250	29247	250	29247	0.003	0	0.003	0.003	116.988	0.109104	116	117	
2	2.25	3	14	4	3	249	112797	249	112797	0.00302811	0.000443607	0.003	0.01	453	0	453	453	
2	2.25	3	15	2	3	250	93243	250	93243	0.003	0	0.003	0.003	372.972	0.165304	372	373	
2	2.25	1	16	5	3	248	38934	248	38934	0.00305645	0.000627345	0.003	0.01	156.992	0.0896207	156	157	
2	2.25	1	17	4	3	136	24072	135	23895	0.00891111	0.00254648	0.003	0.01	177	0	177	177	
2	2.25	1	18	3	3	250	29247	250	29247	0.003	0	0.003	0.003	116.988	0.109104	116	117	
2	2.25	1	19	2	3	248	43896	248	43896	0.00305645	0.000627345	0.003	0.01	177	0	177	177	
2	2.25	1	20	1	3	249	70965	249	70965	0.00302811	0.000443607	0.003	0.01	285	0	285	285	
2.25	2.5	4	1	5	3	250	39248	250	39248	0.003	0	0.003	0.003	156.992	0.0892629	156	157	
2.25	2.5	4	2	3	3	250	113250	250	113250	0.003	0	0.003	0.003	453	0	453	453	
2.25	2.5	4	3	1	3	250	56248	250	56248	0.003	0	0.003	0.003	224.992	0.0892629	224	225	
2.25	2.5	4	4	4	3	250	209748	250	209748	0.003	0	0.003	0.003	838.992	0.126491	837	839	
2.25	2.5	4	5	2	3	250	39248	250	39248	0.003	0	0.003	0.003	156.992	0.0892629	156	157	
2.25	2.5	2	6	1	3	250	56248	250	56248	0.003	0	0.003	0.003	224.992	0.0892629	224	225	
2.25	2.5	2	7	4	3	250	93244	250	93243	0.003	0	0.003	0.003	372.972	0.165304	372	373	
2.25	2.5	2	8	5	3	250	39248	250	39248	0.003	0	0.003	0.003	156.992	0.0892629	156	157	
2.25	2.5	2	9	2	3	241	42657	241	42657	0.00326141	0.00132999	0.003	0.01	177	0	177	177	
2.25	2.5	2	10	3	3	247	70395	247	70395	0.00308502	0.000768312	0.003	0.01	285	0	285	285	
2.25	2.5	3	11	1	3	250	71250	250	71250	0.003	0	0.003	0.003	285	0	285	285	
2.25	2.5	3	12	3	3	250	149249	250	149249	0.003	0	0.003	0.003	596.996	0.0632456	596	597	
2.25	2.5	3	13	5	3	250	29248	250	29248	0.003	0	0.003	0.003	116.992	0.0892629	116	117	
2.25	2.5	3	14	4	3	250	113250	250	113250	0.003	0	0.003	0.003	453	0	453	453	
2.25	2.5	3	15	2	3	250	93243	250	93243	0.003	0	0.003	0.003	372.972	0.165304	372	373	
2.25	2.5	1	16	5	3	249	39090	249	39090	0.00302811	0.000443607	0.003	0.01	156.988	0.109321	156	157	
2.25	2.5	1	17	4	3	133	23541	135	23895	0.00906667	0.0023884	0.003	0.01	177	0	177	177	
2.25	2.5	1	18	3	3	250	29248	250	29248	0.003	0	0.003	0.003	116.992	0.0892629	116	117	
2.25	2.5	1	19	2	3	247	43719	247	43719	0.00308502	0.000768312	0.003	0.01	177	0	177	177	
2.25	2.5	1	20	1	3	249	70965	249	70965	0.00302811	0.000443607	0.003	0.01	285	0	285	285	
2.5	2.75	4	1	5	3	250	39248	250	39248	0.003	0	0.003	0.003	156.992	0.0892629	156	157	
2.5	2.75	4	2	3	3	250	113250	250	113250	0.003	0	0.003	0.003	453	0	453	453	
2.5	2.75	4	3	1	3	250	56248	250	56248	0.003	0	0.003	0.003	224.992	0.0892629	224	225	
2.5	2.75	4	4	4	3	250	209750	250	209750	0.003	0	0.003	0.003	839	0	839	839	
2.5	2.75	4	5	2	3	250	39248	250	39248	0.003	0	0.003	0.003	156.992	0.0892629	156	157	
2.5	2.75	2	6	1	3	250	56248	250	56248	0.003	0	0.003	0.003	224.992	0.0892629	224	225	
2.5	2.75	2	7	4	3	250	93243	250	93243	0.003	0	0.003	0.003	372.972	0.165304	372	373	
2.5	2.75	2	8	5	3	250	39248	250	39248	0.003	0	0.003	0.003	156.992	0.0892629	156	157	
2.5	2.75	2	9	2	3	241	42657	241	42657	0.00326141	0.00132999	0.003	0.01	177	0	177	177	
2.5	2.75	2	10	3	3	249	70965	249	70965	0.00302811	0.000443607	0.003	0.01	285	0	285	285	
2.5	2.75	3	11	1	3	250	71250	250	71250	0.003	0	0.003	0.003	285	0	285	285	
2.5	2.75	3	12	3	3	250	149248	250	149248	0.003	0	0.003	0.003	596.992	0.0892629	596	597	
2.5	2.75	3	13	5	3	250	29247	250	29247	0.003	0	0.003	0.003	116.988	0.109104	116	117	
2.5	2.75	3	14	4	3	250	113250	250	113250	0.003	0	0.003	0.003	453	0	453	453	
2.5	2.75	3	15	2	3	250	93243	250	93243	0.003	0	0.003	0.003	372.972	0.165304	372	373	
2.5	2.75	1	16	5	3	249	39091	249	39091	0.00302811	0.000443607	0.003	0.01	156.992	0.0894413	156	157	
2.5	2.75	1	17	4	3	131	23187	131	23187	0.00935878	0.002027	0.003	0.01	177	0	177	177	
2.5	2.75	1	18	3	3	250	29247	250	29247	0.003	0	0.003	0.003	116.988	0.109104	116	117	
2.5	2.75	1	19	2	3	247	43719	247	43719	0.00308502	0.000768312	0.003	0.01	177	0	177	177	
2.5	2.75	1	20	1	3	250	71250	250	71250	0.003	0	0.003	0.003	285	0	285	285	
2.75	3	4	1	5	3	250	39247	250	39247	0.003	0	0.003	0.003	156.988	0.109104	156	157	
2.75	3	4	2	3	3	250	113250	250	113250	0.003	0	0.003	0.003	453	0	453	453	
2.75	3	4	3	1	3	250	56249	250	56249	0.003	0	0.003	0.003	224.996	0.0632456	224	225	
2.75	3	4	4	4	3	250	209748	250	209748	0.003	0	0.003	0.003	838.992	0.126491	837	839	
2.75	3	4	5	2	3	250	39247	250	39247	0.003	0	0.003	0.003	156.988	0.109104	156	157	
2.75	3	2	6	1	3	250	56249	250	56249	0.003	0	0.003	0.003	224.996	0.0632456	224	225	
2.75	3	2	7	4	3	250	93243	250	93243	0.003	0	0.003	0.003	372.972	0.165304	372	373	
2.75	3	2	8	5	3	250	39247	250	39247	0.003	0	0.003	0.003	156.988	0.109104	156	157	
2.75	3	2	9	2	3	247	43719	247	43719	0.00308502	0.000768312	0.003	0.01	177	0	177	177	
2.75	3	2	10	3	3	249	70965	249	70965	0.00302811	0.000443607	0.003	0.01	285	0	285	285	
2.75	3	3	11	1	3	250	71250	250	71250	0.003	0	0.003	0.003	285	0	285	285	
2.75	3	3	12	3	3	250	149249	250	149249	0.003	0	0.003	0.003	596.996	0.0632456	596	597	
2.75	3	3	13	5	3	250	29248	250	29248	0.003	0	0.003	0.003	116.992	0.0892629	116	117	
2.75	3	3	14	4	3	250	113250	250	113250	0.003	0	0.003	0.003	453	0	453	453	
2.75	3	3	15	2	3	250	93244	250	93244	0.003	0	0.003	0.003	372.976	0.153356	372	373	
2.75	3	1	16	5	3	250	39248	250	39248	0.003	0	0.003	0.003	156.992	0.0892629	156	157	
2.75	3	1	17	4	3	131	23187	132	23364	0.00931061	0.00209373	0.003	0.01	177	0	177	177	
2.75	3	1	18	3	3	250	29248	250	29248	0.003	0	0.003	0.003	116.992	0.0892629	116	117	
2.75	3	1	19	2	3	249	44073	249	44073	0.00302811	0.000443607	0.003	0.01	177	0	177	177	
2.75	3	1	20	1	3	247	70395	246	70110	0.00308536	0.000769859	0.003	0.01	285	0	285	285	
3	3.25	4	1	5	3	250	39248	250	39248	0.003	0	0.003	0.003	156.992	0.0892629	156	157	
3	3.25	4	2	3	3	250	113250	250	113250	0.003	0	0.003	0.003	453	0	453	453	
3	3.25	4	3	1	3	250	56248	250	56248	0.003	0	0.003	0.003	224.992	0.0892629	224	225	
3	3.25	4	4	4	3	250	209748	250	209748	0.003	0	0.003	0.003	838.992	0.126491	837	839	
3	3.25	4	5	2	3	250	39248	250	39248	0.003	0	0.003	0.003	156.992	0.0892629	156	157	
3	3.25	2	6	1	3	250	56248	250	56248	0.003	0	0.003	0.003	224.992	0.0892629	224	225	
3	3.25	2	7	4	3	250	93243	250	93243	0.003	0	0.003	0.003	372.972	0.165304	372	373	
3	3.25	2	8	5	3	250	39248	250	39248	0.003	0	0.003	0.003	156.992	0.0892629	156	157	
3	3.25	2	9	2	3	242	42834	242	42834	0.0032314	0.00125411	0.003	0.01	177	0	177	177	
3	3.25	2	10	3	3	250	71250	250	71250	0.003	0	0.003	0.003	285	0	285	285	
3	3.25	3	11	1	3	250	71250	250	71250	0.003	0	0.003	0.003	285	0	285	285	
3	3.25	3	12	3	3	250	149249	250	149249	0.003	0	0.003	0.003	596.996	0.0632456	596	597	
3	3.25	3	13	5	3	250	29248	250	29248	0.003	0	0.003	0.003	116.992	0.0892629	116	117	
3	3.25	3	14	4	3	250	113250	250	113250	0.003	0	0.003	0.003	453	0	453	453	
3	3.25	3	15	2	3	250	93243	250	93243	0.003	0	0.003	0.003	372.972	0.165304	372	373	
3	3.25	1	16	5	3	249	39091	249	39091	0.00302811	0.000443607	0.003	0.01	156.992	0.0894413	156	157	
3	3.25	1	17	4	3	133	23541	132	23364	0.00920454	0.00223005	0.003	0.01	177	0	177	177	
3	3.25	1	18	3	3	250	29248	250	29248	0.003	0	0.003	0.003	116.992	0.0892629	116	117	
3	3.25	1	19	2	3	249	44073	249	44073	0.00302811	0.000443607	0.003	0.01	177	0	177	177	
3	3.25	1	20	1	3	247	70395	248	70680	0.00308468	0.000766774	0.003	0.01	285	0	285	285	
3.25	3.5	4	1	5	3	250	39248	250	39248	0.003	0	0.003	0.003	156.992	0.0892629	156	157	
3.25	3.5	4	2	3	3	250	113250	250	113250	0.003	0	0.003	0.003	453	0	453	453	
3.25	3.5	4	3	1	3	250	56249	250	56249	0.003	0	0.003	0.003	224.996	0.0632456	224	225	
3.25	3.5	4	4	4	3	250	209750	250	209750	0.003	0	0.003	0.003	839	0	839	839	
3.25	3.5	4	5	2	3	250	39248	250	39248	0.003	0	0.003	0.003	156.992	0.0892629	156	157	
3.25	3.5	2	6	1	3	250	56249	250	56249	0.003	0	0.003	0.003	224.996	0.0632456	224	225	
3.25	3.5	2	7	4	3	250	93244	250	93244	0.003	0	0.003	0.003	372.976	0.153356	372	373	
3.25	3.5	2	8	5	3	250	39248	250	39248	0.003	0	0.003	0.003	156.992	0.0892629	156	157	
3.25	3.5	2	9	2	3	243	43011	242	42834	0.00320248	0.00117561	0.003	0.01	177	0	177	177	
3.25	3.5	2	10	3	3	248	70680	248	70680	0.00305645	0.000627345	0.003	0.01	285	0	285	285	
3.25	3.5	3	11	1	3	250	71250	250	71250	0.003	0	0.003	0.003	285	0	285	285	
3.25	3.5	3	12	3	3	250	149248	250	149248	0.003	0	0.003	0.003	596.992	0.0892629	596	597	
3.25	3.5	3	13	5	3	250	29247	250	29247	0.003	0	0.003	0.003	116.988	0.109104	116	117	
3.25	3.5	3	14	4	3	249	112797	249	112797	0.00302811	0.000443607	0.003	0.01	453	0	453	453	
3.25	3.5	3	15	2	3	250	93243	250	93243	0.003	0	0.003	0.003	372.972	0.165304	372	373	
3.25	3.5	1	16	5	3	250	39247	250	39247	0.003	0	0.003	0.003	156.988	0.109104	156	157	
3.25	3.5	1	17	4	3	131	23187	131	23187	0.00930534	0.00210089	0.003	0.01	177	0	177	177	
3.25	3.5	1	18	3	3	250	29247	250	29247	0.003	0	0.003	0.003	116.988	0.109104	116	117	
3.25	3.5	1	19	2	3	246	43542	246	43542	0.00311382	0.000887126	0.003	0.01	177	0	177	177	
3.25	3.5	1	20	1	3	248	70680	248	70680	0.00305645	0.000627345	0.003	0.01	285	0	285	285	
3.5	3.75	4	1	5	3	250	39247	250	39247	0.003	0	0.003	0.003	156.988	0.109104	156	157	
3.5	3.75	4	2	3	3	250	113250	250	113250	0.003	0	0.003	0.003	453	0	453	453	
3.5	3.75	4	3	1	3	250	56248	250	56248	0.003	0	0.003	0.003	224.992	0.0892629	224	225	
3.5	3.75	4	4	4	3	250	209748	250	209748	0.003	0	0.003	0.003	838.992	0.126491	837	839	
3.5	3.75	4	5	2	3	250	39247	250	39247	0.003	0	0.003	0.003	156.988	0.109104	156	157	
3.5	3.75	2	6	1	3	250	56248	250	56248	0.003	0	0.003	0.003	224.992	0.0892629	224	225	
3.5	3.75	2	7	4	3	249	92870	249	92870	0.00302811	0.000443607	0.003	0.01	372.972	0.165627	372	373	
3.5	3.75	2	8	5	3	250	39247	250	39247	0.003	0	0.003	0.003	156.988	0.109104	156	157	
3.5	3.75	2	9	2	3	245	43365	246	43542	0.00314228	0.000989785	0.003	0.01	177	0	177	177	
3.5	3.75	2	10	3	3	250	71250	250	71250	0.003	0	0.003	0.003	285	0	285	285	
3.5	3.75	3	11	1	3	250	71250	250	71250	0.003	0	0.003	0.003	285	0	285	285	
3.5	3.75	3	12	3	3	250	149249	250	149249	0.003	0	0.003	0.003	596.996	0.0632456	596	597	
3.5	3.75	3	13	5	3	250	29248	250	29248	0.003	0	0.003	0.003	116.992	0.0892629	116	117	
3.5	3.75	3	14	4	3	250	113250	250	113250	0.003	0	0.003	0.003	453	0	453	453	
3.5	3.75	3	15	2	3	250	93243	250	93243	0.003	0	0.003	0.003	372.972	0.165304	372	373	
3.5	3.75	1	16	5	3	249	39091	249	39091	0.003	0	0.003	0.003	156.992	0.0894413	156	157	
3.5	3.75	1	17	4	3	131	23187	131	23187	0.00946565	0.00186588	0.003	0.01	177	0	177	177	
3.5	3.75	1	18	3	3	250	29248	250	29248	0.003	0	0.003	0.003	116.992	0.0892629	116	117	
3.5	3.75	1	19	2	3	250	44250	250	44250	0.003	0	0.003	0.003	177	0	177	177	
3.5	3.75	1	20	1	3	248	70680	248	70680	0.00305645	0.000627345	0.003	0.01	285	0	285	285	
3.75	4	4	1	5	3	250	39248	250	39248	0.003	0	0.003	0.003	156.992	0.0892629	156	157	
3.75	4	4	2	3	3	250	113250	250	113250	0.003	0	0.003	0.003	453	0	453	453	
3.75	4	4	3	1	3	250	56249	250	56249	0.003	0	0.003	0.003	224.996	0.0632456	224	225	
3.75	4	4	4	4	3	250	209748	250	209748	0.003	0	0.003	0.003	838.992	0.126491	837	839	
3.75	4	4	5	2	3	250	39248	250	39248	0.003	0	0.003	0.003	156.992	0.0892629	156	157	
3.75	4	2	6	1	3	250	56249	250	56249	0.003	0	0.003	0.003	224.996	0.0632456	224	225	
3.75	4	2	7	4	3	250	93243	250	93243	0.003	0	0.003	0.003	372.972	0.165304	372	373	
3.75	4	2	8	5	3	250	39248	250	39248	0.003	0	0.003	0.003	156.992	0.0892629	156	157	
3.75	4	2	9	2	3	246	43542	246	43542	0.00311382	0.000887126	0.003	0.01	177	0	177	177	
3.75	4	2	10	3	3	248	70680	248	70680	0.00305645	0.000627345	0.003	0.01	285	0	285	285	
3.75	4	3	11	1	3	250	71250	250	71250	0.003	0	0.003	0.003	285	0	285	285	
3.75	4	3	12	3	3	250	149249	250	149249	0.003	0	0.003	0.003	596.996	0.0632456	596	597	
3.75	4	3	13	5	3	250	29247	250	29247	0.003	0	0.003	0.003	116.988	0.109104	116	117	
3.75	4	3	14	4	3	250	113250	250	113250	0.003	0	0.003	0.003	453	0	453	453	
3.75	4	3	15	2	3	250	93244	250	93244	0.003	0	0.003	0.003	372.976	0.153356	372	373	
3.75	4	1	16	5	3	246	38620	246	38620	0.00314228	0.000989785	0.003	0.01	156.992	0.0899828	156	157	
3.75	4	1	17	4	3	134	23718	132	23364	0.00915151	0.00229332	0.003	0.01	177	0	177	177	
3.75	4	1	18	3	3	250	29247	250	29247	0.003	0	0.003	0.003	116.988	0.109104	116	117	
3.75	4	1	19	2	3	250	44250	250	44250	0.003	0	0.003	0.003	177	0	177	177	
3.75	4	1	20	1	3	248	70680	248	70680	0.00305645	0.000627345	0.003	0.01	285	0	285	285	
4	4.25	4	1	5	3	250	39248	250	39248	0.003	0	0.003	0.003	156.992	0.0892629	156	157	
4	4.25	4	2	3	3	250	113250	250	113250	0.003	0	0.003	0.003	453	0	453	453	
4	4.25	4	3	1	3	250	56248	250	56248	0.003	0	0.003	0.003	224.992	0.0892629	224	225	
4	4.25	4	4	4	3	250	209750	250	209750	0.003	0	0.003	0.003	839	0	839	839	
4	4.25	4	5	2	3	250	39248	250	39248	0.003	0	0.003	0.003	156.992	0.0892629	156	157	
4	4.25	2	6	1	3	250	56248	250	56248	0.003	0	0.003	0.003	224.992	0.0892629	224	225	
4	4.25	2	7	4	3	250	93243	250	93243	0.003	0	0.003	0.003	372.972	0.165304	372	373	
4	4.25	2	8	5	3	250	39248	250	39248	0.003	0	0.003	0.003	156.992	0.0892629	156	157	
4	4.25	2	9	2	3	244	43188	243	43011	0.00317284	0.00108852	0.003	0.01	177	0	177	177	
4	4.25	2	10	3	3	249	70965	249	70965	0.00302811	0.000443607	0.003	0.01	285	0	285	285	
4	4.25	3	11	1	3	250	71250	250	71250	0.003	0	0.003	0.003	285	0	285	285	
4	4.25	3	12	3	3	250	149249	250	149249	0.003	0	0.003	0.003	596.996	0.0632456	596	597	
4	4.25	3	13	5	3	250	29248	250	29248	0.003	0	0.003	0.003	116.992	0.0892629	116	117	
4	4.25	3	14	4	3	250	113250	250	113250	0.003	0	0.003	0.003	453	0	453	453	
4	4.25	3	15	2	3	250	93243	250	93243	0.003	0	0.003	0.003	372.972	0.165304	372	373	
4	4.25	1	16	5	3	250	39247	250	39247	0.003	0	0.003	0.003	156.988	0.109104	156	157	
4	4.25	1	17	4	3	128	22656	131	23187	0.00951908	0.00177743	0.003	0.01	177	0	177	177	
4	4.25	1	18	3	3	250	29248	250	29248	0.003	0	0.003	0.003	116.992	0.0892629	116	117	
4	4.25	1	19	2	3	248	43896	248	43896	0.00305645	0.000627345	0.003	0.01	177	0	177	177	
4	4.25	1	20	1	3	248	70680	248	70680	0.00305645	0.000627345	0.003	0.01	285	0	285	285	
4.25	4.5	4	1	5	3	250	39247	250	39247	0.003	0	0.003	0.003	156.988	0.109104	156	157	
4.25	4.5	4	2	3	3	250	113250	250	113250	0.003	0	0.003	0.003	453	0	453	453	
4.25	4.5	4	3	1	3	250	56249	250	56249	0.003	0	0.003	0.003	224.996	0.0632456	224	225	
4.25	4.5	4	4	4	3	250	209748	250	209748	0.003	0	0.003	0.003	838.992	0.126491	837	839	
4.25	4.5	4	5	2	3	250	39247	250	39247	0.003	0	0.003	0.003	156.988	0.109104	156	157	
4.25	4.5	2	6	1	3	250	56249	250	56249	0.003	0	0.003	0.003	224.996	0.0632456	224	225	
4.25	4.5	2	7	4	3	250	93244	250	93244	0.003	0	0.003	0.003	372.976	0.153356	372	373	
4.25	4.5	2	8	5	3	250	39247	250	39247	0.003	0	0.003	0.003	156.988	0.109104	156	157	
4.25	4.5	2	9	2	3	241	42657	242	42834	0.00326033	0.00132734	0.003	0.01	177	0	177	177	
4.25	4.5	2	10	3	3	247	70395	247	70395	0.00308502	0.000768312	0.003	0.01	285	0	285	285	
4.25	4.5	3	11	1	3	250	71250	250	71250	0.003	0	0.003	0.003	285	0	285	285	
4.25	4.5	3	12	3	3	250	149248	250	149248	0.003	0	0.003	0.003	596.992	0.0892629	596	597	
4.25	4.5	3	13	5	3	250	29247	250	29247	0.003	0	0.003	0.003	116.988	0.109104	116	117	
4.25	4.5	3	14	4	3	250	113250	250	113250	0.003	0	0.003	0.003	453	0	453	453	
4.25	4.5	3	15	2	3	250	93243	250	93243	0.003	0	0.003	0.003	372.972	0.165304	372	373	
4.25	4.5	1	16	5	3	247	38777	247	38777	0.00305668	0.000628608	0.003	0.01	156.992	0.0898012	156	157	
4.25	4.5	1	17	4	3	130	23010	130	23010	0.00940769	0.0019557	0.003	0.01	177	0	177	177	
4.25	4.5	1	18	3	3	250	29247	250	29247	0.003	0	0.003	0.003	116.988	0.109104	116	117	
4.25	4.5	1	19	2	3	246	43542	246	43542	0.00311382	0.000887126	0.003	0.01	177	0	177	177	
4.25	4.5	1	20	1	3	249	70965	249	70965	0.00302811	0.000443607	0.003	0.01	285	0	285	285	
4.5	4.75	4	1	5	3	250	39248	250	39248	0.003	0	0.003	0.003	156.992	0.0892629	156	157	
4.5	4.75	4	2	3	3	250	113250	250	113250	0.003	0	0.003	0.003	453	0	453	453	
4.5	4.75	4	3	1	3	250	56248	250	56248	0.003	0	0.003	0.003	224.992	0.0892629	224	225	
4.5	4.75	4	4	4	3	250	209748	250	209748	0.003	0	0.003	0.003	838.992	0.126491	837	839	
4.5	4.75	4	5	2	3	250	39248	250	39248	0.003	0	0.003	0.003	156.992	0.0892629	156	157	
4.5	4.75	2	6	1	3	250	56248	250	56248	0.003	0	0.003	0.003	224.992	0.0892629	224	225	
4.5	4.75	2	7	4	3	250	93243	250	93243	0.003	0	0.003	0.003	372.972	0.165304	372	373	
4.5	4.75	2	8	5	3	250	39248	250	39248	0.003	0	0.003	0.003	156.992	0.0892629	156	157	
4.5	4.75	2	9	2	3	245	43365	245	43365	0.00314286	0.000991769	0.003	0.01	177	0	177	177	
4.5	4.75	2	10	3	3	250	71250	250	71250	0.003	0	0.003	0.003	285	0	285	285	
4.5	4.75	3	11	1	3	250	71250	250	71250	0.003	0	0.003	0.003	285	0	285	285	
4.5	4.75	3	12	3	3	250	149249	250	149249	0.003	0	0.003	0.003	596.996	0.0632456	596	597	
4.5	4.75	3	13	5	3	250	29248	250	29248	0.003	0	0.003	0.003	116.992	0.0892629	116	117	
4.5	4.75	3	14	4	3	250	113250	250	113250	0.003	0	0.003	0.003	453	0	453	453	
4.5	4.75	3	15	2	3	250	93243	250	93243	0.003	0	0.003	0.003	372.972	0.165304	372	373	
4.5	4.75	1	16	5	3	248	38934	248	38934	0.00308468	0.000766774	0.003	0.01	156.992	0.0896207	156	157	
4.5	4.75	1	17	4	3	131	23187	131	23187	0.00930534	0.00210089	0.003	0.01	177	0	177	177	
4.5	4.75	1	18	3	3	250	29248	250	29248	0.003	0	0.003	0.003	116.992	0.0892629	116	117	
4.5	4.75	1	19	2	3	249	44073	249	44073	0.00302811	0.000443607	0.003	0.01	177	0	177	177	
4.5	4.75	1	20	1	3	250	71250	250	71250	0.003	0	0.003	0.003	285	0	285	285	
4.75	5	4	1	5	3	250	39248	250	39248	0.003	0	0.003	0.003	156.992	0.0892629	156	157	
4.75	5	4	2	3	3	250	113250	250	113250	0.003	0	0.003	0.003	453	0	453	453	
4.75	5	4	3	1	3	250	56248	250	56249	0.003	0	0.003	0.003	224.996	0.0632456	224	225	
4.75	5	4	4	4	3	250	209748	250	209748	0.003	0	0.003	0.003	838.992	0.126491	837	839	
4.75	5	4	5	2	3	250	39248	250	39248	0.003	0	0.003	0.003	156.992	0.0892629	156	157	
4.75	5	2	6	1	3	250	56248	250	56249	0.003	0	0.003	0.003	224.996	0.0632456	224	225	
4.75	5	2	7	4	3	250	93243	250	93243	0.003	0	0.003	0.003	372.972	0.165304	372	373	
4.75	5	2	8	5	3	250	39248	250	39248	0.003	0	0.003	0.003	156.992	0.0892629	156	157	
4.75	5	2	9	2	3	242	42834	241	42657	0.00323236	0.00125663	0.003	0.01	177	0	177	177	
4.75	5	2	10	3	3	249	70965	249	70965	0.00302811	0.000443607	0.003	0.01	285	0	285	285	
4.75	5	3	11	1	3	250	71250	250	71250	0.003	0	0.003	0.003	285	0	285	285	
4.75	5	3	12	3	3	250	149249	250	149249	0.003	0	0.003	0.003	596.996	0.0632456	596	597	
4.75	5	3	13	5	3	250	29247	250	29247	0.003	0	0.003	0.003	116.988	0.109104	116	117	
4.75	5	3	14	4	3	250	113250	250	113250	0.003	0	0.003	0.003	453	0	453	453	
4.75	5	3	15	2	3	250	93243	250	93244	0.003	0	0.003	0.003	372.976	0.153356	372	373	
4.75	5	1	16	5	3	250	39248	250	39248	0.003	0	0.003	0.003	156.992	0.0892629	156	157	
4.75	5	1	17	4	3	133	23541	132	23364	0.00931061	0.00209373	0.003	0.01	177	0	177	177	
4.75	5	1	18	3	3	250	29247	250	29247	0.003	0	0.003	0.003	116.988	0.109104	116	117	
4.75	5	1	19	2	3	250	44250	250	44250	0.003	0	0.003	0.003	177	0	177	177	
4.75	5	1	20	1	3	248	70680	248	70680	0.00305645	0.000627345	0.003	0.01	285	0	285	285	
5	5.25	4	1	5	3	250	39248	250	39248	0.003	0	0.003	0.003	156.992	0.0892629	156	157	
5	5.25	4	2	3	3	250	113250	250	113250	0.003	0	0.003	0.003	453	0	453	453	
5	5.25	4	3	1	3	250	56249	250	56248	0.003	0	0.003	0.003	224.992	0.0892629	224	225	
5	5.25	4	4	4	3	250	209750	250	209750	0.003	0	0.003	0.003	839	0	839	839	
5	5.25	4	5	2	3	250	39248	250	39248	0.003	0	0.003	0.003	156.992	0.0892629	156	157	
5	5.25	2	6	1	3	250	56249	250	56248	0.003	0	0.003	0.003	224.992	0.0892629	224	225	
5	5.25	2	7	4	3	250	93243	250	93243	0.003	0	0.003	0.003	372.972	0.165304	372	373	
5	5.25	2	8	5	3	250	39248	250	39248	0.003	0	0.003	0.003	156.992	0.0892629	156	157	
5	5.25	2	9	2	3	244	43188	245	43365	0.00317143	0.00108416	0.003	0.01	177	0	177	177	
5	5.25	2	10	3	3	250	71250	250	71250	0.003	0	0.003	0.003	285	0	285	285	
5	5.25	3	11	1	3	250	71250	250	71250	0.003	0	0.003	0.003	285	0	285	285	
5	5.25	3	12	3	3	250	149249	250	149249	0.003	0	0.003	0.003	596.996	0.0632456	596	597	
5	5.25	3	13	5	3	250	29248	250	29248	0.003	0	0.003	0.003	116.992	0.0892629	116	117	
5	5.25	3	14	4	3	250	113250	250	113250	0.003	0	0.003	0.003	453	0	453	453	
5	5.25	3	15	2	3	250	93244	250	93243	0.003	0	0.003	0.003	372.972	0.165304	372	373	
5	5.25	1	16	5	3	249	39090	249	39090	0.00302811	0.000443607	0.003	0.01	156.988	0.109321	156	157	
5	5.25	1	17	4	3	130	23010	129	22833	0.00945736	0.00187919	0.003	0.01	177	0	177	177	
5	5.25	1	18	3	3	250	29248	250	29248	0.003	0	0.003	0.003	116.992	0.0892629	116	117	
5	5.25	1	19	2	3	248	43896	248	43896	0.00305645	0.000627345	0.003	0.01	177	0	177	177	
5	5.25	1	20	1	3	247	70395	247	70395	0.00308502	0.000768312	0.003	0.01	285	0	285	285	
5.25	5.5	4	1	5	3	250	39247	250	39247	0.003	0	0.003	0.003	156.988	0.109104	156	157	
5.25	5.5	4	2	3	3	250	113250	250	113250	0.003	0	0.003	0.003	453	0	453	453	
5.25	5.5	4	3	1	3	250	56248	250	56248	0.003	0	0.003	0.003	224.992	0.0892629	224	225	
5.25	5.5	4	4	4	3	250	209748	250	209748	0.003	0	0.003	0.003	838.992	0.126491	837	839	
5.25	5.5	4	5	2	3	250	39247	250	39247	0.003	0	0.003	0.003	156.988	0.109104	156	157	
5.25	5.5	2	6	1	3	250	56248	250	56248	0.003	0	0.003	0.003	224.992	0.0892629	224	225	
5.25	5.5	2	7	4	3	250	93244	250	93244	0.003	0	0.003	0.003	372.976	0.153356	372	373	
5.25	5.5	2	8	5	3	250	39247	250	39247	0.003	0	0.003	0.003	156.988	0.109104	156	157	
5.25	5.5	2	9	2	3	242	42834	242	42834	0.0032314	0.00125411	0.003	0.01	177	0	177	177	
5.25	5.5	2	10	3	3	248	70680	248	70680	0.00305645	0.000627345	0.003	0.01	285	0	285	285	
5.25	5.5	3	11	1	3	250	71250	250	71250	0.003	0	0.003	0.003	285	0	285	285	
5.25	5.5	3	12	3	3	250	149248	250	149248	0.003	0	0.003	0.003	596.992	0.0892629	596	597	
5.25	5.5	3	13	5	3	250	29247	250	29247	0.003	0	0.003	0.003	116.988	0.109104	116	117	
5.25	5.5	3	14	4	3	250	113250	250	113250	0.003	0	0.003	0.003	453	0	453	453	
5.25	5.5	3	15	2	3	250	93243	250	93243	0.003	0	0.003	0.003	372.972	0.165304	372	373	
5.25	5.5	1	16	5	3	250	39248	250	39248	0.003	0	0.003	0.003	156.992	0.0892629	156	157	
5.25	5.5	1	17	4	3	128	22656	128	22656	0.00961719	0.00159784	0.003	0.01	177	0	177	177	
5.25	5.5	1	18	3	3	250	29247	250	29247	0.003	0	0.003	0.003	116.988	0.109104	116	117	
5.25	5.5	1	19	2	3	249	44073	249	44073	0.00302811	0.000443607	0.003	0.01	177	0	177	177	
5.25	5.5	1	20	1	3	247	70395	247	70395	0.00308502	0.000768312	0.003	0.01	285	0	285	285	
5.5	5.75	4	1	5	3	250	39248	250	39248	0.003	0	0.003	0.003	156.992	0.0892629	156	157	
5.5	5.75	4	2	3	3	250	113250	250	113250	0.003	0	0.003	0.003	453	0	453	453	
5.5	5.75	4	3	1	3	250	56249	250	56249	0.003	0	0.003	0.003	224.996	0.0632456	224	225	
5.5	5.75	4	4	4	3	250	209748	250	209748	0.003	0	0.003	0.003	838.992	0.126491	837	839	
5.5	5.75	4	5	2	3	250	39248	250	39248	0.003	0	0.003	0.003	156.992	0.0892629	156	157	
5.5	5.75	2	6	1	3	250	56249	250	56249	0.003	0	0.003	0.003	224.996	0.0632456	224	225	
5.5	5.75	2	7	4	3	250	93243	250	93243	0.003	0	0.003	0.003	372.972	0.165304	372	373	
5.5	5.75	2	8	5	3	250	39248	250	39248	0.003	0	0.003	0.003	156.992	0.0892629	156	157	
5.5	5.75	2	9	2	3	244	43188	244	43188	0.00317213	0.00108634	0.003	0.01	177	0	177	177	
5.5	5.75	2	10	3	3	248	70680	248	70680	0.00305645	0.000627345	0.003	0.01	285	0	285	285	
5.5	5.75	3	11	1	3	250	71250	250	71250	0.003	0	0.003	0.003	285	0	285	285	
5.5	5.75	3	12	3	3	250	149249	250	149249	0.003	0	0.003	0.003	596.996	0.0632456	596	597	
5.5	5.75	3	13	5	3	250	29248	250	29248	0.003	0	0.003	0.003	116.992	0.0892629	116	117	
5.5	5.75	3	14	4	3	250	113250	250	113250	0.003	0	0.003	0.003	453	0	453	453	
5.5	5.75	3	15	2	3	250	93243	250	93243	0.003	0	0.003	0.003	372.972	0.165304	372	373	
5.5	5.75	1	16	5	3	248	38934	247	38777	0.00305668	0.000628608	0.003	0.01	156.992	0.0898012	156	157	
5.5	5.75	1	17	4	3	132	23364	133	23541	0.00926316	0.00215637	0.003	0.01	177	0	177	177	
5.5	5.75	1	18	3	3	250	29248	250	29248	0.003	0	0.003	0.003	116.992	0.0892629	116	117	
5.5	5.75	1	19	2	3	250	44250	250	44250	0.003	0	0.003	0.003	177	0	177	177	
5.5	5.75	1	20	1	3	249	70965	249	70965	0.00302811	0.000443607	0.003	0.01	285	0	285	285	
5.75	6	4	1	5	3	250	39248	250	39248	0.003	0	0.003	0.003	156.992	0.0892629	156	157	
5.75	6	4	2	3	3	250	113250	250	113250	0.003	0	0.003	0.003	453	0	453	453	
5.75	6	4	3	1	3	250	56248	250	56248	0.003	0	0.003	0.003	224.992	0.0892629	224	225	
5.75	6	4	4	4	3	250	209750	250	209750	0.003	0	0.003	0.003	839	0	839	839	
5.75	6	4	5	2	3	250	39248	250	39248	0.003	0	0.003	0.003	156.992	0.0892629	156	157	
5.75	6	2	6	1	3	250	56248	250	56248	0.003	0	0.003	0.003	224.992	0.0892629	224	225	
5.75	6	2	7	4	3	250	93243	250	93243	0.003	0	0.003	0.003	372.972	0.165304	372	373	
5.75	6	2	8	5	3	250	39248	250	39248	0.003	0	0.003	0.003	156.992	0.0892629	156	157	
5.75	6	2	9	2	3	243	43011	242	42834	0.00320248	0.00117561	0.003	0.01	177	0	177	177	
5.75	6	2	10	3	3	249	70965	249	70965	0.00302811	0.000443607	0.003	0.01	285	0	285	285	
5.75	6	3	11	1	3	250	71250	250	71250	0.003	0	0.003	0.003	285	0	285	285	
5.75	6	3	12	3	3	250	149249	250	149249	0.003	0	0.003	0.003	596.996	0.0632456	596	597	
5.75	6	3	13	5	3	250	29247	250	29247	0.003	0	0.003	0.003	116.988	0.109104	116	117	
5.75	6	3	14	4	3	250	113250	250	113250	0.003	0	0.003	0.003	453	0	453	453	
5.75	6	3	15	2	3	250	93243	250	93244	0.003	0	0.003	0.003	372.976	0.153356	372	373	
5.75	6	1	16	5	3	249	39090	250	39247	0.003028	0.000442719	0.003	0.01	156.988	0.109104	156	157	
5.75	6	1	17	4	3	135	23895	135	23895	0.00896296	0.00249599	0.003	0.01	177	0	177	177	
5.75	6	1	18	3	3	250	29247	250	29247	0.003	0	0.003	0.003	116.988	0.109104	116	117	
5.75	6	1	19	2	3	245	43365	245	43365	0.00314286	0.000991769	0.003	0.01	177	0	177	177	
5.75	6	1	20	1	3	248	70680	248	70680	0.00305645	0.000627345	0.003	0.01	285	0	285	285	
6	6.25	4	1	5	3	250	39247	250	39247	0.003	0	0.003	0.003	156.988	0.109104	156	157	
6	6.25	4	2	3	3	250	113250	250	113250	0.003	0	0.003	0.003	453	0	453	453	
6	6.25	4	3	1	3	250	56249	250	56249	0.003	0	0.003	0.003	224.996	0.0632456	224	225	
6	6.25	4	4	4	3	250	209748	250	209748	0.003	0	0.003	0.003	838.992	0.126491	837	839	
6	6.25	4	5	2	3	250	39247	250	39247	0.003	0	0.003	0.003	156.988	0.109104	156	157	
6	6.25	2	6	1	3	250	56249	250	56249	0.003	0	0.003	0.003	224.996	0.0632456	224	225	
6	6.25	2	7	4	3	250	93243	250	93243	0.003	0	0.003	0.003	372.972	0.165304	372	373	
6	6.25	2	8	5	3	250	39247	250	39247	0.003	0	0.003	0.003	156.988	0.109104	156	157	
6	6.25	2	9	2	3	242	42834	243	43011	0.00323045	0.0012516	0.003	0.01	177	0	177	177	
6	6.25	2	10	3	3	247	70395	247	70395	0.00308502	0.000768312	0.003	0.01	285	0	285	285	
6	6.25	3	11	1	3	250	71250	250	71250	0.003	0	0.003	0.003	285	0	285	285	
6	6.25	3	12	3	3	250	149248	250	149248	0.003	0	0.003	0.003	596.992	0.0892629	596	597	
6	6.25	3	13	5	3	250	29248	250	29248	0.003	0	0.003	0.003	116.992	0.0892629	116	117	
6	6.25	3	14	4	3	250	113250	250	113250	0.003	0	0.003	0.003	453	0	453	453	
6	6.25	3	15	2	3	250	93244	250	93243	0.003	0	0.003	0.003	372.972	0.165304	372	373	
6	6.25	1	16	5	3	250	39248	250	39248	0.003	0	0.003	0.003	156.992	0.0892629	156	157	
6	6.25	1	17	4	3	132	23364	130	23010	0.00935385	0.00203406	0.003	0.01	177	0	177	177	
6	6.25	1	18	3	3	250	29248	250	29248	0.003	0	0.003	0.003	116.992	0.0892629	116	117	
6	6.25	1	19	2	3	250	44250	250	44250	0.003	0	0.003	0.003	177	0	177	177	
6	6.25	1	20	1	3	247	70395	247	70395	0.00308502	0.000768312	0.003	0.01	285	0	285	285	
6.25	6.5	4	1	5	3	250	39248	250	39248	0.003	0	0.003	0.003	156.992	0.0892629	156	157	
6.25	6.5	4	2	3	3	250	113250	250	113250	0.003	0	0.003	0.003	453	0	453	453	
6.25	6.5	4	3	1	3	250	56248	250	56248	0.003	0	0.003	0.003	224.992	0.0892629	224	225	
6.25	6.5	4	4	4	3	250	209748	250	209748	0.003	0	0.003	0.003	838.992	0.126491	837	839	
6.25	6.5	4	5	2	3	250	39248	250	39248	0.003	0	0.003	0.003	156.992	0.0892629	156	157	
6.25	6.5	2	6	1	3	250	56248	250	56248	0.003	0	0.003	0.003	224.992	0.0892629	224	225	
6.25	6.5	2	7	4	3	250	93244	250	93244	0.003	0	0.003	0.003	372.976	0.153356	372	373	
6.25	6.5	2	8	5	3	250	39248	250	39248	0.003	0	0.003	0.003	156.992	0.0892629	156	157	
6.25	6.5	2	9	2	3	241	42657	241	42657	0.00326141	0.00132999	0.003	0.01	177	0	177	177	
6.25	6.5	2	10	3	3	247	70395	247	70395	0.00308502	0.000768312	0.003	0.01	285	0	285	285	
6.25	6.5	3	11	1	3	250	71250	250	71250	0.003	0	0.003	0.003	285	0	285	285	
6.25	6.5	3	12	3	3	250	149249	250	149249	0.003	0	0.003	0.003	596.996	0.0632456	596	597	
6.25	6.5	3	13	5	3	250	29247	250	29247	0.003	0	0.003	0.003	116.988	0.109104	116	117	
6.25	6.5	3	14	4	3	250	113250	250	113250	0.003	0	0.003	0.003	453	0	453	453	
6.25	6.5	3	15	2	3	250	93243	250	93243	0.003	0	0.003	0.003	372.972	0.165304	372	373	
6.25	6.5	1	16	5	3	247	38777	247	38777	0.00308502	0.000768312	0.003	0.01	156.992	0.0898012	156	157	
6.25	6.5	1	17	4	3	132	23364	133	23541	0.00926316	0.00215637	0.003	0.01	177	0	177	177	
6.25	6.5	1	18	3	3	250	29247	250	29247	0.003	0	0.003	0.003	116.988	0.109104	116	117	
6.25	6.5	1	19	2	3	247	43719	247	43719	0.00308502	0.000768312	0.003	0.01	177	0	177	177	
6.25	6.5	1	20	1	3	249	70965	248	70680	0.00302822	0.0004445	0.003	0.01	285	0	285	285	
6.5	6.75	4	1	5	3	250	39248	250	39248	0.003	0	0.003	0.003	156.992	0.0892629	156	157	
6.5	6.75	4	2	3	3	250	113250	250	113250	0.003	0	0.003	0.003	453	0	453	453	
6.5	6.75	4	3	1	3	250	56249	250	56249	0.003	0	0.003	0.003	224.996	0.0632456	224	225	
6.5	6.75	4	4	4	3	250	209748	250	209748	0.003	0	0.003	0.003	838.992	0.126491	837	839	
6.5	6.75	4	5	2	3	250	39248	250	39248	0.003	0	0.003	0.003	156.992	0.0892629	156	157	
6.5	6.75	2	6	1	3	250	56249	250	56249	0.003	0	0.003	0.003	224.996	0.0632456	224	225	
6.5	6.75	2	7	4	3	250	93243	250	93243	0.003	0	0.003	0.003	372.972	0.165304	372	373	
6.5	6.75	2	8	5	3	250	39248	250	39248	0.003	0	0.003	0.003	156.992	0.0892629	156	157	
6.5	6.75	2	9	2	3	248	43896	248	43896	0.00305645	0.000627345	0.003	0.01	177	0	177	177	
6.5	6.75	2	10	3	3	249	70965	249	70965	0.00302811	0.000443607	0.003	0.01	285	0	285	285	
6.5	6.75	3	11	1	3	250	71250	250	71250	0.003	0	0.003	0.003	285	0	285	285	
6.5	6.75	3	12	3	3	250	149249	250	149249	0.003	0	0.003	0.003	596.996	0.0632456	596	597	
6.5	6.75	3	13	5	3	250	29248	250	29248	0.003	0	0.003	0.003	116.992	0.0892629	116	117	
6.5	6.75	3	14	4	3	250	113250	250	113250	0.003	0	0.003	0.003	453	0	453	453	
6.5	6.75	3	15	2	3	250	93243	250	93243	0.003	0	0.003	0.003	372.972	0.165304	372	373	
6.5	6.75	1	16	5	3	249	39091	249	39091	0.00302811	0.000443607	0.003	0.01	156.992	0.0894413	156	157	
6.5	6.75	1	17	4	3	131	23187	132	23364	0.00925757	0.00216362	0.003	0.01	177	0	177	177	
6.5	6.75	1	18	3	3	250	29248	250	29248	0.003	0	0.003	0.003	116.992	0.0892629	116	117	
6.5	6.75	1	19	2	3	250	44250	249	44073	0.003	0	0.003	0.003	177	0	177	177	
6.5	6.75	1	20	1	3	246	70110	247	70395	0.00311336	0.00088535	0.003	0.01	285	0	285	285	
6.75	7	4	1	5	3	250	39248	250	39248	0.003	0	0.003	0.003	156.992	0.0892629	156	157	
6.75	7	4	2	3	3	250	113250	250	113250	0.003	0	0.003	0.003	453	0	453	453	
6.75	7	4	3	1	3	250	56248	250	56248	0.003	0	0.003	0.003	224.992	0.0892629	224	225	
6.75	7	4	4	4	3	250	209750	250	209750	0.003	0	0.003	0.003	839	0	839	839	
6.75	7	4	5	2	3	250	39248	250	39248	0.003	0	0.003	0.003	156.992	0.0892629	156	157	
6.75	7	2	6	1	3	250	56248	250	56248	0.003	0	0.003	0.003	224.992	0.0892629	224	225	
6.75	7	2	7	4	3	249	92870	249	92870	0.00302811	0.000443607	0.003	0.01	372.972	0.165627	372	373	
6.75	7	2	8	5	3	250	39248	250	39248	0.003	0	0.003	0.003	156.992	0.0892629	156	157	
6.75	7	2	9	2	3	244	43188	244	43188	0.00317213	0.00108634	0.003	0.01	177	0	177	177	
6.75	7	2	10	3	3	250	71250	250	71250	0.003	0	0.003	0.003	285	0	285	285	
6.75	7	3	11	1	3	250	71250	250	71250	0.003	0	0.003	0.003	285	0	285	285	
6.75	7	3	12	3	3	250	149249	250	149249	0.003	0	0.003	0.003	596.996	0.0632456	596	597	
6.75	7	3	13	5	3	250	29247	250	29247	0.003	0	0.003	0.003	116.988	0.109104	116	117	
6.75	7	3	14	4	3	250	113250	250	113250	0.003	0	0.003	0.003	453	0	453	453	
6.75	7	3	15	2	3	250	93243	250	93243	0.003	0	0.003	0.003	372.972	0.165304	372	373	
6.75	7	1	16	5	3	247	38776	247	38776	0.00308502	0.000768312	0.003	0.01	156.988	0.109759	156	157	
6.75	7	1	17	4	3	132	23364	131	23187	0.00930534	0.00210089	0.003	0.01	177	0	177	177	
6.75	7	1	18	3	3	250	29247	250	29247	0.003	0	0.003	0.003	116.988	0.109104	116	117	
6.75	7	1	19	2	3	248	43896	249	44073	0.00305622	0.000626089	0.003	0.01	177	0	177	177	
6.75	7	1	20	1	3	249	70965	249	70965	0.00302811	0.000443607	0.003	0.01	285	0	285	285	
7	7.25	4	1	5	3	250	39247	250	39247	0.003	0	0.003	0.003	156.988	0.109104	156	157	
7	7.25	4	2	3	3	250	113250	250	113250	0.003	0	0.003	0.003	453	0	453	453	
7	7.25	4	3	1	3	250	56249	250	56249	0.003	0	0.003	0.003	224.996	0.0632456	224	225	
7	7.25	4	4	4	3	250	209748	250	209748	0.003	0	0.003	0.003	838.992	0.126491	837	839	
7	7.25	4	5	2	3	250	39247	250	39247	0.003	0	0.003	0.003	156.988	0.109104	156	157	
7	7.25	2	6	1	3	250	56249	250	56249	0.003	0	0.003	0.003	224.996	0.0632456	224	225	
7	7.25	2	7	4	3	250	93243	250	93243	0.003	0	0.003	0.003	372.972	0.165304	372	373	
7	7.25	2	8	5	3	250	39247	250	39247	0.003	0	0.003	0.003	156.988	0.109104	156	157	
7	7.25	2	9	2	3	244	43188	242	42834	0.00317355	0.00109072	0.003	0.01	177	0	177	177	
7	7.25	2	10	3	3	249	70965	249	70965	0.00302811	0.000443607	0.003	0.01	285	0	285	285	
7	7.25	3	11	1	3	250	71250	250	71250	0.003	0	0.003	0.003	285	0	285	285	
7	7.25	3	12	3	3	250	149248	250	149248	0.003	0	0.003	0.003	596.992	0.0892629	596	597	
7	7.25	3	13	5	3	250	29248	250	29248	0.003	0	0.003	0.003	116.992	0.0892629	116	117	
7	7.25	3	14	4	3	250	113250	250	113250	0.003	0	0.003	0.003	453	0	453	453	
7	7.25	3	15	2	3	250	93244	250	93244	0.003	0	0.003	0.003	372.976	0.153356	372	373	
7	7.25	1	16	5	3	250	39248	250	39248	0.003	0	0.003	0.003	156.992	0.0892629	156	157	
7	7.25	1	17	4	3	133	23541	133	23541	0.00915789	0.0022858	0.003	0.01	177	0	177	177	
7	7.25	1	18	3	3	250	29248	250	29248	0.003	0	0.003	0.003	116.992	0.0892629	116	117	
7	7.25	1	19	2	3	249	44073	249	44073	0.00302811	0.000443607	0.003	0.01	177	0	177	177	
7	7.25	1	20	1	3	247	70395	247	70395	0.00308502	0.000768312	0.003	0.01	285	0	285	285	
7.25	7.5	4	1	5	3	250	39248	250	39248	0.003	0	0.003	0.003	156.992	0.0892629	156	157	
7.25	7.5	4	2	3	3	250	113250	250	113250	0.003	0	0.003	0.003	453	0	453	453	
7.25	7.5	4	3	1	3	250	56248	250	56248	0.003	0	0.003	0.003	224.992	0.0892629	224	225	
7.25	7.5	4	4	4	3	250	209748	250	209748	0.003	0	0.003	0.003	838.992	0.126491	837	839	
7.25	7.5	4	5	2	3	250	39248	250	39248	0.003	0	0.003	0.003	156.992	0.0892629	156	157	
7.25	7.5	2	6	1	3	250	56248	250	56248	0.003	0	0.003	0.003	224.992	0.0892629	224	225	
7.25	7.5	2	7	4	3	250	93244	250	93244	0.003	0	0.003	0.003	372.976	0.153356	372	373	
7.25	7.5	2	8	5	3	250	39248	250	39248	0.003	0	0.003	0.003	156.992	0.0892629	156	157	
7.25	7.5	2	9	2	3	247	43719	249	44073	0.00308434	0.000765245	0.003	0.01	177	0	177	177	
7.25	7.5	2	10	3	3	249	70965	249	70965	0.00302811	0.000443607	0.003	0.01	285	0	285	285	
7.25	7.5	3	11	1	3	250	71250	250	71250	0.003	0	0.003	0.003	285	0	285	285	
7.25	7.5	3	12	3	3	250	149249	250	149249	0.003	0	0.003	0.003	596.996	0.0632456	596	597	
7.25	7.5	3	13	5	3	250	29247	250	29247	0.003	0	0.003	0.003	116.988	0.109104	116	117	
7.25	7.5	3	14	4	3	250	113250	250	113250	0.003	0	0.003	0.003	453	0	453	453	
7.25	7.5	3	15	2	3	250	93243	250	93243	0.003	0	0.003	0.003	372.972	0.165304	372	373	
7.25	7.5	1	16	5	3	250	39248	250	39248	0.003	0	0.003	0.003	156.992	0.0892629	156	157	
7.25	7.5	1	17	4	3	133	23541	133	23541	0.00915789	0.0022858	0.003	0.01	177	0	177	177	
7.25	7.5	1	18	3	3	250	29247	250	29247	0.003	0	0.003	0.003	116.988	0.109104	116	117	
7.25	7.5	1	19	2	3	247	43719	247	43719	0.00308502	0.000768312	0.003	0.01	177	0	177	177	
7.25	7.5	1	20	1	3	249	70965	249	70965	0.00302811	0.000443607	0.003	0.01	285	0	285	285	
7.5	7.75	4	1	5	3	250	39248	250	39248	0.003	0	0.003	0.003	156.992	0.0892629	156	157	
7.5	7.75	4	2	3	3	250	113250	250	113250	0.003	0	0.003	0.003	453	0	453	453	
7.5	7.75	4	3	1	3	250	56248	250	56248	0.003	0	0.003	0.003	224.992	0.0892629	224	225	
7.5	7.75	4	4	4	3	250	209750	250	209750	0.003	0	0.003	0.003	839	0	839	839	
7.5	7.75	4	5	2	3	250	39248	250	39248	0.003	0	0.003	0.003	156.992	0.0892629	156	157	
7.5	7.75	2	6	1	3	250	56248	250	56248	0.003	0	0.003	0.003	224.992	0.0892629	224	225	
7.5	7.75	2	7	4	3	250	93243	250	93243	0.003	0	0.003	0.003	372.972	0.165304	372	373	
7.5	7.75	2	8	5	3	250	39248	250	39248	0.003	0	0.003	0.003	156.992	0.0892629	156	157	
7.5	7.75	2	9	2	3	243	43011	243	43011	0.00320165	0.00117325	0.003	0.01	177	0	177	177	
7.5	7.75	2	10	3	3	250	71250	250	71250	0.003	0	0.003	0.003	285	0	285	285	
7.5	7.75	3	11	1	3	250	71250	250	71250	0.003	0	0.003	0.003	285	0	285	285	
7.5	7.75	3	12	3	3	250	149249	250	149249	0.003	0	0.003	0.003	596.996	0.0632456	596	597	
7.5	7.75	3	13	5	3	250	29248	250	29248	0.003	0	0.003	0.003	116.992	0.0892629	116	117	
7.5	7.75	3	14	4	3	250	113250	250	113250	0.003	0	0.003	0.003	453	0	453	453	
7.5	7.75	3	15	2	3	250	93243	250	93243	0.003	0	0.003	0.003	372.972	0.165304	372	373	
7.5	7.75	1	16	5	3	248	38933	248	38933	0.00305645	0.000627345	0.003	0.01	156.988	0.109539	156	157	
7.5	7.75	1	17	4	3	130	23010	129	22833	0.00945736	0.00187919	0.003	0.01	177	0	177	177	
7.5	7.75	1	18	3	3	250	29248	250	29248	0.003	0	0.003	0.003	116.992	0.0892629	116	117	
7.5	7.75	1	19	2	3	249	44073	249	44073	0.00302811	0.000443607	0.003	0.01	177	0	177	177	
7.5	7.75	1	20	1	3	244	69540	244	69540	0.00317213	0.00108634	0.003	0.01	285	0	285	285	
7.75	8	4	1	5	3	250	39247	250	39247	0.003	0	0.003	0.003	156.988	0.109104	156	157	
7.75	8	4	2	3	3	250	113250	250	113250	0.003	0	0.003	0.003	453	0	453	453	
7.75	8	4	3	1	3	250	56249	250	56249	0.003	0	0.003	0.003	224.996	0.0632456	224	225	
7.75	8	4	4	4	3	250	209748	250	209748	0.003	0	0.003	0.003	838.992	0.126491	837	839	
7.75	8	4	5	2	3	250	39247	250	39247	0.003	0	0.003	0.003	156.988	0.109104	156	157	
7.75	8	2	6	1	3	250	56249	250	56249	0.003	0	0.003	0.003	224.996	0.0632456	224	225	
7.75	8	2	7	4	3	250	93243	250	93243	0.003	0	0.003	0.003	372.972	0.165304	372	373	
7.75	8	2	8	5	3	250	39247	250	39247	0.003	0	0.003	0.003	156.988	0.109104	156	157	
7.75	8	2	9	2	3	240	42480	240	42480	0.00329167	0.00140171	0.003	0.01	177	0	177	177	
7.75	8	2	10	3	3	247	70395	247	70395	0.00308502	0.000768312	0.003	0.01	285	0	285	285	
7.75	8	3	11	1	3	250	71250	250	71250	0.003	0	0.003	0.003	285	0	285	285	
7.75	8	3	12	3	3	250	149249	250	149249	0.003	0	0.003	0.003	596.996	0.0632456	596	597	
7.75	8	3	13	5	3	250	29247	250	29248	0.003	0	0.003	0.003	116.992	0.0892629	116	117	
7.75	8	3	14	4	3	250	113250	250	113250	0.003	0	0.003	0.003	453	0	453	453	
7.75	8	3	15	2	3	250	93243	250	93243	0.003	0	0.003	0.003	372.972	0.165304	372	373	
7.75	8	1	16	5	3	249	39091	249	39091	0.00302811	0.000443607	0.003	0.01	156.992	0.0894413	156	157	
7.75	8	1	17	4	3	131	23187	133	23541	0.00936842	0.00201311	0.003	0.01	177	0	177	177	
7.75	8	1	18	3	3	250	29247	250	29248	0.003	0	0.003	0.003	116.992	0.0892629	116	117	
7.75	8	1	19	2	3	248	43896	248	43896	0.00305645	0.000627345	0.003	0.01	177	0	177	177	
7.75	8	1	20	1	3	246	70110	246	70110	0.00311382	0.000887126	0.003	0.01	285	0	285	285	
8	8.25	4	1	5	3	250	39248	250	39248	0.003	0	0.003	0.003	156.992	0.0892629	156	157	
8	8.25	4	2	3	3	250	113250	250	113250	0.003	0	0.003	0.003	453	0	453	453	
8	8.25	4	3	1	3	250	56248	250	56248	0.003	0	0.003	0.003	224.992	0.0892629	224	225	
8	8.25	4	4	4	3	250	209748	250	209748	0.003	0	0.003	0.003	838.992	0.126491	837	839	
8	8.25	4	5	2	3	250	39248	250	39248	0.003	0	0.003	0.003	156.992	0.0892629	156	157	
8	8.25	2	6	1	3	250	56248	250	56248	0.003	0	0.003	0.003	224.992	0.0892629	224	225	
8	8.25	2	7	4	3	250	93243	250	93243	0.003	0	0.003	0.003	372.972	0.165304	372	373	
8	8.25	2	8	5	3	250	39248	250	39248	0.003	0	0.003	0.003	156.992	0.0892629	156	157	
8	8.25	2	9	2	3	245	43365	245	43365	0.00314286	0.000991769	0.003	0.01	177	0	177	177	
8	8.25	2	10	3	3	250	71250	250	71250	0.003	0	0.003	0.003	285	0	285	285	
8	8.25	3	11	1	3	250	71250	250	71250	0.003	0	0.003	0.003	285	0	285	285	
8	8.25	3	12	3	3	250	149248	250	149248	0.003	0	0.003	0.003	596.992	0.0892629	596	597	
8	8.25	3	13	5	3	250	29248	250	29247	0.003	0	0.003	0.003	116.988	0.109104	116	117	
8	8.25	3	14	4	3	250	113250	250	113250	0.003	0	0.003	0.003	453	0	453	453	
8	8.25	3	15	2	3	250	93244	250	93244	0.003	0	0.003	0.003	372.976	0.153356	372	373	
8	8.25	1	16	5	3	250	39248	250	39248	0.003	0	0.003	0.003	156.992	0.0892629	156	157	
8	8.25	1	17	4	3	131	23187	131	23187	0.00925191	0.00217094	0.003	0.01	177	0	177	177	
8	8.25	1	18	3	3	250	29248	250	29247	0.003	0	0.003	0.003	116.988	0.109104	116	117	
8	8.25	1	19	2	3	250	44250	250	44250	0.003	0	0.003	0.003	177	0	177	177	
8	8.25	1	20	1	3	249	70965	249	70965	0.00302811	0.000443607	0.003	0.01	285	0	285	285	
8.25	8.5	4	1	5	3	250	39248	250	39248	0.003	0	0.003	0.003	156.992	0.0892629	156	157	
8.25	8.5	4	2	3	3	250	113250	250	113250	0.003	0	0.003	0.003	453	0	453	453	
8.25	8.5	4	3	1	3	250	56249	250	56249	0.003	0	0.003	0.003	224.996	0.0632456	224	225	
8.25	8.5	4	4	4	3	250	209748	250	209748	0.003	0	0.003	0.003	838.992	0.126491	837	839	
8.25	8.5	4	5	2	3	250	39248	250	39248	0.003	0	0.003	0.003	156.992	0.0892629	156	157	
8.25	8.5	2	6	1	3	250	56249	250	56249	0.003	0	0.003	0.003	224.996	0.0632456	224	225	
8.25	8.5	2	7	4	3	250	93244	250	93244	0.003	0	0.003	0.003	372.976	0.153356	372	373	
8.25	8.5	2	8	5	3	250	39248	250	39248	0.003	0	0.003	0.003	156.992	0.0892629	156	157	
8.25	8.5	2	9	2	3	245	43365	245	43365	0.00314286	0.000991769	0.003	0.01	177	0	177	177	
8.25	8.5	2	10	3	3	248	70680	248	70680	0.00305645	0.000627345	0.003	0.01	285	0	285	285	
8.25	8.5	3	11	1	3	250	71250	250	71250	0.003	0	0.003	0.003	285	0	285	285	
8.25	8.5	3	12	3	3	250	149249	250	149249	0.003	0	0.003	0.003	596.996	0.0632456	596	597	
8.25	8.5	3	13	5	3	250	29248	250	29248	0.003	0	0.003	0.003	116.992	0.0892629	116	117	
8.25	8.5	3	14	4	3	250	113250	250	113250	0.003	0	0.003	0.003	453	0	453	453	
8.25	8.5	3	15	2	3	250	93243	250	93243	0.003	0	0.003	0.003	372.972	0.165304	372	373	
8.25	8.5	1	16	5	3	249	39091	249	39091	0.00302811	0.000443607	0.003	0.01	156.992	0.0894413	156	157	
8.25	8.5	1	17	4	3	132	23364	133	23541	0.00931579	0.00208664	0.003	0.01	177	0	177	177	
8.25	8.5	1	18	3	3	250	29248	250	29248	0.003	0	0.003	0.003	116.992	0.0892629	116	117	
8.25	8.5	1	19	2	3	247	43719	247	43719	0.00308502	0.000768312	0.003	0.01	177	0	177	177	
8.25	8.5	1	20	1	3	248	70680	248	70680	0.00305645	0.000627345	0.003	0.01	285	0	285	285	
8.5	8.75	4	1	5	3	250	39247	250	39248	0.003	0	0.003	0.003	156.992	0.0892629	156	157	
8.5	8.75	4	2	3	3	250	113250	250	113250	0.003	0	0.003	0.003	453	0	453	453	
8.5	8.75	4	3	1	3	250	56248	250	56248	0.003	0	0.003	0.003	224.992	0.0892629	224	225	
8.5	8.75	4	4	4	3	250	209750	250	209750	0.003	0	0.003	0.003	839	0	839	839	
8.5	8.75	4	5	2	3	250	39247	250	39248	0.003	0	0.003	0.003	156.992	0.0892629	156	157	
8.5	8.75	2	6	1	3	250	56248	250	56248	0.003	0	0.003	0.003	224.992	0.0892629	224	225	
8.5	8.75	2	7	4	3	250	93243	250	93243	0.003	0	0.003	0.003	372.972	0.165304	372	373	
8.5	8.75	2	8	5	3	250	39247	250	39248	0.003	0	0.003	0.003	156.992	0.0892629	156	157	
8.5	8.75	2	9	2	3	247	43719	247	43719	0.00308502	0.000768312	0.003	0.01	177	0	177	177	
8.5	8.75	2	10	3	3	248	70680	248	70680	0.00305645	0.000627345	0.003	0.01	285	0	285	285	
8.5	8.75	3	11	1	3	250	71250	250	71250	0.003	0	0.003	0.003	285	0	285	285	
8.5	8.75	3	12	3	3	250	149249	250	149249	0.003	0	0.003	0.003	596.996	0.0632456	596	597	
8.5	8.75	3	13	5	3	250	29247	250	29247	0.003	0	0.003	0.003	116.988	0.109104	116	117	
8.5	8.75	3	14	4	3	250	113250	250	113250	0.003	0	0.003	0.003	453	0	453	453	
8.5	8.75	3	15	2	3	250	93243	250	93243	0.003	0	0.003	0.003	372.972	0.165304	372	373	
8.5	8.75	1	16	5	3	248	38933	248	38933	0.00305645	0.000627345	0.003	0.01	156.988	0.109539	156	157	
8.5	8.75	1	17	4	3	132	23364	132	23364	0.00915151	0.00229332	0.003	0.01	177	0	177	177	
8.5	8.75	1	18	3	3	250	29247	250	29247	0.003	0	0.003	0.003	116.988	0.109104	116	117	
8.5	8.75	1	19	2	3	250	44250	250	44250	0.003	0	0.003	0.003	177	0	177	177	
8.5	8.75	1	20	1	3	248	70680	248	70680	0.00305645	0.000627345	0.003	0.01	285	0	285	285	
8.75	9	4	1	5	3	250	39248	250	39247	0.003	0	0.003	0.003	156.988	0.109104	156	157	
8.75	9	4	2	3	3	250	113250	250	113250	0.003	0	0.003	0.003	453	0	453	453	
8.75	9	4	3	1	3	250	56249	250	56249	0.003	0	0.003	0.003	224.996	0.0632456	224	225	
8.75	9	4	4	4	3	250	209748	250	209748	0.003	0	0.003	0.003	838.992	0.126491	837	839	
8.75	9	4	5	2	3	250	39248	250	39247	0.003	0	0.003	0.003	156.988	0.109104	156	157	
8.75	9	2	6	1	3	250	56249	250	56249	0.003	0	0.003	0.003	224.996	0.0632456	224	225	
8.75	9	2	7	4	3	250	93243	250	93243	0.003	0	0.003	0.003	372.972	0.165304	372	373	
8.75	9	2	8	5	3	250	39248	250	39247	0.003	0	0.003	0.003	156.988	0.109104	156	157	
8.75	9	2	9	2	3	245	43365	245	43365	0.00314286	0.000991769	0.003	0.01	177	0	177	177	
8.75	9	2	10	3	3	248	70680	248	70680	0.00305645	0.000627345	0.003	0.01	285	0	285	285	
8.75	9	3	11	1	3	250	71250	250	71250	0.003	0	0.003	0.003	285	0	285	285	
8.75	9	3	12	3	3	250	149249	250	149249	0.003	0	0.003	0.003	596.996	0.0632456	596	597	
8.75	9	3	13	5	3	250	29248	250	29248	0.003	0	0.003	0.003	116.992	0.0892629	116	117	
8.75	9	3	14	4	3	250	113250	250	113250	0.003	0	0.003	0.003	453	0	453	453	
8.75	9	3	15	2	3	250	93243	250	93243	0.003	0	0.003	0.003	372.972	0.165304	372	373	
8.75	9	1	16	5	3	249	39091	249	39091	0.00302811	0.000443607	0.003	0.01	156.992	0.0894413	156	157	
8.75	9	1	17	4	3	135	23895	132	23364	0.00909848	0.00235369	0.003	0.01	177	0	177	177	
8.75	9	1	18	3	3	250	29248	250	29248	0.003	0	0.003	0.003	116.992	0.0892629	116	117	
8.75	9	1	19	2	3	249	44073	249	44073	0.00302811	0.000443607	0.003	0.01	177	0	177	177	
8.75	9	1	20	1	3	250	71250	250	71250	0.003	0	0.003	0.003	285	0	285	285	
9	9.25	4	1	5	3	250	39248	250	39248	0.003	0	0.003	0.003	156.992	0.0892629	156	157	
9	9.25	4	2	3	3	250	113250	250	113250	0.003	0	0.003	0.003	453	0	453	453	
9	9.25	4	3	1	3	250	56248	250	56248	0.003	0	0.003	0.003	224.992	0.0892629	224	225	
9	9.25	4	4	4	3	250	209748	250	209748	0.003	0	0.003	0.003	838.992	0.126491	837	839	
9	9.25	4	5	2	3	250	39248	250	39248	0.003	0	0.003	0.003	156.992	0.0892629	156	157	
9	9.25	2	6	1	3	250	56248	250	56248	0.003	0	0.003	0.003	224.992	0.0892629	224	225	
9	9.25	2	7	4	3	250	93243	250	93243	0.003	0	0.003	0.003	372.972	0.165304	372	373	
9	9.25	2	8	5	3	250	39248	250	39248	0.003	0	0.003	0.003	156.992	0.0892629	156	157	
9	9.25	2	9	2	3	244	43188	244	43188	0.00317213	0.00108634	0.003	0.01	177	0	177	177	
9	9.25	2	10	3	3	248	70680	248	70680	0.00305645	0.000627345	0.003	0.01	285	0	285	285	
9	9.25	3	11	1	3	250	71250	250	71250	0.003	0	0.003	0.003	285	0	285	285	
9	9.25	3	12	3	3	250	149248	250	149248	0.003	0	0.003	0.003	596.992	0.0892629	596	597	
9	9.25	3	13	5	3	250	29247	250	29247	0.003	0	0.003	0.003	116.988	0.109104	116	117	
9	9.25	3	14	4	3	250	113250	250	113250	0.003	0	0.003	0.003	453	0	453	453	
9	9.25	3	15	2	3	250	93244	250	93244	0.003	0	0.003	0.003	372.976	0.153356	372	373	
9	9.25	1	16	5	3	250	39248	250	39248	0.003	0	0.003	0.003	156.992	0.0892629	156	157	
9	9.25	1	17	4	3	130	23010	131	23187	0.00946565	0.00186588	0.003	0.01	177	0	177	177	
9	9.25	1	18	3	3	250	29247	250	29247	0.003	0	0.003	0.003	116.988	0.109104	116	117	
9	9.25	1	19	2	3	247	43719	247	43719	0.00308502	0.000768312	0.003	0.01	177	0	177	177	
9	9.25	1	20	1	3	249	70965	249	70965	0.00302811	0.000443607	0.003	0.01	285	0	285	285	
9.25	9.5	4	1	5	3	250	39248	250	39248	0.003	0	0.003	0.003	156.992	0.0892629	156	157	
9.25	9.5	4	2	3	3	250	113250	250	113250	0.003	0	0.003	0.003	453	0	453	453	
9.25	9.5	4	3	1	3	250	56249	250	56249	0.003	0	0.003	0.003	224.996	0.0632456	224	225	
9.25	9.5	4	4	4	3	250	209750	250	209750	0.003	0	0.003	0.003	839	0	839	839	
9.25	9.5	4	5	2	3	250	39248	250	39248	0.003	0	0.003	0.003	156.992	0.0892629	156	157	
9.25	9.5	2	6	1	3	250	56249	250	56249	0.003	0	0.003	0.003	224.996	0.0632456	224	225	
9.25	9.5	2	7	4	3	250	93244	250	93244	0.003	0	0.003	0.003	372.976	0.153356	372	373	
9.25	9.5	2	8	5	3	250	39248	250	39248	0.003	0	0.003	0.003	156.992	0.0892629	156	157	
9.25	9.5	2	9	2	3	245	43365	245	43365	0.00314286	0.000991769	0.003	0.01	177	0	177	177	
9.25	9.5	2	10	3	3	248	70680	248	70680	0.00305645	0.000627345	0.003	0.01	285	0	285	285	
9.25	9.5	3	11	1	3	250	71250	250	71250	0.003	0	0.003	0.003	285	0	285	285	
9.25	9.5	3	12	3	3	250	149249	250	149249	0.003	0	0.003	0.003	596.996	0.0632456	596	597	
9.25	9.5	3	13	5	3	250	29248	250	29248	0.003	0	0.003	0.003	116.992	0.0892629	116	117	
9.25	9.5	3	14	4	3	250	113250	250	113250	0.003	0	0.003	0.003	453	0	453	453	
9.25	9.5	3	15	2	3	250	93243	250	93243	0.003	0	0.003	0.003	372.972	0.165304	372	373	
9.25	9.5	1	16	5	3	249	39090	249	39090	0.00302811	0.000443607	0.003	0.01	156.988	0.109321	156	157	
9.25	9.5	1	17	4	3	128	22656	129	22833	0.00956589	0.00169487	0.003	0.01	177	0	177	177	
9.25	9.5	1	18	3	3	250	29248	250	29248	0.003	0	0.003	0.003	116.992	0.0892629	116	117	
9.25	9.5	1	19	2	3	249	44073	249	44073	0.00302811	0.000443607	0.003	0.01	177	0	177	177	
9.25	9.5	1	20	1	3	248	70680	248	70680	0.00305645	0.000627345	0.003	0.01	285	0	285	285	
9.5	9.75	4	1	5	3	250	39247	250	39247	0.003	0	0.003	0.003	156.988	0.109104	156	157	
9.5	9.75	4	2	3	3	250	113250	250	113250	0.003	0	0.003	0.003	453	0	453	453	
9.5	9.75	4	3	1	3	250	56248	250	56248	0.003	0	0.003	0.003	224.992	0.0892629	224	225	
9.5	9.75	4	4	4	3	250	209748	250	209748	0.003	0	0.003	0.003	838.992	0.126491	837	839	
9.5	9.75	4	5	2	3	250	39247	250	39247	0.003	0	0.003	0.003	156.988	0.109104	156	157	
9.5	9.75	2	6	1	3	250	56248	250	56248	0.003	0	0.003	0.003	224.992	0.0892629	224	225	
9.5	9.75	2	7	4	3	250	93243	250	93243	0.003	0	0.003	0.003	372.972	0.165304	372	373	
9.5	9.75	2	8	5	3	250	39247	250	39247	0.003	0	0.003	0.003	156.988	0.109104	156	157	
9.5	9.75	2	9	2	3	244	43188	243	43011	0.00317284	0.00108852	0.003	0.01	177	0	177	177	
9.5	9.75	2	10	3	3	249	70965	249	70965	0.00302811	0.000443607	0.003	0.01	285	0	285	285	
9.5	9.75	3	11	1	3	250	71250	250	71250	0.003	0	0.003	0.003	285	0	285	285	
9.5	9.75	3	12	3	3	250	149249	250	149249	0.003	0	0.003	0.003	596.996	0.0632456	596	597	
9.5	9.75	3	13	5	3	250	29247	250	29247	0.003	0	0.003	0.003	116.988	0.109104	116	117	
9.5	9.75	3	14	4	3	250	113250	250	113250	0.003	0	0.003	0.003	453	0	453	453	
9.5	9.75	3	15	2	3	250	93243	250	93243	0.003	0	0.003	0.003	372.972	0.165304	372	373	
9.5	9.75	1	16	5	3	249	39091	249	39091	0.00302811	0.000443607	0.003	0.01	156.992	0.0894413	156	157	
9.5	9.75	1	17	4	3	133	23541	133	23541	0.00921053	0.00222265	0.003	0.01	177	0	177	177	
9.5	9.75	1	18	3	3	250	29247	250	29247	0.003	0	0.003	0.003	116.988	0.109104	116	117	
9.5	9.75	1	19	2	3	248	43896	248	43896	0.00305645	0.000627345	0.003	0.01	177	0	177	177	
9.5	9.75	1	20	1	3	247	70395	247	70395	0.00308502	0.000768312	0.003	0.01	285	0	285	285	
9.75	10	4	1	5	3	250	39248	250	39248	0.003	0	0.003	0.003	156.992	0.0892629	156	157	
9.75	10	4	2	3	3	250	113250	250	113250	0.003	0	0.003	0.003	453	0	453	453	
9.75	10	4	3	1	3	250	56248	250	56248	0.003	0	0.003	0.003	224.992	0.0892629	224	225	
9.75	10	4	4	4	3	250	209748	250	209748	0.003	0	0.003	0.003	838.992	0.126491	837	839	
9.75	10	4	5	2	3	250	39248	250	39248	0.003	0	0.003	0.003	156.992	0.0892629	156	157	
9.75	10	2	6	1	3	250	56248	250	56248	0.003	0	0.003	0.003	224.992	0.0892629	224	225	
9.75	10	2	7	4	3	250	93243	250	93243	0.003	0	0.003	0.003	372.972	0.165304	372	373	
9.75	10	2	8	5	3	250	39248	250	39248	0.003	0	0.003	0.003	156.992	0.0892629	156	157	
9.75	10	2	9	2	3	245	43365	246	43542	0.00314228	0.000989785	0.003	0.01	177	0	177	177	
9.75	10	2	10	3	3	249	70965	249	70965	0.00302811	0.000443607	0.003	0.01	285	0	285	285	
9.75	10	3	11	1	3	250	71250	250	71250	0.003	0	0.003	0.003	285	0	285	285	
9.75	10	3	12	3	3	250	149248	250	149248	0.003	0	0.003	0.003	596.992	0.0892629	596	597	
9.75	10	3	13	5	3	250	29248	250	29248	0.003	0	0.003	0.003	116.992	0.0892629	116	117	
9.75	10	3	14	4	3	250	113250	250	113250	0.003	0	0.003	0.003	453	0	453	453	
9.75	10	3	15	2	3	250	93243	250	93243	0.003	0	0.003	0.003	372.972	0.165304	372	373	
9.75	10	1	16	5	3	248	38934	248	38934	0.00305645	0.000627345	0.003	0.01	156.992	0.0896207	156	157	
9.75	10	1	17	4	3	131	23187	129	22833	0.00945736	0.00187919	0.003	0.01	177	0	177	177	
9.75	10	1	18	3	3	250	29248	250	29248	0.003	0	0.003	0.003	116.992	0.0892629	116	117	
9.75	10	1	19	2	3	248	43896	248	43896	0.00305645	0.000627345	0.003	0.01	177	0	177	177	
9.75	10	1	20	1	3	247	70395	247	70395	0.00308502	0.000768312	0.003	0.01	285	0	285	285	
