% start	end	CellId	IMSI	RNTI	LCID	nTxPDUs	TxBytes	nRxPDUs	RxBytes	delay	stdDev	min	max	PduSize	stdDev	min	max
0.5	0.75	4	1	3	3	241	145568	239	144374	0.00320502	0.00118278	0.003	0.01	604.075	40.8928	595	839	
0.5	0.75	4	2	5	3	168	34330	159	28103	0.00559748	0.00339232	0.003	0.01	176.748	2.23598	157	177	
0.5	0.75	4	3	1	3	225	44457	216	38230	0.00306481	0.000672007	0.003	0.01	176.991	0.136083	175	177	
0.5	0.75	4	4	4	3	119	25657	104	18368	0.00973077	0.00166769	0.003	0.017	176.615	2.76	157	177	
0.5	0.75	4	5	2	3	240	92526	238	91780	0.00323529	0.00126428	0.003	0.01	385.63	79.2985	341	839	
0.5	0.75	2	6	5	3	227	31613	218	25506	0.003	0	0.003	0.003	117	0	117	117	
0.5	0.75	2	7	1	3	241	127955	239	126921	0.00320502	0.00118278	0.003	0.01	531.05	61.6179	453	839	
0.5	0.75	2	8	3	3	234	56948	232	56498	0.00342241	0.00240004	0.003	0.017	243.526	105.259	225	839	
0.5	0.75	2	9	2	3	234	70566	232	69996	0.00342241	0.00240004	0.003	0.017	301.707	94.9746	283	839	
0.5	0.75	2	10	4	3	227	40413	218	34226	0.003	0	0.003	0.003	157	0	157	157	
0.5	0.75	3	11	5	3	152	31536	142	25132	0.00664789	0.00350925	0.003	0.01	176.986	0.167836	175	177	
0.5	0.75	3	12	4	3	241	92899	239	92153	0.00320502	0.00118278	0.003	0.01	385.577	79.136	341	839	
0.5	0.75	3	13	1	3	186	45764	181	44639	0.00539779	0.00386103	0.003	0.017	246.624	119.554	177	839	
0.5	0.75	3	14	3	3	232	45696	229	44503	0.00339738	0.00246452	0.003	0.024	194.336	105.976	175	839	
0.5	0.75	3	15	2	3	241	93155	239	92409	0.00320502	0.00118278	0.003	0.01	386.649	78.7393	373	839	
0.5	0.75	1	16	2	3	224	44280	215	38053	0.00309767	0.000823001	0.003	0.01	176.991	0.136399	175	177	
0.5	0.75	1	17	1	3	241	93265	239	92519	0.00320502	0.00118278	0.003	0.01	387.109	78.9922	371	839	
0.5	0.75	1	18	5	3	241	110968	239	110062	0.00320502	0.00118278	0.003	0.01	460.51	72.4285	28	839	
0.5	0.75	1	19	4	3	228	44841	221	40292	0.00315837	0.00140689	0.003	0.017	182.317	63.6911	28	839	
0.5	0.75	1	20	3	3	227	31613	218	25506	0.003	0	0.003	0.003	117	0	117	117	
0.75	1	4	1	3	3	250	149249	250	149249	0.003	0	0.003	0.003	596.996	0.0632456	596	597	
0.75	1	4	2	5	3	178	31506	177	31329	0.00580791	0.00344062	0.003	0.01	177	0	177	177	
0.75	1	4	3	1	3	249	44073	249	44073	0.00302811	0.000443607	0.003	0.01	177	0	177	177	
0.75	1	4	4	4	3	126	22302	128	22656	0.00983594	0.00106318	0.003	0.01	177	0	177	177	
0.75	1	4	5	2	3	248	92499	248	92499	0.00305645	0.000627345	0.003	0.01	372.98	0.167129	371	373	
0.75	1	2	6	5	3	250	29248	250	29248	0.003	0	0.003	0.003	116.992	0.126491	115	117	
0.75	1	2	7	1	3	250	129250	250	129250	0.003	0	0.003	0.003	517	0	517	517	
0.75	1	2	8	3	3	250	56247	250	56247	0.003	0	0.003	0.003	224.988	0.141194	223	225	
0.75	1	2	9	2	3	250	71250	250	71250	0.003	0	0.003	0.003	285	0	285	285	
0.75	1	2	10	4	3	250	39250	250	39250	0.003	0	0.003	0.003	157	0	157	157	
0.75	1	3	11	5	3	156	27612	156	27612	0.00726282	0.00342686	0.003	0.01	177	0	177	177	
0.75	1	3	12	4	3	249	92871	249	92872	0.00302811	0.000443607	0.003	0.01	372.98	0.166796	371	373	
0.75	1	3	13	1	3	192	43198	194	43648	0.00509278	0.00321294	0.003	0.01	224.99	0.101271	224	225	
0.75	1	3	14	3	3	250	44250	250	44250	0.003	0	0.003	0.003	177	0	177	177	
0.75	1	3	15	2	3	250	93244	250	93244	0.003	0	0.003	0.003	372.976	0.177624	371	373	
0.75	1	1	16	2	3	246	43542	246	43542	0.00311382	0.000887126	0.003	0.01	177	0	177	177	
0.75	1	1	17	1	3	250	93243	250	93243	0.003	0	0.003	0.003	372.972	0.165304	372	373	
0.75	1	1	18	5	3	250	113250	250	113250	0.003	0	0.003	0.003	453	0	453	453	
0.75	1	1	19	4	3	250	44250	250	44250	0.003	0	0.003	0.003	177	0	177	177	
0.75	1	1	20	3	3	250	29248	250	29248	0.003	0	0.003	0.003	116.992	0.126491	115	117	
1	1.25	4	1	3	3	250	149249	250	149249	0.003	0	0.003	0.003	596.996	0.0632456	596	597	
1	1.25	4	2	5	3	170	30090	170	30090	0.00629412	0.00350426	0.003	0.01	177	0	177	177	
1	1.25	4	3	1	3	245	43365	245	43365	0.00314286	0.000991769	0.003	0.01	177	0	177	177	
1	1.25	4	4	4	3	129	22833	128	22656	0.00967187	0.00148541	0.003	0.01	177	0	177	177	
1	1.25	4	5	2	3	249	92870	249	92870	0.00302811	0.000443607	0.003	0.01	372.972	0.165627	372	373	
1	1.25	2	6	5	3	250	29247	250	29247	0.003	0	0.003	0.003	116.988	0.109104	116	117	
1	1.25	2	7	1	3	250	129250	250	129250	0.003	0	0.003	0.003	517	0	517	517	
1	1.25	2	8	3	3	250	56249	250	56249	0.003	0	0.003	0.003	224.996	0.0632456	224	225	
1	1.25	2	9	2	3	250	71250	250	71250	0.003	0	0.003	0.003	285	0	285	285	
1	1.25	2	10	4	3	250	39250	250	39250	0.003	0	0.003	0.003	157	0	157	157	
1	1.25	3	11	5	3	172	30444	172	30444	0.00617442	0.003495	0.003	0.01	177	0	177	177	
1	1.25	3	12	4	3	249	92871	249	92870	0.00302811	0.000443607	0.003	0.01	372.972	0.165627	372	373	
1	1.25	3	13	1	3	194	43649	195	43874	0.00501026	0.00317527	0.003	0.01	224.995	0.0716115	224	225	
1	1.25	3	14	3	3	250	44250	250	44250	0.003	0	0.003	0.003	177	0	177	177	
1	1.25	3	15	2	3	250	93243	250	93243	0.003	0	0.003	0.003	372.972	0.165304	372	373	
1	1.25	1	16	2	3	244	43188	244	43188	0.00317213	0.00108634	0.003	0.01	177	0	177	177	
1	1.25	1	17	1	3	250	93244	250	93244	0.003	0	0.003	0.003	372.976	0.153356	372	373	
1	1.25	1	18	5	3	250	113250	250	113250	0.003	0	0.003	0.003	453	0	453	453	
1	1.25	1	19	4	3	250	44250	250	44250	0.003	0	0.003	0.003	177	0	177	177	
1	1.25	1	20	3	3	250	29247	250	29247	0.003	0	0.003	0.003	116.988	0.109104	116	117	
1.25	1.5	4	1	3	3	250	149249	250	149249	0.003	0	0.003	0.003	596.996	0.0632456	596	597	
1.25	1.5	4	2	5	3	174	30798	175	30975	0.00604	0.0034796	0.003	0.01	177	0	177	177	
1.25	1.5	4	3	1	3	245	43365	245	43365	0.00314286	0.000991769	0.003	0.01	177	0	177	177	
1.25	1.5	4	4	4	3	126	22302	127	22479	0.00983464	0.00106729	0.003	0.01	177	0	177	177	
1.25	1.5	4	5	2	3	248	92497	248	92497	0.00305645	0.000627345	0.003	0.01	372.972	0.165952	372	373	
1.25	1.5	2	6	5	3	250	29248	250	29248	0.003	0	0.003	0.003	116.992	0.0892629	116	117	
1.25	1.5	2	7	1	3	250	129250	250	129250	0.003	0	0.003	0.003	517	0	517	517	
1.25	1.5	2	8	3	3	250	56248	250	56248	0.003	0	0.003	0.003	224.992	0.0892629	224	225	
1.25	1.5	2	9	2	3	250	71250	250	71250	0.003	0	0.003	0.003	285	0	285	285	
1.25	1.5	2	10	4	3	250	39247	250	39247	0.003	0	0.003	0.003	156.988	0.141194	155	157	
1.25	1.5	3	11	5	3	166	29382	164	29028	0.00658536	0.00350968	0.003	0.01	177	0	177	177	
1.25	1.5	3	12	4	3	250	93243	250	93243	0.003	0	0.003	0.003	372.972	0.165304	372	373	
1.25	1.5	3	13	1	3	192	43199	190	42749	0.00513684	0.00323215	0.003	0.01	224.995	0.0725476	224	225	
1.25	1.5	3	14	3	3	250	44250	250	44250	0.003	0	0.003	0.003	177	0	177	177	
1.25	1.5	3	15	2	3	250	93243	250	93243	0.003	0	0.003	0.003	372.972	0.165304	372	373	
1.25	1.5	1	16	2	3	247	43719	246	43542	0.00305691	0.000629879	0.003	0.01	177	0	177	177	
1.25	1.5	1	17	1	3	250	93243	250	93243	0.003	0	0.003	0.003	372.972	0.165304	372	373	
1.25	1.5	1	18	5	3	250	113250	250	113250	0.003	0	0.003	0.003	453	0	453	453	
1.25	1.5	1	19	4	3	250	44250	250	44250	0.003	0	0.003	0.003	177	0	177	177	
1.25	1.5	1	20	3	3	250	29248	250	29248	0.003	0	0.003	0.003	116.992	0.0892629	116	117	
1.5	1.75	4	1	3	3	250	149248	250	149248	0.003	0	0.003	0.003	596.992	0.0892629	596	597	
1.5	1.75	4	2	5	3	177	31329	175	30975	0.00596	0.00346801	0.003	0.01	177	0	177	177	
1.5	1.75	4	3	1	3	248	43896	248	43896	0.00305645	0.000627345	0.003	0.01	177	0	177	177	
1.5	1.75	4	4	4	3	126	22302	126	22302	0.00988889	0.000878382	0.003	0.01	177	0	177	177	
1.5	1.75	4	5	2	3	249	92870	249	92870	0.00302811	0.000443607	0.003	0.01	372.972	0.165627	372	373	
1.5	1.75	2	6	5	3	250	29247	250	29247	0.003	0	0.003	0.003	116.988	0.109104	116	117	
1.5	1.75	2	7	1	3	250	129250	250	129250	0.003	0	0.003	0.003	517	0	517	517	
1.5	1.75	2	8	3	3	250	56249	250	56249	0.003	0	0.003	0.003	224.996	0.0632456	224	225	
1.5	1.75	2	9	2	3	250	71250	250	71250	0.003	0	0.003	0.003	285	0	285	285	
1.5	1.75	2	10	4	3	250	39248	250	39248	0.003	0	0.003	0.003	156.992	0.0892629	156	157	
1.5	1.75	3	11	5	3	174	30798	174	30798	0.00601724	0.00347655	0.003	0.01	177	0	177	177	
1.5	1.75	3	12	4	3	249	92870	249	92870	0.00302811	0.000443607	0.003	0.01	372.972	0.165627	372	373	
1.5	1.75	3	13	1	3	195	43874	196	44099	0.00492857	0.00313541	0.003	0.01	224.995	0.0714286	224	225	
1.5	1.75	3	14	3	3	250	44250	250	44250	0.003	0	0.003	0.003	177	0	177	177	
1.5	1.75	3	15	2	3	250	93243	250	93243	0.003	0	0.003	0.003	372.972	0.165304	372	373	
1.5	1.75	1	16	2	3	245	43365	246	43542	0.00317073	0.001082	0.003	0.01	177	0	177	177	
1.5	1.75	1	17	1	3	250	93243	250	93243	0.003	0	0.003	0.003	372.972	0.165304	372	373	
1.5	1.75	1	18	5	3	250	113250	250	113250	0.003	0	0.003	0.003	453	0	453	453	
1.5	1.75	1	19	4	3	250	44250	250	44250	0.003	0	0.003	0.003	177	0	177	177	
1.5	1.75	1	20	3	3	250	29247	250	29247	0.003	0	0.003	0.003	116.988	0.109104	116	117	
1.75	2	4	1	3	3	250	149249	250	149249	0.003	0	0.003	0.003	596.996	0.0632456	596	597	
1.75	2	4	2	5	3	165	29205	165	29205	0.00656364	0.00351007	0.003	0.01	177	0	177	177	
1.75	2	4	3	1	3	244	43188	244	43188	0.00317213	0.00108634	0.003	0.01	177	0	177	177	
1.75	2	4	4	4	3	126	22302	126	22302	0.00988889	0.000878382	0.003	0.01	177	0	177	177	
1.75	2	4	5	2	3	248	92498	248	92498	0.00305645	0.000627345	0.003	0.01	372.976	0.15396	372	373	
1.75	2	2	6	5	3	250	29248	250	29248	0.003	0	0.003	0.003	116.992	0.0892629	116	117	
1.75	2	2	7	1	3	250	129250	250	129250	0.003	0	0.003	0.003	517	0	517	517	
1.75	2	2	8	3	3	250	56248	250	56248	0.003	0	0.003	0.003	224.992	0.0892629	224	225	
1.75	2	2	9	2	3	250	71250	250	71250	0.003	0	0.003	0.003	285	0	285	285	
1.75	2	2	10	4	3	250	39247	250	39247	0.003	0	0.003	0.003	156.988	0.109104	156	157	
1.75	2	3	11	5	3	166	29382	167	29559	0.00656287	0.00350996	0.003	0.01	177	0	177	177	
1.75	2	3	12	4	3	250	93244	250	93244	0.003	0	0.003	0.003	372.976	0.153356	372	373	
1.75	2	3	13	1	3	187	42074	186	41849	0.00537097	0.00332184	0.003	0.01	224.995	0.0733236	224	225	
1.75	2	3	14	3	3	250	44250	250	44250	0.003	0	0.003	0.003	177	0	177	177	
1.75	2	3	15	2	3	250	93244	250	93244	0.003	0	0.003	0.003	372.976	0.153356	372	373	
1.75	2	1	16	2	3	244	43188	244	43188	0.00317213	0.00108634	0.003	0.01	177	0	177	177	
1.75	2	1	17	1	3	250	93243	250	93243	0.003	0	0.003	0.003	372.972	0.165304	372	373	
1.75	2	1	18	5	3	250	113250	250	113250	0.003	0	0.003	0.003	453	0	453	453	
1.75	2	1	19	4	3	250	44250	250	44250	0.003	0	0.003	0.003	177	0	177	177	
1.75	2	1	20	3	3	250	29248	250	29248	0.003	0	0.003	0.003	116.992	0.0892629	116	117	
2	2.25	4	1	3	3	250	149249	250	149249	0.003	0	0.003	0.003	596.996	0.0632456	596	597	
2	2.25	4	2	5	3	174	30798	176	31152	0.0060625	0.00348246	0.003	0.01	177	0	177	177	
2	2.25	4	3	1	3	242	42834	242	42834	0.0032314	0.00125411	0.003	0.01	177	0	177	177	
2	2.25	4	4	4	3	126	22302	126	22302	0.00988889	0.000878382	0.003	0.01	177	0	177	177	
2	2.25	4	5	2	3	250	93243	250	93243	0.003	0	0.003	0.003	372.972	0.165304	372	373	
2	2.25	2	6	5	3	250	29247	250	29247	0.003	0	0.003	0.003	116.988	0.109104	116	117	
2	2.25	2	7	1	3	250	129250	250	129250	0.003	0	0.003	0.003	517	0	517	517	
2	2.25	2	8	3	3	250	56249	250	56249	0.003	0	0.003	0.003	224.996	0.0632456	224	225	
2	2.25	2	9	2	3	250	71250	250	71250	0.003	0	0.003	0.003	285	0	285	285	
2	2.25	2	10	4	3	250	39248	250	39248	0.003	0	0.003	0.003	156.992	0.0892629	156	157	
2	2.25	3	11	5	3	170	30090	169	29913	0.00627219	0.00350296	0.003	0.01	177	0	177	177	
2	2.25	3	12	4	3	249	92870	249	92870	0.00302811	0.000443607	0.003	0.01	372.972	0.165627	372	373	
2	2.25	3	13	1	3	203	45673	205	46123	0.00463902	0.00297151	0.003	0.01	224.99	0.0985306	224	225	
2	2.25	3	14	3	3	250	44250	250	44250	0.003	0	0.003	0.003	177	0	177	177	
2	2.25	3	15	2	3	250	93243	250	93243	0.003	0	0.003	0.003	372.972	0.165304	372	373	
2	2.25	1	16	2	3	245	43365	245	43365	0.00314286	0.000991769	0.003	0.01	177	0	177	177	
2	2.25	1	17	1	3	250	93244	250	93244	0.003	0	0.003	0.003	372.976	0.153356	372	373	
2	2.25	1	18	5	3	250	113250	250	113250	0.003	0	0.003	0.003	453	0	453	453	
2	2.25	1	19	4	3	249	44073	249	44073	0.00302811	0.000443607	0.003	0.01	177	0	177	177	
2	2.25	1	20	3	3	250	29247	250	29247	0.003	0	0.003	0.003	116.988	0.109104	116	117	
2.25	2.5	4	1	3	3	250	149249	250	149249	0.003	0	0.003	0.003	596.996	0.0632456	596	597	
2.25	2.5	4	2	5	3	177	31329	176	31152	0.00590341	0.00345862	0.003	0.01	177	0	177	177	
2.25	2.5	4	3	1	3	246	43542	246	43542	0.00311382	0.000887126	0.003	0.01	177	0	177	177	
2.25	2.5	4	4	4	3	124	21948	125	22125	0.01	0	0.01	0.01	177	0	177	177	
2.25	2.5	4	5	2	3	250	93243	250	93243	0.003	0	0.003	0.003	372.972	0.165304	372	373	
2.25	2.5	2	6	5	3	250	29248	250	29248	0.003	0	0.003	0.003	116.992	0.0892629	116	117	
2.25	2.5	2	7	1	3	250	129250	250	129250	0.003	0	0.003	0.003	517	0	517	517	
2.25	2.5	2	8	3	3	250	56248	250	56248	0.003	0	0.003	0.003	224.992	0.0892629	224	225	
2.25	2.5	2	9	2	3	250	71250	250	71250	0.003	0	0.003	0.003	285	0	285	285	
2.25	2.5	2	10	4	3	250	39248	250	39248	0.003	0	0.003	0.003	156.992	0.0892629	156	157	
2.25	2.5	3	11	5	3	165	29205	167	29559	0.00660479	0.00350895	0.003	0.01	177	0	177	177	
2.25	2.5	3	12	4	3	248	92497	248	92497	0.00305645	0.000627345	0.003	0.01	372.972	0.165952	372	373	
2.25	2.5	3	13	1	3	197	44324	196	44099	0.00482143	0.00307909	0.003	0.01	224.995	0.0714286	224	225	
2.25	2.5	3	14	3	3	250	44250	250	44250	0.003	0	0.003	0.003	177	0	177	177	
2.25	2.5	3	15	2	3	250	93243	250	93243	0.003	0	0.003	0.003	372.972	0.165304	372	373	
2.25	2.5	1	16	2	3	245	43365	245	43365	0.00314286	0.000991769	0.003	0.01	177	0	177	177	
2.25	2.5	1	17	1	3	250	93243	250	93243	0.003	0	0.003	0.003	372.972	0.165304	372	373	
2.25	2.5	1	18	5	3	250	113250	250	113250	0.003	0	0.003	0.003	453	0	453	453	
2.25	2.5	1	19	4	3	250	44250	250	44250	0.003	0	0.003	0.003	177	0	177	177	
2.25	2.5	1	20	3	3	250	29248	250	29248	0.003	0	0.003	0.003	116.992	0.0892629	116	117	
2.5	2.75	4	1	3	3	250	149248	250	149248	0.003	0	0.003	0.003	596.992	0.0892629	596	597	
2.5	2.75	4	2	5	3	174	30798	173	30621	0.00603468	0.003479	0.003	0.01	177	0	177	177	
2.5	2.75	4	3	1	3	245	43365	245	43365	0.00314286	0.000991769	0.003	0.01	177	0	177	177	
2.5	2.75	4	4	4	3	128	22656	127	22479	0.00977953	0.00122742	0.003	0.01	177	0	177	177	
2.5	2.75	4	5	2	3	249	92870	249	92870	0.00302811	0.000443607	0.003	0.01	372.972	0.165627	372	373	
2.5	2.75	2	6	5	3	250	29247	250	29247	0.003	0	0.003	0.003	116.988	0.109104	116	117	
2.5	2.75	2	7	1	3	250	129250	250	129250	0.003	0	0.003	0.003	517	0	517	517	
2.5	2.75	2	8	3	3	250	56248	250	56248	0.003	0	0.003	0.003	224.992	0.0892629	224	225	
2.5	2.75	2	9	2	3	250	71250	250	71250	0.003	0	0.003	0.003	285	0	285	285	
2.5	2.75	2	10	4	3	250	39248	250	39248	0.003	0	0.003	0.003	156.992	0.0892629	156	157	
2.5	2.75	3	11	5	3	165	29205	164	29028	0.00658536	0.00350968	0.003	0.01	177	0	177	177	
2.5	2.75	3	12	4	3	249	92870	249	92870	0.00302811	0.000443607	0.003	0.01	372.972	0.165627	372	373	
2.5	2.75	3	13	1	3	191	42974	191	42974	0.0052356	0.00327221	0.003	0.01	224.995	0.0723575	224	225	
2.5	2.75	3	14	3	3	250	44250	250	44250	0.003	0	0.003	0.003	177	0	177	177	
2.5	2.75	3	15	2	3	250	93243	250	93243	0.003	0	0.003	0.003	372.972	0.165304	372	373	
2.5	2.75	1	16	2	3	244	43188	244	43188	0.00317213	0.00108634	0.003	0.01	177	0	177	177	
2.5	2.75	1	17	1	3	250	93243	250	93243	0.003	0	0.003	0.003	372.972	0.165304	372	373	
2.5	2.75	1	18	5	3	250	113250	250	113250	0.003	0	0.003	0.003	453	0	453	453	
2.5	2.75	1	19	4	3	250	44250	250	44250	0.003	0	0.003	0.003	177	0	177	177	
2.5	2.75	1	20	3	3	250	29247	250	29247	0.003	0	0.003	0.003	116.988	0.109104	116	117	
2.75	3	4	1	3	3	250	149249	250	149249	0.003	0	0.003	0.003	596.996	0.0632456	596	597	
2.75	3	4	2	5	3	178	31506	177	31329	0.005887	0.00345568	0.003	0.01	177	0	177	177	
2.75	3	4	3	1	3	246	43542	246	43542	0.00311382	0.000887126	0.003	0.01	177	0	177	177	
2.75	3	4	4	4	3	128	22656	127	22479	0.00972441	0.00136671	0.003	0.01	177	0	177	177	
2.75	3	4	5	2	3	249	92871	249	92871	0.00302811	0.000443607	0.003	0.01	372.976	0.153657	372	373	
2.75	3	2	6	5	3	250	29248	250	29248	0.003	0	0.003	0.003	116.992	0.0892629	116	117	
2.75	3	2	7	1	3	250	129250	250	129250	0.003	0	0.003	0.003	517	0	517	517	
2.75	3	2	8	3	3	250	56249	250	56249	0.003	0	0.003	0.003	224.996	0.0632456	224	225	
2.75	3	2	9	2	3	250	71250	250	71250	0.003	0	0.003	0.003	285	0	285	285	
2.75	3	2	10	4	3	250	39247	250	39247	0.003	0	0.003	0.003	156.988	0.109104	156	157	
2.75	3	3	11	5	3	163	28851	164	29028	0.0067561	0.00350131	0.003	0.01	177	0	177	177	
2.75	3	3	12	4	3	250	93244	250	93244	0.003	0	0.003	0.003	372.976	0.153356	372	373	
2.75	3	3	13	1	3	190	42749	190	42749	0.00521053	0.0032624	0.003	0.01	224.995	0.0725476	224	225	
2.75	3	3	14	3	3	250	44250	250	44250	0.003	0	0.003	0.003	177	0	177	177	
2.75	3	3	15	2	3	250	93244	250	93244	0.003	0	0.003	0.003	372.976	0.153356	372	373	
2.75	3	1	16	2	3	246	43542	246	43542	0.00311382	0.000887126	0.003	0.01	177	0	177	177	
2.75	3	1	17	1	3	250	93243	250	93243	0.003	0	0.003	0.003	372.972	0.165304	372	373	
2.75	3	1	18	5	3	250	113250	250	113250	0.003	0	0.003	0.003	453	0	453	453	
2.75	3	1	19	4	3	250	44250	250	44250	0.003	0	0.003	0.003	177	0	177	177	
2.75	3	1	20	3	3	250	29248	250	29248	0.003	0	0.003	0.003	116.992	0.0892629	116	117	
3	3.25	4	1	3	3	250	149249	250	149249	0.003	0	0.003	0.003	596.996	0.0632456	596	597	
3	3.25	4	2	5	3	175	30975	176	31152	0.00598295	0.00347147	0.003	0.01	177	0	177	177	
3	3.25	4	3	1	3	244	43188	244	43188	0.00317213	0.00108634	0.003	0.01	177	0	177	177	
3	3.25	4	4	4	3	125	22125	126	22302	0.00994444	0.00062361	0.003	0.01	177	0	177	177	
3	3.25	4	5	2	3	248	92497	248	92497	0.00305645	0.000627345	0.003	0.01	372.972	0.165952	372	373	
3	3.25	2	6	5	3	250	29248	250	29248	0.003	0	0.003	0.003	116.992	0.0892629	116	117	
3	3.25	2	7	1	3	250	129250	250	129250	0.003	0	0.003	0.003	517	0	517	517	
3	3.25	2	8	3	3	250	56248	250	56248	0.003	0	0.003	0.003	224.992	0.0892629	224	225	
3	3.25	2	9	2	3	250	71250	250	71250	0.003	0	0.003	0.003	285	0	285	285	
3	3.25	2	10	4	3	250	39248	250	39248	0.003	0	0.003	0.003	156.992	0.0892629	156	157	
3	3.25	3	11	5	3	164	29028	162	28674	0.00667284	0.00350657	0.003	0.01	177	0	177	177	
3	3.25	3	12	4	3	250	93243	250	93243	0.003	0	0.003	0.003	372.972	0.165304	372	373	
3	3.25	3	13	1	3	197	44324	197	44324	0.00484771	0.0030933	0.003	0.01	224.995	0.071247	224	225	
3	3.25	3	14	3	3	250	44250	250	44250	0.003	0	0.003	0.003	177	0	177	177	
3	3.25	3	15	2	3	250	93243	250	93243	0.003	0	0.003	0.003	372.972	0.165304	372	373	
3	3.25	1	16	2	3	247	43719	247	43719	0.00308502	0.000768312	0.003	0.01	177	0	177	177	
3	3.25	1	17	1	3	250	93244	250	93244	0.003	0	0.003	0.003	372.976	0.153356	372	373	
3	3.25	1	18	5	3	250	113250	250	113250	0.003	0	0.003	0.003	453	0	453	453	
3	3.25	1	19	4	3	250	44250	250	44250	0.003	0	0.003	0.003	177	0	177	177	
3	3.25	1	20	3	3	250	29248	250	29248	0.003	0	0.003	0.003	116.992	0.0892629	116	117	
3.25	3.5	4	1	3	3	250	149248	250	149248	0.003	0	0.003	0.003	596.992	0.0892629	596	597	
3.25	3.5	4	2	5	3	175	30975	176	31152	0.00598295	0.00347147	0.003	0.01	177	0	177	177	
3.25	3.5	4	3	1	3	245	43365	245	43365	0.00314286	0.000991769	0.003	0.01	177	0	177	177	
3.25	3.5	4	4	4	3	126	22302	126	22302	0.00983333	0.00107145	0.003	0.01	177	0	177	177	
3.25	3.5	4	5	2	3	249	92870	249	92870	0.00302811	0.000443607	0.003	0.01	372.972	0.165627	372	373	
3.25	3.5	2	6	5	3	250	29247	250	29247	0.003	0	0.003	0.003	116.988	0.109104	116	117	
3.25	3.5	2	7	1	3	250	129250	250	129250	0.003	0	0.003	0.003	517	0	517	517	
3.25	3.5	2	8	3	3	250	56249	250	56249	0.003	0	0.003	0.003	224.996	0.0632456	224	225	
3.25	3.5	2	9	2	3	250	71250	250	71250	0.003	0	0.003	0.003	285	0	285	285	
3.25	3.5	2	10	4	3	250	39248	250	39248	0.003	0	0.003	0.003	156.992	0.0892629	156	157	
3.25	3.5	3	11	5	3	166	29382	169	29913	0.00647929	0.00351034	0.003	0.01	177	0	177	177	
3.25	3.5	3	12	4	3	250	93243	250	93243	0.003	0	0.003	0.003	372.972	0.165304	372	373	
3.25	3.5	3	13	1	3	198	44548	199	44773	0.00486432	0.00310208	0.003	0.01	224.99	0.0999975	224	225	
3.25	3.5	3	14	3	3	250	44250	250	44250	0.003	0	0.003	0.003	177	0	177	177	
3.25	3.5	3	15	2	3	250	93243	250	93243	0.003	0	0.003	0.003	372.972	0.165304	372	373	
3.25	3.5	1	16	2	3	246	43542	246	43542	0.00311382	0.000887126	0.003	0.01	177	0	177	177	
3.25	3.5	1	17	1	3	250	93243	250	93243	0.003	0	0.003	0.003	372.972	0.165304	372	373	
3.25	3.5	1	18	5	3	250	113250	250	113250	0.003	0	0.003	0.003	453	0	453	453	
3.25	3.5	1	19	4	3	249	44073	249	44073	0.00302811	0.000443607	0.003	0.01	177	0	177	177	
3.25	3.5	1	20	3	3	250	29247	250	29247	0.003	0	0.003	0.003	116.988	0.109104	116	117	
3.5	3.75	4	1	3	3	250	149249	250	149249	0.003	0	0.003	0.003	596.996	0.0632456	596	597	
3.5	3.75	4	2	5	3	178	31506	176	31152	0.00586364	0.00345148	0.003	0.01	177	0	177	177	
3.5	3.75	4	3	1	3	242	42834	242	42834	0.0032314	0.00125411	0.003	0.01	177	0	177	177	
3.5	3.75	4	4	4	3	130	23010	127	22479	0.00961417	0.0016038	0.003	0.01	177	0	177	177	
3.5	3.75	4	5	2	3	249	92871	249	92871	0.00302811	0.000443607	0.003	0.01	372.976	0.153657	372	373	
3.5	3.75	2	6	5	3	250	29248	250	29248	0.003	0	0.003	0.003	116.992	0.0892629	116	117	
3.5	3.75	2	7	1	3	250	129250	250	129250	0.003	0	0.003	0.003	517	0	517	517	
3.5	3.75	2	8	3	3	250	56248	250	56248	0.003	0	0.003	0.003	224.992	0.0892629	224	225	
3.5	3.75	2	9	2	3	250	71250	250	71250	0.003	0	0.003	0.003	285	0	285	285	
3.5	3.75	2	10	4	3	250	39247	250	39247	0.003	0	0.003	0.003	156.988	0.109104	156	157	
3.5	3.75	3	11	5	3	166	29382	164	29028	0.00658536	0.00350968	0.003	0.01	177	0	177	177	
3.5	3.75	3	12	4	3	250	93243	250	93243	0.003	0	0.003	0.003	372.972	0.165304	372	373	
3.5	3.75	3	13	1	3	196	44099	193	43424	0.00495855	0.00315045	0.003	0.01	224.995	0.0719816	224	225	
3.5	3.75	3	14	3	3	250	44250	250	44250	0.003	0	0.003	0.003	177	0	177	177	
3.5	3.75	3	15	2	3	250	93243	250	93243	0.003	0	0.003	0.003	372.972	0.165304	372	373	
3.5	3.75	1	16	2	3	247	43719	247	43719	0.00308502	0.000768312	0.003	0.01	177	0	177	177	
3.5	3.75	1	17	1	3	250	93243	250	93243	0.003	0	0.003	0.003	372.972	0.165304	372	373	
3.5	3.75	1	18	5	3	250	113250	250	113250	0.003	0	0.003	0.003	453	0	453	453	
3.5	3.75	1	19	4	3	250	44250	250	44250	0.003	0	0.003	0.003	177	0	177	177	
3.5	3.75	1	20	3	3	250	29248	250	29248	0.003	0	0.003	0.003	116.992	0.0892629	116	117	
3.75	4	4	1	3	3	250	149249	250	149249	0.003	0	0.003	0.003	596.996	0.0632456	596	597	
3.75	4	4	2	5	3	173	30621	175	30975	0.00604	0.0034796	0.003	0.01	177	0	177	177	
3.75	4	4	3	1	3	247	43719	247	43719	0.00308502	0.000768312	0.003	0.01	177	0	177	177	
3.75	4	4	4	4	3	126	22302	127	22479	0.00983464	0.00106729	0.003	0.01	177	0	177	177	
3.75	4	4	5	2	3	248	92497	248	92497	0.00305645	0.000627345	0.003	0.01	372.972	0.165952	372	373	
3.75	4	2	6	5	3	250	29247	250	29247	0.003	0	0.003	0.003	116.988	0.109104	116	117	
3.75	4	2	7	1	3	250	129250	250	129250	0.003	0	0.003	0.003	517	0	517	517	
3.75	4	2	8	3	3	250	56249	250	56249	0.003	0	0.003	0.003	224.996	0.0632456	224	225	
3.75	4	2	9	2	3	250	71250	250	71250	0.003	0	0.003	0.003	285	0	285	285	
3.75	4	2	10	4	3	250	39248	250	39248	0.003	0	0.003	0.003	156.992	0.0892629	156	157	
3.75	4	3	11	5	3	161	28497	161	28497	0.00691304	0.00348639	0.003	0.01	177	0	177	177	
3.75	4	3	12	4	3	250	93244	250	93244	0.003	0	0.003	0.003	372.976	0.153356	372	373	
3.75	4	3	13	1	3	188	42299	190	42749	0.00528421	0.00329072	0.003	0.01	224.995	0.0725476	224	225	
3.75	4	3	14	3	3	250	44250	250	44250	0.003	0	0.003	0.003	177	0	177	177	
3.75	4	3	15	2	3	250	93244	250	93244	0.003	0	0.003	0.003	372.976	0.153356	372	373	
3.75	4	1	16	2	3	250	44250	250	44250	0.003	0	0.003	0.003	177	0	177	177	
3.75	4	1	17	1	3	250	93243	250	93243	0.003	0	0.003	0.003	372.972	0.165304	372	373	
3.75	4	1	18	5	3	250	113250	250	113250	0.003	0	0.003	0.003	453	0	453	453	
3.75	4	1	19	4	3	250	44250	250	44250	0.003	0	0.003	0.003	177	0	177	177	
3.75	4	1	20	3	3	250	29247	250	29247	0.003	0	0.003	0.003	116.988	0.109104	116	117	
4	4.25	4	1	3	3	250	149249	250	149249	0.003	0	0.003	0.003	596.996	0.0632456	596	597	
4	4.25	4	2	5	3	178	31506	178	31506	0.00583146	0.00344525	0.003	0.01	177	0	177	177	
4	4.25	4	3	1	3	248	43896	248	43896	0.00305645	0.000627345	0.003	0.01	177	0	177	177	
4	4.25	4	4	4	3	125	22125	129	22833	0.00978294	0.0012181	0.003	0.01	177	0	177	177	
4	4.25	4	5	2	3	250	93243	250	93243	0.003	0	0.003	0.003	372.972	0.165304	372	373	
4	4.25	2	6	5	3	250	29248	250	29248	0.003	0	0.003	0.003	116.992	0.0892629	116	117	
4	4.25	2	7	1	3	250	129250	250	129250	0.003	0	0.003	0.003	517	0	517	517	
4	4.25	2	8	3	3	250	56248	250	56248	0.003	0	0.003	0.003	224.992	0.0892629	224	225	
4	4.25	2	9	2	3	250	71250	250	71250	0.003	0	0.003	0.003	285	0	285	285	
4	4.25	2	10	4	3	250	39248	250	39248	0.003	0	0.003	0.003	156.992	0.0892629	156	157	
4	4.25	3	11	5	3	162	28674	162	28674	0.00680247	0.00349772	0.003	0.01	177	0	177	177	
4	4.25	3	12	4	3	250	93243	250	93243	0.003	0	0.003	0.003	372.972	0.165304	372	373	
4	4.25	3	13	1	3	193	43424	192	43199	0.00507812	0.00320653	0.003	0.01	224.995	0.0721688	224	225	
4	4.25	3	14	3	3	250	44250	250	44250	0.003	0	0.003	0.003	177	0	177	177	
4	4.25	3	15	2	3	250	93243	250	93243	0.003	0	0.003	0.003	372.972	0.165304	372	373	
4	4.25	1	16	2	3	247	43719	247	43719	0.00308502	0.000768312	0.003	0.01	177	0	177	177	
4	4.25	1	17	1	3	250	93244	250	93244	0.003	0	0.003	0.003	372.976	0.153356	372	373	
4	4.25	1	18	5	3	250	113250	250	113250	0.003	0	0.003	0.003	453	0	453	453	
4	4.25	1	19	4	3	248	43896	248	43896	0.00305645	0.000627345	0.003	0.01	177	0	177	177	
4	4.25	1	20	3	3	249	29131	249	29131	0.00302811	0.000443607	0.003	0.01	116.992	0.0894413	116	117	
4.25	4.5	4	1	3	3	250	149248	250	149248	0.003	0	0.003	0.003	596.992	0.0892629	596	597	
4.25	4.5	4	2	5	3	176	31152	175	30975	0.00596	0.00346801	0.003	0.01	177	0	177	177	
4.25	4.5	4	3	1	3	245	43365	245	43365	0.00314286	0.000991769	0.003	0.01	177	0	177	177	
4.25	4.5	4	4	4	3	126	22302	126	22302	0.00988889	0.000878382	0.003	0.01	177	0	177	177	
4.25	4.5	4	5	2	3	249	92870	249	92870	0.00302811	0.000443607	0.003	0.01	372.972	0.165627	372	373	
4.25	4.5	2	6	5	3	250	29247	250	29247	0.003	0	0.003	0.003	116.988	0.109104	116	117	
4.25	4.5	2	7	1	3	250	129250	250	129250	0.003	0	0.003	0.003	517	0	517	517	
4.25	4.5	2	8	3	3	250	56249	250	56249	0.003	0	0.003	0.003	224.996	0.0632456	224	225	
4.25	4.5	2	9	2	3	250	71250	250	71250	0.003	0	0.003	0.003	285	0	285	285	
4.25	4.5	2	10	4	3	250	39247	250	39247	0.003	0	0.003	0.003	156.988	0.109104	156	157	
4.25	4.5	3	11	5	3	165	29205	166	29382	0.00658434	0.00350957	0.003	0.01	177	0	177	177	
4.25	4.5	3	12	4	3	250	93243	250	93243	0.003	0	0.003	0.003	372.972	0.165304	372	373	
4.25	4.5	3	13	1	3	190	42749	190	42749	0.00521053	0.0032624	0.003	0.01	224.995	0.0725476	224	225	
4.25	4.5	3	14	3	3	250	44250	250	44250	0.003	0	0.003	0.003	177	0	177	177	
4.25	4.5	3	15	2	3	250	93243	250	93243	0.003	0	0.003	0.003	372.972	0.165304	372	373	
4.25	4.5	1	16	2	3	246	43542	246	43542	0.00311382	0.000887126	0.003	0.01	177	0	177	177	
4.25	4.5	1	17	1	3	250	93243	250	93243	0.003	0	0.003	0.003	372.972	0.165304	372	373	
4.25	4.5	1	18	5	3	250	113250	250	113250	0.003	0	0.003	0.003	453	0	453	453	
4.25	4.5	1	19	4	3	249	44073	249	44073	0.00302811	0.000443607	0.003	0.01	177	0	177	177	
4.25	4.5	1	20	3	3	250	29247	250	29247	0.003	0	0.003	0.003	116.988	0.109104	116	117	
4.5	4.75	4	1	3	3	250	149249	250	149249	0.003	0	0.003	0.003	596.996	0.0632456	596	597	
4.5	4.75	4	2	5	3	173	30621	175	30975	0.00608	0.00348468	0.003	0.01	177	0	177	177	
4.5	4.75	4	3	1	3	247	43719	247	43719	0.00308502	0.000768312	0.003	0.01	177	0	177	177	
4.5	4.75	4	4	4	3	129	22833	126	22302	0.00977778	0.00123216	0.003	0.01	177	0	177	177	
4.5	4.75	4	5	2	3	250	93244	250	93244	0.003	0	0.003	0.003	372.976	0.153356	372	373	
4.5	4.75	2	6	5	3	250	29248	250	29248	0.003	0	0.003	0.003	116.992	0.0892629	116	117	
4.5	4.75	2	7	1	3	250	129250	250	129250	0.003	0	0.003	0.003	517	0	517	517	
4.5	4.75	2	8	3	3	250	56248	250	56248	0.003	0	0.003	0.003	224.992	0.0892629	224	225	
4.5	4.75	2	9	2	3	250	71250	250	71250	0.003	0	0.003	0.003	285	0	285	285	
4.5	4.75	2	10	4	3	250	39248	250	39248	0.003	0	0.003	0.003	156.992	0.0892629	156	157	
4.5	4.75	3	11	5	3	163	28851	164	29028	0.00667073	0.00350654	0.003	0.01	177	0	177	177	
4.5	4.75	3	12	4	3	250	93243	250	93243	0.003	0	0.003	0.003	372.972	0.165304	372	373	
4.5	4.75	3	13	1	3	197	44323	197	44323	0.00484771	0.0030933	0.003	0.01	224.99	0.100501	224	225	
4.5	4.75	3	14	3	3	250	44250	250	44250	0.003	0	0.003	0.003	177	0	177	177	
4.5	4.75	3	15	2	3	250	93243	250	93243	0.003	0	0.003	0.003	372.972	0.165304	372	373	
4.5	4.75	1	16	2	3	247	43719	247	43719	0.00308502	0.000768312	0.003	0.01	177	0	177	177	
4.5	4.75	1	17	1	3	250	93243	250	93243	0.003	0	0.003	0.003	372.972	0.165304	372	373	
4.5	4.75	1	18	5	3	250	113250	250	113250	0.003	0	0.003	0.003	453	0	453	453	
4.5	4.75	1	19	4	3	250	44250	250	44250	0.003	0	0.003	0.003	177	0	177	177	
4.5	4.75	1	20	3	3	250	29248	250	29248	0.003	0	0.003	0.003	116.992	0.0892629	116	117	
4.75	5	4	1	3	3	250	149249	250	149249	0.003	0	0.003	0.003	596.996	0.0632456	596	597	
4.75	5	4	2	5	3	175	30975	173	30621	0.00599422	0.00347332	0.003	0.01	177	0	177	177	
4.75	5	4	3	1	3	248	43896	248	43896	0.00305645	0.000627345	0.003	0.01	177	0	177	177	
4.75	5	4	4	4	3	126	22302	125	22125	0.009832	0.00107565	0.003	0.01	177	0	177	177	
4.75	5	4	5	2	3	249	92870	249	92870	0.00302811	0.000443607	0.003	0.01	372.972	0.165627	372	373	
4.75	5	2	6	5	3	250	29247	250	29247	0.003	0	0.003	0.003	116.988	0.109104	116	117	
4.75	5	2	7	1	3	250	129250	250	129250	0.003	0	0.003	0.003	517	0	517	517	
4.75	5	2	8	3	3	250	56248	250	56249	0.003	0	0.003	0.003	224.996	0.0632456	224	225	
4.75	5	2	9	2	3	250	71250	250	71250	0.003	0	0.003	0.003	285	0	285	285	
4.75	5	2	10	4	3	250	39248	250	39248	0.003	0	0.003	0.003	156.992	0.0892629	156	157	
4.75	5	3	11	5	3	171	30267	169	29913	0.00627219	0.00350296	0.003	0.01	177	0	177	177	
4.75	5	3	12	4	3	249	92871	249	92871	0.00302811	0.000443607	0.003	0.01	372.976	0.153657	372	373	
4.75	5	3	13	1	3	201	45224	201	45224	0.00474129	0.0030336	0.003	0.01	224.995	0.0705346	224	225	
4.75	5	3	14	3	3	250	44250	250	44250	0.003	0	0.003	0.003	177	0	177	177	
4.75	5	3	15	2	3	250	93243	250	93244	0.003	0	0.003	0.003	372.976	0.153356	372	373	
4.75	5	1	16	2	3	249	44073	249	44073	0.00302811	0.000443607	0.003	0.01	177	0	177	177	
4.75	5	1	17	1	3	250	93243	250	93243	0.003	0	0.003	0.003	372.972	0.165304	372	373	
4.75	5	1	18	5	3	250	113250	250	113250	0.003	0	0.003	0.003	453	0	453	453	
4.75	5	1	19	4	3	250	44250	250	44250	0.003	0	0.003	0.003	177	0	177	177	
4.75	5	1	20	3	3	249	29130	249	29130	0.00302811	0.000443607	0.003	0.01	116.988	0.109321	116	117	
5	5.25	4	1	3	3	250	149249	250	149249	0.003	0	0.003	0.003	596.996	0.0632456	596	597	
5	5.25	4	2	5	3	180	31860	180	31860	0.00576111	0.00343066	0.003	0.01	177	0	177	177	
5	5.25	4	3	1	3	246	43542	246	43542	0.00311382	0.000887126	0.003	0.01	177	0	177	177	
5	5.25	4	4	4	3	127	22479	129	22833	0.00978294	0.0012181	0.003	0.01	177	0	177	177	
5	5.25	4	5	2	3	250	93243	250	93243	0.003	0	0.003	0.003	372.972	0.165304	372	373	
5	5.25	2	6	5	3	250	29248	250	29248	0.003	0	0.003	0.003	116.992	0.0892629	116	117	
5	5.25	2	7	1	3	250	129250	250	129250	0.003	0	0.003	0.003	517	0	517	517	
5	5.25	2	8	3	3	250	56249	250	56248	0.003	0	0.003	0.003	224.992	0.0892629	224	225	
5	5.25	2	9	2	3	250	71250	250	71250	0.003	0	0.003	0.003	285	0	285	285	
5	5.25	2	10	4	3	250	39248	250	39248	0.003	0	0.003	0.003	156.992	0.0892629	156	157	
5	5.25	3	11	5	3	165	29205	164	29028	0.00667073	0.00350654	0.003	0.01	177	0	177	177	
5	5.25	3	12	4	3	250	93243	250	93243	0.003	0	0.003	0.003	372.972	0.165304	372	373	
5	5.25	3	13	1	3	197	44324	198	44549	0.00487374	0.00310709	0.003	0.01	224.995	0.0710669	224	225	
5	5.25	3	14	3	3	250	44250	250	44250	0.003	0	0.003	0.003	177	0	177	177	
5	5.25	3	15	2	3	250	93244	250	93243	0.003	0	0.003	0.003	372.972	0.165304	372	373	
5	5.25	1	16	2	3	244	43188	244	43188	0.00317213	0.00108634	0.003	0.01	177	0	177	177	
5	5.25	1	17	1	3	250	93244	250	93244	0.003	0	0.003	0.003	372.976	0.153356	372	373	
5	5.25	1	18	5	3	250	113250	250	113250	0.003	0	0.003	0.003	453	0	453	453	
5	5.25	1	19	4	3	250	44250	250	44250	0.003	0	0.003	0.003	177	0	177	177	
5	5.25	1	20	3	3	250	29248	250	29248	0.003	0	0.003	0.003	116.992	0.0892629	116	117	
5.25	5.5	4	1	3	3	250	149248	250	149248	0.003	0	0.003	0.003	596.992	0.0892629	596	597	
5.25	5.5	4	2	5	3	186	32922	185	32745	0.00542162	0.00333877	0.003	0.01	177	0	177	177	
5.25	5.5	4	3	1	3	249	44073	249	44073	0.00302811	0.000443607	0.003	0.01	177	0	177	177	
5.25	5.5	4	4	4	3	126	22302	126	22302	0.00977778	0.00123216	0.003	0.01	177	0	177	177	
5.25	5.5	4	5	2	3	248	92497	248	92497	0.00305645	0.000627345	0.003	0.01	372.972	0.165952	372	373	
5.25	5.5	2	6	5	3	250	29247	250	29247	0.003	0	0.003	0.003	116.988	0.109104	116	117	
5.25	5.5	2	7	1	3	250	129250	250	129250	0.003	0	0.003	0.003	517	0	517	517	
5.25	5.5	2	8	3	3	250	56248	250	56248	0.003	0	0.003	0.003	224.992	0.0892629	224	225	
5.25	5.5	2	9	2	3	250	71250	250	71250	0.003	0	0.003	0.003	285	0	285	285	
5.25	5.5	2	10	4	3	250	39247	250	39247	0.003	0	0.003	0.003	156.988	0.109104	156	157	
5.25	5.5	3	11	5	3	163	28851	164	29028	0.00667073	0.00350654	0.003	0.01	177	0	177	177	
5.25	5.5	3	12	4	3	250	93243	250	93243	0.003	0	0.003	0.003	372.972	0.165304	372	373	
5.25	5.5	3	13	1	3	198	44549	199	44774	0.00479397	0.00306376	0.003	0.01	224.995	0.0708881	224	225	
5.25	5.5	3	14	3	3	250	44250	250	44250	0.003	0	0.003	0.003	177	0	177	177	
5.25	5.5	3	15	2	3	250	93243	250	93243	0.003	0	0.003	0.003	372.972	0.165304	372	373	
5.25	5.5	1	16	2	3	245	43365	245	43365	0.00314286	0.000991769	0.003	0.01	177	0	177	177	
5.25	5.5	1	17	1	3	250	93243	250	93243	0.003	0	0.003	0.003	372.972	0.165304	372	373	
5.25	5.5	1	18	5	3	250	113250	250	113250	0.003	0	0.003	0.003	453	0	453	453	
5.25	5.5	1	19	4	3	250	44250	250	44250	0.003	0	0.003	0.003	177	0	177	177	
5.25	5.5	1	20	3	3	250	29247	250	29247	0.003	0	0.003	0.003	116.988	0.109104	116	117	
5.5	5.75	4	1	3	3	250	149249	250	149249	0.003	0	0.003	0.003	596.996	0.0632456	596	597	
5.5	5.75	4	2	5	3	176	31152	179	31683	0.00589385	0.00345678	0.003	0.01	177	0	177	177	
5.5	5.75	4	3	1	3	245	43365	245	43365	0.00314286	0.000991769	0.003	0.01	177	0	177	177	
5.5	5.75	4	4	4	3	128	22656	126	22302	0.00977778	0.00123216	0.003	0.01	177	0	177	177	
5.5	5.75	4	5	2	3	248	92498	248	92498	0.00305645	0.000627345	0.003	0.01	372.976	0.15396	372	373	
5.5	5.75	2	6	5	3	250	29248	250	29248	0.003	0	0.003	0.003	116.992	0.0892629	116	117	
5.5	5.75	2	7	1	3	250	129250	250	129250	0.003	0	0.003	0.003	517	0	517	517	
5.5	5.75	2	8	3	3	250	56249	250	56249	0.003	0	0.003	0.003	224.996	0.0632456	224	225	
5.5	5.75	2	9	2	3	250	71250	250	71250	0.003	0	0.003	0.003	285	0	285	285	
5.5	5.75	2	10	4	3	250	39248	250	39248	0.003	0	0.003	0.003	156.992	0.0892629	156	157	
5.5	5.75	3	11	5	3	162	28674	162	28674	0.00680247	0.00349772	0.003	0.01	177	0	177	177	
5.5	5.75	3	12	4	3	250	93243	250	93243	0.003	0	0.003	0.003	372.972	0.165304	372	373	
5.5	5.75	3	13	1	3	199	44773	199	44773	0.00479397	0.00306376	0.003	0.01	224.99	0.0999975	224	225	
5.5	5.75	3	14	3	3	250	44250	250	44250	0.003	0	0.003	0.003	177	0	177	177	
5.5	5.75	3	15	2	3	250	93243	250	93243	0.003	0	0.003	0.003	372.972	0.165304	372	373	
5.5	5.75	1	16	2	3	250	44250	250	44250	0.003	0	0.003	0.003	177	0	177	177	
5.5	5.75	1	17	1	3	250	93243	250	93243	0.003	0	0.003	0.003	372.972	0.165304	372	373	
5.5	5.75	1	18	5	3	250	113250	250	113250	0.003	0	0.003	0.003	453	0	453	453	
5.5	5.75	1	19	4	3	249	44073	249	44073	0.00302811	0.000443607	0.003	0.01	177	0	177	177	
5.5	5.75	1	20	3	3	250	29248	250	29248	0.003	0	0.003	0.003	116.992	0.0892629	116	117	
5.75	6	4	1	3	3	250	149249	250	149249	0.003	0	0.003	0.003	596.996	0.0632456	596	597	
5.75	6	4	2	5	3	175	30975	175	30975	0.00604	0.0034796	0.003	0.01	177	0	177	177	
5.75	6	4	3	1	3	245	43365	245	43365	0.00314286	0.000991769	0.003	0.01	177	0	177	177	
5.75	6	4	4	4	3	129	22833	132	23364	0.00952273	0.00177113	0.003	0.01	177	0	177	177	
5.75	6	4	5	2	3	250	93243	250	93243	0.003	0	0.003	0.003	372.972	0.165304	372	373	
5.75	6	2	6	5	3	250	29247	250	29247	0.003	0	0.003	0.003	116.988	0.109104	116	117	
5.75	6	2	7	1	3	250	129250	250	129250	0.003	0	0.003	0.003	517	0	517	517	
5.75	6	2	8	3	3	250	56248	250	56248	0.003	0	0.003	0.003	224.992	0.0892629	224	225	
5.75	6	2	9	2	3	250	71250	250	71250	0.003	0	0.003	0.003	285	0	285	285	
5.75	6	2	10	4	3	250	39248	250	39248	0.003	0	0.003	0.003	156.992	0.0892629	156	157	
5.75	6	3	11	5	3	170	30090	170	30090	0.00633529	0.00350645	0.003	0.01	177	0	177	177	
5.75	6	3	12	4	3	250	93244	250	93244	0.003	0	0.003	0.003	372.976	0.153356	372	373	
5.75	6	3	13	1	3	195	43874	195	43874	0.00497436	0.0031581	0.003	0.01	224.995	0.0716115	224	225	
5.75	6	3	14	3	3	250	44250	250	44250	0.003	0	0.003	0.003	177	0	177	177	
5.75	6	3	15	2	3	250	93243	250	93244	0.003	0	0.003	0.003	372.976	0.153356	372	373	
5.75	6	1	16	2	3	248	43896	248	43896	0.00305645	0.000627345	0.003	0.01	177	0	177	177	
5.75	6	1	17	1	3	250	93243	250	93243	0.003	0	0.003	0.003	372.972	0.165304	372	373	
5.75	6	1	18	5	3	249	112797	249	112797	0.00302811	0.000443607	0.003	0.01	453	0	453	453	
5.75	6	1	19	4	3	250	44250	250	44250	0.003	0	0.003	0.003	177	0	177	177	
5.75	6	1	20	3	3	250	29247	250	29247	0.003	0	0.003	0.003	116.988	0.109104	116	117	
6	6.25	4	1	3	3	250	149248	250	149248	0.003	0	0.003	0.003	596.992	0.0892629	596	597	
6	6.25	4	2	5	3	179	31683	178	31506	0.00575281	0.00342896	0.003	0.01	177	0	177	177	
6	6.25	4	3	1	3	245	43365	245	43365	0.00314286	0.000991769	0.003	0.01	177	0	177	177	
6	6.25	4	4	4	3	125	22125	126	22302	0.00988889	0.000878382	0.003	0.01	177	0	177	177	
6	6.25	4	5	2	3	248	92497	248	92497	0.00305645	0.000627345	0.003	0.01	372.972	0.165952	372	373	
6	6.25	2	6	5	3	250	29248	250	29248	0.003	0	0.003	0.003	116.992	0.0892629	116	117	
6	6.25	2	7	1	3	250	129250	250	129250	0.003	0	0.003	0.003	517	0	517	517	
6	6.25	2	8	3	3	250	56249	250	56249	0.003	0	0.003	0.003	224.996	0.0632456	224	225	
6	6.25	2	9	2	3	250	71250	250	71250	0.003	0	0.003	0.003	285	0	285	285	
6	6.25	2	10	4	3	250	39247	250	39247	0.003	0	0.003	0.003	156.988	0.109104	156	157	
6	6.25	3	11	5	3	168	29736	169	29913	0.00631361	0.00350542	0.003	0.01	177	0	177	177	
6	6.25	3	12	4	3	250	93243	250	93243	0.003	0	0.003	0.003	372.972	0.165304	372	373	
6	6.25	3	13	1	3	198	44549	196	44099	0.00489286	0.00311716	0.003	0.01	224.995	0.0714286	224	225	
6	6.25	3	14	3	3	250	44250	250	44250	0.003	0	0.003	0.003	177	0	177	177	
6	6.25	3	15	2	3	250	93244	250	93243	0.003	0	0.003	0.003	372.972	0.165304	372	373	
6	6.25	1	16	2	3	246	43542	246	43542	0.00311382	0.000887126	0.003	0.01	177	0	177	177	
6	6.25	1	17	1	3	250	93244	250	93244	0.003	0	0.003	0.003	372.976	0.153356	372	373	
6	6.25	1	18	5	3	250	113250	250	113250	0.003	0	0.003	0.003	453	0	453	453	
6	6.25	1	19	4	3	249	44073	249	44073	0.00302811	0.000443607	0.003	0.01	177	0	177	177	
6	6.25	1	20	3	3	250	29248	250	29248	0.003	0	0.003	0.003	116.992	0.0892629	116	117	
6.25	6.5	4	1	3	3	250	149249	250	149249	0.003	0	0.003	0.003	596.996	0.0632456	596	597	
6.25	6.5	4	2	5	3	176	31152	175	30975	0.006	0.00347404	0.003	0.01	177	0	177	177	
6.25	6.5	4	3	1	3	246	43542	246	43542	0.00311382	0.000887126	0.003	0.01	177	0	177	177	
6.25	6.5	4	4	4	3	126	22302	124	21948	0.00994355	0.000628619	0.003	0.01	177	0	177	177	
6.25	6.5	4	5	2	3	250	93243	250	93244	0.003	0	0.003	0.003	372.976	0.153356	372	373	
6.25	6.5	2	6	5	3	250	29247	250	29247	0.003	0	0.003	0.003	116.988	0.109104	116	117	
6.25	6.5	2	7	1	3	250	129250	250	129250	0.003	0	0.003	0.003	517	0	517	517	
6.25	6.5	2	8	3	3	250	56248	250	56248	0.003	0	0.003	0.003	224.992	0.0892629	224	225	
6.25	6.5	2	9	2	3	250	71250	250	71250	0.003	0	0.003	0.003	285	0	285	285	
6.25	6.5	2	10	4	3	250	39248	250	39248	0.003	0	0.003	0.003	156.992	0.0892629	156	157	
6.25	6.5	3	11	5	3	165	29205	165	29205	0.00664848	0.00350749	0.003	0.01	177	0	177	177	
6.25	6.5	3	12	4	3	250	93243	250	93243	0.003	0	0.003	0.003	372.972	0.165304	372	373	
6.25	6.5	3	13	1	3	193	43424	194	43649	0.0050567	0.00319681	0.003	0.01	224.995	0.0717958	224	225	
6.25	6.5	3	14	3	3	250	44250	250	44250	0.003	0	0.003	0.003	177	0	177	177	
6.25	6.5	3	15	2	3	250	93243	250	93243	0.003	0	0.003	0.003	372.972	0.165304	372	373	
6.25	6.5	1	16	2	3	249	44073	249	44073	0.00302811	0.000443607	0.003	0.01	177	0	177	177	
6.25	6.5	1	17	1	3	250	93243	250	93243	0.003	0	0.003	0.003	372.972	0.165304	372	373	
6.25	6.5	1	18	5	3	250	113250	250	113250	0.003	0	0.003	0.003	453	0	453	453	
6.25	6.5	1	19	4	3	250	44250	250	44250	0.003	0	0.003	0.003	177	0	177	177	
6.25	6.5	1	20	3	3	250	29247	250	29247	0.003	0	0.003	0.003	116.988	0.109104	116	117	
6.5	6.75	4	1	3	3	250	149249	250	149249	0.003	0	0.003	0.003	596.996	0.0632456	596	597	
6.5	6.75	4	2	5	3	180	31860	181	32037	0.00570718	0.00341848	0.003	0.01	177	0	177	177	
6.5	6.75	4	3	1	3	249	44073	249	44073	0.00302811	0.000443607	0.003	0.01	177	0	177	177	
6.5	6.75	4	4	4	3	128	22656	126	22302	0.00988889	0.000878382	0.003	0.01	177	0	177	177	
6.5	6.75	4	5	2	3	250	93244	250	93243	0.003	0	0.003	0.003	372.972	0.165304	372	373	
6.5	6.75	2	6	5	3	250	29248	250	29248	0.003	0	0.003	0.003	116.992	0.0892629	116	117	
6.5	6.75	2	7	1	3	250	129250	250	129250	0.003	0	0.003	0.003	517	0	517	517	
6.5	6.75	2	8	3	3	250	56249	250	56249	0.003	0	0.003	0.003	224.996	0.0632456	224	225	
6.5	6.75	2	9	2	3	250	71250	250	71250	0.003	0	0.003	0.003	285	0	285	285	
6.5	6.75	2	10	4	3	250	39248	250	39248	0.003	0	0.003	0.003	156.992	0.0892629	156	157	
6.5	6.75	3	11	5	3	169	29913	167	29559	0.00643712	0.00350996	0.003	0.01	177	0	177	177	
6.5	6.75	3	12	4	3	250	93243	250	93243	0.003	0	0.003	0.003	372.972	0.165304	372	373	
6.5	6.75	3	13	1	3	196	44099	196	44099	0.00489286	0.00311716	0.003	0.01	224.995	0.0714286	224	225	
6.5	6.75	3	14	3	3	250	44250	250	44250	0.003	0	0.003	0.003	177	0	177	177	
6.5	6.75	3	15	2	3	250	93243	250	93243	0.003	0	0.003	0.003	372.972	0.165304	372	373	
6.5	6.75	1	16	2	3	245	43365	245	43365	0.00314286	0.000991769	0.003	0.01	177	0	177	177	
6.5	6.75	1	17	1	3	250	93243	250	93243	0.003	0	0.003	0.003	372.972	0.165304	372	373	
6.5	6.75	1	18	5	3	250	113250	250	113250	0.003	0	0.003	0.003	453	0	453	453	
6.5	6.75	1	19	4	3	250	44250	250	44250	0.003	0	0.003	0.003	177	0	177	177	
6.5	6.75	1	20	3	3	250	29248	250	29248	0.003	0	0.003	0.003	116.992	0.0892629	116	117	
6.75	7	4	1	3	3	250	149249	250	149249	0.003	0	0.003	0.003	596.996	0.0632456	596	597	
6.75	7	4	2	5	3	181	32037	179	31683	0.00565922	0.00340704	0.003	0.01	177	0	177	177	
6.75	7	4	3	1	3	245	43365	245	43365	0.00314286	0.000991769	0.003	0.01	177	0	177	177	
6.75	7	4	4	4	3	127	22479	128	22656	0.00967187	0.00148541	0.003	0.01	177	0	177	177	
6.75	7	4	5	2	3	248	92497	248	92497	0.00305645	0.000627345	0.003	0.01	372.972	0.165952	372	373	
6.75	7	2	6	5	3	250	29247	250	29247	0.003	0	0.003	0.003	116.988	0.109104	116	117	
6.75	7	2	7	1	3	250	129250	250	129250	0.003	0	0.003	0.003	517	0	517	517	
6.75	7	2	8	3	3	250	56248	250	56248	0.003	0	0.003	0.003	224.992	0.0892629	224	225	
6.75	7	2	9	2	3	250	71250	250	71250	0.003	0	0.003	0.003	285	0	285	285	
6.75	7	2	10	4	3	250	39248	250	39248	0.003	0	0.003	0.003	156.992	0.0892629	156	157	
6.75	7	3	11	5	3	170	30090	171	30267	0.00623392	0.00350012	0.003	0.01	177	0	177	177	
6.75	7	3	12	4	3	250	93244	250	93244	0.003	0	0.003	0.003	372.976	0.153356	372	373	
6.75	7	3	13	1	3	197	44323	196	44098	0.00492857	0.00313541	0.003	0.01	224.99	0.100756	224	225	
6.75	7	3	14	3	3	250	44250	250	44250	0.003	0	0.003	0.003	177	0	177	177	
6.75	7	3	15	2	3	250	93243	250	93243	0.003	0	0.003	0.003	372.972	0.165304	372	373	
6.75	7	1	16	2	3	245	43365	245	43365	0.00314286	0.000991769	0.003	0.01	177	0	177	177	
6.75	7	1	17	1	3	250	93243	250	93243	0.003	0	0.003	0.003	372.972	0.165304	372	373	
6.75	7	1	18	5	3	250	113250	250	113250	0.003	0	0.003	0.003	453	0	453	453	
6.75	7	1	19	4	3	249	44073	249	44073	0.00302811	0.000443607	0.003	0.01	177	0	177	177	
6.75	7	1	20	3	3	250	29247	250	29247	0.003	0	0.003	0.003	116.988	0.109104	116	117	
7	7.25	4	1	3	3	250	149248	250	149248	0.003	0	0.003	0.003	596.992	0.0892629	596	597	
7	7.25	4	2	5	3	178	31506	179	31683	0.00585475	0.00344966	0.003	0.01	177	0	177	177	
7	7.25	4	3	1	3	244	43188	244	43188	0.00317213	0.00108634	0.003	0.01	177	0	177	177	
7	7.25	4	4	4	3	128	22656	128	22656	0.00961719	0.00159784	0.003	0.01	177	0	177	177	
7	7.25	4	5	2	3	249	92870	249	92870	0.00302811	0.000443607	0.003	0.01	372.972	0.165627	372	373	
7	7.25	2	6	5	3	250	29248	250	29248	0.003	0	0.003	0.003	116.992	0.0892629	116	117	
7	7.25	2	7	1	3	250	129250	250	129250	0.003	0	0.003	0.003	517	0	517	517	
7	7.25	2	8	3	3	250	56249	250	56249	0.003	0	0.003	0.003	224.996	0.0632456	224	225	
7	7.25	2	9	2	3	250	71250	250	71250	0.003	0	0.003	0.003	285	0	285	285	
7	7.25	2	10	4	3	250	39247	250	39247	0.003	0	0.003	0.003	156.988	0.109104	156	157	
7	7.25	3	11	5	3	169	29913	169	29913	0.00639645	0.00350886	0.003	0.01	177	0	177	177	
7	7.25	3	12	4	3	250	93243	250	93243	0.003	0	0.003	0.003	372.972	0.165304	372	373	
7	7.25	3	13	1	3	195	43874	196	44099	0.00492857	0.00313541	0.003	0.01	224.995	0.0714286	224	225	
7	7.25	3	14	3	3	250	44250	250	44250	0.003	0	0.003	0.003	177	0	177	177	
7	7.25	3	15	2	3	250	93244	250	93244	0.003	0	0.003	0.003	372.976	0.153356	372	373	
7	7.25	1	16	2	3	248	43896	248	43896	0.00305645	0.000627345	0.003	0.01	177	0	177	177	
7	7.25	1	17	1	3	250	93244	250	93244	0.003	0	0.003	0.003	372.976	0.153356	372	373	
7	7.25	1	18	5	3	250	113250	250	113250	0.003	0	0.003	0.003	453	0	453	453	
7	7.25	1	19	4	3	250	44250	250	44250	0.003	0	0.003	0.003	177	0	177	177	
7	7.25	1	20	3	3	250	29248	250	29248	0.003	0	0.003	0.003	116.992	0.0892629	116	117	
7.25	7.5	4	1	3	3	250	149249	250	149249	0.003	0	0.003	0.003	596.996	0.0632456	596	597	
7.25	7.5	4	2	5	3	178	31506	178	31506	0.00579213	0.00343734	0.003	0.01	177	0	177	177	
7.25	7.5	4	3	1	3	246	43542	246	43542	0.00311382	0.000887126	0.003	0.01	177	0	177	177	
7.25	7.5	4	4	4	3	127	22479	128	22656	0.00983594	0.00106318	0.003	0.01	177	0	177	177	
7.25	7.5	4	5	2	3	250	93244	250	93244	0.003	0	0.003	0.003	372.976	0.153356	372	373	
7.25	7.5	2	6	5	3	250	29247	250	29247	0.003	0	0.003	0.003	116.988	0.109104	116	117	
7.25	7.5	2	7	1	3	250	129250	250	129250	0.003	0	0.003	0.003	517	0	517	517	
7.25	7.5	2	8	3	3	250	56248	250	56248	0.003	0	0.003	0.003	224.992	0.0892629	224	225	
7.25	7.5	2	9	2	3	250	71250	250	71250	0.003	0	0.003	0.003	285	0	285	285	
7.25	7.5	2	10	4	3	250	39248	250	39248	0.003	0	0.003	0.003	156.992	0.0892629	156	157	
7.25	7.5	3	11	5	3	172	30444	172	30444	0.00613372	0.00349094	0.003	0.01	177	0	177	177	
7.25	7.5	3	12	4	3	250	93243	250	93243	0.003	0	0.003	0.003	372.972	0.165304	372	373	
7.25	7.5	3	13	1	3	201	45224	201	45224	0.00474129	0.0030336	0.003	0.01	224.995	0.0705346	224	225	
7.25	7.5	3	14	3	3	250	44250	250	44250	0.003	0	0.003	0.003	177	0	177	177	
7.25	7.5	3	15	2	3	250	93243	250	93243	0.003	0	0.003	0.003	372.972	0.165304	372	373	
7.25	7.5	1	16	2	3	249	44073	249	44073	0.00302811	0.000443607	0.003	0.01	177	0	177	177	
7.25	7.5	1	17	1	3	250	93243	250	93243	0.003	0	0.003	0.003	372.972	0.165304	372	373	
7.25	7.5	1	18	5	3	250	113250	250	113250	0.003	0	0.003	0.003	453	0	453	453	
7.25	7.5	1	19	4	3	250	44250	250	44250	0.003	0	0.003	0.003	177	0	177	177	
7.25	7.5	1	20	3	3	250	29247	250	29247	0.003	0	0.003	0.003	116.988	0.109104	116	117	
7.5	7.75	4	1	3	3	250	149249	250	149249	0.003	0	0.003	0.003	596.996	0.0632456	596	597	
7.5	7.75	4	2	5	3	173	30621	175	30975	0.00608	0.00348468	0.003	0.01	177	0	177	177	
7.5	7.75	4	3	1	3	247	43719	247	43719	0.00305668	0.000628608	0.003	0.01	177	0	177	177	
7.5	7.75	4	4	4	3	129	22833	126	22302	0.00972222	0.00137194	0.003	0.01	177	0	177	177	
7.5	7.75	4	5	2	3	247	92124	246	91751	0.00308536	0.000769859	0.003	0.01	372.972	0.166609	372	373	
7.5	7.75	2	6	5	3	250	29248	250	29248	0.003	0	0.003	0.003	116.992	0.0892629	116	117	
7.5	7.75	2	7	1	3	250	129250	250	129250	0.003	0	0.003	0.003	517	0	517	517	
7.5	7.75	2	8	3	3	250	56248	250	56248	0.003	0	0.003	0.003	224.992	0.0892629	224	225	
7.5	7.75	2	9	2	3	250	71250	250	71250	0.003	0	0.003	0.003	285	0	285	285	
7.5	7.75	2	10	4	3	250	39248	250	39248	0.003	0	0.003	0.003	156.992	0.0892629	156	157	
7.5	7.75	3	11	5	3	167	29559	167	29559	0.00647904	0.00351046	0.003	0.01	177	0	177	177	
7.5	7.75	3	12	4	3	248	92497	248	92497	0.00305645	0.000627345	0.003	0.01	372.972	0.165952	372	373	
7.5	7.75	3	13	1	3	195	43874	196	44099	0.00496428	0.00315314	0.003	0.01	224.995	0.0714286	224	225	
7.5	7.75	3	14	3	3	250	44250	250	44250	0.003	0	0.003	0.003	177	0	177	177	
7.5	7.75	3	15	2	3	250	93243	250	93243	0.003	0	0.003	0.003	372.972	0.165304	372	373	
7.5	7.75	1	16	2	3	246	43542	245	43365	0.00311428	0.000888912	0.003	0.01	177	0	177	177	
7.5	7.75	1	17	1	3	250	93243	250	93243	0.003	0	0.003	0.003	372.972	0.165304	372	373	
7.5	7.75	1	18	5	3	250	113250	250	113250	0.003	0	0.003	0.003	453	0	453	453	
7.5	7.75	1	19	4	3	250	44250	250	44250	0.003	0	0.003	0.003	177	0	177	177	
7.5	7.75	1	20	3	3	250	29248	250	29248	0.003	0	0.003	0.003	116.992	0.0892629	116	117	
7.75	8	4	1	3	3	250	149249	250	149249	0.003	0	0.003	0.003	596.996	0.0632456	596	597	
7.75	8	4	2	5	3	178	31506	176	31152	0.00586364	0.00345148	0.003	0.01	177	0	177	177	
7.75	8	4	3	1	3	248	43896	248	43896	0.00308468	0.000766774	0.003	0.01	177	0	177	177	
7.75	8	4	4	4	3	126	22302	130	23010	0.00956923	0.00168872	0.003	0.01	177	0	177	177	
7.75	8	4	5	2	3	248	92497	249	92870	0.00305622	0.000626089	0.003	0.01	372.972	0.165627	372	373	
7.75	8	2	6	5	3	250	29247	250	29248	0.003	0	0.003	0.003	116.992	0.0892629	116	117	
7.75	8	2	7	1	3	250	129250	250	129250	0.003	0	0.003	0.003	517	0	517	517	
7.75	8	2	8	3	3	250	56249	250	56249	0.003	0	0.003	0.003	224.996	0.0632456	224	225	
7.75	8	2	9	2	3	250	71250	250	71250	0.003	0	0.003	0.003	285	0	285	285	
7.75	8	2	10	4	3	250	39247	250	39247	0.003	0	0.003	0.003	156.988	0.109104	156	157	
7.75	8	3	11	5	3	165	29205	165	29205	0.00656364	0.00351007	0.003	0.01	177	0	177	177	
7.75	8	3	12	4	3	248	92498	248	92498	0.00305645	0.000627345	0.003	0.01	372.976	0.15396	372	373	
7.75	8	3	13	1	3	199	44773	198	44548	0.00476768	0.00304894	0.003	0.01	224.99	0.100248	224	225	
7.75	8	3	14	3	3	250	44250	250	44250	0.003	0	0.003	0.003	177	0	177	177	
7.75	8	3	15	2	3	250	93243	250	93243	0.003	0	0.003	0.003	372.972	0.165304	372	373	
7.75	8	1	16	2	3	243	43011	244	43188	0.00320082	0.00117091	0.003	0.01	177	0	177	177	
7.75	8	1	17	1	3	250	93243	250	93243	0.003	0	0.003	0.003	372.972	0.165304	372	373	
7.75	8	1	18	5	3	250	113250	250	113250	0.003	0	0.003	0.003	453	0	453	453	
7.75	8	1	19	4	3	250	44250	250	44250	0.003	0	0.003	0.003	177	0	177	177	
7.75	8	1	20	3	3	249	29131	249	29131	0.00302811	0.000443607	0.003	0.01	116.992	0.0894413	116	117	
8	8.25	4	1	3	3	250	149248	250	149248	0.003	0	0.003	0.003	596.992	0.0892629	596	597	
8	8.25	4	2	5	3	179	31683	180	31860	0.0058	0.00343885	0.003	0.01	177	0	177	177	
8	8.25	4	3	1	3	245	43365	245	43365	0.00314286	0.000991769	0.003	0.01	177	0	177	177	
8	8.25	4	4	4	3	128	22656	126	22302	0.00988889	0.000878382	0.003	0.01	177	0	177	177	
8	8.25	4	5	2	3	248	92497	248	92498	0.00305645	0.000627345	0.003	0.01	372.976	0.15396	372	373	
8	8.25	2	6	5	3	250	29248	250	29247	0.003	0	0.003	0.003	116.988	0.109104	116	117	
8	8.25	2	7	1	3	250	129250	250	129250	0.003	0	0.003	0.003	517	0	517	517	
8	8.25	2	8	3	3	250	56248	250	56248	0.003	0	0.003	0.003	224.992	0.0892629	224	225	
8	8.25	2	9	2	3	250	71250	250	71250	0.003	0	0.003	0.003	285	0	285	285	
8	8.25	2	10	4	3	250	39248	250	39248	0.003	0	0.003	0.003	156.992	0.0892629	156	157	
8	8.25	3	11	5	3	164	29028	164	29028	0.00671341	0.00350419	0.003	0.01	177	0	177	177	
8	8.25	3	12	4	3	250	93243	250	93243	0.003	0	0.003	0.003	372.972	0.165304	372	373	
8	8.25	3	13	1	3	187	42074	188	42299	0.00530851	0.00329974	0.003	0.01	224.995	0.0729325	224	225	
8	8.25	3	14	3	3	250	44250	250	44250	0.003	0	0.003	0.003	177	0	177	177	
8	8.25	3	15	2	3	250	93244	250	93244	0.003	0	0.003	0.003	372.976	0.153356	372	373	
8	8.25	1	16	2	3	247	43719	247	43719	0.00308502	0.000768312	0.003	0.01	177	0	177	177	
8	8.25	1	17	1	3	250	93243	250	93244	0.003	0	0.003	0.003	372.976	0.153356	372	373	
8	8.25	1	18	5	3	250	113250	250	113250	0.003	0	0.003	0.003	453	0	453	453	
8	8.25	1	19	4	3	250	44250	250	44250	0.003	0	0.003	0.003	177	0	177	177	
8	8.25	1	20	3	3	249	29130	249	29130	0.00302811	0.000443607	0.003	0.01	116.988	0.109321	116	117	
8.25	8.5	4	1	3	3	250	149249	250	149249	0.003	0	0.003	0.003	596.996	0.0632456	596	597	
8.25	8.5	4	2	5	3	182	32214	181	32037	0.00562983	0.00339951	0.003	0.01	177	0	177	177	
8.25	8.5	4	3	1	3	245	43365	245	43365	0.00314286	0.000991769	0.003	0.01	177	0	177	177	
8.25	8.5	4	4	4	3	126	22302	126	22302	0.00977778	0.00123216	0.003	0.01	177	0	177	177	
8.25	8.5	4	5	2	3	249	92871	249	92870	0.00302811	0.000443607	0.003	0.01	372.972	0.165627	372	373	
8.25	8.5	2	6	5	3	250	29248	250	29248	0.003	0	0.003	0.003	116.992	0.0892629	116	117	
8.25	8.5	2	7	1	3	250	129250	250	129250	0.003	0	0.003	0.003	517	0	517	517	
8.25	8.5	2	8	3	3	250	56249	250	56249	0.003	0	0.003	0.003	224.996	0.0632456	224	225	
8.25	8.5	2	9	2	3	250	71250	250	71250	0.003	0	0.003	0.003	285	0	285	285	
8.25	8.5	2	10	4	3	250	39248	250	39248	0.003	0	0.003	0.003	156.992	0.0892629	156	157	
8.25	8.5	3	11	5	3	166	29382	167	29559	0.00652096	0.00351046	0.003	0.01	177	0	177	177	
8.25	8.5	3	12	4	3	249	92870	249	92870	0.00302811	0.000443607	0.003	0.01	372.972	0.165627	372	373	
8.25	8.5	3	13	1	3	198	44549	196	44099	0.00492857	0.00313541	0.003	0.01	224.995	0.0714286	224	225	
8.25	8.5	3	14	3	3	250	44250	250	44250	0.003	0	0.003	0.003	177	0	177	177	
8.25	8.5	3	15	2	3	250	93243	250	93243	0.003	0	0.003	0.003	372.972	0.165304	372	373	
8.25	8.5	1	16	2	3	245	43365	245	43365	0.00314286	0.000991769	0.003	0.01	177	0	177	177	
8.25	8.5	1	17	1	3	250	93244	250	93243	0.003	0	0.003	0.003	372.972	0.165304	372	373	
8.25	8.5	1	18	5	3	250	113250	250	113250	0.003	0	0.003	0.003	453	0	453	453	
8.25	8.5	1	19	4	3	250	44250	250	44250	0.003	0	0.003	0.003	177	0	177	177	
8.25	8.5	1	20	3	3	250	29248	250	29248	0.003	0	0.003	0.003	116.992	0.0892629	116	117	
8.5	8.75	4	1	3	3	250	149249	250	149249	0.003	0	0.003	0.003	596.996	0.0632456	596	597	
8.5	8.75	4	2	5	3	174	30798	173	30621	0.00603468	0.003479	0.003	0.01	177	0	177	177	
8.5	8.75	4	3	1	3	246	43542	246	43542	0.00311382	0.000887126	0.003	0.01	177	0	177	177	
8.5	8.75	4	4	4	3	127	22479	127	22479	0.00977953	0.00122742	0.003	0.01	177	0	177	177	
8.5	8.75	4	5	2	3	250	93243	250	93243	0.003	0	0.003	0.003	372.972	0.165304	372	373	
8.5	8.75	2	6	5	3	250	29247	250	29247	0.003	0	0.003	0.003	116.988	0.109104	116	117	
8.5	8.75	2	7	1	3	250	129250	250	129250	0.003	0	0.003	0.003	517	0	517	517	
8.5	8.75	2	8	3	3	250	56248	250	56248	0.003	0	0.003	0.003	224.992	0.0892629	224	225	
8.5	8.75	2	9	2	3	250	71250	250	71250	0.003	0	0.003	0.003	285	0	285	285	
8.5	8.75	2	10	4	3	250	39247	250	39248	0.003	0	0.003	0.003	156.992	0.0892629	156	157	
8.5	8.75	3	11	5	3	160	28320	160	28320	0.0069375	0.00348345	0.003	0.01	177	0	177	177	
8.5	8.75	3	12	4	3	250	93243	250	93243	0.003	0	0.003	0.003	372.972	0.165304	372	373	
8.5	8.75	3	13	1	3	191	42974	191	42974	0.0051623	0.00324278	0.003	0.01	224.995	0.0723575	224	225	
8.5	8.75	3	14	3	3	250	44250	250	44250	0.003	0	0.003	0.003	177	0	177	177	
8.5	8.75	3	15	2	3	250	93243	250	93243	0.003	0	0.003	0.003	372.972	0.165304	372	373	
8.5	8.75	1	16	2	3	246	43542	246	43542	0.00311382	0.000887126	0.003	0.01	177	0	177	177	
8.5	8.75	1	17	1	3	250	93243	250	93243	0.003	0	0.003	0.003	372.972	0.165304	372	373	
8.5	8.75	1	18	5	3	250	113250	250	113250	0.003	0	0.003	0.003	453	0	453	453	
8.5	8.75	1	19	4	3	250	44250	250	44250	0.003	0	0.003	0.003	177	0	177	177	
8.5	8.75	1	20	3	3	249	29130	249	29130	0.00302811	0.000443607	0.003	0.01	116.988	0.109321	116	117	
8.75	9	4	1	3	3	250	149249	250	149249	0.003	0	0.003	0.003	596.996	0.0632456	596	597	
8.75	9	4	2	5	3	175	30975	177	31329	0.00600565	0.00347474	0.003	0.01	177	0	177	177	
8.75	9	4	3	1	3	243	43011	243	43011	0.00320165	0.00117325	0.003	0.01	177	0	177	177	
8.75	9	4	4	4	3	127	22479	127	22479	0.00988976	0.000874945	0.003	0.01	177	0	177	177	
8.75	9	4	5	2	3	249	92870	249	92870	0.00302811	0.000443607	0.003	0.01	372.972	0.165627	372	373	
8.75	9	2	6	5	3	250	29248	250	29248	0.003	0	0.003	0.003	116.992	0.0892629	116	117	
8.75	9	2	7	1	3	250	129250	250	129250	0.003	0	0.003	0.003	517	0	517	517	
8.75	9	2	8	3	3	250	56249	250	56249	0.003	0	0.003	0.003	224.996	0.0632456	224	225	
8.75	9	2	9	2	3	250	71250	250	71250	0.003	0	0.003	0.003	285	0	285	285	
8.75	9	2	10	4	3	250	39248	250	39247	0.003	0	0.003	0.003	156.988	0.109104	156	157	
8.75	9	3	11	5	3	168	29736	166	29382	0.00645783	0.00351034	0.003	0.01	177	0	177	177	
8.75	9	3	12	4	3	250	93244	250	93244	0.003	0	0.003	0.003	372.976	0.153356	372	373	
8.75	9	3	13	1	3	200	44999	200	44999	0.004715	0.00301817	0.003	0.01	224.995	0.0707107	224	225	
8.75	9	3	14	3	3	250	44250	250	44250	0.003	0	0.003	0.003	177	0	177	177	
8.75	9	3	15	2	3	250	93243	250	93243	0.003	0	0.003	0.003	372.972	0.165304	372	373	
8.75	9	1	16	2	3	247	43719	247	43719	0.00308502	0.000768312	0.003	0.01	177	0	177	177	
8.75	9	1	17	1	3	250	93243	250	93243	0.003	0	0.003	0.003	372.972	0.165304	372	373	
8.75	9	1	18	5	3	250	113250	250	113250	0.003	0	0.003	0.003	453	0	453	453	
8.75	9	1	19	4	3	250	44250	250	44250	0.003	0	0.003	0.003	177	0	177	177	
8.75	9	1	20	3	3	250	29248	250	29248	0.003	0	0.003	0.003	116.992	0.0892629	116	117	
9	9.25	4	1	3	3	250	149248	250	149248	0.003	0	0.003	0.003	596.992	0.0892629	596	597	
9	9.25	4	2	5	3	177	31329	175	30975	0.00588	0.00345453	0.003	0.01	177	0	177	177	
9	9.25	4	3	1	3	248	43896	247	43719	0.00305668	0.000628608	0.003	0.01	177	0	177	177	
9	9.25	4	4	4	3	125	22125	126	22302	0.00988889	0.000878382	0.003	0.01	177	0	177	177	
9	9.25	4	5	2	3	247	92125	247	92125	0.00308502	0.000768312	0.003	0.01	372.976	0.154265	372	373	
9	9.25	2	6	5	3	250	29247	250	29247	0.003	0	0.003	0.003	116.988	0.109104	116	117	
9	9.25	2	7	1	3	250	129250	250	129250	0.003	0	0.003	0.003	517	0	517	517	
9	9.25	2	8	3	3	250	56248	250	56248	0.003	0	0.003	0.003	224.992	0.0892629	224	225	
9	9.25	2	9	2	3	250	71250	250	71250	0.003	0	0.003	0.003	285	0	285	285	
9	9.25	2	10	4	3	250	39248	250	39248	0.003	0	0.003	0.003	156.992	0.0892629	156	157	
9	9.25	3	11	5	3	163	28851	164	29028	0.0067561	0.00350131	0.003	0.01	177	0	177	177	
9	9.25	3	12	4	3	249	92870	249	92870	0.00302811	0.000443607	0.003	0.01	372.972	0.165627	372	373	
9	9.25	3	13	1	3	203	45673	204	45898	0.00464706	0.00297658	0.003	0.01	224.99	0.0987706	224	225	
9	9.25	3	14	3	3	250	44250	250	44250	0.003	0	0.003	0.003	177	0	177	177	
9	9.25	3	15	2	3	250	93244	250	93244	0.003	0	0.003	0.003	372.976	0.153356	372	373	
9	9.25	1	16	2	3	243	43011	243	43011	0.00320165	0.00117325	0.003	0.01	177	0	177	177	
9	9.25	1	17	1	3	250	93243	250	93244	0.003	0	0.003	0.003	372.976	0.153356	372	373	
9	9.25	1	18	5	3	250	113250	250	113250	0.003	0	0.003	0.003	453	0	453	453	
9	9.25	1	19	4	3	250	44250	250	44250	0.003	0	0.003	0.003	177	0	177	177	
9	9.25	1	20	3	3	250	29247	250	29247	0.003	0	0.003	0.003	116.988	0.109104	116	117	
9.25	9.5	4	1	3	3	250	149249	250	149249	0.003	0	0.003	0.003	596.996	0.0632456	596	597	
9.25	9.5	4	2	5	3	182	32214	184	32568	0.00558696	0.00338803	0.003	0.01	177	0	177	177	
9.25	9.5	4	3	1	3	247	43719	248	43896	0.00308468	0.000766774	0.003	0.01	177	0	177	177	
9.25	9.5	4	4	4	3	129	22833	128	22656	0.00961719	0.00159784	0.003	0.01	177	0	177	177	
9.25	9.5	4	5	2	3	249	92870	249	92870	0.00302811	0.000443607	0.003	0.01	372.972	0.165627	372	373	
9.25	9.5	2	6	5	3	250	29248	250	29248	0.003	0	0.003	0.003	116.992	0.0892629	116	117	
9.25	9.5	2	7	1	3	250	129250	250	129250	0.003	0	0.003	0.003	517	0	517	517	
9.25	9.5	2	8	3	3	250	56249	250	56249	0.003	0	0.003	0.003	224.996	0.0632456	224	225	
9.25	9.5	2	9	2	3	250	71250	250	71250	0.003	0	0.003	0.003	285	0	285	285	
9.25	9.5	2	10	4	3	250	39248	250	39248	0.003	0	0.003	0.003	156.992	0.0892629	156	157	
9.25	9.5	3	11	5	3	168	29736	167	29559	0.00643712	0.00350996	0.003	0.01	177	0	177	177	
9.25	9.5	3	12	4	3	250	93243	250	93243	0.003	0	0.003	0.003	372.972	0.165304	372	373	
9.25	9.5	3	13	1	3	196	44099	195	43874	0.00493846	0.00314041	0.003	0.01	224.995	0.0716115	224	225	
9.25	9.5	3	14	3	3	250	44250	250	44250	0.003	0	0.003	0.003	177	0	177	177	
9.25	9.5	3	15	2	3	250	93243	250	93243	0.003	0	0.003	0.003	372.972	0.165304	372	373	
9.25	9.5	1	16	2	3	247	43719	247	43719	0.00308502	0.000768312	0.003	0.01	177	0	177	177	
9.25	9.5	1	17	1	3	250	93244	250	93243	0.003	0	0.003	0.003	372.972	0.165304	372	373	
9.25	9.5	1	18	5	3	250	113250	250	113250	0.003	0	0.003	0.003	453	0	453	453	
9.25	9.5	1	19	4	3	250	44250	250	44250	0.003	0	0.003	0.003	177	0	177	177	
9.25	9.5	1	20	3	3	250	29248	250	29248	0.003	0	0.003	0.003	116.992	0.0892629	116	117	
9.5	9.75	4	1	3	3	250	149249	250	149249	0.003	0	0.003	0.003	596.996	0.0632456	596	597	
9.5	9.75	4	2	5	3	177	31329	178	31506	0.00591011	0.00345966	0.003	0.01	177	0	177	177	
9.5	9.75	4	3	1	3	245	43365	245	43365	0.00314286	0.000991769	0.003	0.01	177	0	177	177	
9.5	9.75	4	4	4	3	127	22479	128	22656	0.00978125	0.00122273	0.003	0.01	177	0	177	177	
9.5	9.75	4	5	2	3	247	92124	247	92124	0.00308502	0.000768312	0.003	0.01	372.972	0.166279	372	373	
9.5	9.75	2	6	5	3	250	29247	250	29247	0.003	0	0.003	0.003	116.988	0.109104	116	117	
9.5	9.75	2	7	1	3	250	129250	250	129250	0.003	0	0.003	0.003	517	0	517	517	
9.5	9.75	2	8	3	3	250	56248	250	56248	0.003	0	0.003	0.003	224.992	0.0892629	224	225	
9.5	9.75	2	9	2	3	250	71250	250	71250	0.003	0	0.003	0.003	285	0	285	285	
9.5	9.75	2	10	4	3	250	39247	250	39247	0.003	0	0.003	0.003	156.988	0.109104	156	157	
9.5	9.75	3	11	5	3	162	28674	163	28851	0.00677914	0.0034996	0.003	0.01	177	0	177	177	
9.5	9.75	3	12	4	3	250	93243	250	93243	0.003	0	0.003	0.003	372.972	0.165304	372	373	
9.5	9.75	3	13	1	3	189	42524	190	42749	0.00524737	0.0032768	0.003	0.01	224.995	0.0725476	224	225	
9.5	9.75	3	14	3	3	250	44250	250	44250	0.003	0	0.003	0.003	177	0	177	177	
9.5	9.75	3	15	2	3	250	93243	250	93243	0.003	0	0.003	0.003	372.972	0.165304	372	373	
9.5	9.75	1	16	2	3	246	43542	246	43542	0.00311382	0.000887126	0.003	0.01	177	0	177	177	
9.5	9.75	1	17	1	3	250	93243	250	93243	0.003	0	0.003	0.003	372.972	0.165304	372	373	
9.5	9.75	1	18	5	3	250	113250	250	113250	0.003	0	0.003	0.003	453	0	453	453	
9.5	9.75	1	19	4	3	250	44250	250	44250	0.003	0	0.003	0.003	177	0	177	177	
9.5	9.75	1	20	3	3	249	29130	249	29130	0.00302811	0.000443607	0.003	0.01	116.988	0.109321	116	117	
9.75	10	4	1	3	3	250	149248	250	149248	0.003	0	0.003	0.003	596.992	0.0892629	596	597	
9.75	10	4	2	5	3	173	30621	172	30444	0.00613372	0.00349094	0.003	0.01	177	0	177	177	
9.75	10	4	3	1	3	245	43365	245	43365	0.00314286	0.000991769	0.003	0.01	177	0	177	177	
9.75	10	4	4	4	3	126	22302	126	22302	0.00983333	0.00107145	0.003	0.01	177	0	177	177	
9.75	10	4	5	2	3	249	92870	249	92870	0.00302811	0.000443607	0.003	0.01	372.972	0.165627	372	373	
9.75	10	2	6	5	3	250	29248	250	29248	0.003	0	0.003	0.003	116.992	0.0892629	116	117	
9.75	10	2	7	1	3	250	129250	250	129250	0.003	0	0.003	0.003	517	0	517	517	
9.75	10	2	8	3	3	250	56248	250	56248	0.003	0	0.003	0.003	224.992	0.0892629	224	225	
9.75	10	2	9	2	3	250	71250	250	71250	0.003	0	0.003	0.003	285	0	285	285	
9.75	10	2	10	4	3	250	39248	250	39248	0.003	0	0.003	0.003	156.992	0.0892629	156	157	
9.75	10	3	11	5	3	171	30267	172	30444	0.00617442	0.003495	0.003	0.01	177	0	177	177	
9.75	10	3	12	4	3	250	93244	250	93244	0.003	0	0.003	0.003	372.976	0.153356	372	373	
9.75	10	3	13	1	3	200	44999	201	45224	0.00474129	0.0030336	0.003	0.01	224.995	0.0705346	224	225	
9.75	10	3	14	3	3	250	44250	250	44250	0.003	0	0.003	0.003	177	0	177	177	
9.75	10	3	15	2	3	250	93243	250	93243	0.003	0	0.003	0.003	372.972	0.165304	372	373	
9.75	10	1	16	2	3	244	43188	244	43188	0.00317213	0.00108634	0.003	0.01	177	0	177	177	
9.75	10	1	17	1	3	250	93243	250	93243	0.003	0	0.003	0.003	372.972	0.165304	372	373	
9.75	10	1	18	5	3	250	113250	250	113250	0.003	0	0.003	0.003	453	0	453	453	
9.75	10	1	19	4	3	250	44250	250	44250	0.003	0	0.003	0.003	177	0	177	177	
9.75	10	1	20	3	3	250	29248	250	29248	0.003	0	0.003	0.003	116.992	0.0892629	116	117	
