% start	end	CellId	IMSI	RNTI	LCID	nTxPDUs	TxBytes	nRxPDUs	RxBytes	delay	stdDev	min	max	PduSize	stdDev	min	max
0.5	0.75	4	1	5	3	108	38986	101	33147	0.003	0	0.003	0.003	328.188	137.695	57	839	
0.5	0.75	4	2	3	3	136	38854	129	33015	0.003	0	0.003	0.003	255.93	127.036	26	437	
0.5	0.75	4	3	2	3	106	39257	99	33723	0.003	0	0.003	0.003	340.636	123.439	49	693	
0.5	0.75	4	4	1	3	110	39092	104	34036	0.003	0	0.003	0.003	327.269	122.753	49	693	
0.5	0.75	4	5	4	3	99	39173	98	38872	0.00385714	0.00337364	0.003	0.017	396.653	171.442	149	1095	
0.5	0.75	2	6	4	3	116	52032	115	51579	0.00348696	0.00178868	0.003	0.01	448.513	172.648	113	1095	
0.5	0.75	2	7	5	3	129	51711	122	45794	0.003	0	0.003	0.003	375.361	150.803	49	839	
0.5	0.75	2	8	2	3	139	51832	137	51422	0.00366423	0.00316292	0.003	0.024	375.343	185.324	57	1056	
0.5	0.75	2	9	3	3	121	51492	114	45557	0.003	0	0.003	0.003	399.623	138.647	32	621	
0.5	0.75	2	10	1	3	111	51870	110	51385	0.00344545	0.00171655	0.003	0.01	467.136	178.003	121	1383	
0.5	0.75	3	11	5	3	153	44119	145	37910	0.003	0	0.003	0.003	261.448	111.997	26	437	
0.5	0.75	3	12	3	3	112	44010	105	38149	0.003	0	0.003	0.003	363.324	136.476	49	749	
0.5	0.75	3	13	1	3	107	43957	106	43584	0.00379245	0.00325054	0.003	0.017	411.17	150.893	73	839	
0.5	0.75	3	14	4	3	105	43975	104	43674	0.00380769	0.00328006	0.003	0.017	419.942	180.688	73	1095	
0.5	0.75	3	15	2	3	104	44265	103	43980	0.00367961	0.00302348	0.003	0.017	426.99	181.172	93	1383	
0.5	0.75	1	16	3	3	116	47470	115	47097	0.00373043	0.00312691	0.003	0.017	409.539	168.611	73	1095	
0.5	0.75	1	17	2	3	119	47717	112	42111	0.003	0	0.003	0.003	375.991	126.2	32	621	
0.5	0.75	1	18	4	3	109	47625	108	47268	0.00377778	0.00322181	0.003	0.017	437.667	158.722	57	1095	
0.5	0.75	1	19	5	3	104	47628	103	47239	0.00381553	0.00329512	0.003	0.017	458.631	158.514	93	1095	
0.5	0.75	1	20	1	3	111	47291	105	42179	0.003	0	0.003	0.003	401.705	128.129	49	839	
0.75	1	4	1	5	3	142	37784	142	37784	0.003	0	0.003	0.003	266.085	77.0041	55	357	
0.75	1	4	2	3	3	167	37751	166	37725	0.003	0	0.003	0.003	227.259	114.359	26	325	
0.75	1	4	3	2	3	125	37777	125	37833	0.003	0	0.003	0.003	302.664	24.538	261	317	
0.75	1	4	4	1	3	126	37770	126	37770	0.003	0	0.003	0.003	299.762	33.5865	49	317	
0.75	1	4	5	4	3	125	37825	125	37825	0.003	0	0.003	0.003	302.6	21.8263	225	373	
0.75	1	2	6	4	3	130	51030	130	51142	0.003	0	0.003	0.003	393.4	73.2126	113	453	
0.75	1	2	7	5	3	136	51024	136	51024	0.003	0	0.003	0.003	375.176	86.3246	49	469	
0.75	1	2	8	2	3	165	50865	166	50854	0.003	0	0.003	0.003	306.349	119.159	57	469	
0.75	1	2	9	3	3	166	51027	165	50992	0.003	0	0.003	0.003	309.042	141.954	32	469	
0.75	1	2	10	1	3	130	51278	130	51278	0.003	0	0.003	0.003	394.446	67.7469	121	485	
0.75	1	3	11	5	3	153	42890	154	42940	0.003	0	0.003	0.003	278.831	122.426	26	405	
0.75	1	3	12	3	3	125	42985	125	42985	0.003	0	0.003	0.003	343.88	28.0902	317	373	
0.75	1	3	13	1	3	126	43024	126	43024	0.003	0	0.003	0.003	341.46	42.8334	73	373	
0.75	1	3	14	4	3	126	43030	126	42958	0.003	0	0.003	0.003	340.937	39.5365	149	373	
0.75	1	3	15	2	3	137	43093	137	42989	0.003	0	0.003	0.003	313.788	83.9227	93	389	
0.75	1	1	16	3	3	127	47090	127	47090	0.003	0	0.003	0.003	370.787	40.3339	73	453	
0.75	1	1	17	2	3	126	47056	126	47056	0.003	0	0.003	0.003	373.46	35.8913	32	389	
0.75	1	1	18	4	3	129	47093	129	47093	0.003	0	0.003	0.003	365.062	62.1852	57	421	
0.75	1	1	19	5	3	125	47065	125	47065	0.003	0	0.003	0.003	376.52	33.932	285	389	
0.75	1	1	20	1	3	128	47060	128	47060	0.003	0	0.003	0.003	367.656	50.5946	49	421	
1	1.25	4	1	5	3	145	37853	145	37853	0.00314483	0.000999856	0.003	0.01	261.055	78.9557	57	421	
1	1.25	4	2	3	3	148	37680	149	37674	0.003	0	0.003	0.003	252.846	97.0647	25	325	
1	1.25	4	3	2	3	138	37730	138	37674	0.003	0	0.003	0.003	273	70.2895	49	317	
1	1.25	4	4	1	3	140	37671	140	37727	0.003	0	0.003	0.003	269.479	76.2231	49	317	
1	1.25	4	5	4	3	126	37526	126	37526	0.003	0	0.003	0.003	297.825	30.6028	73	373	
1	1.25	2	6	4	3	131	51023	131	50911	0.003	0	0.003	0.003	388.634	79.3007	113	453	
1	1.25	2	7	5	3	143	50762	143	50874	0.00314685	0.00100672	0.003	0.01	355.762	112.286	49	533	
1	1.25	2	8	2	3	159	51191	159	51143	0.003	0	0.003	0.003	321.654	117.05	57	469	
1	1.25	2	9	3	3	186	50892	187	50879	0.003	0	0.003	0.003	272.08	148.941	32	437	
1	1.25	2	10	1	3	129	51016	129	51016	0.003	0	0.003	0.003	395.473	68.4098	121	485	
1	1.25	3	11	5	3	162	42957	161	42931	0.003	0	0.003	0.003	266.652	129.261	26	349	
1	1.25	3	12	3	3	126	42978	126	42978	0.003	0	0.003	0.003	341.095	38.3348	49	373	
1	1.25	3	13	1	3	128	42956	128	43028	0.003	0	0.003	0.003	336.156	54.0485	73	373	
1	1.25	3	14	4	3	129	43027	129	43027	0.003	0	0.003	0.003	333.543	58.5703	73	373	
1	1.25	3	15	2	3	135	43003	135	43003	0.003	0	0.003	0.003	318.541	81.3762	93	389	
1	1.25	1	16	3	3	132	47088	132	47088	0.003	0	0.003	0.003	356.727	69.6218	73	453	
1	1.25	1	17	2	3	126	47017	126	47017	0.003	0	0.003	0.003	373.151	35.9331	32	389	
1	1.25	1	18	4	3	136	47036	136	47036	0.003	0	0.003	0.003	345.853	87.3978	57	421	
1	1.25	1	19	5	3	127	47147	127	47147	0.003	0	0.003	0.003	371.236	49.4584	93	389	
1	1.25	1	20	1	3	131	47063	131	47063	0.003	0	0.003	0.003	359.26	68.6146	49	421	
1.25	1.5	4	1	5	3	141	37629	141	37629	0.00304964	0.000589506	0.003	0.01	266.872	72.9878	57	357	
1.25	1.5	4	2	3	3	163	37704	162	37710	0.003	0	0.003	0.003	232.778	109.955	26	325	
1.25	1.5	4	3	2	3	129	37757	129	37757	0.003	0	0.003	0.003	292.69	49.1111	49	317	
1.25	1.5	4	4	1	3	131	37802	131	37746	0.003	0	0.003	0.003	288.137	55.6079	49	317	
1.25	1.5	4	5	4	3	127	37903	127	37979	0.003	0	0.003	0.003	299.047	29.0456	73	373	
1.25	1.5	2	6	4	3	129	50913	129	50913	0.003	0	0.003	0.003	394.674	76.0538	113	453	
1.25	1.5	2	7	5	3	170	51182	170	51022	0.00304118	0.000536875	0.003	0.01	300.129	120.369	49	573	
1.25	1.5	2	8	2	3	140	50735	140	50783	0.003	0	0.003	0.003	362.736	104.509	57	469	
1.25	1.5	2	9	3	3	192	51151	191	51204	0.003	0	0.003	0.003	268.084	134.339	32	469	
1.25	1.5	2	10	1	3	128	50762	128	50874	0.003	0	0.003	0.003	397.453	66.0666	121	485	
1.25	1.5	3	11	5	3	170	42941	170	42941	0.003	0	0.003	0.003	252.594	133.08	26	349	
1.25	1.5	3	12	3	3	127	42971	127	42971	0.003	0	0.003	0.003	338.354	46.0868	49	373	
1.25	1.5	3	13	1	3	133	43036	133	42964	0.003	0	0.003	0.003	323.038	68.794	73	373	
1.25	1.5	3	14	4	3	130	42958	130	43030	0.003	0	0.003	0.003	331	62.6173	73	373	
1.25	1.5	3	15	2	3	133	43033	133	43033	0.003	0	0.003	0.003	323.556	76.3506	93	389	
1.25	1.5	1	16	3	3	131	47023	131	47023	0.003	0	0.003	0.003	358.954	65.9648	73	453	
1.25	1.5	1	17	2	3	129	47036	129	47036	0.003	0	0.003	0.003	364.62	61.1011	32	389	
1.25	1.5	1	18	4	3	137	47095	137	47095	0.003	0	0.003	0.003	343.759	91.6503	57	421	
1.25	1.5	1	19	5	3	128	47136	128	47136	0.003	0	0.003	0.003	368.25	55.5295	93	389	
1.25	1.5	1	20	1	3	132	47002	132	47002	0.003	0	0.003	0.003	356.076	71.8839	49	421	
1.5	1.75	4	1	5	3	131	37591	131	37527	0.00321374	0.00120899	0.003	0.01	286.466	58.9826	57	357	
1.5	1.75	4	2	3	3	196	37661	196	37686	0.003	0	0.003	0.003	192.276	115.021	26	325	
1.5	1.75	4	3	2	3	150	37606	150	37606	0.003	0	0.003	0.003	250.707	88.2867	49	317	
1.5	1.75	4	4	1	3	136	37536	136	37592	0.003	0	0.003	0.003	276.412	67.3996	49	317	
1.5	1.75	4	5	4	3	126	37504	126	37428	0.003	0	0.003	0.003	297.048	37.6242	73	373	
1.5	1.75	2	6	4	3	133	51245	133	51245	0.003	0	0.003	0.003	385.301	82.3012	113	453	
1.5	1.75	2	7	5	3	159	50767	159	50815	0.00304402	0.000555136	0.003	0.01	319.591	118.324	49	621	
1.5	1.75	2	8	2	3	146	50994	146	51058	0.003	0	0.003	0.003	349.712	108.14	57	469	
1.5	1.75	2	9	3	3	193	51051	193	50969	0.003	0	0.003	0.003	264.088	134.969	32	469	
1.5	1.75	2	10	1	3	132	51252	132	51252	0.003	0	0.003	0.003	388.273	72.8714	121	485	
1.5	1.75	3	11	5	3	163	42918	163	42925	0.003	0	0.003	0.003	263.344	128.824	26	373	
1.5	1.75	3	12	3	3	133	42983	133	42983	0.003	0	0.003	0.003	323.18	71.1207	47	373	
1.5	1.75	3	13	1	3	130	42958	130	42958	0.003	0	0.003	0.003	330.446	62.5614	73	373	
1.5	1.75	3	14	4	3	128	43176	128	43104	0.003	0	0.003	0.003	336.75	49.6939	73	373	
1.5	1.75	3	15	2	3	135	42807	135	42911	0.003	0	0.003	0.003	317.859	82.0417	93	389	
1.5	1.75	1	16	3	3	137	47197	137	47197	0.003	0	0.003	0.003	344.504	73.224	73	453	
1.5	1.75	1	17	2	3	136	46999	135	46958	0.003	0	0.003	0.003	347.837	84.1306	32	437	
1.5	1.75	1	18	4	3	139	46803	139	46803	0.003	0	0.003	0.003	336.712	85.5911	57	421	
1.5	1.75	1	19	5	3	134	47201	134	47201	0.003	0	0.003	0.003	352.246	68.4046	93	389	
1.5	1.75	1	20	1	3	140	46982	140	47038	0.003	0	0.003	0.003	335.986	87.8725	49	421	
1.75	2	4	1	5	3	143	37635	143	37699	0.0031958	0.00115831	0.003	0.01	263.629	78.6522	57	421	
1.75	2	4	2	3	3	163	37670	163	37644	0.003	0	0.003	0.003	230.945	105.227	26	325	
1.75	2	4	3	2	3	141	37677	141	37677	0.003	0	0.003	0.003	267.213	75.7536	49	317	
1.75	2	4	4	1	3	133	37565	132	37568	0.003	0	0.003	0.003	284.606	57.7055	49	317	
1.75	2	4	5	4	3	129	37677	129	37677	0.003	0	0.003	0.003	292.07	41.9032	73	373	
1.75	2	2	6	4	3	139	50795	139	50795	0.003	0	0.003	0.003	365.432	95.5359	113	453	
1.75	2	2	7	5	3	152	51020	152	50972	0.00313816	0.000976881	0.003	0.01	335.342	124.351	49	533	
1.75	2	2	8	2	3	157	51205	157	51205	0.003	0	0.003	0.003	326.146	114.489	57	469	
1.75	2	2	9	3	3	172	50961	173	51038	0.003	0	0.003	0.003	295.017	145.674	32	437	
1.75	2	2	10	1	3	137	50981	137	50869	0.003	0	0.003	0.003	371.307	87.2127	121	485	
1.75	2	3	11	5	3	165	42921	165	42914	0.003	0	0.003	0.003	260.085	127.173	26	373	
1.75	2	3	12	3	3	131	42995	130	42946	0.003	0	0.003	0.003	330.354	59.5061	49	373	
1.75	2	3	13	1	3	133	42960	133	43032	0.003	0	0.003	0.003	323.549	68.8798	73	373	
1.75	2	3	14	4	3	129	42809	129	42809	0.003	0	0.003	0.003	331.853	57.6567	73	373	
1.75	2	3	15	2	3	137	43193	137	43193	0.003	0	0.003	0.003	315.277	82.6143	93	389	
1.75	2	1	16	3	3	136	46828	136	46828	0.003	0	0.003	0.003	344.324	80.1503	73	453	
1.75	2	1	17	2	3	148	46986	149	47027	0.003	0	0.003	0.003	315.617	106.54	32	437	
1.75	2	1	18	4	3	135	47207	135	47207	0.003	0	0.003	0.003	349.681	76.1358	57	421	
1.75	2	1	19	5	3	130	46918	130	46918	0.003	0	0.003	0.003	360.908	61.0654	93	389	
1.75	2	1	20	1	3	137	47040	137	46984	0.003	0	0.003	0.003	342.949	75.6482	49	421	
2	2.25	4	1	5	3	131	37739	131	37715	0.00310687	0.00086159	0.003	0.01	287.901	52.4103	57	357	
2	2.25	4	2	3	3	163	37370	164	37397	0.003	0	0.003	0.003	228.03	104.193	26	325	
2	2.25	4	3	2	3	153	37523	153	37523	0.003	0	0.003	0.003	245.248	87.3129	49	317	
2	2.25	4	4	1	3	141	37497	142	37494	0.003	0	0.003	0.003	264.042	79.2284	49	317	
2	2.25	4	5	4	3	130	37734	130	37734	0.003	0	0.003	0.003	290.262	41.62	73	373	
2	2.25	2	6	4	3	144	51240	144	51352	0.003	0	0.003	0.003	356.611	101.255	113	453	
2	2.25	2	7	5	3	153	51229	153	51229	0.00304575	0.000565916	0.003	0.01	334.83	119.712	49	469	
2	2.25	2	8	2	3	145	51045	144	50992	0.003	0	0.003	0.003	354.111	107.8	57	469	
2	2.25	2	9	3	3	186	50843	186	50795	0.003	0	0.003	0.003	273.091	140.007	32	437	
2	2.25	2	10	1	3	134	51038	134	51150	0.003	0	0.003	0.003	381.716	80.611	121	485	
2	2.25	3	11	5	3	168	42958	169	42960	0.003	0	0.003	0.003	254.201	133.947	26	349	
2	2.25	3	12	3	3	130	42950	131	42999	0.003	0	0.003	0.003	328.237	67.19	49	373	
2	2.25	3	13	1	3	130	43030	130	42958	0.003	0	0.003	0.003	330.446	62.5614	73	373	
2	2.25	3	14	4	3	134	42966	134	43038	0.003	0	0.003	0.003	321.179	70.6368	73	373	
2	2.25	3	15	2	3	134	43022	133	42929	0.003	0	0.003	0.003	322.774	76.2077	93	389	
2	2.25	1	16	3	3	129	47085	129	47085	0.003	0	0.003	0.003	365	54.2079	73	453	
2	2.25	1	17	2	3	127	47049	127	47049	0.003	0	0.003	0.003	370.465	46.8759	32	389	
2	2.25	1	18	4	3	131	47079	131	47079	0.003	0	0.003	0.003	359.382	72.027	57	421	
2	2.25	1	19	5	3	125	47065	125	47065	0.003	0	0.003	0.003	376.52	33.932	285	389	
2	2.25	1	20	1	3	129	47060	129	47060	0.003	0	0.003	0.003	364.806	57.4704	49	421	
2.25	2.5	4	1	5	3	126	37098	126	37098	0.003	0	0.003	0.003	294.429	34.8582	49	317	
2.25	2.5	4	2	3	3	182	37082	182	37082	0.003	0	0.003	0.003	203.747	112.874	24	325	
2.25	2.5	4	3	2	3	129	37132	129	37132	0.003	0	0.003	0.003	287.845	50.6345	49	317	
2.25	2.5	4	4	1	3	141	37109	141	37109	0.003	0	0.003	0.003	263.184	79.5279	49	317	
2.25	2.5	4	5	4	3	128	37140	128	37140	0.003	0	0.003	0.003	290.156	42.0518	73	373	
2.25	2.5	2	6	4	3	134	51130	134	51018	0.003	0	0.003	0.003	380.731	83.75	113	453	
2.25	2.5	2	7	5	3	144	51012	144	50964	0.00304861	0.000583333	0.003	0.01	353.917	115.782	49	621	
2.25	2.5	2	8	2	3	163	50835	164	50824	0.003	0	0.003	0.003	309.902	127.289	57	469	
2.25	2.5	2	9	3	3	181	50964	181	51052	0.003	0	0.003	0.003	282.055	148.247	32	437	
2.25	2.5	2	10	1	3	135	51203	135	51203	0.003	0	0.003	0.003	379.281	79.5488	121	485	
2.25	2.5	3	11	5	3	173	42878	173	42902	0.003	0	0.003	0.003	247.988	132.489	26	349	
2.25	2.5	3	12	3	3	130	43110	129	43061	0.003	0	0.003	0.003	333.806	52.9017	49	373	
2.25	2.5	3	13	1	3	133	42965	133	42965	0.003	0	0.003	0.003	323.045	66.1983	73	373	
2.25	2.5	3	14	4	3	133	42968	133	42968	0.003	0	0.003	0.003	323.068	63.5267	73	373	
2.25	2.5	3	15	2	3	132	42848	133	42837	0.003	0	0.003	0.003	322.083	76.9669	93	389	
2.25	2.5	1	16	3	3	132	47092	132	47092	0.003	0	0.003	0.003	356.758	67.7035	73	453	
2.25	2.5	1	17	2	3	132	47012	132	47012	0.003	0	0.003	0.003	356.152	78.1103	32	389	
2.25	2.5	1	18	4	3	132	47064	132	47064	0.003	0	0.003	0.003	356.545	73.3306	57	421	
2.25	2.5	1	19	5	3	128	47136	128	47136	0.003	0	0.003	0.003	368.25	55.5295	93	389	
2.25	2.5	1	20	1	3	131	47006	131	47006	0.003	0	0.003	0.003	358.824	68.7012	49	421	
2.5	2.75	4	1	5	3	130	37122	130	37122	0.003	0	0.003	0.003	285.554	50.4952	49	317	
2.5	2.75	4	2	3	3	180	37080	180	37104	0.003	0	0.003	0.003	206.133	111.241	26	325	
2.5	2.75	4	3	2	3	127	37091	127	37091	0.003	0	0.003	0.003	292.055	39.3776	49	317	
2.5	2.75	4	4	1	3	142	37154	142	37098	0.003	0	0.003	0.003	261.254	79.2106	49	317	
2.5	2.75	4	5	4	3	128	37134	128	37134	0.003	0	0.003	0.003	290.109	45.1174	73	373	
2.5	2.75	2	6	4	3	126	50690	126	50802	0.003	0	0.003	0.003	403.19	61.177	113	453	
2.5	2.75	2	7	5	3	133	50504	133	50584	0.003	0	0.003	0.003	380.331	89.8297	49	469	
2.5	2.75	2	8	2	3	161	50953	161	51017	0.003	0	0.003	0.003	316.876	120.941	57	469	
2.5	2.75	2	9	3	3	189	50910	188	50865	0.003	0	0.003	0.003	270.559	145.349	32	437	
2.5	2.75	2	10	1	3	126	50625	126	50625	0.003	0	0.003	0.003	401.786	60.536	121	485	
2.5	2.75	3	11	5	3	175	42921	175	42897	0.003	0	0.003	0.003	245.126	128.482	26	373	
2.5	2.75	3	12	3	3	129	42793	130	42842	0.003	0	0.003	0.003	329.554	59.3019	49	373	
2.5	2.75	3	13	1	3	131	43111	130	43110	0.003	0	0.003	0.003	331.615	59.0335	73	373	
2.5	2.75	3	14	4	3	138	42974	138	42974	0.003	0	0.003	0.003	311.406	74.9852	73	373	
2.5	2.75	3	15	2	3	135	43027	135	43027	0.003	0	0.003	0.003	318.719	78.5093	93	389	
2.5	2.75	1	16	3	3	129	47024	129	47024	0.003	0	0.003	0.003	364.527	52.8302	73	453	
2.5	2.75	1	17	2	3	129	47036	129	47076	0.003	0	0.003	0.003	364.93	61.1227	32	389	
2.5	2.75	1	18	4	3	129	47085	129	47021	0.003	0	0.003	0.003	364.504	58.3224	57	421	
2.5	2.75	1	19	5	3	126	47158	126	47158	0.003	0	0.003	0.003	374.27	42.1916	93	389	
2.5	2.75	1	20	1	3	129	47049	129	47049	0.003	0	0.003	0.003	364.721	55.9133	49	421	
2.75	3	4	1	5	3	137	37081	137	37081	0.003	0	0.003	0.003	270.664	71.0388	49	317	
2.75	3	4	2	3	3	176	37082	176	37026	0.003	0	0.003	0.003	210.375	108.653	25	325	
2.75	3	4	3	2	3	137	37085	137	37141	0.003	0	0.003	0.003	271.102	70.794	49	317	
2.75	3	4	4	1	3	147	37179	147	37235	0.003	0	0.003	0.003	253.299	83.066	49	317	
2.75	3	4	5	4	3	128	37000	128	37000	0.003	0	0.003	0.003	289.062	39.6901	73	373	
2.75	3	2	6	4	3	132	47000	132	46888	0.003	0	0.003	0.003	355.212	74.4491	113	453	
2.75	3	2	7	5	3	128	46961	128	47001	0.003	0	0.003	0.003	367.195	55.436	32	389	
2.75	3	2	8	2	3	133	46999	133	46999	0.003	0	0.003	0.003	353.376	79.8264	57	421	
2.75	3	2	9	3	3	127	47008	128	47013	0.003	0	0.003	0.003	367.289	52.3685	32	389	
2.75	3	2	10	1	3	127	47091	127	47091	0.003	0	0.003	0.003	370.795	34.6729	121	485	
2.75	3	3	11	5	3	173	42929	173	42953	0.003	0	0.003	0.003	248.283	131.17	26	373	
2.75	3	3	12	3	3	134	42978	134	42922	0.003	0	0.003	0.003	320.313	74.3777	49	373	
2.75	3	3	13	1	3	132	42816	133	42889	0.003	0	0.003	0.003	322.474	69.2899	73	373	
2.75	3	3	14	4	3	137	43037	137	42965	0.003	0	0.003	0.003	313.613	75.9642	73	373	
2.75	3	3	15	2	3	132	43142	132	43142	0.003	0	0.003	0.003	326.833	72.1403	93	389	
2.75	3	1	16	3	3	132	47078	132	47078	0.003	0	0.003	0.003	356.652	68.966	73	453	
2.75	3	1	17	2	3	129	47033	129	47033	0.003	0	0.003	0.003	364.597	62.6108	32	389	
2.75	3	1	18	4	3	131	47073	131	47073	0.003	0	0.003	0.003	359.336	70.5011	57	421	
2.75	3	1	19	5	3	126	47054	126	47054	0.003	0	0.003	0.003	373.444	42.9123	93	389	
2.75	3	1	20	1	3	128	47058	128	47058	0.003	0	0.003	0.003	367.641	50.5933	49	421	
3	3.25	4	1	5	3	148	37064	147	37071	0.003	0	0.003	0.003	252.184	81.365	49	317	
3	3.25	4	2	3	3	165	37027	165	37111	0.003	0	0.003	0.003	224.915	102.077	26	325	
3	3.25	4	3	2	3	153	37025	152	36924	0.003	0	0.003	0.003	242.921	87.9084	49	317	
3	3.25	4	4	1	3	140	37132	140	37076	0.003	0	0.003	0.003	264.829	72.4318	49	317	
3	3.25	4	5	4	3	131	37215	131	37215	0.003	0	0.003	0.003	284.084	46.2783	73	373	
3	3.25	2	6	4	3	134	48234	134	48346	0.003	0	0.003	0.003	360.791	79.4754	113	453	
3	3.25	2	7	5	3	136	48009	136	47985	0.003	0	0.003	0.003	352.831	85.8781	32	421	
3	3.25	2	8	2	3	148	47932	147	47815	0.003	0	0.003	0.003	325.272	103.489	57	421	
3	3.25	2	9	3	3	141	48000	140	47963	0.003	0	0.003	0.003	342.593	96.3638	32	437	
3	3.25	2	10	1	3	134	48329	134	48329	0.003	0	0.003	0.003	360.664	65.4889	121	485	
3	3.25	3	11	5	3	173	42931	172	42905	0.003	0	0.003	0.003	249.448	132.21	26	349	
3	3.25	3	12	3	3	128	42964	128	42964	0.003	0	0.003	0.003	335.656	52.4722	49	373	
3	3.25	3	13	1	3	130	43110	130	43110	0.003	0	0.003	0.003	331.615	55.9174	73	373	
3	3.25	3	14	4	3	132	42964	132	42964	0.003	0	0.003	0.003	325.485	65.5779	73	373	
3	3.25	3	15	2	3	133	42829	133	42933	0.003	0	0.003	0.003	322.805	78.118	93	389	
3	3.25	1	16	3	3	132	47116	132	47116	0.003	0	0.003	0.003	356.939	69.6775	73	453	
3	3.25	1	17	2	3	132	47052	132	47012	0.003	0	0.003	0.003	356.152	78.1103	32	389	
3	3.25	1	18	4	3	132	46996	132	47060	0.003	0	0.003	0.003	356.515	71.8421	57	421	
3	3.25	1	19	5	3	130	47120	130	47120	0.003	0	0.003	0.003	362.462	64.1238	93	389	
3	3.25	1	20	1	3	129	47005	129	47005	0.003	0	0.003	0.003	364.38	57.6204	49	421	
3.25	3.5	4	1	5	3	149	36945	150	36994	0.003	0	0.003	0.003	246.627	89.1976	49	317	
3.25	3.5	4	2	3	3	177	37061	177	37009	0.003	0	0.003	0.003	209.09	111.547	26	325	
3.25	3.5	4	3	2	3	145	37187	146	37232	0.003	0	0.003	0.003	255.014	83.6948	49	317	
3.25	3.5	4	4	1	3	133	37101	133	37101	0.003	0	0.003	0.003	278.955	60.9175	49	317	
3.25	3.5	4	5	4	3	128	37144	128	37144	0.003	0	0.003	0.003	290.187	43.1817	73	373	
3.25	3.5	2	6	4	3	132	50912	132	50800	0.003	0	0.003	0.003	384.848	84.6603	113	453	
3.25	3.5	2	7	5	3	147	51019	147	51019	0.003	0	0.003	0.003	347.068	113.169	49	469	
3.25	3.5	2	8	2	3	177	51141	177	51205	0.003	0	0.003	0.003	289.294	120.139	57	469	
3.25	3.5	2	9	3	3	166	51047	167	51036	0.003	0	0.003	0.003	305.605	140.838	32	469	
3.25	3.5	2	10	1	3	131	50867	131	50867	0.003	0	0.003	0.003	388.298	71.6358	121	485	
3.25	3.5	3	11	5	3	179	42922	179	42898	0.003	0	0.003	0.003	239.654	131.303	26	373	
3.25	3.5	3	12	3	3	132	42932	132	42988	0.003	0	0.003	0.003	325.667	68.2701	49	373	
3.25	3.5	3	13	1	3	141	42825	141	42825	0.003	0	0.003	0.003	303.723	79.2108	73	373	
3.25	3.5	3	14	4	3	135	42971	135	42971	0.003	0	0.003	0.003	318.304	69.6821	73	373	
3.25	3.5	3	15	2	3	134	43138	134	43138	0.003	0	0.003	0.003	321.925	74.7059	93	389	
3.25	3.5	1	16	3	3	139	47007	138	46934	0.003	0	0.003	0.003	340.101	81.0299	73	453	
3.25	3.5	1	17	2	3	143	46783	143	46895	0.003	0	0.003	0.003	327.937	96.5362	32	437	
3.25	3.5	1	18	4	3	144	47060	144	46996	0.003	0	0.003	0.003	326.361	88.9839	57	421	
3.25	3.5	1	19	5	3	137	47040	137	47040	0.003	0	0.003	0.003	343.358	76.2492	93	389	
3.25	3.5	1	20	1	3	143	47207	143	47159	0.003	0	0.003	0.003	329.783	89.2185	49	421	
3.5	3.75	4	1	5	3	148	37276	147	37175	0.003	0	0.003	0.003	252.891	84.5318	49	317	
3.5	3.75	4	2	3	3	182	37041	182	37065	0.003	0	0.003	0.003	203.654	111.945	24	325	
3.5	3.75	4	3	2	3	134	37041	134	37097	0.003	0	0.003	0.003	276.843	63.0492	49	317	
3.5	3.75	4	4	1	3	134	37098	134	37098	0.003	0	0.003	0.003	276.851	65.0079	49	317	
3.5	3.75	4	5	4	3	129	36985	129	36985	0.003	0	0.003	0.003	286.705	46.9861	73	373	
3.5	3.75	2	6	4	3	129	51029	129	51029	0.003	0	0.003	0.003	395.574	74.7058	113	453	
3.5	3.75	2	7	5	3	154	51144	154	51144	0.00304545	0.000564076	0.003	0.01	332.104	115.801	49	533	
3.5	3.75	2	8	2	3	147	50815	148	50804	0.003	0	0.003	0.003	343.27	112.938	57	469	
3.5	3.75	2	9	3	3	190	50946	189	50959	0.003	0	0.003	0.003	269.624	140.673	32	437	
3.5	3.75	2	10	1	3	130	51006	130	51006	0.003	0	0.003	0.003	392.354	73.4865	121	485	
3.5	3.75	3	11	5	3	164	42898	164	42927	0.003	0	0.003	0.003	261.75	130.896	26	349	
3.5	3.75	3	12	3	3	130	43170	130	43114	0.003	0	0.003	0.003	331.646	55.0902	49	373	
3.5	3.75	3	13	1	3	131	43031	131	42959	0.003	0	0.003	0.003	327.931	66.1817	73	373	
3.5	3.75	3	14	4	3	127	42955	127	43027	0.003	0	0.003	0.003	338.795	48.8749	73	373	
3.5	3.75	3	15	2	3	133	42829	133	42829	0.003	0	0.003	0.003	322.023	77.9707	93	389	
3.5	3.75	1	16	3	3	130	46918	131	46991	0.003	0	0.003	0.003	358.71	69.1594	73	453	
3.5	3.75	1	17	2	3	178	47093	178	47021	0.003	0	0.003	0.003	264.163	131.088	32	437	
3.5	3.75	1	18	4	3	135	46975	135	46975	0.003	0	0.003	0.003	347.963	83.4366	57	421	
3.5	3.75	1	19	5	3	137	47029	137	47029	0.003	0	0.003	0.003	343.277	84.2919	93	485	
3.5	3.75	1	20	1	3	148	46751	148	46799	0.003	0	0.003	0.003	316.209	107.533	49	421	
3.75	4	4	1	5	3	143	37097	144	37142	0.003	0	0.003	0.003	257.931	80.8192	49	317	
3.75	4	4	2	3	3	176	37070	176	37046	0.003	0	0.003	0.003	210.489	110.188	26	325	
3.75	4	4	3	2	3	149	36953	149	36953	0.003	0	0.003	0.003	248.007	88.1361	49	317	
3.75	4	4	4	1	3	136	37084	136	37084	0.003	0	0.003	0.003	272.676	70.0308	49	317	
3.75	4	4	5	4	3	129	37220	129	37221	0.003	0	0.003	0.003	288.535	40.9836	73	373	
3.75	4	2	6	4	3	133	51023	133	51135	0.003	0	0.003	0.003	384.474	80.9609	113	453	
3.75	4	2	7	5	3	160	50839	160	50791	0.003	0	0.003	0.003	317.444	120.949	49	469	
3.75	4	2	8	2	3	144	51248	144	51248	0.003	0	0.003	0.003	355.889	105.309	57	469	
3.75	4	2	9	3	3	186	51009	186	51009	0.003	0	0.003	0.003	274.242	135.746	32	437	
3.75	4	2	10	1	3	129	51097	129	51097	0.003	0	0.003	0.003	396.101	69.0004	121	485	
3.75	4	3	11	5	3	168	42962	169	42959	0.003	0	0.003	0.003	254.195	132.326	26	349	
3.75	4	3	12	3	3	129	42793	129	42849	0.003	0	0.003	0.003	332.163	58.9569	49	373	
3.75	4	3	13	1	3	129	43031	129	43031	0.003	0	0.003	0.003	333.574	55.4263	73	373	
3.75	4	3	14	4	3	132	43032	132	42960	0.003	0	0.003	0.003	325.455	69.4733	73	373	
3.75	4	3	15	2	3	133	43229	133	43229	0.003	0	0.003	0.003	325.03	75.7004	93	389	
3.75	4	1	16	3	3	138	47293	138	47213	0.003	0	0.003	0.003	342.123	78.7836	73	453	
3.75	4	1	17	2	3	142	47015	142	46975	0.003	0	0.003	0.003	330.81	93.5755	32	437	
3.75	4	1	18	4	3	137	46817	137	46817	0.003	0	0.003	0.003	341.73	81.3246	57	421	
3.75	4	1	19	5	3	133	47093	133	47093	0.003	0	0.003	0.003	354.083	72.5687	93	389	
3.75	4	1	20	1	3	135	47006	135	47118	0.003	0	0.003	0.003	349.022	70.6643	49	421	
4	4.25	4	1	5	3	129	37077	129	37077	0.003	0	0.003	0.003	287.419	49.3265	49	317	
4	4.25	4	2	3	3	176	37048	176	37072	0.003	0	0.003	0.003	210.636	112.094	26	325	
4	4.25	4	3	2	3	146	37290	146	37234	0.003	0	0.003	0.003	255.027	83.1786	49	317	
4	4.25	4	4	1	3	138	36970	138	36970	0.003	0	0.003	0.003	267.899	72.8591	49	317	
4	4.25	4	5	4	3	132	37140	132	37139	0.003	0	0.003	0.003	281.356	50.1217	73	373	
4	4.25	2	6	4	3	132	51252	132	51252	0.003	0	0.003	0.003	388.273	79.1062	113	453	
4	4.25	2	7	5	3	156	50992	156	51096	0.003	0	0.003	0.003	327.538	120.35	49	469	
4	4.25	2	8	2	3	148	50768	148	50768	0.0030473	0.000575396	0.003	0.01	343.027	116.507	57	469	
4	4.25	2	9	3	3	186	51001	187	50988	0.003	0	0.003	0.003	272.663	143.577	32	437	
4	4.25	2	10	1	3	135	51267	134	51026	0.003	0	0.003	0.003	380.791	78.7639	121	485	
4	4.25	3	11	5	3	174	42902	174	42926	0.003	0	0.003	0.003	246.701	131.048	26	373	
4	4.25	3	12	3	3	127	42971	127	42971	0.003	0	0.003	0.003	338.354	43.5831	49	373	
4	4.25	3	13	1	3	138	42982	138	42982	0.003	0	0.003	0.003	311.464	71.5841	73	373	
4	4.25	3	14	4	3	138	42978	138	42978	0.003	0	0.003	0.003	311.435	72.727	73	373	
4	4.25	3	15	2	3	131	43063	131	42959	0.003	0	0.003	0.003	327.931	70.3238	93	389	
4	4.25	1	16	3	3	133	46753	133	46833	0.003	0	0.003	0.003	352.128	78.5464	73	453	
4	4.25	1	17	2	3	186	46899	186	46939	0.003	0	0.003	0.003	252.36	134.474	32	437	
4	4.25	1	18	4	3	133	46988	133	46988	0.003	0	0.003	0.003	353.293	76.4126	57	421	
4	4.25	1	19	5	3	140	46992	140	46992	0.003	0	0.003	0.003	335.657	85.4296	93	485	
4	4.25	1	20	1	3	143	47103	143	46991	0.003	0	0.003	0.003	328.608	97.9454	49	421	
4.25	4.5	4	1	5	3	131	37659	131	37683	0.003	0	0.003	0.003	287.656	59.9458	49	357	
4.25	4.5	4	2	3	3	188	37656	187	37605	0.003	0	0.003	0.003	201.096	114.584	26	325	
4.25	4.5	4	3	2	3	127	37591	127	37647	0.003	0	0.003	0.003	296.433	38.2065	49	317	
4.25	4.5	4	4	1	3	153	37632	153	37632	0.003	0	0.003	0.003	245.961	90.2769	49	317	
4.25	4.5	4	5	4	3	127	37675	127	37675	0.003	0	0.003	0.003	296.654	33.2189	73	373	
4.25	4.5	2	6	4	3	134	51138	134	51026	0.003	0	0.003	0.003	380.791	88.1493	113	453	
4.25	4.5	2	7	5	3	145	51112	144	50955	0.003	0	0.003	0.003	353.854	105.788	49	469	
4.25	4.5	2	8	2	3	160	51016	160	51080	0.003	0	0.003	0.003	319.25	118.955	57	469	
4.25	4.5	2	9	3	3	179	50988	179	51036	0.003	0	0.003	0.003	285.117	141.192	32	437	
4.25	4.5	2	10	1	3	139	50910	140	51151	0.003	0	0.003	0.003	365.364	93.0339	121	485	
4.25	4.5	3	11	5	3	165	42956	165	42932	0.003	0	0.003	0.003	260.194	131.61	26	349	
4.25	4.5	3	12	3	3	129	43012	129	42956	0.003	0	0.003	0.003	332.992	57.9548	49	373	
4.25	4.5	3	13	1	3	128	42956	128	42956	0.003	0	0.003	0.003	335.594	54.0367	73	373	
4.25	4.5	3	14	4	3	132	42960	132	43032	0.003	0	0.003	0.003	326	68.283	73	373	
4.25	4.5	3	15	2	3	136	42990	136	43094	0.003	0	0.003	0.003	316.868	83.3549	93	389	
4.25	4.5	1	16	3	3	130	46902	130	46902	0.003	0	0.003	0.003	360.785	65.3336	73	453	
4.25	4.5	1	17	2	3	193	46946	193	46946	0.003	0	0.003	0.003	243.244	139.78	32	389	
4.25	4.5	1	18	4	3	134	46970	134	46970	0.003	0	0.003	0.003	350.522	77.6772	57	421	
4.25	4.5	1	19	5	3	128	47024	128	47024	0.003	0	0.003	0.003	367.375	57.2425	93	485	
4.25	4.5	1	20	1	3	140	46944	140	46944	0.003	0	0.003	0.003	335.314	98.6575	49	421	
4.5	4.75	4	1	5	3	136	37480	136	37480	0.00315441	0.00103193	0.003	0.01	275.588	68.3356	57	357	
4.5	4.75	4	2	3	3	173	37745	174	37772	0.003	0	0.003	0.003	217.08	112.758	26	325	
4.5	4.75	4	3	2	3	139	37523	139	37467	0.003	0	0.003	0.003	269.547	78.5745	49	317	
4.5	4.75	4	4	1	3	142	37659	141	37666	0.003	0	0.003	0.003	267.135	74.6325	47	317	
4.5	4.75	4	5	4	3	128	37676	128	37676	0.003	0	0.003	0.003	294.344	36.6959	73	373	
4.5	4.75	2	6	4	3	138	51034	138	51146	0.003	0	0.003	0.003	370.623	95.4212	113	573	
4.5	4.75	2	7	5	3	145	50936	146	50989	0.003	0	0.003	0.003	349.24	109.975	49	469	
4.5	4.75	2	8	2	3	160	51048	160	50984	0.003	0	0.003	0.003	318.65	113.755	57	469	
4.5	4.75	2	9	3	3	168	51030	167	50998	0.003	0	0.003	0.003	305.377	140.833	32	469	
4.5	4.75	2	10	1	3	132	51264	132	51264	0.003	0	0.003	0.003	388.364	74.3383	121	485	
4.5	4.75	3	11	5	3	175	43807	174	43770	0.003	0	0.003	0.003	251.552	129.507	26	389	
4.5	4.75	3	12	3	3	137	43810	137	43810	0.003	0	0.003	0.003	319.781	71.7902	49	421	
4.5	4.75	3	13	1	3	137	44012	137	44012	0.003	0	0.003	0.003	321.255	70.6358	73	453	
4.5	4.75	3	14	4	3	139	43927	138	43782	0.003	0	0.003	0.003	317.261	69.9083	73	373	
4.5	4.75	3	15	2	3	131	43887	131	43783	0.003	0	0.003	0.003	334.221	71.9742	93	389	
4.5	4.75	1	16	3	3	133	46959	133	46959	0.003	0	0.003	0.003	353.075	76.5801	73	453	
4.5	4.75	1	17	2	3	187	46948	187	46908	0.003	0	0.003	0.003	250.845	135.943	32	389	
4.5	4.75	1	18	4	3	132	46924	132	46988	0.003	0	0.003	0.003	355.97	69.262	57	421	
4.5	4.75	1	19	5	3	129	47009	129	47009	0.003	0	0.003	0.003	364.411	59.8208	93	485	
4.5	4.75	1	20	1	3	149	46909	148	46916	0.003	0	0.003	0.003	317	110.031	49	421	
4.75	5	4	1	5	3	144	39852	144	39852	0.00314583	0.00100327	0.003	0.01	276.75	86.0603	57	469	
4.75	5	4	2	3	3	163	39671	163	39655	0.003	0	0.003	0.003	243.282	104.875	26	349	
4.75	5	4	3	2	3	160	39704	160	39704	0.003	0	0.003	0.003	248.15	95.9291	49	373	
4.75	5	4	4	1	3	149	39645	150	39638	0.003	0	0.003	0.003	264.253	87.893	49	373	
4.75	5	4	5	4	3	140	39731	139	39506	0.003	0	0.003	0.003	284.216	59.9572	73	373	
4.75	5	2	6	4	3	138	51138	138	51026	0.003	0	0.003	0.003	369.754	94.1011	113	453	
4.75	5	2	7	5	3	172	51154	171	51157	0.003	0	0.003	0.003	299.164	121.348	49	469	
4.75	5	2	8	2	3	148	51060	148	51060	0.0030473	0.000575396	0.003	0.01	345	116.691	57	597	
4.75	5	2	9	3	3	167	51026	168	51058	0.003	0	0.003	0.003	303.917	136.75	32	437	
4.75	5	2	10	1	3	136	50900	136	50900	0.003	0	0.003	0.003	374.265	82.7178	121	485	
4.75	5	3	11	5	3	147	48862	148	48811	0.003	0	0.003	0.003	329.804	114.401	32	437	
4.75	5	3	12	3	3	167	49195	167	49195	0.003	0	0.003	0.003	294.581	126.458	49	421	
4.75	5	3	13	1	3	160	49066	160	49066	0.003	0	0.003	0.003	306.662	108.527	73	453	
4.75	5	3	14	4	3	147	49007	148	49080	0.003	0	0.003	0.003	331.622	103.279	73	453	
4.75	5	3	15	2	3	133	49061	133	49061	0.003	0	0.003	0.003	368.88	68.5096	93	389	
4.75	5	1	16	3	3	131	46969	131	46969	0.003	0	0.003	0.003	358.542	71.6451	73	453	
4.75	5	1	17	2	3	189	46867	189	46907	0.003	0	0.003	0.003	248.185	141.378	32	389	
4.75	5	1	18	4	3	132	46996	132	46932	0.003	0	0.003	0.003	355.545	72.8236	57	421	
4.75	5	1	19	5	3	127	47027	127	47027	0.003	0	0.003	0.003	370.291	53.0585	93	485	
4.75	5	1	20	1	3	141	46933	142	46926	0.003	0	0.003	0.003	330.465	100.427	49	421	
5	5.25	4	1	5	3	148	42543	148	42543	0.0030473	0.000575396	0.003	0.01	287.453	94.5137	57	533	
5	5.25	4	2	3	3	146	42370	146	42330	0.003	0	0.003	0.003	289.932	85.1112	32	389	
5	5.25	4	3	2	3	150	42550	150	42494	0.003	0	0.003	0.003	283.293	96.1602	49	373	
5	5.25	4	4	1	3	163	42710	163	42710	0.003	0	0.003	0.003	262.025	100.929	49	373	
5	5.25	4	5	4	3	138	42552	139	42705	0.003	0	0.003	0.003	307.23	70.2756	73	373	
5	5.25	2	6	4	3	137	50901	137	50901	0.003	0	0.003	0.003	371.54	90.8831	113	453	
5	5.25	2	7	5	3	158	50938	159	50935	0.00304402	0.000555136	0.003	0.01	320.346	125.867	49	573	
5	5.25	2	8	2	3	169	51257	169	51257	0.003	0	0.003	0.003	303.296	115.702	57	469	
5	5.25	2	9	3	3	161	50987	160	50995	0.003	0	0.003	0.003	318.719	134.248	32	469	
5	5.25	2	10	1	3	132	51144	132	51144	0.003	0	0.003	0.003	387.455	76.8457	121	485	
5	5.25	3	11	5	3	136	48985	136	49033	0.003	0	0.003	0.003	360.537	101.965	32	437	
5	5.25	3	12	3	3	168	49028	168	49028	0.003	0	0.003	0.003	291.833	129.781	49	421	
5	5.25	3	13	1	3	130	49104	129	49031	0.003	0	0.003	0.003	380.085	63.7422	73	453	
5	5.25	3	14	4	3	144	49088	144	49088	0.003	0	0.003	0.003	340.889	99.0257	73	453	
5	5.25	3	15	2	3	129	49081	129	49081	0.003	0	0.003	0.003	380.473	50.9249	93	485	
5	5.25	1	16	3	3	130	47010	130	47010	0.003	0	0.003	0.003	361.615	68.5341	73	453	
5	5.25	1	17	2	3	161	47025	161	46985	0.003	0	0.003	0.003	291.832	119.365	32	437	
5	5.25	1	18	4	3	141	47157	141	47221	0.003	0	0.003	0.003	334.901	93.9369	57	421	
5	5.25	1	19	5	3	133	47053	133	47053	0.003	0	0.003	0.003	353.782	67.446	93	485	
5	5.25	1	20	1	3	137	46788	137	46788	0.003	0	0.003	0.003	341.518	79.4686	49	421	
5.25	5.5	4	1	5	3	150	42534	149	42477	0.00309396	0.000808254	0.003	0.01	285.081	91.7546	57	421	
5.25	5.5	4	2	3	3	149	42498	149	42498	0.003	0	0.003	0.003	285.221	97.2913	32	389	
5.25	5.5	4	3	2	3	138	42489	138	42545	0.003	0	0.003	0.003	308.297	76.0014	49	373	
5.25	5.5	4	4	1	3	158	42522	158	42522	0.003	0	0.003	0.003	269.127	102.155	49	373	
5.25	5.5	4	5	4	3	138	42536	138	42536	0.003	0	0.003	0.003	308.232	73.2815	71	373	
5.25	5.5	2	6	4	3	132	51031	132	51031	0.003	0	0.003	0.003	386.598	84.8384	112	453	
5.25	5.5	2	7	5	3	155	51002	155	51002	0.003	0	0.003	0.003	329.045	115.098	49	469	
5.25	5.5	2	8	2	3	146	50957	145	50964	0.003	0	0.003	0.003	351.476	105.373	57	469	
5.25	5.5	2	9	3	3	190	51003	191	50995	0.003	0	0.003	0.003	266.99	142.671	31	437	
5.25	5.5	2	10	1	3	127	51011	127	51011	0.003	0	0.003	0.003	401.661	62.1575	121	485	
5.25	5.5	3	11	5	3	130	49033	130	49033	0.003	0	0.003	0.003	377.177	75.7442	32	437	
5.25	5.5	3	12	3	3	170	49043	170	49043	0.003	0	0.003	0.003	288.488	133.329	49	421	
5.25	5.5	3	13	1	3	145	49069	146	49142	0.003	0	0.003	0.003	336.589	103.903	73	453	
5.25	5.5	3	14	4	3	127	49099	127	49019	0.003	0	0.003	0.003	385.976	52.6594	73	453	
5.25	5.5	3	15	2	3	131	49167	131	49167	0.003	0	0.003	0.003	375.321	64.5247	93	485	
5.25	5.5	1	16	3	3	129	47077	129	47077	0.003	0	0.003	0.003	364.938	53.3572	73	453	
5.25	5.5	1	17	2	3	129	47033	129	47073	0.003	0	0.003	0.003	364.907	62.632	32	389	
5.25	5.5	1	18	4	3	129	47093	129	47029	0.003	0	0.003	0.003	364.566	61.9904	57	421	
5.25	5.5	1	19	5	3	126	47054	126	47054	0.003	0	0.003	0.003	373.444	42.9123	93	389	
5.25	5.5	1	20	1	3	128	47060	128	47060	0.003	0	0.003	0.003	367.656	50.5946	49	421	
5.5	5.75	4	1	5	3	139	42107	139	41987	0.00320144	0.00117449	0.003	0.01	302.065	86.8336	49	533	
5.5	5.75	4	2	3	3	151	42091	151	42163	0.003	0	0.003	0.003	279.225	94.7133	32	389	
5.5	5.75	4	3	2	3	151	42291	151	42291	0.003	0	0.003	0.003	280.073	89.6529	49	373	
5.5	5.75	4	4	1	3	148	42107	148	42107	0.003	0	0.003	0.003	284.507	93.727	49	373	
5.5	5.75	4	5	4	3	145	41909	145	41981	0.003	0	0.003	0.003	289.524	74.67	73	373	
5.5	5.75	2	6	4	3	139	51251	138	51250	0.003	0	0.003	0.003	371.377	92.5671	113	453	
5.5	5.75	2	7	5	3	160	50988	160	50988	0.00304375	0.000553399	0.003	0.01	318.675	120.488	49	621	
5.5	5.75	2	8	2	3	153	50873	154	50866	0.00304545	0.000564076	0.003	0.01	330.299	123.781	57	597	
5.5	5.75	2	9	3	3	173	50986	173	50986	0.003	0	0.003	0.003	294.717	142.221	32	469	
5.5	5.75	2	10	1	3	135	51243	135	51243	0.003	0	0.003	0.003	379.578	76.6609	121	485	
5.5	5.75	3	11	5	3	130	49092	130	49044	0.003	0	0.003	0.003	377.262	73.4471	32	437	
5.5	5.75	3	12	3	3	168	49048	168	49048	0.003	0	0.003	0.003	291.952	133.028	49	421	
5.5	5.75	3	13	1	3	142	48866	142	48866	0.003	0	0.003	0.003	344.127	98.2654	73	453	
5.5	5.75	3	14	4	3	132	49239	132	49319	0.003	0	0.003	0.003	373.629	76.577	73	453	
5.5	5.75	3	15	2	3	135	49031	135	49031	0.003	0	0.003	0.003	363.193	77.3605	93	389	
5.5	5.75	1	16	3	3	131	47025	131	47025	0.003	0	0.003	0.003	358.969	63.9168	73	453	
5.5	5.75	1	17	2	3	130	47025	130	47025	0.003	0	0.003	0.003	361.731	68.8204	32	389	
5.5	5.75	1	18	4	3	133	47053	133	47053	0.003	0	0.003	0.003	353.782	75.913	57	421	
5.5	5.75	1	19	5	3	130	47114	130	47114	0.003	0	0.003	0.003	362.415	65.3973	93	389	
5.5	5.75	1	20	1	3	129	47060	129	47060	0.003	0	0.003	0.003	364.806	57.4639	49	421	
5.75	6	4	1	5	3	143	41507	144	41660	0.003	0	0.003	0.003	289.306	84.418	49	373	
5.75	6	4	2	3	3	151	41650	151	41578	0.003	0	0.003	0.003	275.351	94.9392	32	349	
5.75	6	4	3	2	3	150	41630	150	41630	0.003	0	0.003	0.003	277.533	86.1959	49	373	
5.75	6	4	4	1	3	142	41668	141	41619	0.003	0	0.003	0.003	295.17	75.1226	49	373	
5.75	6	4	5	4	3	148	41856	148	41856	0.003	0	0.003	0.003	282.811	75.4175	73	373	
5.75	6	2	6	4	3	128	51028	129	51141	0.003	0	0.003	0.003	396.442	74.7174	113	453	
5.75	6	2	7	5	3	169	51213	169	51213	0.00304142	0.000538462	0.003	0.01	303.036	122.72	49	533	
5.75	6	2	8	2	3	142	50938	142	51002	0.003	0	0.003	0.003	359.169	107.62	57	469	
5.75	6	2	9	3	3	191	50850	190	50775	0.003	0	0.003	0.003	267.237	132.34	32	437	
5.75	6	2	10	1	3	128	51120	128	51120	0.003	0	0.003	0.003	399.375	65.0222	121	485	
5.75	6	3	11	5	3	131	48988	131	49076	0.003	0	0.003	0.003	374.626	79.1388	32	437	
5.75	6	3	12	3	3	169	49051	168	49006	0.003	0	0.003	0.003	291.702	134.072	49	421	
5.75	6	3	13	1	3	142	49253	142	49253	0.003	0	0.003	0.003	346.852	93.3901	73	453	
5.75	6	3	14	4	3	130	48942	129	48869	0.003	0	0.003	0.003	378.829	64.4961	73	453	
5.75	6	3	15	2	3	135	49123	135	49123	0.003	0	0.003	0.003	363.874	80.7734	93	485	
5.75	6	1	16	3	3	132	47088	132	47088	0.003	0	0.003	0.003	356.727	65.0378	73	453	
5.75	6	1	17	2	3	129	47033	129	47033	0.003	0	0.003	0.003	364.597	62.6108	32	389	
5.75	6	1	18	4	3	132	47060	132	47060	0.003	0	0.003	0.003	356.515	71.8421	57	421	
5.75	6	1	19	5	3	125	47169	125	47169	0.003	0	0.003	0.003	377.352	32.9301	285	389	
5.75	6	1	20	1	3	129	46999	129	46999	0.003	0	0.003	0.003	364.333	55.693	49	421	
6	6.25	4	1	5	3	149	41808	149	41808	0.003	0	0.003	0.003	280.591	86.7958	49	373	
6	6.25	4	2	3	3	150	41821	150	41821	0.003	0	0.003	0.003	278.807	89.909	32	389	
6	6.25	4	3	2	3	134	41506	134	41562	0.003	0	0.003	0.003	310.164	64.8289	49	373	
6	6.25	4	4	1	3	155	41499	156	41492	0.003	0	0.003	0.003	265.974	97.385	49	373	
6	6.25	4	5	4	3	149	41549	148	41476	0.003	0	0.003	0.003	280.243	79.5844	73	373	
6	6.25	2	6	4	3	134	50906	134	50906	0.003	0	0.003	0.003	379.896	88.0566	113	453	
6	6.25	2	7	5	3	155	51023	154	51026	0.003	0	0.003	0.003	331.338	119	49	469	
6	6.25	2	8	2	3	159	51275	159	51211	0.003	0	0.003	0.003	322.082	122.637	57	469	
6	6.25	2	9	3	3	171	50993	172	51068	0.003	0	0.003	0.003	296.907	141.909	32	437	
6	6.25	2	10	1	3	137	51121	137	51009	0.003	0	0.003	0.003	372.328	83.9602	121	485	
6	6.25	3	11	5	3	131	49041	131	49041	0.003	0	0.003	0.003	374.359	80.6667	32	437	
6	6.25	3	12	3	3	169	49053	169	49053	0.003	0	0.003	0.003	290.254	133.95	49	421	
6	6.25	3	13	1	3	144	49084	144	49084	0.003	0	0.003	0.003	340.861	97.7846	73	453	
6	6.25	3	14	4	3	128	49020	129	49093	0.003	0	0.003	0.003	380.566	65.4661	73	453	
6	6.25	3	15	2	3	134	49148	134	49052	0.003	0	0.003	0.003	366.06	74.5762	93	389	
6	6.25	1	16	3	3	130	47094	130	47094	0.003	0	0.003	0.003	362.262	60.755	73	453	
6	6.25	1	17	2	3	128	47041	128	47041	0.003	0	0.003	0.003	367.508	55.4454	32	389	
6	6.25	1	18	4	3	130	47082	130	47082	0.003	0	0.003	0.003	362.169	65.7389	57	421	
6	6.25	1	19	5	3	126	47054	126	47054	0.003	0	0.003	0.003	373.444	42.9123	93	389	
6	6.25	1	20	1	3	128	47060	128	47060	0.003	0	0.003	0.003	367.656	50.5946	49	421	
6.25	6.5	4	1	5	3	139	41937	139	41897	0.003	0	0.003	0.003	301.417	77.2721	49	373	
6.25	6.5	4	2	3	3	150	41721	150	41721	0.003	0	0.003	0.003	278.14	94.4699	32	389	
6.25	6.5	4	3	2	3	153	41901	153	41789	0.003	0	0.003	0.003	273.131	94.4696	49	373	
6.25	6.5	4	4	1	3	147	42011	147	42067	0.003	0	0.003	0.003	286.17	92.5324	49	373	
6.25	6.5	4	5	4	3	152	42004	153	42077	0.003	0	0.003	0.003	275.013	77.62	73	373	
6.25	6.5	2	6	4	3	140	51026	140	51026	0.003	0	0.003	0.003	364.471	97.8143	111	453	
6.25	6.5	2	7	5	3	152	50980	153	50977	0.00304575	0.000565916	0.003	0.01	333.183	110.756	49	533	
6.25	6.5	2	8	2	3	142	50750	142	50750	0.00309859	0.000827796	0.003	0.01	357.394	105.253	57	597	
6.25	6.5	2	9	3	3	180	51117	179	51080	0.003	0	0.003	0.003	285.363	141.895	32	437	
6.25	6.5	2	10	1	3	131	50779	131	50891	0.003	0	0.003	0.003	388.481	74.6114	121	485	
6.25	6.5	3	11	5	3	134	49017	134	48977	0.003	0	0.003	0.003	365.5	92.6555	30	437	
6.25	6.5	3	12	3	3	167	49015	168	49060	0.003	0	0.003	0.003	292.024	134.939	49	421	
6.25	6.5	3	13	1	3	144	48924	144	48844	0.003	0	0.003	0.003	339.194	101.421	73	453	
6.25	6.5	3	14	4	3	130	49242	130	49242	0.003	0	0.003	0.003	378.785	64.2477	73	453	
6.25	6.5	3	15	2	3	134	49046	134	49142	0.003	0	0.003	0.003	366.731	76.237	93	485	
6.25	6.5	1	16	3	3	130	47090	129	47017	0.003	0	0.003	0.003	364.473	51.9576	73	453	
6.25	6.5	1	17	2	3	129	47033	129	47033	0.003	0	0.003	0.003	364.597	62.6108	32	389	
6.25	6.5	1	18	4	3	133	46996	133	47060	0.003	0	0.003	0.003	353.835	78.6891	57	421	
6.25	6.5	1	19	5	3	127	47147	127	47147	0.003	0	0.003	0.003	371.236	49.4584	93	389	
6.25	6.5	1	20	1	3	131	47047	131	47047	0.003	0	0.003	0.003	359.137	69.1972	49	421	
6.5	6.75	4	1	5	3	146	42526	146	42526	0.00309589	0.000816458	0.003	0.01	291.274	92.1299	57	533	
6.5	6.75	4	2	3	3	145	42445	145	42485	0.003	0	0.003	0.003	293	89.955	32	389	
6.5	6.75	4	3	2	3	152	42476	152	42532	0.003	0	0.003	0.003	279.816	94.2431	49	373	
6.5	6.75	4	4	1	3	144	42540	144	42484	0.003	0	0.003	0.003	295.028	86.9756	49	373	
6.5	6.75	4	5	4	3	142	42546	141	42473	0.003	0	0.003	0.003	301.227	79.7034	73	373	
6.5	6.75	2	6	4	3	130	51250	129	51137	0.003	0	0.003	0.003	396.411	70.649	113	453	
6.5	6.75	2	7	5	3	136	50768	136	50768	0.003	0	0.003	0.003	373.294	94.0022	49	469	
6.5	6.75	2	8	2	3	164	51024	164	51024	0.00304268	0.000546608	0.003	0.01	311.122	117.065	57	533	
6.5	6.75	2	9	3	3	175	50973	176	51010	0.003	0	0.003	0.003	289.83	143.662	32	437	
6.5	6.75	2	10	1	3	130	51270	130	51270	0.003	0	0.003	0.003	394.385	71.0405	121	485	
6.5	6.75	3	11	5	3	130	49025	130	49065	0.003	0	0.003	0.003	377.423	74.4084	32	437	
6.5	6.75	3	12	3	3	167	49055	167	49007	0.003	0	0.003	0.003	293.455	132.969	49	421	
6.5	6.75	3	13	1	3	129	49019	129	49099	0.003	0	0.003	0.003	380.612	66.1485	73	453	
6.5	6.75	3	14	4	3	147	49143	146	49066	0.003	0	0.003	0.003	336.068	102.344	73	453	
6.5	6.75	3	15	2	3	135	49035	135	49035	0.003	0	0.003	0.003	363.222	79.2	93	389	
6.5	6.75	1	16	3	3	129	47049	130	47122	0.003	0	0.003	0.003	362.477	60.8001	73	453	
6.5	6.75	1	17	2	3	130	47065	130	47025	0.003	0	0.003	0.003	361.731	68.8204	32	389	
6.5	6.75	1	18	4	3	132	47060	132	47060	0.003	0	0.003	0.003	356.515	71.8421	57	421	
6.5	6.75	1	19	5	3	131	47117	131	47117	0.003	0	0.003	0.003	359.672	67.1712	93	389	
6.5	6.75	1	20	1	3	126	47006	126	47006	0.003	0	0.003	0.003	373.063	31.127	49	421	
6.75	7	4	1	5	3	149	42473	149	42537	0.00309396	0.000808254	0.003	0.01	285.483	88.5803	57	469	
6.75	7	4	2	3	3	152	42697	152	42657	0.003	0	0.003	0.003	280.638	97.1298	32	389	
6.75	7	4	3	2	3	152	42517	152	42517	0.003	0	0.003	0.003	279.717	94.0985	49	373	
6.75	7	4	4	1	3	148	42344	148	42400	0.003	0	0.003	0.003	286.486	92.1144	49	373	
6.75	7	4	5	4	3	144	42488	144	42412	0.003	0	0.003	0.003	294.528	74.2658	73	373	
6.75	7	2	6	4	3	137	51024	138	51137	0.003	0	0.003	0.003	370.558	94.3363	113	453	
6.75	7	2	7	5	3	162	51090	161	51093	0.003	0	0.003	0.003	317.348	115.439	49	469	
6.75	7	2	8	2	3	143	51226	143	51226	0.003	0	0.003	0.003	358.224	105.585	57	469	
6.75	7	2	9	3	3	184	50824	184	50824	0.003	0	0.003	0.003	276.217	136.88	32	469	
6.75	7	2	10	1	3	129	51115	129	51003	0.003	0	0.003	0.003	395.372	66.7747	121	485	
6.75	7	3	11	5	3	132	49055	132	49015	0.003	0	0.003	0.003	371.326	86.2774	32	437	
6.75	7	3	12	3	3	170	49016	170	49064	0.003	0	0.003	0.003	288.612	129.088	49	421	
6.75	7	3	13	1	3	130	49088	130	49088	0.003	0	0.003	0.003	377.6	68.3233	73	453	
6.75	7	3	14	4	3	146	49066	146	49070	0.003	0	0.003	0.003	336.096	101.181	73	453	
6.75	7	3	15	2	3	127	49099	127	49099	0.003	0	0.003	0.003	386.606	40.0548	93	485	
6.75	7	1	16	3	3	131	47099	131	47019	0.003	0	0.003	0.003	358.924	63.2054	73	453	
6.75	7	1	17	2	3	130	47023	130	47023	0.003	0	0.003	0.003	361.715	68.8235	32	389	
6.75	7	1	18	4	3	131	47071	131	47071	0.003	0	0.003	0.003	359.321	68.94	57	421	
6.75	7	1	19	5	3	126	47054	126	47158	0.003	0	0.003	0.003	374.27	42.1916	93	389	
6.75	7	1	20	1	3	129	47041	129	47041	0.003	0	0.003	0.003	364.659	56.2828	49	421	
7	7.25	4	1	5	3	145	42553	145	42489	0.00309655	0.000819249	0.003	0.01	293.028	90.3555	57	469	
7	7.25	4	2	3	3	148	42338	148	42338	0.003	0	0.003	0.003	286.068	90.6313	32	389	
7	7.25	4	3	2	3	147	42666	147	42666	0.003	0	0.003	0.003	290.245	89.5372	49	373	
7	7.25	4	4	1	3	153	42529	153	42529	0.003	0	0.003	0.003	277.967	87.8743	49	373	
7	7.25	4	5	4	3	144	42627	144	42703	0.003	0	0.003	0.003	296.549	79.0713	73	373	
7	7.25	2	6	4	3	136	50908	136	50908	0.003	0	0.003	0.003	374.324	92.7704	113	453	
7	7.25	2	7	5	3	154	51162	155	51207	0.003	0	0.003	0.003	330.368	122.751	49	469	
7	7.25	2	8	2	3	145	51053	145	51053	0.003	0	0.003	0.003	352.09	110.193	57	469	
7	7.25	2	9	3	3	182	51033	182	51033	0.003	0	0.003	0.003	280.401	142.005	32	437	
7	7.25	2	10	1	3	143	51047	142	50918	0.003	0	0.003	0.003	358.577	88.8929	121	485	
7	7.25	3	11	5	3	132	49009	132	49009	0.003	0	0.003	0.003	371.28	85.1535	32	437	
7	7.25	3	12	3	3	171	49051	171	49003	0.003	0	0.003	0.003	286.567	134.757	49	421	
7	7.25	3	13	1	3	125	49105	125	49105	0.003	0	0.003	0.003	392.84	34.6872	373	453	
7	7.25	3	14	4	3	146	49057	146	49057	0.003	0	0.003	0.003	336.007	104.631	73	453	
7	7.25	3	15	2	3	131	49071	131	49175	0.003	0	0.003	0.003	375.382	63.3326	93	485	
7	7.25	1	16	3	3	133	47031	133	47111	0.003	0	0.003	0.003	354.218	75.5264	73	453	
7	7.25	1	17	2	3	129	47033	129	47033	0.003	0	0.003	0.003	364.597	62.6108	32	389	
7	7.25	1	18	4	3	133	47049	133	47049	0.003	0	0.003	0.003	353.752	74.486	57	421	
7	7.25	1	19	5	3	130	47122	130	47018	0.003	0	0.003	0.003	361.677	64.4445	93	389	
7	7.25	1	20	1	3	127	47059	127	47059	0.003	0	0.003	0.003	370.543	42.2871	49	421	
7.25	7.5	4	1	5	3	146	42603	146	42603	0.003	0	0.003	0.003	291.801	87.5715	57	357	
7.25	7.5	4	2	3	3	138	42555	138	42555	0.003	0	0.003	0.003	308.37	76.2392	32	389	
7.25	7.5	4	3	2	3	151	42599	150	42550	0.003	0	0.003	0.003	283.667	94.5706	49	373	
7.25	7.5	4	4	1	3	142	42562	142	42562	0.003	0	0.003	0.003	299.732	85.3972	49	373	
7.25	7.5	4	5	4	3	146	42554	147	42627	0.003	0	0.003	0.003	289.98	88.3711	73	373	
7.25	7.5	2	6	4	3	136	51364	136	51252	0.003	0	0.003	0.003	376.853	91.2341	113	453	
7.25	7.5	2	7	5	3	162	50834	162	50786	0.00304321	0.000549972	0.003	0.01	313.494	129.226	49	621	
7.25	7.5	2	8	2	3	159	51087	158	51030	0.003	0	0.003	0.003	322.975	110.231	57	469	
7.25	7.5	2	9	3	3	158	51105	157	51142	0.003	0	0.003	0.003	325.745	131.574	32	437	
7.25	7.5	2	10	1	3	138	51094	139	51335	0.003	0	0.003	0.003	369.317	83.0506	121	485	
7.25	7.5	3	11	5	3	139	48995	139	48995	0.00305036	0.000593732	0.003	0.01	352.482	99.2178	32	597	
7.25	7.5	3	12	3	3	173	48988	173	49036	0.003	0	0.003	0.003	283.445	132.836	49	421	
7.25	7.5	3	13	1	3	137	49085	137	49005	0.003	0	0.003	0.003	357.701	85.3242	73	453	
7.25	7.5	3	14	4	3	146	49014	147	49087	0.003	0	0.003	0.003	333.925	105.071	73	453	
7.25	7.5	3	15	2	3	132	49140	132	49036	0.003	0	0.003	0.003	371.485	66.4117	93	485	
7.25	7.5	1	16	3	3	130	47022	130	47022	0.003	0	0.003	0.003	361.708	55.6076	73	453	
7.25	7.5	1	17	2	3	129	47036	129	47036	0.003	0	0.003	0.003	364.62	61.1011	32	389	
7.25	7.5	1	18	4	3	129	47085	129	47085	0.003	0	0.003	0.003	365	58.5299	57	421	
7.25	7.5	1	19	5	3	126	47154	126	47154	0.003	0	0.003	0.003	374.238	38.3682	193	389	
7.25	7.5	1	20	1	3	127	47059	127	47059	0.003	0	0.003	0.003	370.543	42.2871	49	421	
7.5	7.75	4	1	5	3	149	42407	149	42407	0.00318792	0.00113524	0.003	0.01	284.611	94.1757	57	469	
7.5	7.75	4	2	3	3	151	42473	151	42473	0.003	0	0.003	0.003	281.278	91.6846	32	389	
7.5	7.75	4	3	2	3	150	42268	151	42261	0.003	0	0.003	0.003	279.874	96.6585	49	373	
7.5	7.75	4	4	1	3	143	42599	143	42599	0.003	0	0.003	0.003	297.895	82.7028	49	373	
7.5	7.75	4	5	4	3	142	42410	142	42410	0.003	0	0.003	0.003	298.662	72.7654	73	373	
7.5	7.75	2	6	4	3	132	51028	131	51027	0.003	0	0.003	0.003	389.519	80.5739	113	453	
7.5	7.75	2	7	5	3	145	50997	145	50997	0.003	0	0.003	0.003	351.703	104.179	49	469	
7.5	7.75	2	8	2	3	155	50959	156	51016	0.003	0	0.003	0.003	327.026	118.125	57	469	
7.5	7.75	2	9	3	3	188	50987	188	50987	0.003	0	0.003	0.003	271.207	141.439	32	437	
7.5	7.75	2	10	1	3	131	51159	131	51047	0.003	0	0.003	0.003	389.672	76.3879	121	485	
7.5	7.75	3	11	5	3	132	49065	132	49065	0.003	0	0.003	0.003	371.705	86.4563	32	437	
7.5	7.75	3	12	3	3	166	49034	166	49034	0.003	0	0.003	0.003	295.386	128.726	49	421	
7.5	7.75	3	13	1	3	130	49110	130	49110	0.003	0	0.003	0.003	377.769	67.6573	73	453	
7.5	7.75	3	14	4	3	146	49070	146	49070	0.003	0	0.003	0.003	336.096	101.181	73	453	
7.5	7.75	3	15	2	3	133	49040	133	49040	0.003	0	0.003	0.003	368.722	68.6422	93	485	
7.5	7.75	1	16	3	3	133	47009	133	47081	0.003	0	0.003	0.003	353.992	77.153	73	453	
7.5	7.75	1	17	2	3	184	46950	183	46945	0.003	0	0.003	0.003	256.53	122.778	32	437	
7.5	7.75	1	18	4	3	138	46798	138	46798	0.003	0	0.003	0.003	339.116	84.1829	57	421	
7.5	7.75	1	19	5	3	133	47177	132	47088	0.003	0	0.003	0.003	356.727	65.6527	93	485	
7.5	7.75	1	20	1	3	143	47130	143	47130	0.003	0	0.003	0.003	329.58	94.4592	49	421	
7.75	8	4	1	5	3	147	42103	147	42143	0.00304762	0.00057735	0.003	0.01	286.687	85.7265	49	373	
7.75	8	4	2	3	3	149	42368	149	42408	0.003	0	0.003	0.003	284.617	93.8846	32	389	
7.75	8	4	3	2	3	158	42245	158	42301	0.003	0	0.003	0.003	267.728	97.9578	49	373	
7.75	8	4	4	1	3	148	42296	147	42195	0.003	0	0.003	0.003	287.041	92.6059	49	373	
7.75	8	4	5	4	3	147	42353	147	42353	0.003	0	0.003	0.003	288.116	73.6434	73	373	
7.75	8	2	6	4	3	136	50682	137	50683	0.003	0	0.003	0.003	369.949	90.3357	113	453	
7.75	8	2	7	5	3	160	50987	160	50987	0.003	0	0.003	0.003	318.669	120.301	49	469	
7.75	8	2	8	2	3	147	50599	147	50599	0.00304762	0.00057735	0.003	0.01	344.211	112.404	57	597	
7.75	8	2	9	3	3	171	50823	171	50829	0.003	0	0.003	0.003	297.246	140.568	32	469	
7.75	8	2	10	1	3	138	50786	138	50818	0.003	0	0.003	0.003	368.246	87.4282	113	485	
7.75	8	3	11	5	3	129	49009	129	49049	0.003	0	0.003	0.003	380.225	68.5833	32	437	
7.75	8	3	12	3	3	167	49059	166	49014	0.003	0	0.003	0.003	295.265	133.927	49	421	
7.75	8	3	13	1	3	128	49020	128	49100	0.003	0	0.003	0.003	383.594	60.0527	73	453	
7.75	8	3	14	4	3	148	49131	148	49051	0.003	0	0.003	0.003	331.426	105.279	73	453	
7.75	8	3	15	2	3	135	49135	135	49135	0.003	0	0.003	0.003	363.963	77.0934	93	389	
7.75	8	1	16	3	3	133	47095	133	47023	0.003	0	0.003	0.003	353.556	72.0586	73	453	
7.75	8	1	17	2	3	137	47029	138	47034	0.003	0	0.003	0.003	340.826	92.904	32	389	
7.75	8	1	18	4	3	131	47255	131	47255	0.003	0	0.003	0.003	360.725	67.8645	57	421	
7.75	8	1	19	5	3	127	46951	128	47040	0.003	0	0.003	0.003	367.5	54.4672	93	389	
7.75	8	1	20	1	3	130	46887	130	46887	0.003	0	0.003	0.003	360.669	63.3386	49	421	
8	8.25	4	1	5	3	145	42101	145	42361	0.0031931	0.00115046	0.003	0.01	292.145	88.6017	49	469	
8	8.25	4	2	3	3	156	42104	156	42064	0.003	0	0.003	0.003	269.641	101.511	32	349	
8	8.25	4	3	2	3	141	42453	140	42244	0.003	0	0.003	0.003	301.743	81.1962	49	373	
8	8.25	4	4	1	3	147	42241	147	42293	0.003	0	0.003	0.003	287.707	90.1444	49	373	
8	8.25	4	5	4	3	151	42275	151	42203	0.003	0	0.003	0.003	279.49	82.2117	73	373	
8	8.25	2	6	4	3	136	50804	136	50916	0.003	0	0.003	0.003	374.382	88.5376	113	453	
8	8.25	2	7	5	3	148	50544	148	50592	0.003	0	0.003	0.003	341.838	109.338	49	469	
8	8.25	2	8	2	3	166	50582	166	50582	0.003	0	0.003	0.003	304.711	121.564	57	421	
8	8.25	2	9	3	3	168	50483	168	50405	0.003	0	0.003	0.003	300.03	139.758	32	437	
8	8.25	2	10	1	3	137	50685	137	50685	0.003	0	0.003	0.003	369.964	88.2463	113	453	
8	8.25	3	11	5	3	131	49057	131	49017	0.003	0	0.003	0.003	374.176	81.0804	32	437	
8	8.25	3	12	3	3	166	49034	167	49079	0.003	0	0.003	0.003	293.886	129.501	49	421	
8	8.25	3	13	1	3	130	49102	130	49102	0.003	0	0.003	0.003	377.708	71.5203	73	453	
8	8.25	3	14	4	3	147	49063	146	49070	0.003	0	0.003	0.003	336.096	101.181	73	453	
8	8.25	3	15	2	3	132	49060	132	49060	0.003	0	0.003	0.003	371.667	68.5352	93	485	
8	8.25	1	16	3	3	130	47102	130	47102	0.003	0	0.003	0.003	362.323	61.5004	73	453	
8	8.25	1	17	2	3	129	47033	129	47073	0.003	0	0.003	0.003	364.907	62.632	32	389	
8	8.25	1	18	4	3	130	47086	130	47022	0.003	0	0.003	0.003	361.708	67.1852	57	421	
8	8.25	1	19	5	3	127	47147	127	47147	0.003	0	0.003	0.003	371.236	49.4584	93	389	
8	8.25	1	20	1	3	127	47011	127	47011	0.003	0	0.003	0.003	370.165	42.0464	49	421	
8.25	8.5	4	1	5	3	146	42730	145	42377	0.00314483	0.000999856	0.003	0.01	292.255	87.4109	57	469	
8.25	8.5	4	2	3	3	144	42616	144	42656	0.003	0	0.003	0.003	296.222	88.738	32	389	
8.25	8.5	4	3	2	3	152	42476	153	42685	0.003	0	0.003	0.003	278.987	95.2096	49	373	
8.25	8.5	4	4	1	3	155	42280	156	42329	0.003	0	0.003	0.003	271.34	98.7195	49	373	
8.25	8.5	4	5	4	3	142	42330	142	42330	0.003	0	0.003	0.003	298.099	79.4465	73	373	
8.25	8.5	2	6	4	3	130	50581	130	50469	0.003	0	0.003	0.003	388.223	78.027	113	453	
8.25	8.5	2	7	5	3	142	50530	142	50482	0.00304929	0.000587427	0.003	0.01	355.507	111.668	49	621	
8.25	8.5	2	8	2	3	152	50544	152	50544	0.00304605	0.000567775	0.003	0.01	332.526	119.314	57	597	
8.25	8.5	2	9	3	3	183	50485	184	50560	0.003	0	0.003	0.003	274.783	142.514	32	437	
8.25	8.5	2	10	1	3	125	50577	125	50577	0.003	0	0.003	0.003	404.616	55.703	341	453	
8.25	8.5	3	11	5	3	132	49065	132	49017	0.003	0	0.003	0.003	371.341	86.2804	32	437	
8.25	8.5	3	12	3	3	168	49037	168	49037	0.003	0	0.003	0.003	291.887	131.757	47	421	
8.25	8.5	3	13	1	3	129	49093	129	49093	0.003	0	0.003	0.003	380.566	65.4661	73	453	
8.25	8.5	3	14	4	3	142	49014	143	49087	0.003	0	0.003	0.003	343.266	97.1673	73	453	
8.25	8.5	3	15	2	3	136	49112	136	49112	0.003	0	0.003	0.003	361.118	79.6004	93	485	
8.25	8.5	1	16	3	3	132	47014	132	47014	0.003	0	0.003	0.003	356.167	65.1982	73	453	
8.25	8.5	1	17	2	3	129	47075	129	47035	0.003	0	0.003	0.003	364.612	60.8931	32	389	
8.25	8.5	1	18	4	3	130	47014	130	47078	0.003	0	0.003	0.003	362.138	64.0508	57	421	
8.25	8.5	1	19	5	3	125	47169	125	47169	0.003	0	0.003	0.003	377.352	32.9301	285	389	
8.25	8.5	1	20	1	3	128	47060	128	47060	0.003	0	0.003	0.003	367.656	50.5946	49	421	
8.5	8.75	4	1	5	3	146	42665	147	42718	0.003	0	0.003	0.003	290.599	92.0114	57	421	
8.5	8.75	4	2	3	3	140	42403	140	42363	0.003	0	0.003	0.003	302.593	89.5083	32	389	
8.5	8.75	4	3	2	3	151	42531	151	42531	0.003	0	0.003	0.003	281.662	96.4052	49	373	
8.5	8.75	4	4	1	3	149	42617	149	42561	0.003	0	0.003	0.003	285.644	98.3739	49	373	
8.5	8.75	4	5	4	3	149	42713	149	42785	0.003	0	0.003	0.003	287.148	85.6221	73	373	
8.5	8.75	2	6	4	3	133	50581	133	50693	0.003	0	0.003	0.003	381.15	86.1294	113	453	
8.5	8.75	2	7	5	3	147	50352	147	50352	0.003	0	0.003	0.003	342.531	119.646	47	421	
8.5	8.75	2	8	2	3	165	50693	164	50704	0.003	0	0.003	0.003	309.171	114.346	57	421	
8.5	8.75	2	9	3	3	179	50722	178	50650	0.003	0	0.003	0.003	284.551	139.394	32	469	
8.5	8.75	2	10	1	3	129	50353	129	50465	0.003	0	0.003	0.003	391.202	75.8666	113	453	
8.5	8.75	3	11	5	3	136	48980	136	49068	0.003	0	0.003	0.003	360.794	100.841	32	437	
8.5	8.75	3	12	3	3	166	49048	166	49000	0.003	0	0.003	0.003	295.181	131.998	49	421	
8.5	8.75	3	13	1	3	137	49287	137	49207	0.003	0	0.003	0.003	359.175	86.8824	73	453	
8.5	8.75	3	14	4	3	138	48898	138	48898	0.003	0	0.003	0.003	354.333	90.9028	73	453	
8.5	8.75	3	15	2	3	133	49049	132	49052	0.003	0	0.003	0.003	371.606	64.101	93	485	
8.5	8.75	1	16	3	3	130	47098	130	47098	0.003	0	0.003	0.003	362.292	58.5091	73	453	
8.5	8.75	1	17	2	3	129	47035	129	47035	0.003	0	0.003	0.003	364.612	61.0981	32	389	
8.5	8.75	1	18	4	3	130	47078	130	47078	0.003	0	0.003	0.003	362.138	64.0508	57	421	
8.5	8.75	1	19	5	3	127	47051	127	47051	0.003	0	0.003	0.003	370.48	48.3001	93	389	
8.5	8.75	1	20	1	3	128	47060	128	47060	0.003	0	0.003	0.003	367.656	50.5946	49	421	
8.75	9	4	1	5	3	149	42517	149	42517	0.00314094	0.000986532	0.003	0.01	285.349	97.7708	57	533	
8.75	9	4	2	3	3	145	42663	145	42663	0.003	0	0.003	0.003	294.228	87.1625	32	389	
8.75	9	4	3	2	3	140	42356	140	42412	0.003	0	0.003	0.003	302.943	87.7491	49	373	
8.75	9	4	4	1	3	145	42477	145	42477	0.003	0	0.003	0.003	292.945	90.1135	49	373	
8.75	9	4	5	4	3	144	42404	143	42331	0.003	0	0.003	0.003	296.021	80.1101	73	373	
8.75	9	2	6	4	3	135	50459	135	50347	0.003	0	0.003	0.003	372.941	87.3285	113	453	
8.75	9	2	7	5	3	143	50519	143	50519	0.0030979	0.000824917	0.003	0.01	353.28	111.079	49	573	
8.75	9	2	8	2	3	155	50579	155	50575	0.003	0	0.003	0.003	326.29	118.249	57	469	
8.75	9	2	9	3	3	184	50529	185	50561	0.003	0	0.003	0.003	273.303	148.011	31	437	
8.75	9	2	10	1	3	141	50569	141	50569	0.003	0	0.003	0.003	358.645	95.4784	113	453	
8.75	9	3	11	5	3	130	49041	130	49041	0.003	0	0.003	0.003	377.238	75.9534	32	437	
8.75	9	3	12	3	3	168	49036	167	49039	0.003	0	0.003	0.003	293.647	131.003	49	421	
8.75	9	3	13	1	3	146	49070	146	49070	0.003	0	0.003	0.003	336.096	103.9	73	453	
8.75	9	3	14	4	3	129	49085	129	49085	0.003	0	0.003	0.003	380.504	64.7785	73	453	
8.75	9	3	15	2	3	132	49172	133	49169	0.003	0	0.003	0.003	369.692	70.1626	93	485	
8.75	9	1	16	3	3	130	47122	130	47122	0.003	0	0.003	0.003	362.477	60.8001	73	453	
8.75	9	1	17	2	3	130	47034	130	47034	0.003	0	0.003	0.003	361.8	64.466	32	389	
8.75	9	1	18	4	3	130	47078	130	47078	0.003	0	0.003	0.003	362.138	64.0508	57	421	
8.75	9	1	19	5	3	130	47116	130	47116	0.003	0	0.003	0.003	362.431	61.7729	93	389	
8.75	9	1	20	1	3	127	47008	127	47008	0.003	0	0.003	0.003	370.142	42.0453	49	421	
9	9.25	4	1	5	3	151	42507	151	42571	0.00304636	0.000569652	0.003	0.01	281.927	93.9372	57	421	
9	9.25	4	2	3	3	145	42356	145	42356	0.003	0	0.003	0.003	292.11	96.0815	32	389	
9	9.25	4	3	2	3	144	42592	144	42480	0.003	0	0.003	0.003	295	87.8333	49	373	
9	9.25	4	4	1	3	147	42691	147	42747	0.003	0	0.003	0.003	290.796	96.9205	49	373	
9	9.25	4	5	4	3	149	42705	150	42706	0.003	0	0.003	0.003	284.707	86.9221	73	373	
9	9.25	2	6	4	3	134	50576	134	50576	0.003	0	0.003	0.003	377.433	87.4698	113	453	
9	9.25	2	7	5	3	141	50716	141	50716	0.003	0	0.003	0.003	359.688	104.022	49	469	
9	9.25	2	8	2	3	163	50407	164	50400	0.003	0	0.003	0.003	307.317	120.352	57	469	
9	9.25	2	9	3	3	174	50494	173	50497	0.003	0	0.003	0.003	291.89	141.808	32	437	
9	9.25	2	10	1	3	142	50790	142	50790	0.003	0	0.003	0.003	357.676	94.8704	113	453	
9	9.25	3	11	5	3	133	49037	133	48997	0.003	0	0.003	0.003	368.398	89.7626	32	437	
9	9.25	3	12	3	3	169	49013	170	49058	0.003	0	0.003	0.003	288.576	135.226	49	421	
9	9.25	3	13	1	3	148	49050	147	49057	0.003	0	0.003	0.003	333.721	103.855	73	453	
9	9.25	3	14	4	3	127	49107	127	49107	0.003	0	0.003	0.003	386.669	53.825	73	453	
9	9.25	3	15	2	3	132	49064	132	49064	0.003	0	0.003	0.003	371.697	65.209	93	389	
9	9.25	1	16	3	3	129	47017	129	47017	0.003	0	0.003	0.003	364.473	51.9576	73	453	
9	9.25	1	17	2	3	130	47023	130	47023	0.003	0	0.003	0.003	361.715	68.8235	32	389	
9	9.25	1	18	4	3	130	47078	130	47078	0.003	0	0.003	0.003	362.138	64.0508	57	421	
9	9.25	1	19	5	3	126	47158	126	47158	0.003	0	0.003	0.003	374.27	42.1916	93	389	
9	9.25	1	20	1	3	130	47050	130	47050	0.003	0	0.003	0.003	361.923	61.9908	49	421	
9.25	9.5	4	1	5	3	151	42579	150	42402	0.003	0	0.003	0.003	282.68	92.3062	57	421	
9.25	9.5	4	2	3	3	145	42712	145	42712	0.003	0	0.003	0.003	294.566	91.7291	32	389	
9.25	9.5	4	3	2	3	150	42530	150	42642	0.003	0	0.003	0.003	284.28	94.7787	49	373	
9.25	9.5	4	4	1	3	146	42366	146	42366	0.003	0	0.003	0.003	290.178	95.9852	49	373	
9.25	9.5	4	5	4	3	143	42551	143	42623	0.003	0	0.003	0.003	298.063	80.6396	73	373	
9.25	9.5	2	6	4	3	137	50801	137	50801	0.003	0	0.003	0.003	370.81	89.5203	113	453	
9.25	9.5	2	7	5	3	154	50338	154	50386	0.00304545	0.000564076	0.003	0.01	327.182	120.352	49	621	
9.25	9.5	2	8	2	3	150	50550	150	50550	0.00304667	0.000571548	0.003	0.01	337	109.887	57	469	
9.25	9.5	2	9	3	3	183	50535	183	50537	0.003	0	0.003	0.003	276.158	147.177	32	437	
9.25	9.5	2	10	1	3	150	50666	150	50554	0.003	0	0.003	0.003	337.027	102.76	113	453	
9.25	9.5	3	11	5	3	131	49041	131	49041	0.003	0	0.003	0.003	374.359	81.6674	32	437	
9.25	9.5	3	12	3	3	170	49078	169	49029	0.003	0	0.003	0.003	290.112	130.502	49	421	
9.25	9.5	3	13	1	3	144	49088	145	49081	0.003	0	0.003	0.003	338.49	101.147	73	453	
9.25	9.5	3	14	4	3	129	49101	129	49101	0.003	0	0.003	0.003	380.628	66.1465	73	453	
9.25	9.5	3	15	2	3	131	49063	131	49167	0.003	0	0.003	0.003	375.321	64.5247	93	485	
9.25	9.5	1	16	3	3	133	47081	133	47081	0.003	0	0.003	0.003	353.992	73.1067	73	453	
9.25	9.5	1	17	2	3	132	47015	132	47055	0.003	0	0.003	0.003	356.477	76.8272	32	389	
9.25	9.5	1	18	4	3	130	47074	130	47010	0.003	0	0.003	0.003	361.615	62.1006	57	421	
9.25	9.5	1	19	5	3	127	47048	127	47048	0.003	0	0.003	0.003	370.457	48.2914	93	389	
9.25	9.5	1	20	1	3	130	47050	130	47050	0.003	0	0.003	0.003	361.923	61.9908	49	421	
9.5	9.75	4	1	5	3	154	42446	154	42566	0.00304545	0.000564076	0.003	0.01	276.403	102.432	57	469	
9.5	9.75	4	2	3	3	153	42535	153	42535	0.00304575	0.000565916	0.003	0.01	278.007	103.395	32	469	
9.5	9.75	4	3	2	3	151	42533	151	42477	0.003	0	0.003	0.003	281.305	99.9959	49	373	
9.5	9.75	4	4	1	3	136	42728	136	42728	0.003	0	0.003	0.003	314.176	79.2515	49	373	
9.5	9.75	4	5	4	3	151	42411	151	42339	0.003	0	0.003	0.003	280.391	87.78	73	373	
9.5	9.75	2	6	4	3	137	50581	136	50468	0.003	0	0.003	0.003	371.088	87.6234	113	453	
9.5	9.75	2	7	5	3	148	50732	147	50683	0.00304762	0.00057735	0.003	0.01	344.782	108.162	49	533	
9.5	9.75	2	8	2	3	172	50764	172	50764	0.003	0	0.003	0.003	295.14	122.482	57	421	
9.5	9.75	2	9	3	3	170	50358	171	50433	0.003	0	0.003	0.003	294.93	141.68	30	437	
9.5	9.75	2	10	1	3	137	50353	137	50353	0.003	0	0.003	0.003	367.54	95.7876	113	573	
9.5	9.75	3	11	5	3	134	49017	134	49057	0.003	0	0.003	0.003	366.097	94.5613	32	437	
9.5	9.75	3	12	3	3	171	49027	171	49031	0.003	0	0.003	0.003	286.731	131.039	49	421	
9.5	9.75	3	13	1	3	145	49057	145	49057	0.003	0	0.003	0.003	338.324	105.361	73	453	
9.5	9.75	3	14	4	3	128	49028	128	49028	0.003	0	0.003	0.003	383.031	60.4883	73	453	
9.5	9.75	3	15	2	3	131	49175	131	49071	0.003	0	0.003	0.003	374.588	63.7161	93	485	
9.5	9.75	1	16	3	3	131	47097	131	47097	0.003	0	0.003	0.003	359.519	63.7044	73	453	
9.5	9.75	1	17	2	3	130	47071	130	47031	0.003	0	0.003	0.003	361.777	65.8867	32	389	
9.5	9.75	1	18	4	3	130	47018	130	47082	0.003	0	0.003	0.003	362.169	65.7389	57	421	
9.5	9.75	1	19	5	3	128	47132	128	47132	0.003	0	0.003	0.003	368.219	52.7255	93	389	
9.5	9.75	1	20	1	3	127	47011	127	47011	0.003	0	0.003	0.003	370.165	42.0464	49	421	
9.75	10	4	1	5	3	155	42583	155	42583	0.003	0	0.003	0.003	274.729	95.3615	57	357	
9.75	10	4	2	3	3	136	42569	136	42569	0.003	0	0.003	0.003	313.007	75.9404	32	389	
9.75	10	4	3	2	3	145	42751	145	42751	0.003	0	0.003	0.003	294.834	92.8612	49	373	
9.75	10	4	4	1	3	132	42428	132	42428	0.003	0	0.003	0.003	321.424	68.3525	49	373	
9.75	10	4	5	4	3	144	42616	144	42616	0.003	0	0.003	0.003	295.944	86.0548	73	373	
9.75	10	2	6	4	3	129	47669	130	47894	0.003	0	0.003	0.003	368.415	70.3252	113	453	
9.75	10	2	7	5	3	138	47559	139	47632	0.00310072	0.000836616	0.003	0.01	342.676	105.126	32	621	
9.75	10	2	8	2	3	132	47432	132	47432	0.003	0	0.003	0.003	359.333	67.6877	57	421	
9.75	10	2	9	3	3	145	47627	144	47555	0.003	0	0.003	0.003	330.243	98.9138	32	437	
9.75	10	2	10	1	3	133	47897	133	47977	0.003	0	0.003	0.003	360.729	77.1212	113	485	
9.75	10	3	11	5	3	133	49217	133	49217	0.00305263	0.000606977	0.003	0.01	370.053	92.1318	32	517	
9.75	10	3	12	3	3	166	48816	167	48861	0.003	0	0.003	0.003	292.581	129.002	49	421	
9.75	10	3	13	1	3	140	49036	140	49116	0.003	0	0.003	0.003	350.829	93.1191	73	453	
9.75	10	3	14	4	3	137	49209	136	49060	0.003	0	0.003	0.003	360.735	85.2947	73	453	
9.75	10	3	15	2	3	133	48857	133	48857	0.003	0	0.003	0.003	367.346	71.2998	93	389	
9.75	10	1	16	3	3	131	47019	131	47019	0.003	0	0.003	0.003	358.924	63.2054	73	453	
9.75	10	1	17	2	3	128	47041	128	47041	0.003	0	0.003	0.003	367.508	55.4454	32	389	
9.75	10	1	18	4	3	131	47069	131	47069	0.003	0	0.003	0.003	359.305	68.9408	57	421	
9.75	10	1	19	5	3	126	47158	126	47158	0.003	0	0.003	0.003	374.27	42.1916	93	389	
9.75	10	1	20	1	3	128	47060	128	47060	0.003	0	0.003	0.003	367.656	50.5946	49	421	
