% start	end	CellId	IMSI	RNTI	LCID	nTxPDUs	TxBytes	nRxPDUs	RxBytes	delay	stdDev	min	max	PduSize	stdDev	min	max
0.5	0.75	4	1	3	3	120	69742	119	69169	0.00370588	0.0030763	0.003	0.017	581.252	143.453	93	1383	
0.5	0.75	4	2	1	3	133	69727	132	69242	0.00363636	0.00292729	0.003	0.017	524.561	152.726	93	1095	
0.5	0.75	4	3	2	3	111	70660	110	69821	0.003	0	0.003	0.003	634.736	159.169	277	1095	
0.5	0.75	4	4	5	3	123	69729	122	69196	0.00368852	0.00303991	0.003	0.017	567.18	124.784	73	1095	
0.5	0.75	4	5	4	3	158	69731	151	63068	0.003	0	0.003	0.003	417.669	207.073	49	839	
0.5	0.75	2	6	5	3	116	50415	115	50026	0.00373043	0.00312691	0.003	0.017	435.009	184.767	93	1095	
0.5	0.75	2	7	1	3	136	50103	130	44975	0.003	0	0.003	0.003	345.962	147.05	32	621	
0.5	0.75	2	8	2	3	114	50207	113	49818	0.00361947	0.00273639	0.003	0.017	440.867	183.128	93	1095	
0.5	0.75	2	9	4	3	119	50173	118	49832	0.00347458	0.00176728	0.003	0.01	422.305	178.423	113	1095	
0.5	0.75	2	10	3	3	131	50039	123	44069	0.003	0	0.003	0.003	358.285	135.663	32	621	
0.5	0.75	3	11	5	3	119	98601	118	98004	0.00323729	0.00127217	0.003	0.01	830.542	256.66	201	1908	
0.5	0.75	3	12	1	3	115	98957	114	98118	0.003	0	0.003	0.003	860.684	264.865	277	1908	
0.5	0.75	3	13	3	3	122	98542	121	97793	0.00328926	0.00139904	0.003	0.01	808.207	206.361	293	1692	
0.5	0.75	3	14	2	3	119	98664	118	97915	0.00323729	0.00127217	0.003	0.01	829.788	177.076	453	1692	
0.5	0.75	3	15	4	3	205	98043	201	92725	0.003	0	0.003	0.003	461.318	229.984	49	1692	
0.5	0.75	1	16	4	3	120	61148	119	60615	0.00370588	0.0030763	0.003	0.017	509.37	142.039	73	1095	
0.5	0.75	1	17	3	3	118	60770	117	60317	0.00371795	0.0031013	0.003	0.017	515.53	139.429	73	1383	
0.5	0.75	1	18	5	3	123	61075	116	55060	0.003	0	0.003	0.003	474.655	116.306	101	839	
0.5	0.75	1	19	1	3	120	60929	119	60476	0.00341176	0.00165402	0.003	0.01	508.202	170.962	145	1383	
0.5	0.75	1	20	2	3	124	60907	123	60374	0.00368293	0.00302806	0.003	0.017	490.846	158.764	73	1056	
0.75	1	4	1	3	3	128	70524	128	70524	0.003	0	0.003	0.003	550.969	74.6983	93	669	
0.75	1	4	2	1	3	140	70608	140	70520	0.003	0	0.003	0.003	503.714	136.004	93	669	
0.75	1	4	3	2	3	123	70717	123	70717	0.003	0	0.003	0.003	574.935	83.0942	549	839	
0.75	1	4	4	5	3	127	70523	127	70523	0.003	0	0.003	0.003	555.299	56.9857	149	597	
0.75	1	4	5	4	3	171	70444	171	70484	0.003	0	0.003	0.003	412.187	209.276	49	621	
0.75	1	2	6	5	3	135	49478	135	49478	0.003	0	0.003	0.003	366.504	77.9261	93	485	
0.75	1	2	7	1	3	164	49412	163	49417	0.003	0	0.003	0.003	303.172	134.853	32	469	
0.75	1	2	8	2	3	131	49703	131	49703	0.003	0	0.003	0.003	379.412	66.6706	93	485	
0.75	1	2	9	4	3	147	49579	147	49467	0.003	0	0.003	0.003	336.51	88.6006	113	453	
0.75	1	2	10	3	3	162	49443	163	49478	0.003	0	0.003	0.003	303.546	126.947	32	437	
0.75	1	3	11	5	3	138	97888	138	97678	0.003	0	0.003	0.003	707.812	161.374	199	999	
0.75	1	3	12	1	3	131	98073	131	98073	0.003	0	0.003	0.003	748.649	147.326	277	839	
0.75	1	3	13	3	3	141	97829	141	97829	0.003	0	0.003	0.003	693.823	175.906	145	903	
0.75	1	3	14	2	3	138	97886	137	97745	0.003	0	0.003	0.003	713.467	152.806	145	903	
0.75	1	3	15	4	3	178	97692	178	97782	0.003	0	0.003	0.003	549.337	274.5	49	839	
0.75	1	1	16	4	3	136	61032	136	61032	0.003	0	0.003	0.003	448.765	117.916	73	533	
0.75	1	1	17	3	3	135	61275	135	61275	0.003	0	0.003	0.003	453.889	114.523	73	533	
0.75	1	1	18	5	3	133	61313	133	61249	0.003	0	0.003	0.003	460.519	103.698	49	573	
0.75	1	1	19	1	3	127	61355	127	61355	0.003	0	0.003	0.003	483.11	70.7149	293	597	
0.75	1	1	20	2	3	138	61462	138	61542	0.003	0	0.003	0.003	445.957	117.852	73	533	
1	1.25	4	1	3	3	136	70756	135	70751	0.003	0	0.003	0.003	524.081	118.001	93	669	
1	1.25	4	2	1	3	137	70205	137	70205	0.003	0	0.003	0.003	512.445	129.733	93	669	
1	1.25	4	3	2	3	125	70691	125	70981	0.003	0	0.003	0.003	567.848	87.2779	277	839	
1	1.25	4	4	5	3	126	70474	126	70474	0.003	0	0.003	0.003	559.317	54.1106	73	597	
1	1.25	4	5	4	3	178	70498	178	70458	0.003	0	0.003	0.003	395.831	204.211	49	573	
1	1.25	2	6	5	3	135	49454	135	49454	0.003	0	0.003	0.003	366.326	77.9952	93	485	
1	1.25	2	7	1	3	174	49434	174	49392	0.003	0	0.003	0.003	283.862	139.211	32	437	
1	1.25	2	8	2	3	138	49332	138	49236	0.003	0	0.003	0.003	356.783	81.042	93	485	
1	1.25	2	9	4	3	146	49661	146	49661	0.003	0	0.003	0.003	340.144	85.5511	113	453	
1	1.25	2	10	3	3	176	49366	176	49446	0.003	0	0.003	0.003	280.943	141.711	32	437	
1	1.25	3	11	5	3	138	98016	138	98016	0.003	0	0.003	0.003	710.261	160.648	201	999	
1	1.25	3	12	1	3	134	97980	133	97721	0.003	0	0.003	0.003	734.744	151.611	277	839	
1	1.25	3	13	3	3	136	98020	136	98020	0.003	0	0.003	0.003	720.735	171.387	145	903	
1	1.25	3	14	2	3	133	97891	134	98032	0.003	0	0.003	0.003	731.582	153.419	145	903	
1	1.25	3	15	4	3	196	97830	196	97830	0.003	0	0.003	0.003	499.133	294.391	49	839	
1	1.25	1	16	4	3	152	61376	152	61456	0.003	0	0.003	0.003	404.316	145.945	73	533	
1	1.25	1	17	3	3	139	61401	138	61176	0.003	0	0.003	0.003	443.304	116.361	73	533	
1	1.25	1	18	5	3	145	60933	145	61149	0.00304827	0.000581318	0.003	0.01	421.717	131.496	49	693	
1	1.25	1	19	1	3	130	61346	130	61202	0.003	0	0.003	0.003	470.785	81.7484	145	597	
1	1.25	1	20	2	3	139	61231	139	61151	0.003	0	0.003	0.003	439.935	121.457	73	597	
1.25	1.5	4	1	3	3	141	70235	142	70240	0.003	0	0.003	0.003	494.648	141.931	93	669	
1.25	1.5	4	2	1	3	133	70757	133	70757	0.003	0	0.003	0.003	532.008	109.563	93	669	
1.25	1.5	4	3	2	3	126	70696	126	70696	0.003	0	0.003	0.003	561.079	90.9704	277	839	
1.25	1.5	4	4	5	3	128	70476	128	70476	0.003	0	0.003	0.003	550.594	71.2725	73	597	
1.25	1.5	4	5	4	3	181	70433	180	70424	0.003	0	0.003	0.003	391.244	206.994	49	621	
1.25	1.5	2	6	5	3	139	49475	139	49475	0.003	0	0.003	0.003	355.935	81.9524	93	485	
1.25	1.5	2	7	1	3	191	49411	191	49411	0.003	0	0.003	0.003	258.696	139.371	32	437	
1.25	1.5	2	8	2	3	136	49576	136	49672	0.003	0	0.003	0.003	365.235	76.307	93	485	
1.25	1.5	2	9	4	3	140	49220	140	49332	0.003	0	0.003	0.003	352.371	88.941	113	453	
1.25	1.5	2	10	3	3	161	49422	161	49342	0.003	0	0.003	0.003	306.472	131.038	32	437	
1.25	1.5	3	11	5	3	135	98035	135	98035	0.003	0	0.003	0.003	726.185	161.031	201	999	
1.25	1.5	3	12	1	3	135	97967	136	98226	0.003	0	0.003	0.003	722.25	157.817	277	839	
1.25	1.5	3	13	3	3	135	97733	135	97733	0.003	0	0.003	0.003	723.948	158.611	145	903	
1.25	1.5	3	14	2	3	137	97737	136	97744	0.003	0	0.003	0.003	718.706	152.974	145	903	
1.25	1.5	3	15	4	3	198	97770	198	97744	0.00303535	0.000497468	0.003	0.01	493.657	285.158	47	839	
1.25	1.5	1	16	4	3	143	60971	143	60971	0.003	0	0.003	0.003	426.371	135.505	73	533	
1.25	1.5	1	17	3	3	131	61299	132	61444	0.003	0	0.003	0.003	465.485	93.2376	73	533	
1.25	1.5	1	18	5	3	143	61467	143	61315	0.00304895	0.000585369	0.003	0.01	428.776	137.291	49	621	
1.25	1.5	1	19	1	3	133	61215	133	61359	0.003	0	0.003	0.003	461.346	94.5774	145	597	
1.25	1.5	1	20	2	3	140	61016	140	61016	0.003	0	0.003	0.003	435.829	133.004	73	533	
1.5	1.75	4	1	3	3	129	70525	129	70525	0.003	0	0.003	0.003	546.705	89.046	93	669	
1.5	1.75	4	2	1	3	139	70461	139	70461	0.003	0	0.003	0.003	506.914	143.388	91	573	
1.5	1.75	4	3	2	3	125	70691	125	70691	0.003	0	0.003	0.003	565.528	83.797	277	839	
1.5	1.75	4	4	5	3	126	70471	126	70471	0.003	0	0.003	0.003	559.294	54.1132	73	597	
1.5	1.75	4	5	4	3	175	70471	175	70471	0.003	0	0.003	0.003	402.691	212.54	49	573	
1.5	1.75	2	6	5	3	138	49424	138	49424	0.003	0	0.003	0.003	358.145	80.6767	93	485	
1.5	1.75	2	7	1	3	176	49421	177	49410	0.003	0	0.003	0.003	279.153	136.841	32	437	
1.5	1.75	2	8	2	3	135	49275	135	49275	0.003	0	0.003	0.003	365	82.1139	93	485	
1.5	1.75	2	9	4	3	150	49554	150	49554	0.003	0	0.003	0.003	330.36	91.2503	113	453	
1.5	1.75	2	10	3	3	176	49414	175	49424	0.003	0	0.003	0.003	282.423	143.183	32	437	
1.5	1.75	3	11	5	3	131	97431	131	97431	0.003	0	0.003	0.003	743.748	137.542	201	999	
1.5	1.75	3	12	1	3	137	98213	137	98213	0.003	0	0.003	0.003	716.883	162.087	277	839	
1.5	1.75	3	13	3	3	133	97859	133	97859	0.003	0	0.003	0.003	735.782	138.11	145	903	
1.5	1.75	3	14	2	3	144	97970	145	97963	0.003	0	0.003	0.003	675.607	201.786	145	903	
1.5	1.75	3	15	4	3	187	97904	186	97901	0.00303763	0.000513265	0.003	0.01	526.349	295.712	48	839	
1.5	1.75	1	16	4	3	138	61239	138	61239	0.003	0	0.003	0.003	443.761	115.426	73	533	
1.5	1.75	1	17	3	3	143	61215	142	61222	0.003	0	0.003	0.003	431.141	119.454	73	533	
1.5	1.75	1	18	5	3	146	61242	146	61178	0.003	0	0.003	0.003	419.027	132.634	49	533	
1.5	1.75	1	19	1	3	133	61359	133	61359	0.003	0	0.003	0.003	461.346	94.5774	145	597	
1.5	1.75	1	20	2	3	147	61189	147	61269	0.003	0	0.003	0.003	416.796	135.327	73	533	
1.75	2	4	1	3	3	130	70632	129	70527	0.003	0	0.003	0.003	546.721	86.3839	93	669	
1.75	2	4	2	1	3	138	70494	137	70485	0.003	0	0.003	0.003	514.489	128.01	93	573	
1.75	2	4	3	2	3	126	70658	126	70658	0.003	0	0.003	0.003	560.778	75.8522	277	839	
1.75	2	4	4	5	3	128	70470	128	70470	0.003	0	0.003	0.003	550.547	68.7573	149	597	
1.75	2	4	5	4	3	175	70435	176	70484	0.003	0	0.003	0.003	400.477	211.123	49	621	
1.75	2	2	6	5	3	140	49264	140	49264	0.003	0	0.003	0.003	351.886	85.4868	93	485	
1.75	2	2	7	1	3	176	49364	175	49375	0.003	0	0.003	0.003	282.143	141.332	32	437	
1.75	2	2	8	2	3	138	49666	138	49666	0.003	0	0.003	0.003	359.899	81.0367	93	485	
1.75	2	2	9	4	3	154	49561	154	49561	0.003	0	0.003	0.003	321.825	91.5271	113	453	
1.75	2	2	10	3	3	167	49389	167	49387	0.003	0	0.003	0.003	295.731	136.777	32	437	
1.75	2	3	11	5	3	140	98322	140	98322	0.003	0	0.003	0.003	702.3	176.308	201	999	
1.75	2	3	12	1	3	132	97770	132	98060	0.003	0	0.003	0.003	742.879	153.12	277	839	
1.75	2	3	13	3	3	140	97818	139	97517	0.003	0	0.003	0.003	701.561	181.574	145	903	
1.75	2	3	14	2	3	137	97845	137	97845	0.003	0	0.003	0.003	714.197	178.532	145	903	
1.75	2	3	15	4	3	212	97704	212	97760	0.00303302	0.000480762	0.003	0.01	461.132	288.631	49	839	
1.75	2	1	16	4	3	132	61292	132	61212	0.003	0	0.003	0.003	463.727	91.3362	73	533	
1.75	2	1	17	3	3	137	61177	138	61250	0.003	0	0.003	0.003	443.841	124.609	73	533	
1.75	2	1	18	5	3	147	60911	147	60975	0.00304762	0.00057735	0.003	0.01	414.796	145.319	49	693	
1.75	2	1	19	1	3	133	61461	133	61461	0.003	0	0.003	0.003	462.113	84.1634	145	597	
1.75	2	1	20	2	3	145	61501	145	61421	0.003	0	0.003	0.003	423.593	138.297	73	533	
2	2.25	4	1	3	3	131	70351	132	70456	0.003	0	0.003	0.003	533.758	104.574	93	669	
2	2.25	4	2	1	3	145	70573	146	70582	0.003	0	0.003	0.003	483.438	149.074	93	573	
2	2.25	4	3	2	3	125	70727	125	70727	0.003	0	0.003	0.003	565.816	97.7855	277	839	
2	2.25	4	4	5	3	129	70557	129	70493	0.003	0	0.003	0.003	546.457	86.6602	73	597	
2	2.25	4	5	4	3	173	70491	173	70491	0.003	0	0.003	0.003	407.462	211.243	49	573	
2	2.25	2	6	5	3	143	49723	143	49627	0.003	0	0.003	0.003	347.042	88.7521	93	485	
2	2.25	2	7	1	3	165	49421	165	49417	0.003	0	0.003	0.003	299.497	138.409	32	437	
2	2.25	2	8	2	3	138	49302	138	49302	0.003	0	0.003	0.003	357.261	76.479	93	485	
2	2.25	2	9	4	3	151	49545	151	49433	0.003	0	0.003	0.003	327.371	83.791	113	453	
2	2.25	2	10	3	3	171	49391	172	49463	0.003	0	0.003	0.003	287.576	143.334	32	437	
2	2.25	3	11	5	3	139	95967	139	95967	0.003	0	0.003	0.003	690.41	163.934	201	807	
2	2.25	3	12	1	3	134	95732	134	95442	0.003	0	0.003	0.003	712.254	169.979	277	839	
2	2.25	3	13	3	3	138	95892	139	96039	0.003	0	0.003	0.003	690.928	163.026	145	903	
2	2.25	3	14	2	3	134	95728	134	95728	0.003	0	0.003	0.003	714.388	155.998	121	903	
2	2.25	3	15	4	3	195	95581	196	95610	0.00307143	0.000705291	0.003	0.01	487.806	281.851	49	839	
2	2.25	1	16	4	3	135	61187	135	61267	0.003	0	0.003	0.003	453.83	107.622	73	533	
2	2.25	1	17	3	3	140	61080	140	61000	0.003	0	0.003	0.003	435.714	125.633	73	533	
2	2.25	1	18	5	3	135	61503	135	61439	0.00305185	0.000602464	0.003	0.01	455.104	115.186	49	693	
2	2.25	1	19	1	3	137	61073	137	61073	0.003	0	0.003	0.003	445.788	105.993	145	597	
2	2.25	1	20	2	3	135	61179	135	61259	0.003	0	0.003	0.003	453.77	106.415	73	533	
2.25	2.5	4	1	3	3	132	70836	132	70836	0.003	0	0.003	0.003	536.636	105.116	93	669	
2.25	2.5	4	2	1	3	137	70173	137	70261	0.003	0	0.003	0.003	512.854	133.559	93	573	
2.25	2.5	4	3	2	3	123	70735	123	70735	0.003	0	0.003	0.003	575.081	90.5138	277	839	
2.25	2.5	4	4	5	3	128	70428	128	70492	0.003	0	0.003	0.003	550.719	80.7488	73	597	
2.25	2.5	4	5	4	3	179	70507	178	70406	0.003	0	0.003	0.003	395.539	212.637	49	573	
2.25	2.5	2	6	5	3	134	49192	134	49288	0.003	0	0.003	0.003	367.821	70.7618	93	485	
2.25	2.5	2	7	1	3	175	49440	176	49433	0.003	0	0.003	0.003	280.869	142.778	32	437	
2.25	2.5	2	8	2	3	141	49477	141	49581	0.003	0	0.003	0.003	351.638	80.6032	93	485	
2.25	2.5	2	9	4	3	143	49443	143	49555	0.003	0	0.003	0.003	346.538	87.1456	113	453	
2.25	2.5	2	10	3	3	174	49487	173	49372	0.003	0	0.003	0.003	285.387	137.604	32	437	
2.25	2.5	3	11	5	3	140	94494	140	94704	0.003	0	0.003	0.003	676.457	170.69	201	807	
2.25	2.5	3	12	1	3	132	94850	132	94850	0.003	0	0.003	0.003	718.561	155.186	277	839	
2.25	2.5	3	13	3	3	135	94061	135	94215	0.003	0	0.003	0.003	697.889	150.422	145	903	
2.25	2.5	3	14	2	3	142	94170	142	94170	0.003	0	0.003	0.003	663.169	166.706	121	839	
2.25	2.5	3	15	4	3	197	94904	196	94803	0.00303571	0.0005	0.003	0.01	483.689	268.462	49	839	
2.25	2.5	1	16	4	3	140	61228	140	61228	0.003	0	0.003	0.003	437.343	127.976	73	533	
2.25	2.5	1	17	3	3	145	61185	145	61185	0.003	0	0.003	0.003	421.966	138.695	73	533	
2.25	2.5	1	18	5	3	137	61245	137	61245	0.003	0	0.003	0.003	447.044	124.026	49	533	
2.25	2.5	1	19	1	3	132	61372	132	61372	0.003	0	0.003	0.003	464.939	93.3148	145	597	
2.25	2.5	1	20	2	3	136	61268	136	61268	0.003	0	0.003	0.003	450.5	118.47	73	533	
2.5	2.75	4	1	3	3	139	70499	139	70499	0.003	0	0.003	0.003	507.187	126.529	93	669	
2.5	2.75	4	2	1	3	139	70491	139	70491	0.003	0	0.003	0.003	507.129	135.872	93	669	
2.5	2.75	4	3	2	3	125	70979	125	70979	0.003	0	0.003	0.003	567.832	87.3318	275	839	
2.5	2.75	4	4	5	3	136	70794	136	70730	0.003	0	0.003	0.003	520.074	109.981	73	597	
2.5	2.75	4	5	4	3	177	70121	178	70182	0.003	0	0.003	0.003	394.281	202.477	49	573	
2.5	2.75	2	6	5	3	139	49683	139	49683	0.003	0	0.003	0.003	357.432	77.3184	93	485	
2.5	2.75	2	7	1	3	176	49381	175	49392	0.003	0	0.003	0.003	282.24	137.694	32	437	
2.5	2.75	2	8	2	3	139	49415	139	49311	0.003	0	0.003	0.003	354.755	83.8772	93	485	
2.5	2.75	2	9	4	3	148	49444	148	49444	0.003	0	0.003	0.003	334.081	93.5453	113	453	
2.5	2.75	2	10	3	3	167	49345	167	49388	0.003	0	0.003	0.003	295.737	136.448	32	437	
2.5	2.75	3	11	5	3	139	94491	139	94281	0.003	0	0.003	0.003	678.281	176.699	201	807	
2.5	2.75	3	12	1	3	136	95126	136	95126	0.003	0	0.003	0.003	699.456	177.036	277	839	
2.5	2.75	3	13	3	3	134	94700	134	94700	0.003	0	0.003	0.003	706.716	136.773	145	903	
2.5	2.75	3	14	2	3	136	94666	136	94666	0.003	0	0.003	0.003	696.074	146.979	121	839	
2.5	2.75	3	15	4	3	202	94606	202	94658	0.003	0	0.003	0.003	468.604	274.274	49	839	
2.5	2.75	1	16	4	3	144	61290	143	61217	0.003	0	0.003	0.003	428.091	130.75	73	533	
2.5	2.75	1	17	3	3	145	61277	145	61277	0.003	0	0.003	0.003	422.6	130.683	73	533	
2.5	2.75	1	18	5	3	135	61151	135	61215	0.003	0	0.003	0.003	453.444	103.72	49	533	
2.5	2.75	1	19	1	3	131	61347	131	61347	0.003	0	0.003	0.003	468.298	86.2647	145	597	
2.5	2.75	1	20	2	3	137	61257	137	61257	0.003	0	0.003	0.003	447.131	112.717	73	533	
2.75	3	4	1	3	3	130	70438	130	70438	0.003	0	0.003	0.003	541.831	94.2893	93	669	
2.75	3	4	2	1	3	139	70542	139	70454	0.003	0	0.003	0.003	506.863	131.444	93	573	
2.75	3	4	3	2	3	125	70673	125	70673	0.003	0	0.003	0.003	565.384	75.841	277	839	
2.75	3	4	4	5	3	127	70483	127	70483	0.003	0	0.003	0.003	554.984	68.9714	73	597	
2.75	3	4	5	4	3	183	70459	183	70499	0.003	0	0.003	0.003	385.24	213.348	49	621	
2.75	3	2	6	5	3	136	49420	136	49420	0.003	0	0.003	0.003	363.382	70.2679	93	485	
2.75	3	2	7	1	3	176	49370	177	49447	0.003	0	0.003	0.003	279.362	136.396	32	437	
2.75	3	2	8	2	3	144	49484	144	49484	0.003	0	0.003	0.003	343.639	84.1619	93	485	
2.75	3	2	9	4	3	141	49317	141	49317	0.003	0	0.003	0.003	349.766	88.5217	113	453	
2.75	3	2	10	3	3	169	49460	169	49375	0.003	0	0.003	0.003	292.16	143.09	32	437	
2.75	3	3	11	5	3	143	94704	143	94704	0.003	0	0.003	0.003	662.266	181.164	200	807	
2.75	3	3	12	1	3	134	94860	134	94860	0.003	0	0.003	0.003	707.91	170.38	277	839	
2.75	3	3	13	3	3	140	94650	140	94650	0.003	0	0.003	0.003	676.071	176.073	145	903	
2.75	3	3	14	2	3	137	94611	137	94521	0.003	0	0.003	0.003	689.934	170.941	121	839	
2.75	3	3	15	4	3	202	94518	203	94567	0.00303448	0.000491304	0.003	0.01	465.847	278.957	49	839	
2.75	3	1	16	4	3	140	61236	141	61229	0.003	0	0.003	0.003	434.248	133.375	73	533	
2.75	3	1	17	3	3	142	61214	142	61294	0.003	0	0.003	0.003	431.648	130.19	73	533	
2.75	3	1	18	5	3	141	61241	141	61241	0.003	0	0.003	0.003	434.333	128.454	49	533	
2.75	3	1	19	1	3	133	61361	132	61216	0.003	0	0.003	0.003	463.758	90.7914	145	597	
2.75	3	1	20	2	3	129	61237	129	61237	0.003	0	0.003	0.003	474.705	75.7954	73	533	
3	3.25	4	1	3	3	133	70189	133	70277	0.003	0	0.003	0.003	528.398	115.923	93	669	
3	3.25	4	2	1	3	141	70813	141	70813	0.003	0	0.003	0.003	502.22	134.856	93	669	
3	3.25	4	3	2	3	126	70696	126	70696	0.003	0	0.003	0.003	561.079	90.9704	277	839	
3	3.25	4	4	5	3	129	70421	129	70421	0.003	0	0.003	0.003	545.899	82.2865	73	597	
3	3.25	4	5	4	3	183	70455	183	70415	0.003	0	0.003	0.003	384.781	209.908	49	621	
3	3.25	2	6	5	3	136	49272	136	49272	0.003	0	0.003	0.003	362.294	75.3239	93	485	
3	3.25	2	7	1	3	164	49397	163	49362	0.003	0	0.003	0.003	302.834	141.192	32	437	
3	3.25	2	8	2	3	140	49666	140	49666	0.003	0	0.003	0.003	354.757	82.8223	93	485	
3	3.25	2	9	4	3	150	49658	150	49546	0.003	0	0.003	0.003	330.307	91.2782	113	453	
3	3.25	2	10	3	3	186	49326	187	49403	0.003	0	0.003	0.003	264.187	134.636	32	437	
3	3.25	3	11	5	3	137	95089	136	94894	0.003	0	0.003	0.003	697.75	166.166	199	807	
3	3.25	3	12	1	3	135	94523	135	94523	0.003	0	0.003	0.003	700.17	167.297	277	839	
3	3.25	3	13	3	3	130	94834	130	94834	0.003	0	0.003	0.003	729.492	134.125	145	903	
3	3.25	3	14	2	3	131	94695	131	95049	0.003	0	0.003	0.003	725.565	115.914	121	839	
3	3.25	3	15	4	3	204	94710	203	94605	0.00303448	0.000491304	0.003	0.01	466.034	299.654	49	839	
3	3.25	1	16	4	3	142	61142	142	61222	0.00304929	0.000587427	0.003	0.01	431.141	133.793	73	693	
3	3.25	1	17	3	3	133	61493	133	61413	0.003	0	0.003	0.003	461.752	98.2145	73	597	
3	3.25	1	18	5	3	146	61210	145	61161	0.003	0	0.003	0.003	421.8	138.475	49	533	
3	3.25	1	19	1	3	134	61206	135	61351	0.003	0	0.003	0.003	454.452	98.2797	145	597	
3	3.25	1	20	2	3	145	60969	145	60969	0.003	0	0.003	0.003	420.476	139.859	73	533	
3.25	3.5	4	1	3	3	139	70551	139	70463	0.003	0	0.003	0.003	506.928	143.346	93	573	
3.25	3.5	4	2	1	3	130	70434	130	70434	0.003	0	0.003	0.003	541.8	96.7098	93	669	
3.25	3.5	4	3	2	3	125	70691	125	70691	0.003	0	0.003	0.003	565.528	83.797	277	839	
3.25	3.5	4	4	5	3	125	70465	125	70529	0.003	0	0.003	0.003	564.232	32.1195	533	597	
3.25	3.5	4	5	4	3	175	70495	174	70486	0.003	0	0.003	0.003	405.092	210.188	49	573	
3.25	3.5	2	6	5	3	141	49669	141	49669	0.003	0	0.003	0.003	352.262	83.7269	93	485	
3.25	3.5	2	7	1	3	180	49403	180	49366	0.003	0	0.003	0.003	274.256	142.08	32	437	
3.25	3.5	2	8	2	3	134	49250	134	49250	0.003	0	0.003	0.003	367.537	75.8939	93	485	
3.25	3.5	2	9	4	3	150	49202	150	49430	0.003	0	0.003	0.003	329.533	87.8592	113	453	
3.25	3.5	2	10	3	3	170	49440	169	49405	0.003	0	0.003	0.003	292.337	139.948	32	437	
3.25	3.5	3	11	5	3	135	93641	136	93950	0.003	0	0.003	0.003	690.809	152.113	173	871	
3.25	3.5	3	12	1	3	132	93984	132	94274	0.003	0	0.003	0.003	714.197	166.361	277	1095	
3.25	3.5	3	13	3	3	143	93543	143	93543	0.003	0	0.003	0.003	654.147	176.227	145	903	
3.25	3.5	3	14	2	3	141	93985	141	93721	0.003	0	0.003	0.003	664.688	159.845	121	839	
3.25	3.5	3	15	4	3	199	93329	199	93345	0.00303517	0.000496217	0.003	0.01	469.07	252.754	49	839	
3.25	3.5	1	16	4	3	149	60581	149	60501	0.003	0	0.003	0.003	406.047	134.892	73	533	
3.25	3.5	1	17	3	3	141	60273	141	60353	0.003	0	0.003	0.003	428.035	128.285	73	533	
3.25	3.5	1	18	5	3	142	60522	143	60571	0.003	0	0.003	0.003	423.573	132.014	49	533	
3.25	3.5	1	19	1	3	134	60666	133	60625	0.003	0	0.003	0.003	455.827	87.6381	121	597	
3.25	3.5	1	20	2	3	143	60803	143	60803	0.003	0	0.003	0.003	425.196	127.993	73	533	
3.5	3.75	4	1	3	3	141	70785	141	70785	0.003	0	0.003	0.003	502.021	136.083	93	573	
3.5	3.75	4	2	1	3	130	70249	130	70249	0.003	0	0.003	0.003	540.377	95.1167	93	669	
3.5	3.75	4	3	2	3	126	70678	126	70678	0.003	0	0.003	0.003	560.937	83.752	277	839	
3.5	3.75	4	4	5	3	130	70554	130	70490	0.003	0	0.003	0.003	542.231	89.95	73	597	
3.5	3.75	4	5	4	3	174	70426	175	70475	0.003	0	0.003	0.003	402.714	210.349	49	621	
3.5	3.75	2	6	5	3	135	49431	135	49431	0.003	0	0.003	0.003	366.156	76.1677	93	485	
3.5	3.75	2	7	1	3	175	49386	175	49383	0.003	0	0.003	0.003	282.189	139.183	32	437	
3.5	3.75	2	8	2	3	134	49450	133	49461	0.003	0	0.003	0.003	371.887	72.3198	93	485	
3.5	3.75	2	9	4	3	153	49660	152	49435	0.003	0	0.003	0.003	325.23	90.4667	113	453	
3.5	3.75	2	10	3	3	176	49340	177	49415	0.003	0	0.003	0.003	279.181	143.855	32	437	
3.5	3.75	3	11	5	3	130	93374	130	93374	0.003	0	0.003	0.003	718.262	119.047	349	871	
3.5	3.75	3	12	1	3	135	93127	135	92837	0.003	0	0.003	0.003	687.681	177.225	277	839	
3.5	3.75	3	13	3	3	131	93605	131	93605	0.003	0	0.003	0.003	714.542	116.494	145	903	
3.5	3.75	3	14	2	3	141	93291	141	93291	0.003	0	0.003	0.003	661.638	187.987	121	839	
3.5	3.75	3	15	4	3	191	92980	191	93020	0.003	0	0.003	0.003	487.016	300.737	48	775	
3.5	3.75	1	16	4	3	150	59697	150	59777	0.003	0	0.003	0.003	398.513	139.722	73	533	
3.5	3.75	1	17	3	3	152	59840	151	59691	0.003	0	0.003	0.003	395.305	141.022	73	533	
3.5	3.75	1	18	5	3	130	59686	130	59734	0.003	0	0.003	0.003	459.492	90.8752	49	533	
3.5	3.75	1	19	1	3	135	59730	136	59739	0.003	0	0.003	0.003	439.257	95.9369	121	485	
3.5	3.75	1	20	2	3	127	59731	127	59731	0.003	0	0.003	0.003	470.323	62.201	73	533	
3.75	4	4	1	3	3	143	70199	143	70287	0.003	0	0.003	0.003	491.517	147.2	93	573	
3.75	4	4	2	1	3	130	70818	130	70818	0.003	0	0.003	0.003	544.754	89.141	93	669	
3.75	4	4	3	2	3	125	70709	125	70709	0.003	0	0.003	0.003	565.672	91.0604	277	839	
3.75	4	4	4	5	3	127	70475	127	70475	0.003	0	0.003	0.003	554.921	63.5337	73	597	
3.75	4	4	5	4	3	173	70477	173	70437	0.003	0	0.003	0.003	407.15	211.882	49	573	
3.75	4	2	6	5	3	134	49270	134	49270	0.003	0	0.003	0.003	367.687	75.7753	93	485	
3.75	4	2	7	1	3	181	49388	182	49463	0.003	0	0.003	0.003	271.775	138.109	32	437	
3.75	4	2	8	2	3	140	49635	141	49624	0.003	0	0.003	0.003	351.943	86.2493	93	485	
3.75	4	2	9	4	3	147	49235	148	49344	0.003	0	0.003	0.003	333.405	93.9135	113	453	
3.75	4	2	10	3	3	169	49483	168	49366	0.003	0	0.003	0.003	293.845	135.347	32	437	
3.75	4	3	11	5	3	134	92462	134	92462	0.003	0	0.003	0.003	690.015	139.706	173	871	
3.75	4	3	12	1	3	133	92881	133	93171	0.003	0	0.003	0.003	700.534	174.372	277	839	
3.75	4	3	13	3	3	132	92872	132	92872	0.003	0	0.003	0.003	703.576	111.051	145	749	
3.75	4	3	14	2	3	136	92399	136	92309	0.003	0	0.003	0.003	678.743	152.469	121	839	
3.75	4	3	15	4	3	203	93045	203	93057	0.00303448	0.000491304	0.003	0.01	458.409	271.824	49	839	
3.75	4	1	16	4	3	150	59773	149	59700	0.003	0	0.003	0.003	400.671	136.48	73	533	
3.75	4	1	17	3	3	149	59609	150	59758	0.003	0	0.003	0.003	398.387	134.084	73	533	
3.75	4	1	18	5	3	136	59724	136	59676	0.003	0	0.003	0.003	438.794	121.704	49	533	
3.75	4	1	19	1	3	138	59742	138	59742	0.003	0	0.003	0.003	432.913	106.832	121	485	
3.75	4	1	20	2	3	125	59743	125	59743	0.003	0	0.003	0.003	477.944	37.2252	451	533	
4	4.25	4	1	3	3	136	70822	136	70734	0.003	0	0.003	0.003	520.103	123.913	93	573	
4	4.25	4	2	1	3	134	70190	134	70190	0.003	0	0.003	0.003	523.806	123.237	93	669	
4	4.25	4	3	2	3	123	70735	123	70735	0.003	0	0.003	0.003	575.081	90.5138	277	839	
4	4.25	4	4	5	3	128	70489	128	70489	0.003	0	0.003	0.003	550.695	80.7479	73	597	
4	4.25	4	5	4	3	176	70456	176	70496	0.003	0	0.003	0.003	400.545	211.097	49	573	
4	4.25	2	6	5	3	137	49640	137	49640	0.003	0	0.003	0.003	362.336	79.7786	93	485	
4	4.25	2	7	1	3	171	49453	171	49413	0.003	0	0.003	0.003	288.965	137.615	32	437	
4	4.25	2	8	2	3	138	49250	138	49250	0.003	0	0.003	0.003	356.884	86.1097	93	485	
4	4.25	2	9	4	3	153	49541	153	49541	0.003	0	0.003	0.003	323.797	91.8191	113	453	
4	4.25	2	10	3	3	172	49378	172	49420	0.003	0	0.003	0.003	287.326	139.443	32	437	
4	4.25	3	11	5	3	133	92986	133	92986	0.003	0	0.003	0.003	699.143	134.781	173	871	
4	4.25	3	12	1	3	134	93121	134	93121	0.003	0	0.003	0.003	694.933	170.955	277	839	
4	4.25	3	13	3	3	132	92568	132	92568	0.003	0	0.003	0.003	701.273	111.664	145	749	
4	4.25	3	14	2	3	143	93323	142	93056	0.003	0	0.003	0.003	655.324	181.438	121	839	
4	4.25	3	15	4	3	198	92835	199	92944	0.00303517	0.000496217	0.003	0.01	467.055	280.61	48	839	
4	4.25	1	16	4	3	152	59672	153	59665	0.003	0	0.003	0.003	389.967	140.887	73	533	
4	4.25	1	17	3	3	152	59678	152	59678	0.003	0	0.003	0.003	392.618	141.514	73	533	
4	4.25	1	18	5	3	136	59692	136	59692	0.003	0	0.003	0.003	438.912	121.928	49	533	
4	4.25	1	19	1	3	135	59843	134	59834	0.003	0	0.003	0.003	446.522	87.8341	121	485	
4	4.25	1	20	2	3	127	59731	127	59731	0.003	0	0.003	0.003	470.323	62.201	73	533	
4.25	4.5	4	1	3	3	139	70491	139	70491	0.003	0	0.003	0.003	507.129	135.872	93	669	
4.25	4.5	4	2	1	3	137	70486	137	70486	0.003	0	0.003	0.003	514.496	117.141	93	669	
4.25	4.5	4	3	2	3	124	70431	124	70431	0.003	0	0.003	0.003	567.992	87.6172	277	839	
4.25	4.5	4	4	5	3	136	70144	136	70208	0.003	0	0.003	0.003	516.235	116.276	73	597	
4.25	4.5	4	5	4	3	184	70710	183	70661	0.003	0	0.003	0.003	386.126	205.347	49	573	
4.25	4.5	2	6	5	3	138	49258	138	49258	0.003	0	0.003	0.003	356.942	85.2113	93	485	
4.25	4.5	2	7	1	3	176	49427	176	49379	0.003	0	0.003	0.003	280.562	138.387	32	437	
4.25	4.5	2	8	2	3	136	49440	136	49440	0.003	0	0.003	0.003	363.529	70.0676	93	485	
4.25	4.5	2	9	4	3	150	49681	150	49569	0.003	0	0.003	0.003	330.46	94.878	113	453	
4.25	4.5	2	10	3	3	169	49391	169	49474	0.003	0	0.003	0.003	292.746	135.714	32	437	
4.25	4.5	3	11	5	3	133	93519	133	93519	0.003	0	0.003	0.003	703.15	133.394	173	871	
4.25	4.5	3	12	1	3	136	93440	135	93163	0.003	0	0.003	0.003	690.096	183.617	277	839	
4.25	4.5	3	13	3	3	135	93459	135	93459	0.003	0	0.003	0.003	692.289	138.849	145	903	
4.25	4.5	3	14	2	3	138	93114	139	93471	0.003	0	0.003	0.003	672.453	161.006	121	839	
4.25	4.5	3	15	4	3	192	92642	192	92514	0.003	0	0.003	0.003	481.844	292.845	47	839	
4.25	4.5	1	16	4	3	148	59874	148	59954	0.003	0	0.003	0.003	405.095	137.973	71	533	
4.25	4.5	1	17	3	3	150	59924	150	59844	0.003	0	0.003	0.003	398.96	136.771	71	533	
4.25	4.5	1	18	5	3	137	59881	137	59881	0.003	0	0.003	0.003	437.088	122.153	49	533	
4.25	4.5	1	19	1	3	138	59914	139	59955	0.003	0	0.003	0.003	431.331	105.187	121	597	
4.25	4.5	1	20	2	3	128	59964	128	59884	0.003	0	0.003	0.003	467.844	71.4417	73	533	
4.5	4.75	4	1	3	3	142	70402	142	70490	0.003	0	0.003	0.003	496.408	135.443	93	573	
4.5	4.75	4	2	1	3	131	70559	131	70463	0.003	0	0.003	0.003	537.885	100.912	93	669	
4.5	4.75	4	3	2	3	125	70963	125	70963	0.003	0	0.003	0.003	567.704	79.6744	277	839	
4.5	4.75	4	4	5	3	127	70483	127	70419	0.003	0	0.003	0.003	554.48	68.8957	73	597	
4.5	4.75	4	5	4	3	184	70400	184	70464	0.003	0	0.003	0.003	382.957	204.631	49	621	
4.5	4.75	2	6	5	3	132	49436	132	49436	0.003	0	0.003	0.003	374.515	64.871	93	485	
4.5	4.75	2	7	1	3	167	49376	166	49392	0.003	0	0.003	0.003	297.542	136.668	32	437	
4.5	4.75	2	8	2	3	143	49667	143	49667	0.003	0	0.003	0.003	347.322	87.3077	93	485	
4.5	4.75	2	9	4	3	150	49430	149	49317	0.003	0	0.003	0.003	330.987	93.9829	113	453	
4.5	4.75	2	10	3	3	172	49369	173	49401	0.003	0	0.003	0.003	285.555	139.332	32	437	
4.5	4.75	3	11	5	3	132	93179	132	93179	0.003	0	0.003	0.003	705.902	130.173	173	871	
4.5	4.75	3	12	1	3	132	93166	133	93153	0.003	0	0.003	0.003	700.398	171.025	277	839	
4.5	4.75	3	13	3	3	131	93166	131	93166	0.003	0	0.003	0.003	711.191	118.741	145	903	
4.5	4.75	3	14	2	3	142	93168	142	93168	0.003	0	0.003	0.003	656.113	175.186	121	839	
4.5	4.75	3	15	4	3	193	93017	191	92975	0.003	0	0.003	0.003	486.78	294.205	49	839	
4.5	4.75	1	16	4	3	137	61261	137	61181	0.003	0	0.003	0.003	446.577	121.919	73	533	
4.5	4.75	1	17	3	3	142	61218	142	61298	0.003	0	0.003	0.003	431.676	127.636	73	533	
4.5	4.75	1	18	5	3	148	61268	148	61204	0.003	0	0.003	0.003	413.541	132.761	49	533	
4.5	4.75	1	19	1	3	131	61335	131	61335	0.003	0	0.003	0.003	468.206	84.3121	145	597	
4.5	4.75	1	20	2	3	131	61221	131	61301	0.003	0	0.003	0.003	467.947	80.9978	73	533	
4.75	5	4	1	3	3	137	70300	137	70212	0.003	0	0.003	0.003	512.496	131.186	93	669	
4.75	5	4	2	1	3	132	70723	132	70819	0.003	0	0.003	0.003	536.508	103.832	93	669	
4.75	5	4	3	2	3	126	70696	126	70696	0.003	0	0.003	0.003	561.079	90.9704	277	839	
4.75	5	4	4	5	3	128	70412	128	70476	0.003	0	0.003	0.003	550.594	71.2725	73	597	
4.75	5	4	5	4	3	179	70491	179	70431	0.003	0	0.003	0.003	393.469	216.17	49	573	
4.75	5	2	6	5	3	138	49690	138	49690	0.003	0	0.003	0.003	360.072	76.7976	93	485	
4.75	5	2	7	1	3	180	49394	180	49391	0.003	0	0.003	0.003	274.394	139.762	32	437	
4.75	5	2	8	2	3	137	49257	137	49257	0.003	0	0.003	0.003	359.54	81.3892	93	485	
4.75	5	2	9	4	3	150	49440	151	49665	0.003	0	0.003	0.003	328.907	90.7756	113	453	
4.75	5	2	10	3	3	166	49389	166	49309	0.003	0	0.003	0.003	297.042	141.15	32	437	
4.75	5	3	11	5	3	129	93027	129	93203	0.003	0	0.003	0.003	722.504	115.658	349	871	
4.75	5	3	12	1	3	141	93885	141	93885	0.003	0	0.003	0.003	665.851	194.303	277	1095	
4.75	5	3	13	3	3	133	93289	133	93289	0.003	0	0.003	0.003	701.421	129.51	293	903	
4.75	5	3	14	2	3	136	93306	136	93306	0.003	0	0.003	0.003	686.074	164.672	121	839	
4.75	5	3	15	4	3	184	93178	185	93175	0.00303784	0.00051465	0.003	0.01	503.649	304.491	49	839	
4.75	5	1	16	4	3	137	61249	137	61249	0.003	0	0.003	0.003	447.073	117.949	73	533	
4.75	5	1	17	3	3	144	61284	144	61284	0.003	0	0.003	0.003	425.583	140.095	73	533	
4.75	5	1	18	5	3	135	61191	135	61303	0.003	0	0.003	0.003	454.096	116.599	49	533	
4.75	5	1	19	1	3	134	61534	133	61241	0.003	0	0.003	0.003	460.459	97.2803	145	597	
4.75	5	1	20	2	3	130	61230	130	61230	0.003	0	0.003	0.003	471	88.8811	73	533	
5	5.25	4	1	3	3	129	70516	129	70516	0.003	0	0.003	0.003	546.636	88.278	93	669	
5	5.25	4	2	1	3	139	70463	139	70463	0.003	0	0.003	0.003	506.928	143.346	93	573	
5	5.25	4	3	2	3	125	70691	125	70691	0.003	0	0.003	0.003	565.528	83.797	277	839	
5	5.25	4	4	5	3	125	70529	125	70465	0.003	0	0.003	0.003	563.72	32.1031	533	597	
5	5.25	4	5	4	3	173	70441	174	70486	0.003	0	0.003	0.003	405.092	208.694	49	573	
5	5.25	2	6	5	3	138	49454	138	49454	0.003	0	0.003	0.003	358.362	84.0848	93	485	
5	5.25	2	7	1	3	179	49376	180	49451	0.003	0	0.003	0.003	274.728	139.21	32	437	
5	5.25	2	8	2	3	137	49433	137	49433	0.003	0	0.003	0.003	360.825	80.3227	93	485	
5	5.25	2	9	4	3	144	49324	144	49324	0.003	0	0.003	0.003	342.528	91.6008	113	453	
5	5.25	2	10	3	3	175	49471	174	49394	0.003	0	0.003	0.003	283.874	138.093	32	437	
5	5.25	3	11	5	3	138	93508	138	93154	0.003	0	0.003	0.003	675.029	151.627	173	871	
5	5.25	3	12	1	3	130	92606	130	92896	0.003	0	0.003	0.003	714.585	159.676	277	839	
5	5.25	3	13	3	3	131	93017	131	93017	0.003	0	0.003	0.003	710.053	114.78	145	903	
5	5.25	3	14	2	3	142	93008	142	93008	0.003	0	0.003	0.003	654.986	183.802	121	839	
5	5.25	3	15	4	3	193	92845	194	92890	0.003	0	0.003	0.003	478.814	285.732	49	839	
5	5.25	1	16	4	3	133	61513	133	61513	0.003	0	0.003	0.003	462.504	93.9085	73	533	
5	5.25	1	17	3	3	138	61254	137	61181	0.003	0	0.003	0.003	446.577	115.846	73	533	
5	5.25	1	18	5	3	145	61245	145	61245	0.003	0	0.003	0.003	422.379	133.459	49	533	
5	5.25	1	19	1	3	132	61056	133	61349	0.003	0	0.003	0.003	461.271	92.8187	145	597	
5	5.25	1	20	2	3	143	61067	143	60987	0.003	0	0.003	0.003	426.483	131.225	73	533	
5.25	5.5	4	1	3	3	132	70468	132	70556	0.003	0	0.003	0.003	534.515	102.996	93	669	
5.25	5.5	4	2	1	3	144	70520	144	70520	0.003	0	0.003	0.003	489.722	144.403	93	573	
5.25	5.5	4	3	2	3	126	70696	126	70696	0.003	0	0.003	0.003	561.079	90.9704	277	839	
5.25	5.5	4	4	5	3	132	70500	132	70500	0.003	0	0.003	0.003	534.091	102.582	73	597	
5.25	5.5	4	5	4	3	174	70482	173	70433	0.003	0	0.003	0.003	407.127	211.169	49	621	
5.25	5.5	2	6	5	3	135	49463	135	49463	0.003	0	0.003	0.003	366.393	70.4871	93	485	
5.25	5.5	2	7	1	3	170	49385	169	49350	0.003	0	0.003	0.003	292.012	137.636	32	437	
5.25	5.5	2	8	2	3	142	49630	142	49630	0.003	0	0.003	0.003	349.507	87.1928	93	485	
5.25	5.5	2	9	4	3	146	49430	146	49318	0.003	0	0.003	0.003	337.795	88.0948	113	453	
5.25	5.5	2	10	3	3	179	49299	180	49376	0.003	0	0.003	0.003	274.311	143.411	32	437	
5.25	5.5	3	11	5	3	128	93186	128	93186	0.003	0	0.003	0.003	728.016	99.178	349	871	
5.25	5.5	3	12	1	3	137	93663	137	93663	0.003	0	0.003	0.003	683.672	179.756	277	839	
5.25	5.5	3	13	3	3	128	92736	128	92736	0.003	0	0.003	0.003	724.5	110.535	293	903	
5.25	5.5	3	14	2	3	141	93165	141	93075	0.003	0	0.003	0.003	660.106	186.225	121	839	
5.25	5.5	3	15	4	3	190	93118	189	93193	0.003	0	0.003	0.003	493.085	286.974	49	839	
5.25	5.5	1	16	4	3	144	61212	144	61212	0.003	0	0.003	0.003	425.083	142.097	73	533	
5.25	5.5	1	17	3	3	147	61175	148	61248	0.003	0	0.003	0.003	413.838	146.354	73	533	
5.25	5.5	1	18	5	3	138	61202	138	61154	0.003	0	0.003	0.003	443.145	127.022	49	533	
5.25	5.5	1	19	1	3	130	61370	130	61370	0.003	0	0.003	0.003	472.077	86.4437	145	597	
5.25	5.5	1	20	2	3	148	61234	148	61234	0.003	0	0.003	0.003	413.743	143.115	73	533	
5.5	5.75	4	1	3	3	128	70512	128	70424	0.003	0	0.003	0.003	550.188	78.8777	93	669	
5.5	5.75	4	2	1	3	141	70557	141	70557	0.003	0	0.003	0.003	500.404	142.521	93	573	
5.5	5.75	4	3	2	3	124	70740	124	70740	0.003	0	0.003	0.003	570.484	97.6937	277	839	
5.5	5.75	4	4	5	3	125	70465	125	70529	0.003	0	0.003	0.003	564.232	32.1195	533	597	
5.5	5.75	4	5	4	3	175	70466	175	70466	0.003	0	0.003	0.003	402.663	210.331	49	573	
5.5	5.75	2	6	5	3	136	49432	136	49432	0.003	0	0.003	0.003	363.471	76.0492	93	485	
5.5	5.75	2	7	1	3	171	49414	171	49414	0.003	0	0.003	0.003	288.971	134.97	32	437	
5.5	5.75	2	8	2	3	138	49462	138	49462	0.003	0	0.003	0.003	358.42	85.986	93	485	
5.5	5.75	2	9	4	3	148	49443	148	49555	0.003	0	0.003	0.003	334.831	92.1874	113	453	
5.5	5.75	2	10	3	3	175	49420	175	49372	0.003	0	0.003	0.003	282.126	142.947	32	437	
5.5	5.75	3	11	5	3	128	93206	128	93384	0.003	0	0.003	0.003	729.562	108.853	349	871	
5.5	5.75	3	12	1	3	136	93114	136	92824	0.003	0	0.003	0.003	682.529	179.921	277	839	
5.5	5.75	3	13	3	3	134	93602	134	93602	0.003	0	0.003	0.003	698.522	126.697	293	903	
5.5	5.75	3	14	2	3	136	93250	136	93340	0.003	0	0.003	0.003	686.324	160.041	121	839	
5.5	5.75	3	15	4	3	190	92998	190	92930	0.003	0	0.003	0.003	489.105	299.848	49	839	
5.5	5.75	1	16	4	3	128	61244	128	61244	0.003	0	0.003	0.003	478.469	67.293	73	533	
5.5	5.75	1	17	3	3	146	61276	146	61196	0.003	0	0.003	0.003	419.151	144.771	73	533	
5.5	5.75	1	18	5	3	142	61228	142	61228	0.003	0	0.003	0.003	431.183	132.948	49	533	
5.5	5.75	1	19	1	3	132	61335	132	61335	0.003	0	0.003	0.003	464.659	87.8316	145	597	
5.5	5.75	1	20	2	3	135	61183	135	61263	0.003	0	0.003	0.003	453.8	109.978	73	533	
5.75	6	4	1	3	3	140	70494	140	70494	0.003	0	0.003	0.003	503.529	133.991	91	669	
5.75	6	4	2	1	3	138	70163	138	70163	0.003	0	0.003	0.003	508.428	132.048	93	573	
5.75	6	4	3	2	3	124	70703	124	70703	0.003	0	0.003	0.003	570.185	83.5849	277	839	
5.75	6	4	4	5	3	134	70738	134	70738	0.003	0	0.003	0.003	527.896	107.481	73	597	
5.75	6	4	5	4	3	174	70422	174	70434	0.003	0	0.003	0.003	404.793	205.917	49	573	
5.75	6	2	6	5	3	133	49273	133	49273	0.003	0	0.003	0.003	370.474	72.9291	93	485	
5.75	6	2	7	1	3	169	49467	170	49414	0.003	0	0.003	0.003	290.671	134.783	32	437	
5.75	6	2	8	2	3	142	49322	142	49426	0.003	0	0.003	0.003	348.07	88.8861	93	485	
5.75	6	2	9	4	3	146	49674	146	49674	0.003	0	0.003	0.003	340.233	86.5196	113	453	
5.75	6	2	10	3	3	175	49477	174	49490	0.003	0	0.003	0.003	284.425	141.064	32	437	
5.75	6	3	11	5	3	133	92997	133	92997	0.003	0	0.003	0.003	699.226	142.653	173	871	
5.75	6	3	12	1	3	139	93655	139	93655	0.003	0	0.003	0.003	673.777	187.525	277	839	
5.75	6	3	13	3	3	135	92995	134	92998	0.003	0	0.003	0.003	694.015	132.778	145	903	
5.75	6	3	14	2	3	141	93077	141	93077	0.003	0	0.003	0.003	660.121	168.882	121	839	
5.75	6	3	15	4	3	184	92948	185	92941	0.003	0	0.003	0.003	502.384	288.074	49	839	
5.75	6	1	16	4	3	142	61225	142	61305	0.003	0	0.003	0.003	431.725	132.337	73	533	
5.75	6	1	17	3	3	146	61258	146	61258	0.003	0	0.003	0.003	419.575	134.588	73	533	
5.75	6	1	18	5	3	134	61250	134	61250	0.003	0	0.003	0.003	457.09	103.331	49	533	
5.75	6	1	19	1	3	132	61372	131	61227	0.003	0	0.003	0.003	467.382	89.3378	145	597	
5.75	6	1	20	2	3	141	61233	141	61233	0.003	0	0.003	0.003	434.277	127.059	73	533	
6	6.25	4	1	3	3	134	70758	134	70758	0.003	0	0.003	0.003	528.045	113.007	93	669	
6	6.25	4	2	1	3	136	70488	136	70488	0.003	0	0.003	0.003	518.294	128.632	93	669	
6	6.25	4	3	2	3	125	70963	125	70963	0.003	0	0.003	0.003	567.704	79.6744	277	839	
6	6.25	4	4	5	3	131	70495	131	70431	0.003	0	0.003	0.003	537.641	95.4688	73	597	
6	6.25	4	5	4	3	186	70234	187	70271	0.003	0	0.003	0.003	375.781	212.911	49	573	
6	6.25	2	6	5	3	136	49654	136	49654	0.003	0	0.003	0.003	365.103	78.3172	91	485	
6	6.25	2	7	1	3	168	49374	168	49462	0.003	0	0.003	0.003	294.417	141.228	32	437	
6	6.25	2	8	2	3	135	49427	135	49323	0.003	0	0.003	0.003	365.356	74.7109	93	485	
6	6.25	2	9	4	3	149	49337	149	49337	0.003	0	0.003	0.003	331.121	91.1163	113	453	
6	6.25	2	10	3	3	181	49422	181	49380	0.003	0	0.003	0.003	272.818	136.633	32	437	
6	6.25	3	11	5	3	128	93544	128	93366	0.003	0	0.003	0.003	729.422	106.917	173	871	
6	6.25	3	12	1	3	135	93145	135	93145	0.003	0	0.003	0.003	689.963	180.481	277	839	
6	6.25	3	13	3	3	125	93340	126	93337	0.003	0	0.003	0.003	740.77	80.0713	293	903	
6	6.25	3	14	2	3	128	93324	128	93324	0.003	0	0.003	0.003	729.094	101.015	121	839	
6	6.25	3	15	4	3	190	93176	190	93232	0.00303684	0.000507833	0.003	0.01	490.695	302.511	49	839	
6	6.25	1	16	4	3	132	61292	132	61212	0.003	0	0.003	0.003	463.727	91.2319	73	533	
6	6.25	1	17	3	3	144	61205	144	61285	0.003	0	0.003	0.003	425.59	132.709	73	533	
6	6.25	1	18	5	3	139	61187	139	61187	0.003	0	0.003	0.003	440.194	121.814	49	533	
6	6.25	1	19	1	3	129	61201	130	61346	0.003	0	0.003	0.003	471.892	82.4779	145	597	
6	6.25	1	20	2	3	144	61284	144	61204	0.003	0	0.003	0.003	425.028	138.08	73	533	
6.25	6.5	4	1	3	3	129	70549	129	70549	0.003	0	0.003	0.003	546.891	85.2541	93	669	
6.25	6.5	4	2	1	3	144	70516	144	70516	0.003	0	0.003	0.003	489.694	139.774	93	669	
6.25	6.5	4	3	2	3	125	70708	125	70708	0.003	0	0.003	0.003	565.664	91.0619	277	839	
6.25	6.5	4	4	5	3	127	70483	127	70483	0.003	0	0.003	0.003	554.984	68.9714	73	597	
6.25	6.5	4	5	4	3	183	70419	183	70419	0.003	0	0.003	0.003	384.803	203.081	47	621	
6.25	6.5	2	6	5	3	138	49274	138	49274	0.003	0	0.003	0.003	357.058	83.3853	93	485	
6.25	6.5	2	7	1	3	169	49384	168	49349	0.003	0	0.003	0.003	293.744	138.946	32	437	
6.25	6.5	2	8	2	3	140	49707	140	49707	0.003	0	0.003	0.003	355.05	82.7205	93	485	
6.25	6.5	2	9	4	3	149	49657	149	49545	0.003	0	0.003	0.003	332.517	84.4376	113	453	
6.25	6.5	2	10	3	3	174	49340	175	49417	0.003	0	0.003	0.003	282.383	142.663	32	437	
6.25	6.5	3	11	5	3	125	93389	125	93389	0.003	0	0.003	0.003	747.112	82.2064	693	871	
6.25	6.5	3	12	1	3	135	93435	135	93435	0.003	0	0.003	0.003	692.111	180.516	277	839	
6.25	6.5	3	13	3	3	127	93321	127	93321	0.003	0	0.003	0.003	734.811	94.4583	145	903	
6.25	6.5	3	14	2	3	130	93384	130	93384	0.003	0	0.003	0.003	718.338	118.589	121	839	
6.25	6.5	3	15	4	3	193	93176	193	93176	0.003	0	0.003	0.003	482.777	310.922	48	749	
6.25	6.5	1	16	4	3	127	61249	127	61249	0.003	0	0.003	0.003	482.276	65.3463	73	533	
6.25	6.5	1	17	3	3	138	61246	138	61246	0.003	0	0.003	0.003	443.812	122.884	73	533	
6.25	6.5	1	18	5	3	138	61234	138	61234	0.003	0	0.003	0.003	443.725	126.203	49	533	
6.25	6.5	1	19	1	3	134	61373	134	61373	0.003	0	0.003	0.003	458.007	99.0336	145	597	
6.25	6.5	1	20	2	3	143	61215	143	61215	0.003	0	0.003	0.003	428.077	138.584	73	533	
6.5	6.75	4	1	3	3	135	70171	135	70171	0.003	0	0.003	0.003	519.785	126.643	93	573	
6.5	6.75	4	2	1	3	134	70750	134	70750	0.003	0	0.003	0.003	527.985	113.745	93	669	
6.5	6.75	4	3	2	3	126	70660	126	70660	0.003	0	0.003	0.003	560.794	75.8495	277	839	
6.5	6.75	4	4	5	3	128	70476	128	70476	0.003	0	0.003	0.003	550.594	71.2725	73	597	
6.5	6.75	4	5	4	3	175	70487	175	70487	0.003	0	0.003	0.003	402.783	214.238	49	573	
6.5	6.75	2	6	5	3	139	49639	139	49639	0.003	0	0.003	0.003	357.115	81.6524	93	485	
6.5	6.75	2	7	1	3	177	49463	177	49385	0.003	0	0.003	0.003	279.011	134.952	32	437	
6.5	6.75	2	8	2	3	136	49430	136	49430	0.003	0	0.003	0.003	363.456	80.6933	93	485	
6.5	6.75	2	9	4	3	145	49221	145	49333	0.003	0	0.003	0.003	340.228	92.7449	113	453	
6.5	6.75	2	10	3	3	171	49392	171	49432	0.003	0	0.003	0.003	289.076	138.297	32	437	
6.5	6.75	3	11	5	3	131	93191	131	93191	0.003	0	0.003	0.003	711.382	122.564	349	871	
6.5	6.75	3	12	1	3	134	93140	134	93430	0.003	0	0.003	0.003	697.239	174.262	277	839	
6.5	6.75	3	13	3	3	129	93167	129	93167	0.003	0	0.003	0.003	722.225	114.109	145	903	
6.5	6.75	3	14	2	3	143	93207	143	93207	0.003	0	0.003	0.003	651.797	191.282	121	839	
6.5	6.75	3	15	4	3	191	93085	191	93029	0.003	0	0.003	0.003	487.063	297.673	49	839	
6.5	6.75	1	16	4	3	128	61244	128	61324	0.003	0	0.003	0.003	479.094	74.477	73	533	
6.5	6.75	1	17	3	3	141	61227	141	61227	0.003	0	0.003	0.003	434.234	133.414	71	533	
6.5	6.75	1	18	5	3	135	61295	135	61231	0.003	0	0.003	0.003	453.563	118.174	49	533	
6.5	6.75	1	19	1	3	136	61244	136	61244	0.003	0	0.003	0.003	450.324	104.633	145	597	
6.5	6.75	1	20	2	3	134	61274	134	61274	0.003	0	0.003	0.003	457.269	107.115	73	533	
6.75	7	4	1	3	3	137	70541	137	70541	0.003	0	0.003	0.003	514.898	135.47	93	573	
6.75	7	4	2	1	3	129	70524	129	70524	0.003	0	0.003	0.003	546.698	89.0438	93	669	
6.75	7	4	3	2	3	125	70691	125	70691	0.003	0	0.003	0.003	565.528	83.797	277	839	
6.75	7	4	4	5	3	125	70465	125	70465	0.003	0	0.003	0.003	563.72	32.1031	533	597	
6.75	7	4	5	4	3	175	70471	175	70471	0.003	0	0.003	0.003	402.691	209.981	49	573	
6.75	7	2	6	5	3	140	49224	140	49328	0.003	0	0.003	0.003	352.343	81.468	93	485	
6.75	7	2	7	1	3	178	49359	178	49395	0.003	0	0.003	0.003	277.5	142.369	32	437	
6.75	7	2	8	2	3	138	49438	138	49438	0.003	0	0.003	0.003	358.246	81.6112	93	485	
6.75	7	2	9	4	3	147	49435	147	49551	0.003	0	0.003	0.003	337.082	82.0898	113	453	
6.75	7	2	10	3	3	170	49511	169	49398	0.003	0	0.003	0.003	292.296	142.508	32	437	
6.75	7	3	11	5	3	128	92842	128	93020	0.003	0	0.003	0.003	726.719	109.822	173	871	
6.75	7	3	12	1	3	136	93966	136	93676	0.003	0	0.003	0.003	688.794	177.043	277	839	
6.75	7	3	13	3	3	131	93311	131	93311	0.003	0	0.003	0.003	712.298	124.54	145	903	
6.75	7	3	14	2	3	136	93258	135	93137	0.003	0	0.003	0.003	689.904	139.3	121	839	
6.75	7	3	15	4	3	188	93164	187	93239	0.003	0	0.003	0.003	498.604	306.23	49	839	
6.75	7	1	16	4	3	126	59978	126	59978	0.003	0	0.003	0.003	476.016	52.1578	73	533	
6.75	7	1	17	3	3	148	59952	148	59952	0.003	0	0.003	0.003	405.081	136.802	73	533	
6.75	7	1	18	5	3	135	59862	135	59926	0.003	0	0.003	0.003	443.896	114.133	49	533	
6.75	7	1	19	1	3	136	60080	136	60048	0.003	0	0.003	0.003	441.529	98.0785	121	597	
6.75	7	1	20	2	3	149	59933	148	59940	0.003	0	0.003	0.003	405	133.33	73	533	
7	7.25	4	1	3	3	144	70524	144	70524	0.003	0	0.003	0.003	489.75	142.962	93	573	
7	7.25	4	2	1	3	133	70553	133	70553	0.003	0	0.003	0.003	530.474	108.915	93	669	
7	7.25	4	3	2	3	126	70694	126	70694	0.003	0	0.003	0.003	561.063	90.9727	277	839	
7	7.25	4	4	5	3	132	70500	132	70500	0.003	0	0.003	0.003	534.091	102.582	73	597	
7	7.25	4	5	4	3	175	70421	175	70421	0.003	0	0.003	0.003	402.406	213.236	47	621	
7	7.25	2	6	5	3	141	49713	141	49609	0.003	0	0.003	0.003	351.837	87.9747	93	485	
7	7.25	2	7	1	3	174	49414	175	49451	0.003	0	0.003	0.003	282.577	135.87	32	437	
7	7.25	2	8	2	3	137	49437	136	49440	0.003	0	0.003	0.003	363.529	75.0874	93	485	
7	7.25	2	9	4	3	151	49547	151	49319	0.003	0	0.003	0.003	326.616	95.5625	113	453	
7	7.25	2	10	3	3	169	49301	170	49374	0.003	0	0.003	0.003	290.435	137.448	32	437	
7	7.25	3	11	5	3	134	92980	134	92980	0.003	0	0.003	0.003	693.881	132.26	173	871	
7	7.25	3	12	1	3	134	93086	134	93086	0.003	0	0.003	0.003	694.672	174.021	277	1095	
7	7.25	3	13	3	3	138	92648	138	92648	0.003	0	0.003	0.003	671.362	151.866	145	903	
7	7.25	3	14	2	3	142	92634	143	92755	0.003	0	0.003	0.003	648.636	175.466	121	839	
7	7.25	3	15	4	3	188	93115	188	93047	0.00307447	0.000720062	0.003	0.01	494.931	288.31	49	839	
7	7.25	1	16	4	3	127	59731	127	59651	0.003	0	0.003	0.003	469.693	61.9659	73	533	
7	7.25	1	17	3	3	152	59752	151	59679	0.003	0	0.003	0.003	395.225	137.718	73	533	
7	7.25	1	18	5	3	139	59695	139	59743	0.003	0	0.003	0.003	429.806	133.253	49	533	
7	7.25	1	19	1	3	138	59757	138	59757	0.003	0	0.003	0.003	433.022	102.685	121	485	
7	7.25	1	20	2	3	149	59687	150	59760	0.003	0	0.003	0.003	398.4	135.226	73	533	
7.25	7.5	4	1	3	3	141	70465	141	70465	0.003	0	0.003	0.003	499.752	143.873	93	573	
7.25	7.5	4	2	1	3	127	70515	127	70515	0.003	0	0.003	0.003	555.236	68.2993	93	669	
7.25	7.5	4	3	2	3	124	70740	124	70740	0.003	0	0.003	0.003	570.484	97.6937	277	839	
7.25	7.5	4	4	5	3	125	70465	125	70529	0.003	0	0.003	0.003	564.232	32.1195	533	597	
7.25	7.5	4	5	4	3	174	70510	173	70461	0.003	0	0.003	0.003	407.289	207.728	49	573	
7.25	7.5	2	6	5	3	133	49093	133	49093	0.003	0	0.003	0.003	369.12	67.2344	93	485	
7.25	7.5	2	7	1	3	180	49143	179	49148	0.003	0	0.003	0.003	274.57	139.032	32	437	
7.25	7.5	2	8	2	3	140	49324	141	49321	0.003	0	0.003	0.003	349.794	85.8706	93	485	
7.25	7.5	2	9	4	3	143	49451	143	49515	0.003	0	0.003	0.003	346.259	77.8086	113	453	
7.25	7.5	2	10	3	3	168	49177	168	49177	0.003	0	0.003	0.003	292.72	136.596	32	437	
7.25	7.5	3	11	5	3	128	93384	128	93384	0.003	0	0.003	0.003	729.562	108.853	349	871	
7.25	7.5	3	12	1	3	137	93389	137	93389	0.003	0	0.003	0.003	681.672	182.719	277	839	
7.25	7.5	3	13	3	3	126	93322	126	93322	0.003	0	0.003	0.003	740.651	70.0071	145	903	
7.25	7.5	3	14	2	3	142	93307	142	93307	0.003	0	0.003	0.003	657.092	191.874	121	839	
7.25	7.5	3	15	4	3	189	93147	189	93147	0.003	0	0.003	0.003	492.841	305.674	49	775	
7.25	7.5	1	16	4	3	150	59632	150	59712	0.00304667	0.000571548	0.003	0.01	398.08	138.158	71	693	
7.25	7.5	1	17	3	3	141	59698	142	59691	0.003	0	0.003	0.003	420.359	124.574	73	533	
7.25	7.5	1	18	5	3	139	59451	139	59403	0.003	0	0.003	0.003	427.36	122.952	49	533	
7.25	7.5	1	19	1	3	135	59963	135	59963	0.003	0	0.003	0.003	444.17	89.4215	121	485	
7.25	7.5	1	20	2	3	143	59911	143	59911	0.003	0	0.003	0.003	418.958	122.569	73	533	
7.5	7.75	4	1	3	3	140	70780	140	70780	0.003	0	0.003	0.003	505.571	135.107	93	669	
7.5	7.75	4	2	1	3	142	70162	142	70162	0.003	0	0.003	0.003	494.099	138.587	93	669	
7.5	7.75	4	3	2	3	123	70445	123	70445	0.003	0	0.003	0.003	572.724	87.3029	277	839	
7.5	7.75	4	4	5	3	137	70217	137	70153	0.003	0	0.003	0.003	512.066	121.474	73	597	
7.5	7.75	4	5	4	3	179	70653	180	70702	0.003	0	0.003	0.003	392.789	201.447	49	573	
7.5	7.75	2	6	5	3	130	48518	130	48518	0.003	0	0.003	0.003	373.215	44.5374	93	389	
7.5	7.75	2	7	1	3	188	48417	188	48380	0.003	0	0.003	0.003	257.34	135.13	32	437	
7.5	7.75	2	8	2	3	130	48530	130	48530	0.003	0	0.003	0.003	373.308	46.0067	93	389	
7.5	7.75	2	9	4	3	129	48337	129	48337	0.003	0	0.003	0.003	374.705	43.3266	93	389	
7.5	7.75	2	10	3	3	197	48425	196	48462	0.003	0	0.003	0.003	247.255	133.507	32	437	
7.5	7.75	3	11	5	3	131	93519	131	93341	0.003	0	0.003	0.003	712.527	117.848	173	871	
7.5	7.75	3	12	1	3	135	92819	135	92819	0.003	0	0.003	0.003	687.548	183.266	277	1095	
7.5	7.75	3	13	3	3	132	93304	132	93456	0.003	0	0.003	0.003	708	128.318	145	903	
7.5	7.75	3	14	2	3	136	93402	136	93402	0.003	0	0.003	0.003	686.779	157.173	121	839	
7.5	7.75	3	15	4	3	197	92589	197	92589	0.00303553	0.000498729	0.003	0.01	469.995	290.953	49	839	
7.5	7.75	1	16	4	3	152	59752	152	59752	0.003	0	0.003	0.003	393.105	139.728	73	533	
7.5	7.75	1	17	3	3	125	59665	125	59745	0.003	0	0.003	0.003	477.96	37.2139	453	533	
7.5	7.75	1	18	5	3	133	59687	133	59687	0.003	0	0.003	0.003	448.774	108.004	49	533	
7.5	7.75	1	19	1	3	137	59733	136	59724	0.003	0	0.003	0.003	439.147	100.443	121	485	
7.5	7.75	1	20	2	3	151	59777	151	59697	0.003	0	0.003	0.003	395.344	143.177	73	533	
7.75	8	4	1	3	3	135	70447	135	70535	0.003	0	0.003	0.003	522.481	124.52	93	573	
7.75	8	4	2	1	3	131	70511	131	70511	0.003	0	0.003	0.003	538.252	102.708	93	573	
7.75	8	4	3	2	3	125	70672	125	70672	0.003	0	0.003	0.003	565.376	75.8119	277	839	
7.75	8	4	4	5	3	127	70483	127	70483	0.003	0	0.003	0.003	554.984	68.9714	73	597	
7.75	8	4	5	4	3	182	70486	182	70446	0.003	0	0.003	0.003	387.066	219.212	49	573	
7.75	8	2	6	5	3	130	48534	130	48534	0.003	0	0.003	0.003	373.338	49.1441	93	389	
7.75	8	2	7	1	3	189	48354	190	48426	0.003	0	0.003	0.003	254.874	135.158	32	389	
7.75	8	2	8	2	3	131	48515	130	48334	0.003	0	0.003	0.003	371.8	48.6255	93	389	
7.75	8	2	9	4	3	130	48726	130	48726	0.003	0	0.003	0.003	374.815	43.1765	93	389	
7.75	8	2	10	3	3	197	48346	198	48349	0.003	0	0.003	0.003	244.187	133.907	32	437	
7.75	8	3	11	5	3	133	93005	133	93183	0.003	0	0.003	0.003	700.624	135.076	173	871	
7.75	8	3	12	1	3	134	93410	134	93410	0.003	0	0.003	0.003	697.09	170.936	277	839	
7.75	8	3	13	3	3	129	93173	129	93021	0.003	0	0.003	0.003	721.093	99.6663	293	903	
7.75	8	3	14	2	3	142	93048	142	93176	0.003	0	0.003	0.003	656.169	185.212	121	839	
7.75	8	3	15	4	3	195	93052	195	93000	0.003	0	0.003	0.003	476.923	294.334	48	839	
7.75	8	1	16	4	3	149	59697	149	59697	0.003	0	0.003	0.003	400.651	135.323	73	533	
7.75	8	1	17	3	3	125	59745	125	59745	0.003	0	0.003	0.003	477.96	37.2139	453	533	
7.75	8	1	18	5	3	134	59720	134	59656	0.003	0	0.003	0.003	445.194	112.522	49	533	
7.75	8	1	19	1	3	137	59833	138	59842	0.003	0	0.003	0.003	433.638	105.866	121	485	
7.75	8	1	20	2	3	151	59610	151	59690	0.003	0	0.003	0.003	395.298	141.019	73	533	
8	8.25	4	1	3	3	146	70538	146	70450	0.003	0	0.003	0.003	482.534	143.935	93	669	
8	8.25	4	2	1	3	131	70469	131	70469	0.003	0	0.003	0.003	537.931	101.572	93	669	
8	8.25	4	3	2	3	126	70696	126	70696	0.003	0	0.003	0.003	561.079	90.9704	277	839	
8	8.25	4	4	5	3	127	70416	127	70480	0.003	0	0.003	0.003	554.961	68.9719	73	597	
8	8.25	4	5	4	3	183	70454	182	70445	0.003	0	0.003	0.003	387.06	201.325	49	621	
8	8.25	2	6	5	3	131	48726	131	48726	0.003	0	0.003	0.003	371.954	51.4254	93	389	
8	8.25	2	7	1	3	203	48400	202	48355	0.003	0	0.003	0.003	239.381	130.985	32	437	
8	8.25	2	8	2	3	129	48529	130	48710	0.003	0	0.003	0.003	374.692	37.8553	193	389	
8	8.25	2	9	4	3	130	48338	130	48338	0.003	0	0.003	0.003	371.831	51.6048	93	389	
8	8.25	2	10	3	3	186	48381	185	48349	0.003	0	0.003	0.003	261.346	137.105	32	437	
8	8.25	3	11	5	3	128	93196	128	93196	0.003	0	0.003	0.003	728.094	106.12	349	871	
8	8.25	3	12	1	3	139	93655	139	93655	0.003	0	0.003	0.003	673.777	187.525	277	839	
8	8.25	3	13	3	3	127	93177	126	92876	0.003	0	0.003	0.003	737.111	78.0327	145	903	
8	8.25	3	14	2	3	141	93299	141	93171	0.003	0	0.003	0.003	660.787	188.496	121	839	
8	8.25	3	15	4	3	192	92958	193	93131	0.003	0	0.003	0.003	482.544	296.534	49	839	
8	8.25	1	16	4	3	151	59683	151	59683	0.003	0	0.003	0.003	395.252	138.828	73	533	
8	8.25	1	17	3	3	126	59736	126	59656	0.003	0	0.003	0.003	473.46	51.2607	73	533	
8	8.25	1	18	5	3	137	59629	137	59741	0.003	0	0.003	0.003	436.066	125.335	49	533	
8	8.25	1	19	1	3	138	59750	138	59750	0.003	0	0.003	0.003	432.971	104.777	121	485	
8	8.25	1	20	2	3	152	59760	151	59687	0.003	0	0.003	0.003	395.278	139.93	73	533	
8.25	8.5	4	1	3	3	130	70246	130	70246	0.003	0	0.003	0.003	540.354	97.5187	93	669	
8.25	8.5	4	2	1	3	137	70747	136	70742	0.003	0	0.003	0.003	520.162	126.25	93	573	
8.25	8.5	4	3	2	3	125	70691	125	70691	0.003	0	0.003	0.003	565.528	83.797	277	839	
8.25	8.5	4	4	5	3	128	70476	128	70476	0.003	0	0.003	0.003	550.594	71.2725	73	597	
8.25	8.5	4	5	4	3	176	70468	177	70477	0.003	0	0.003	0.003	398.175	215.054	49	573	
8.25	8.5	2	6	5	3	130	48330	130	48330	0.003	0	0.003	0.003	371.769	45.4513	193	389	
8.25	8.5	2	7	1	3	172	48366	172	48376	0.003	0	0.003	0.003	281.256	140.226	32	437	
8.25	8.5	2	8	2	3	129	48528	129	48528	0.003	0	0.003	0.003	376.186	36.2995	193	389	
8.25	8.5	2	9	4	3	131	48719	131	48719	0.003	0	0.003	0.003	371.901	52.9988	93	389	
8.25	8.5	2	10	3	3	216	48400	217	48392	0.003	0	0.003	0.003	223.005	124.256	32	437	
8.25	8.5	3	11	5	3	133	93359	133	93359	0.003	0	0.003	0.003	701.947	130.657	349	871	
8.25	8.5	3	12	1	3	136	92821	136	92821	0.003	0	0.003	0.003	682.507	179.925	277	839	
8.25	8.5	3	13	3	3	133	93299	134	93600	0.003	0	0.003	0.003	698.507	126.708	145	903	
8.25	8.5	3	14	2	3	142	93227	142	93227	0.003	0	0.003	0.003	656.528	185.885	121	839	
8.25	8.5	3	15	4	3	187	93113	186	92992	0.003	0	0.003	0.003	499.957	295.377	49	839	
8.25	8.5	1	16	4	3	150	59772	149	59700	0.003	0	0.003	0.003	400.671	136.464	73	533	
8.25	8.5	1	17	3	3	130	59710	130	59790	0.003	0	0.003	0.003	459.923	85.3524	73	533	
8.25	8.5	1	18	5	3	135	59732	135	59684	0.003	0	0.003	0.003	442.104	113.473	49	533	
8.25	8.5	1	19	1	3	137	59773	137	59773	0.003	0	0.003	0.003	436.299	92.5913	121	485	
8.25	8.5	1	20	2	3	147	59703	148	59776	0.003	0	0.003	0.003	403.892	131.42	73	533	
8.5	8.75	4	1	3	3	128	70520	128	70520	0.003	0	0.003	0.003	550.937	79.5499	93	669	
8.5	8.75	4	2	1	3	138	70546	139	70551	0.003	0	0.003	0.003	507.561	143.443	93	573	
8.5	8.75	4	3	2	3	125	70963	125	70963	0.003	0	0.003	0.003	567.704	79.6744	277	839	
8.5	8.75	4	4	5	3	125	70465	125	70465	0.003	0	0.003	0.003	563.72	32.1031	533	597	
8.5	8.75	4	5	4	3	173	70429	172	70424	0.003	0	0.003	0.003	409.442	208.427	49	573	
8.5	8.75	2	6	5	3	131	48713	131	48713	0.003	0	0.003	0.003	371.855	50.1205	93	389	
8.5	8.75	2	7	1	3	193	48429	194	48424	0.003	0	0.003	0.003	249.608	134.361	32	437	
8.5	8.75	2	8	2	3	128	48340	128	48340	0.003	0	0.003	0.003	377.656	36.7765	193	485	
8.5	8.75	2	9	4	3	130	48326	130	48430	0.003	0	0.003	0.003	372.538	49.7301	93	389	
8.5	8.75	2	10	3	3	198	48419	197	48384	0.003	0	0.003	0.003	245.604	134.395	32	437	
8.5	8.75	3	11	5	3	129	92651	129	92651	0.003	0	0.003	0.003	718.225	113.709	173	871	
8.5	8.75	3	12	1	3	129	93189	129	93189	0.003	0	0.003	0.003	722.395	162.005	277	1095	
8.5	8.75	3	13	3	3	130	92586	130	92586	0.003	0	0.003	0.003	712.2	120.431	145	903	
8.5	8.75	3	14	2	3	139	92891	138	92782	0.003	0	0.003	0.003	672.333	169.515	121	839	
8.5	8.75	3	15	4	3	205	93210	206	93259	0.00306796	0.000688046	0.003	0.01	452.714	292.497	49	839	
8.5	8.75	1	16	4	3	150	59694	151	59686	0.003	0	0.003	0.003	395.272	139.927	73	533	
8.5	8.75	1	17	3	3	125	59745	125	59745	0.003	0	0.003	0.003	477.96	37.2139	453	533	
8.5	8.75	1	18	5	3	136	59692	136	59628	0.003	0	0.003	0.003	438.441	120.369	49	533	
8.5	8.75	1	19	1	3	139	59655	139	59767	0.003	0	0.003	0.003	429.978	105.686	121	485	
8.5	8.75	1	20	2	3	149	59705	149	59705	0.003	0	0.003	0.003	400.705	137.601	73	533	
8.75	9	4	1	3	3	134	70462	134	70462	0.003	0	0.003	0.003	525.836	114.288	93	669	
8.75	9	4	2	1	3	145	70517	145	70517	0.003	0	0.003	0.003	486.324	141.054	93	573	
8.75	9	4	3	2	3	126	70714	126	70714	0.003	0	0.003	0.003	561.222	97.6564	277	839	
8.75	9	4	4	5	3	132	70500	132	70500	0.003	0	0.003	0.003	534.091	102.582	73	597	
8.75	9	4	5	4	3	176	70464	176	70464	0.003	0	0.003	0.003	400.364	213.493	49	621	
8.75	9	2	6	5	3	130	48341	130	48341	0.003	0	0.003	0.003	371.854	54.4189	93	389	
8.75	9	2	7	1	3	189	48346	189	48386	0.003	0	0.003	0.003	256.011	137.211	32	437	
8.75	9	2	8	2	3	130	48722	130	48722	0.003	0	0.003	0.003	374.785	39.57	193	389	
8.75	9	2	9	4	3	130	48542	130	48438	0.003	0	0.003	0.003	372.6	48.0384	93	389	
8.75	9	2	10	3	3	201	48431	201	48429	0.003	0	0.003	0.003	240.94	131.776	32	437	
8.75	9	3	11	5	3	134	93002	134	93178	0.003	0	0.003	0.003	695.358	142.903	173	871	
8.75	9	3	12	1	3	130	93464	129	93205	0.003	0	0.003	0.003	722.519	154.765	277	839	
8.75	9	3	13	3	3	133	92857	133	93009	0.003	0	0.003	0.003	699.316	118.157	145	903	
8.75	9	3	14	2	3	150	92698	150	92814	0.003	0	0.003	0.003	618.76	199.72	121	839	
8.75	9	3	15	4	3	196	92868	195	92767	0.003	0	0.003	0.003	475.728	274.267	49	839	
8.75	9	1	16	4	3	141	60409	141	60489	0.003	0	0.003	0.003	429	124.593	73	533	
8.75	9	1	17	3	3	128	60444	128	60444	0.003	0	0.003	0.003	472.219	65.6194	73	533	
8.75	9	1	18	5	3	143	60426	142	60441	0.003	0	0.003	0.003	425.641	136.646	49	533	
8.75	9	1	19	1	3	140	60594	140	60514	0.003	0	0.003	0.003	432.243	104.393	121	597	
8.75	9	1	20	2	3	149	60449	148	60376	0.003	0	0.003	0.003	407.946	143.491	73	533	
9	9.25	4	1	3	3	128	70528	128	70528	0.003	0	0.003	0.003	551	80.4021	93	669	
9	9.25	4	2	1	3	138	70466	138	70554	0.003	0	0.003	0.003	511.261	136.45	93	573	
9	9.25	4	3	2	3	124	70722	124	70722	0.003	0	0.003	0.003	570.339	90.9125	277	839	
9	9.25	4	4	5	3	126	70538	126	70474	0.003	0	0.003	0.003	559.317	54.1106	73	597	
9	9.25	4	5	4	3	176	70468	176	70476	0.003	0	0.003	0.003	400.432	209.997	49	573	
9	9.25	2	6	5	3	130	48725	130	48725	0.003	0	0.003	0.003	374.808	43.1741	93	389	
9	9.25	2	7	1	3	191	48385	190	48350	0.003	0	0.003	0.003	254.474	135.971	32	437	
9	9.25	2	8	2	3	129	48337	129	48337	0.003	0	0.003	0.003	374.705	43.3266	93	389	
9	9.25	2	9	4	3	132	48712	132	48712	0.003	0	0.003	0.003	369.03	54.5113	93	389	
9	9.25	2	10	3	3	198	48313	199	48350	0.003	0	0.003	0.003	242.965	132.342	32	437	
9	9.25	3	11	5	3	126	93208	126	92854	0.003	0	0.003	0.003	736.937	101.654	173	871	
9	9.25	3	12	1	3	132	93148	133	93697	0.003	0	0.003	0.003	704.489	163.902	277	839	
9	9.25	3	13	3	3	127	93169	127	93169	0.003	0	0.003	0.003	733.614	93.5496	145	903	
9	9.25	3	14	2	3	137	93125	138	93118	0.003	0	0.003	0.003	674.768	160.036	121	839	
9	9.25	3	15	4	3	203	93063	203	93059	0.00306896	0.000693086	0.003	0.01	458.419	284.766	49	839	
9	9.25	1	16	4	3	146	60526	146	60526	0.003	0	0.003	0.003	414.562	135.035	73	533	
9	9.25	1	17	3	3	129	60589	129	60509	0.003	0	0.003	0.003	469.062	76.0937	73	533	
9	9.25	1	18	5	3	137	60469	138	60518	0.003	0	0.003	0.003	438.536	124.048	49	533	
9	9.25	1	19	1	3	138	60638	138	60606	0.003	0	0.003	0.003	439.174	106.958	121	597	
9	9.25	1	20	2	3	144	60548	145	60621	0.003	0	0.003	0.003	418.076	135.463	73	533	
9.25	9.5	4	1	3	3	142	70810	142	70810	0.003	0	0.003	0.003	498.662	134.337	93	669	
9.25	9.5	4	2	1	3	140	70212	140	70212	0.003	0	0.003	0.003	501.514	139.282	93	669	
9.25	9.5	4	3	2	3	124	70704	124	70704	0.003	0	0.003	0.003	570.194	83.5827	277	839	
9.25	9.5	4	4	5	3	137	70741	137	70741	0.003	0	0.003	0.003	516.358	115.856	73	597	
9.25	9.5	4	5	4	3	176	70192	177	70189	0.003	0	0.003	0.003	396.548	201.862	49	573	
9.25	9.5	2	6	5	3	130	48514	130	48514	0.003	0	0.003	0.003	373.185	41.0494	193	389	
9.25	9.5	2	7	1	3	207	48383	207	48383	0.003	0	0.003	0.003	233.734	130.052	32	437	
9.25	9.5	2	8	2	3	129	48529	129	48529	0.003	0	0.003	0.003	376.194	36.3021	193	389	
9.25	9.5	2	9	4	3	129	48533	129	48533	0.003	0	0.003	0.003	376.225	40.2308	93	389	
9.25	9.5	2	10	3	3	185	48371	185	48371	0.003	0	0.003	0.003	261.465	138.562	32	389	
9.25	9.5	3	11	5	3	129	93705	129	93705	0.003	0	0.003	0.003	726.395	102.923	349	871	
9.25	9.5	3	12	1	3	136	93132	136	92842	0.003	0	0.003	0.003	682.662	183.049	277	839	
9.25	9.5	3	13	3	3	135	93739	135	93587	0.003	0	0.003	0.003	693.237	142.675	145	903	
9.25	9.5	3	14	2	3	135	93677	135	93677	0.003	0	0.003	0.003	693.904	146.335	121	839	
9.25	9.5	3	15	4	3	187	92694	188	92799	0.00303723	0.000510527	0.003	0.01	493.612	305.933	49	839	
9.25	9.5	1	16	4	3	152	59684	152	59684	0.003	0	0.003	0.003	392.658	142.594	73	533	
9.25	9.5	1	17	3	3	126	59738	126	59738	0.003	0	0.003	0.003	474.111	51.4933	73	533	
9.25	9.5	1	18	5	3	133	59753	133	59753	0.003	0	0.003	0.003	449.271	108.233	49	533	
9.25	9.5	1	19	1	3	136	59752	136	59752	0.003	0	0.003	0.003	439.353	96.1782	121	621	
9.25	9.5	1	20	2	3	149	59704	149	59704	0.003	0	0.003	0.003	400.698	137.595	73	533	
9.5	9.75	4	1	3	3	130	70416	130	70416	0.003	0	0.003	0.003	541.662	95.295	93	573	
9.5	9.75	4	2	1	3	134	70526	134	70438	0.003	0	0.003	0.003	525.657	121.128	93	573	
9.5	9.75	4	3	2	3	124	70704	124	70414	0.003	0	0.003	0.003	567.855	79.9797	277	839	
9.5	9.75	4	4	5	3	127	70419	127	70483	0.003	0	0.003	0.003	554.984	68.9714	73	597	
9.5	9.75	4	5	4	3	184	70552	183	70595	0.003	0	0.003	0.003	385.765	218.343	49	573	
9.5	9.75	2	6	5	3	130	48530	130	48530	0.003	0	0.003	0.003	373.308	46.0067	93	389	
9.5	9.75	2	7	1	3	201	48398	201	48398	0.003	0	0.003	0.003	240.786	131.796	32	437	
9.5	9.75	2	8	2	3	132	48708	132	48708	0.003	0	0.003	0.003	369	58.5504	93	389	
9.5	9.75	2	9	4	3	129	48324	129	48324	0.003	0	0.003	0.003	374.605	41.6042	193	485	
9.5	9.75	2	10	3	3	188	48386	188	48386	0.003	0	0.003	0.003	257.372	136.39	32	437	
9.5	9.75	3	11	5	3	132	93011	132	93189	0.003	0	0.003	0.003	705.977	133.61	173	871	
9.5	9.75	3	12	1	3	136	93366	136	93366	0.003	0	0.003	0.003	686.515	173.732	277	839	
9.5	9.75	3	13	3	3	129	93017	129	93017	0.003	0	0.003	0.003	721.062	95.9169	293	903	
9.5	9.75	3	14	2	3	143	93133	143	93133	0.003	0	0.003	0.003	651.28	185.967	121	839	
9.5	9.75	3	15	4	3	199	93043	198	92994	0.00303535	0.000497468	0.003	0.01	469.667	273.752	47	839	
9.5	9.75	1	16	4	3	149	59549	148	59476	0.003	0	0.003	0.003	401.865	134.737	73	533	
9.5	9.75	1	17	3	3	130	59714	130	59794	0.003	0	0.003	0.003	459.954	81.0743	73	533	
9.5	9.75	1	18	5	3	140	59892	140	59892	0.003	0	0.003	0.003	427.8	127.749	49	533	
9.5	9.75	1	19	1	3	137	59495	137	59495	0.003	0	0.003	0.003	434.27	102.882	121	485	
9.5	9.75	1	20	2	3	149	59689	149	59689	0.003	0	0.003	0.003	400.597	133.007	73	533	
9.75	10	4	1	3	3	132	70203	132	70203	0.003	0	0.003	0.003	531.841	109.071	93	669	
9.75	10	4	2	1	3	147	70739	147	70739	0.003	0	0.003	0.003	481.218	142.953	93	669	
9.75	10	4	3	2	3	127	70973	127	71263	0.003	0	0.003	0.003	561.126	97.2742	277	839	
9.75	10	4	4	5	3	129	70485	129	70485	0.003	0	0.003	0.003	546.395	82.4009	73	597	
9.75	10	4	5	4	3	182	70348	182	70296	0.003	0	0.003	0.003	386.242	201.864	49	621	
9.75	10	2	6	5	3	130	48534	130	48534	0.003	0	0.003	0.003	373.338	49.1441	93	389	
9.75	10	2	7	1	3	197	48413	198	48408	0.003	0	0.003	0.003	244.485	133.91	32	437	
9.75	10	2	8	2	3	129	48347	129	48347	0.003	0	0.003	0.003	374.783	44.8393	93	389	
9.75	10	2	9	4	3	129	48529	129	48529	0.003	0	0.003	0.003	376.194	36.3021	193	389	
9.75	10	2	10	3	3	193	48425	192	48430	0.003	0	0.003	0.003	252.24	135.513	32	437	
9.75	10	3	11	5	3	131	92653	131	92653	0.003	0	0.003	0.003	707.275	129.689	173	871	
9.75	10	3	12	1	3	132	93456	132	93456	0.003	0	0.003	0.003	708	167.3	277	839	
9.75	10	3	13	3	3	132	92567	132	92567	0.003	0	0.003	0.003	701.265	122.255	145	903	
9.75	10	3	14	2	3	143	92589	143	92589	0.003	0	0.003	0.003	647.476	177.243	121	839	
9.75	10	3	15	4	3	197	93145	197	93145	0.00303553	0.000498729	0.003	0.01	472.817	275.344	49	839	
9.75	10	1	16	4	3	149	59773	149	59697	0.003	0	0.003	0.003	400.651	135.323	73	533	
9.75	10	1	17	3	3	150	59682	150	59682	0.003	0	0.003	0.003	397.88	134.854	73	533	
9.75	10	1	18	5	3	136	59660	136	59708	0.003	0	0.003	0.003	439.029	121.498	49	533	
9.75	10	1	19	1	3	137	59733	137	59733	0.003	0	0.003	0.003	436.007	103.757	121	485	
9.75	10	1	20	2	3	125	59745	125	59745	0.003	0	0.003	0.003	477.96	37.2139	453	533	
