% start	end	CellId	IMSI	RNTI	LCID	nTxPDUs	TxBytes	nRxPDUs	RxBytes	delay	stdDev	min	max	PduSize	stdDev	min	max
0.5	0.75	4	1	3	3	115	46187	108	40268	0.003	0	0.003	0.003	372.852	132.712	49	749	
0.5	0.75	4	2	1	3	105	46449	104	46060	0.00367308	0.00300951	0.003	0.017	442.885	170.893	93	1383	
0.5	0.75	4	3	4	3	108	46500	107	46127	0.00378505	0.00323608	0.003	0.017	431.093	158.392	73	1095	
0.5	0.75	4	4	2	3	118	46567	111	40943	0.003	0	0.003	0.003	368.856	123.139	49	775	
0.5	0.75	4	5	5	3	124	46240	117	40347	0.003	0	0.003	0.003	344.846	142.582	32	621	
0.5	0.75	2	6	3	3	133	62423	126	56410	0.003	0	0.003	0.003	447.698	171.707	49	839	
0.5	0.75	2	7	2	3	119	62456	118	61971	0.00359322	0.00283216	0.003	0.017	525.178	145.937	93	1383	
0.5	0.75	2	8	5	3	126	62550	125	62017	0.003672	0.00300477	0.003	0.017	496.136	163.675	73	1095	
0.5	0.75	2	9	1	3	117	62317	116	61744	0.00372414	0.00311402	0.003	0.017	532.276	115.239	93	839	
0.5	0.75	2	10	4	3	116	62380	115	61895	0.00373043	0.00312691	0.003	0.017	538.217	134.656	93	1095	
0.5	0.75	3	11	1	3	114	39746	107	34697	0.003	0	0.003	0.003	324.271	136.189	49	839	
0.5	0.75	3	12	3	3	106	40007	98	34051	0.00307143	0.000707107	0.003	0.01	347.459	133.351	57	839	
0.5	0.75	3	13	2	3	144	40005	137	34229	0.003	0	0.003	0.003	249.847	130.378	26	437	
0.5	0.75	3	14	4	3	97	39921	96	39620	0.003875	0.00340665	0.003	0.017	412.708	172.537	73	1095	
0.5	0.75	3	15	5	3	106	39956	105	39663	0.0038	0.0032652	0.003	0.017	377.743	180.831	57	1095	
0.5	0.75	1	16	1	3	115	49073	114	48620	0.00342982	0.0016879	0.003	0.01	426.491	181.023	113	1383	
0.5	0.75	1	17	2	3	131	48964	129	48674	0.00365116	0.00295976	0.003	0.017	377.318	174.952	57	1056	
0.5	0.75	1	18	4	3	121	48789	114	42822	0.003	0	0.003	0.003	375.632	117.525	49	749	
0.5	0.75	1	19	5	3	126	49090	119	43125	0.003	0	0.003	0.003	362.395	110.966	47	621	
0.5	0.75	1	20	3	3	124	49052	117	43133	0.003	0	0.003	0.003	368.658	124.57	49	693	
0.75	1	4	1	3	3	130	45862	130	45862	0.003	0	0.003	0.003	352.785	63.989	49	373	
0.75	1	4	2	1	3	126	46014	126	46014	0.003	0	0.003	0.003	365.19	48.7773	93	389	
0.75	1	4	3	4	3	127	45871	127	45871	0.003	0	0.003	0.003	361.189	43.7681	73	453	
0.75	1	4	4	2	3	126	45882	126	45882	0.003	0	0.003	0.003	364.143	33.9924	49	421	
0.75	1	4	5	5	3	162	45852	162	45852	0.003	0	0.003	0.003	283.037	130.722	32	389	
0.75	1	2	6	3	3	148	63218	148	63218	0.003	0	0.003	0.003	427.149	162.948	49	533	
0.75	1	2	7	2	3	127	63275	127	63275	0.003	0	0.003	0.003	498.228	63.1159	93	573	
0.75	1	2	8	5	3	143	63215	143	63215	0.003	0	0.003	0.003	442.063	144.352	73	533	
0.75	1	2	9	1	3	127	63187	127	63275	0.003	0	0.003	0.003	498.228	63.1159	93	573	
0.75	1	2	10	4	3	128	63272	128	63184	0.003	0	0.003	0.003	493.625	66.8979	93	573	
0.75	1	3	11	1	3	129	38589	130	38582	0.003	0	0.003	0.003	296.785	55.4711	49	373	
0.75	1	3	12	3	3	146	38410	147	38527	0.003	0	0.003	0.003	262.088	79.7497	57	357	
0.75	1	3	13	2	3	150	38547	150	38491	0.003	0	0.003	0.003	256.607	101.124	26	325	
0.75	1	3	14	4	3	126	38778	126	38778	0.003	0	0.003	0.003	307.762	26.7323	225	373	
0.75	1	3	15	5	3	135	38611	135	38611	0.003	0	0.003	0.003	286.007	68.8251	57	357	
0.75	1	1	16	1	3	147	48671	146	48786	0.003	0	0.003	0.003	334.151	86.2842	113	453	
0.75	1	1	17	2	3	144	48764	145	48633	0.003	0	0.003	0.003	335.4	102.341	57	469	
0.75	1	1	18	4	3	139	48577	139	48625	0.003	0	0.003	0.003	349.82	91.66	49	421	
0.75	1	1	19	5	3	148	48372	148	48420	0.003	0	0.003	0.003	327.162	108.023	49	421	
0.75	1	1	20	3	3	159	48575	159	48527	0.003	0	0.003	0.003	305.201	119.833	49	421	
1	1.25	4	1	3	3	131	45853	131	45853	0.003	0	0.003	0.003	350.023	69.0754	49	373	
1	1.25	4	2	1	3	125	45817	125	45921	0.003	0	0.003	0.003	367.368	42.3811	285	389	
1	1.25	4	3	4	3	131	45919	131	45919	0.003	0	0.003	0.003	350.527	66.1215	73	453	
1	1.25	4	4	2	3	132	45848	132	45848	0.003	0	0.003	0.003	347.333	73.6504	49	373	
1	1.25	4	5	5	3	169	45831	168	45799	0.003	0	0.003	0.003	272.613	135.399	32	389	
1	1.25	2	6	3	3	155	63215	155	63151	0.003	0	0.003	0.003	407.426	169.659	49	533	
1	1.25	2	7	2	3	131	63194	131	63194	0.003	0	0.003	0.003	482.397	86.4931	93	573	
1	1.25	2	8	5	3	147	63183	147	63263	0.003	0	0.003	0.003	430.361	152.618	73	533	
1	1.25	2	9	1	3	134	63302	134	63214	0.003	0	0.003	0.003	471.746	103.687	93	573	
1	1.25	2	10	4	3	132	63204	132	63292	0.003	0	0.003	0.003	479.485	94.3154	93	573	
1	1.25	3	11	1	3	129	38589	129	38589	0.003	0	0.003	0.003	299.14	50.5966	49	373	
1	1.25	3	12	3	3	147	38703	147	38703	0.003	0	0.003	0.003	263.286	77.017	57	357	
1	1.25	3	13	2	3	161	38495	161	38527	0.003	0	0.003	0.003	239.298	113.293	26	325	
1	1.25	3	14	4	3	126	38482	126	38482	0.003	0	0.003	0.003	305.413	32.0593	73	373	
1	1.25	3	15	5	3	133	38625	133	38561	0.003	0	0.003	0.003	289.932	63.5322	57	357	
1	1.25	1	16	1	3	147	48531	148	48644	0.003	0	0.003	0.003	328.676	91.699	113	453	
1	1.25	1	17	2	3	151	48599	151	48599	0.003	0	0.003	0.003	321.848	109.795	57	421	
1	1.25	1	18	4	3	157	48745	157	48745	0.003	0	0.003	0.003	310.478	114.911	49	421	
1	1.25	1	19	5	3	158	48570	158	48570	0.003	0	0.003	0.003	307.405	117.669	49	421	
1	1.25	1	20	3	3	141	48455	140	48402	0.003	0	0.003	0.003	345.729	97.0593	49	421	
1.25	1.5	4	1	3	3	139	45851	139	45851	0.003	0	0.003	0.003	329.863	95.7312	49	373	
1.25	1.5	4	2	1	3	126	46014	126	45910	0.003	0	0.003	0.003	364.365	49.2489	93	389	
1.25	1.5	4	3	4	3	131	45866	131	45866	0.003	0	0.003	0.003	350.122	65.614	73	453	
1.25	1.5	4	4	2	3	130	45854	130	45854	0.003	0	0.003	0.003	352.723	64.2981	49	421	
1.25	1.5	4	5	5	3	160	45828	161	45860	0.003	0	0.003	0.003	284.845	130.311	32	389	
1.25	1.5	2	6	3	3	155	63195	155	63195	0.003	0	0.003	0.003	407.71	173.498	49	533	
1.25	1.5	2	7	2	3	133	63217	133	63217	0.003	0	0.003	0.003	475.316	102.228	93	573	
1.25	1.5	2	8	5	3	152	63224	151	63151	0.003	0	0.003	0.003	418.219	159.294	73	533	
1.25	1.5	2	9	1	3	133	63204	133	63292	0.003	0	0.003	0.003	475.88	97.7837	93	573	
1.25	1.5	2	10	4	3	133	63209	133	63209	0.003	0	0.003	0.003	475.256	99.0431	93	573	
1.25	1.5	3	11	1	3	140	38564	140	38508	0.003	0	0.003	0.003	275.057	75.2572	49	373	
1.25	1.5	3	12	3	3	128	38428	128	38428	0.003	0	0.003	0.003	300.219	47.4935	57	357	
1.25	1.5	3	13	2	3	182	38498	182	38498	0.003	0	0.003	0.003	211.527	119.227	26	325	
1.25	1.5	3	14	4	3	126	38544	126	38544	0.003	0	0.003	0.003	305.905	35.2142	73	373	
1.25	1.5	3	15	5	3	142	38626	142	38690	0.003	0	0.003	0.003	272.465	74.8092	57	357	
1.25	1.5	1	16	1	3	159	48863	159	48747	0.003	0	0.003	0.003	306.585	92.099	113	453	
1.25	1.5	1	17	2	3	157	48629	156	48576	0.003	0	0.003	0.003	311.385	119.098	57	421	
1.25	1.5	1	18	4	3	147	48599	147	48599	0.003	0	0.003	0.003	330.605	105.383	49	421	
1.25	1.5	1	19	5	3	142	48605	142	48605	0.003	0	0.003	0.003	342.289	99.071	49	421	
1.25	1.5	1	20	3	3	147	48493	148	48594	0.003	0	0.003	0.003	328.338	111.244	49	421	
1.5	1.75	4	1	3	3	140	45898	139	45905	0.003	0	0.003	0.003	330.252	95.8372	47	373	
1.5	1.75	4	2	1	3	125	45921	125	45921	0.003	0	0.003	0.003	367.368	42.3811	285	389	
1.5	1.75	4	3	4	3	128	45884	128	45884	0.003	0	0.003	0.003	358.469	55.0627	73	453	
1.5	1.75	4	4	2	3	138	45838	138	45894	0.003	0	0.003	0.003	332.565	87.4284	49	373	
1.5	1.75	4	5	5	3	159	45857	159	45817	0.003	0	0.003	0.003	288.157	123.371	32	389	
1.5	1.75	2	6	3	3	158	63098	157	63109	0.003	0	0.003	0.003	401.968	174.966	49	533	
1.5	1.75	2	7	2	3	133	63393	132	63296	0.003	0	0.003	0.003	479.515	96.0107	93	573	
1.5	1.75	2	8	5	3	148	63172	149	63245	0.003	0	0.003	0.003	424.463	156.888	73	533	
1.5	1.75	2	9	1	3	134	63204	134	63204	0.003	0	0.003	0.003	471.672	100.568	93	573	
1.5	1.75	2	10	4	3	133	63213	133	63213	0.003	0	0.003	0.003	475.286	100.648	93	573	
1.5	1.75	3	11	1	3	138	38522	138	38578	0.003	0	0.003	0.003	279.551	77.8843	49	373	
1.5	1.75	3	12	3	3	138	38586	138	38586	0.003	0	0.003	0.003	279.609	74.6623	57	357	
1.5	1.75	3	13	2	3	148	38550	148	38550	0.003	0	0.003	0.003	260.473	99.0294	26	325	
1.5	1.75	3	14	4	3	128	38776	128	38704	0.003	0	0.003	0.003	302.375	35.4461	73	373	
1.5	1.75	3	15	5	3	147	38471	147	38471	0.003	0	0.003	0.003	261.707	82.9876	57	357	
1.5	1.75	1	16	1	3	147	48423	147	48423	0.003	0	0.003	0.003	329.408	92.5448	113	453	
1.5	1.75	1	17	2	3	155	48543	156	48660	0.003	0	0.003	0.003	311.923	110.064	57	421	
1.5	1.75	1	18	4	3	150	48590	150	48590	0.003	0	0.003	0.003	323.933	110.219	49	421	
1.5	1.75	1	19	5	3	150	48586	150	48586	0.003	0	0.003	0.003	323.907	112.327	49	421	
1.5	1.75	1	20	3	3	149	48713	148	48612	0.003	0	0.003	0.003	328.459	106.173	49	421	
1.75	2	4	1	3	3	143	45867	143	45867	0.003	0	0.003	0.003	320.748	102.045	49	373	
1.75	2	4	2	1	3	131	45870	131	45974	0.003	0	0.003	0.003	350.947	69.5091	93	389	
1.75	2	4	3	4	3	128	45876	128	45876	0.003	0	0.003	0.003	358.406	54.2112	73	453	
1.75	2	4	4	2	3	136	45888	136	45832	0.003	0	0.003	0.003	337	85.583	49	421	
1.75	2	4	5	5	3	155	45841	155	45841	0.003	0	0.003	0.003	295.748	118.215	32	389	
1.75	2	2	6	3	3	156	63180	157	63233	0.003	0	0.003	0.003	402.758	176.123	49	533	
1.75	2	2	7	2	3	132	63108	133	63205	0.003	0	0.003	0.003	475.226	97.4119	93	573	
1.75	2	2	8	5	3	148	63255	148	63175	0.003	0	0.003	0.003	426.858	154.724	73	533	
1.75	2	2	9	1	3	132	63212	132	63212	0.003	0	0.003	0.003	478.879	97.3335	93	573	
1.75	2	2	10	4	3	132	63292	132	63204	0.003	0	0.003	0.003	478.818	93.9597	93	573	
1.75	2	3	11	1	3	150	38598	150	38654	0.003	0	0.003	0.003	257.693	94.4958	49	373	
1.75	2	3	12	3	3	139	38759	138	38702	0.003	0	0.003	0.003	280.449	72.3321	57	357	
1.75	2	3	13	2	3	134	38558	134	38558	0.003	0	0.003	0.003	287.746	70.5032	26	325	
1.75	2	3	14	4	3	125	38477	125	38549	0.003	0	0.003	0.003	308.392	27.4511	225	373	
1.75	2	3	15	5	3	134	38610	134	38546	0.003	0	0.003	0.003	287.657	65.26	57	357	
1.75	2	1	16	1	3	145	48873	144	48648	0.003	0	0.003	0.003	337.833	89.6575	113	453	
1.75	2	1	17	2	3	154	48390	154	48390	0.003	0	0.003	0.003	314.221	114.45	57	421	
1.75	2	1	18	4	3	149	48373	149	48373	0.003	0	0.003	0.003	324.651	110.197	49	421	
1.75	2	1	19	5	3	162	48770	162	48770	0.003	0	0.003	0.003	301.049	119.386	49	421	
1.75	2	1	20	3	3	147	48655	148	48756	0.003	0	0.003	0.003	329.432	110.025	49	421	
2	2.25	4	1	3	3	131	45851	132	45844	0.003	0	0.003	0.003	347.303	72.1815	49	373	
2	2.25	4	2	1	3	126	45910	126	45806	0.003	0	0.003	0.003	363.54	49.7021	93	389	
2	2.25	4	3	4	3	130	45934	129	45861	0.003	0	0.003	0.003	355.512	58.1659	73	453	
2	2.25	4	4	2	3	131	45855	131	45855	0.003	0	0.003	0.003	350.038	69.0803	49	373	
2	2.25	4	5	5	3	168	45792	168	45872	0.003	0	0.003	0.003	273.048	136.72	30	389	
2	2.25	2	6	3	3	157	63231	157	63167	0.003	0	0.003	0.003	402.338	175.889	49	533	
2	2.25	2	7	2	3	133	63213	133	63213	0.003	0	0.003	0.003	475.286	100.648	93	573	
2	2.25	2	8	5	3	150	63156	149	63163	0.003	0	0.003	0.003	423.913	155.669	73	533	
2	2.25	2	9	1	3	132	63208	132	63208	0.003	0	0.003	0.003	478.848	95.6615	93	573	
2	2.25	2	10	4	3	134	63206	134	63294	0.003	0	0.003	0.003	472.343	100.944	93	573	
2	2.25	3	11	1	3	145	38585	145	38585	0.003	0	0.003	0.003	266.103	89.4321	49	317	
2	2.25	3	12	3	3	143	38429	144	38486	0.003	0	0.003	0.003	267.264	79.6377	57	357	
2	2.25	3	13	2	3	145	38582	145	38550	0.003	0	0.003	0.003	265.862	94.8844	26	325	
2	2.25	3	14	4	3	126	38710	126	38710	0.003	0	0.003	0.003	307.222	24.3419	225	373	
2	2.25	3	15	5	3	136	38604	136	38604	0.003	0	0.003	0.003	283.853	71.0537	57	357	
2	2.25	1	16	1	3	147	48421	148	48646	0.003	0	0.003	0.003	328.689	92.6098	113	453	
2	2.25	1	17	2	3	149	48616	149	48552	0.003	0	0.003	0.003	325.852	107.255	57	421	
2	2.25	1	18	4	3	157	48669	156	48624	0.003	0	0.003	0.003	311.692	116.423	49	421	
2	2.25	1	19	5	3	149	48597	149	48597	0.003	0	0.003	0.003	326.154	108.343	49	421	
2	2.25	1	20	3	3	150	48598	150	48598	0.003	0	0.003	0.003	323.987	105.789	49	421	
2.25	2.5	4	1	3	3	134	46030	134	46030	0.003	0	0.003	0.003	343.507	77.8132	49	421	
2.25	2.5	4	2	1	3	128	45904	128	46008	0.003	0	0.003	0.003	359.437	56.8623	93	389	
2.25	2.5	4	3	4	3	133	45841	134	45914	0.003	0	0.003	0.003	342.642	72.1622	73	373	
2.25	2.5	4	4	2	3	134	45666	134	45666	0.003	0	0.003	0.003	340.791	81.0552	49	373	
2.25	2.5	4	5	5	3	167	45851	166	45779	0.003	0	0.003	0.003	275.777	131.727	32	389	
2.25	2.5	2	6	3	3	157	63109	156	63124	0.003	0	0.003	0.003	404.641	172.714	49	533	
2.25	2.5	2	7	2	3	133	63209	133	63209	0.003	0	0.003	0.003	475.256	99.0431	93	573	
2.25	2.5	2	8	5	3	149	63249	150	63242	0.003	0	0.003	0.003	421.613	158.751	73	533	
2.25	2.5	2	9	1	3	133	63293	133	63293	0.003	0	0.003	0.003	475.887	97.7769	93	573	
2.25	2.5	2	10	4	3	134	63218	134	63218	0.003	0	0.003	0.003	471.776	105.21	93	573	
2.25	2.5	3	11	1	3	134	38554	134	38498	0.003	0	0.003	0.003	287.299	69.0879	49	373	
2.25	2.5	3	12	3	3	149	38687	148	38630	0.003	0	0.003	0.003	261.014	82.3751	57	357	
2.25	2.5	3	13	2	3	181	38450	181	38482	0.003	0	0.003	0.003	212.608	119.784	26	325	
2.25	2.5	3	14	4	3	125	38404	125	38404	0.003	0	0.003	0.003	307.232	26.1895	225	373	
2.25	2.5	3	15	5	3	128	38530	128	38594	0.003	0	0.003	0.003	301.516	43.9572	57	357	
2.25	2.5	1	16	1	3	148	48872	148	48872	0.003	0	0.003	0.003	330.216	91.8605	113	453	
2.25	2.5	1	17	2	3	160	48758	159	48769	0.003	0	0.003	0.003	306.723	116.632	57	421	
2.25	2.5	1	18	4	3	147	48539	148	48584	0.003	0	0.003	0.003	328.27	107.869	49	421	
2.25	2.5	1	19	5	3	139	48591	139	48543	0.003	0	0.003	0.003	349.23	92.2024	49	421	
2.25	2.5	1	20	3	3	154	48378	154	48378	0.003	0	0.003	0.003	314.143	114.753	49	421	
2.5	2.75	4	1	3	3	130	45862	130	45862	0.003	0	0.003	0.003	352.785	63.989	49	373	
2.5	2.75	4	2	1	3	125	45921	125	45817	0.003	0	0.003	0.003	366.536	42.9697	285	389	
2.5	2.75	4	3	4	3	130	45910	129	45837	0.003	0	0.003	0.003	355.326	55.7241	73	373	
2.5	2.75	4	4	2	3	132	45844	132	45844	0.003	0	0.003	0.003	347.303	72.1815	49	373	
2.5	2.75	4	5	5	3	167	45796	168	45868	0.003	0	0.003	0.003	273.024	137.718	32	389	
2.5	2.75	2	6	3	3	155	63191	156	63240	0.003	0	0.003	0.003	405.385	176.007	49	533	
2.5	2.75	2	7	2	3	134	63293	134	63206	0.003	0	0.003	0.003	471.687	100.57	93	573	
2.5	2.75	2	8	5	3	150	63156	150	63156	0.003	0	0.003	0.003	421.04	157.545	72	533	
2.5	2.75	2	9	1	3	133	63213	133	63213	0.003	0	0.003	0.003	475.286	100.648	93	573	
2.5	2.75	2	10	4	3	130	63202	130	63202	0.003	0	0.003	0.003	486.169	85.9961	93	573	
2.5	2.75	3	11	1	3	136	38536	136	38536	0.003	0	0.003	0.003	283.353	71.128	49	373	
2.5	2.75	3	12	3	3	142	38366	143	38423	0.00304895	0.000585369	0.003	0.01	268.692	81.8946	57	469	
2.5	2.75	3	13	2	3	173	38538	173	38506	0.003	0	0.003	0.003	222.578	117.618	26	325	
2.5	2.75	3	14	4	3	126	38773	126	38773	0.003	0	0.003	0.003	307.722	26.7006	225	373	
2.5	2.75	3	15	5	3	133	38503	133	38503	0.003	0	0.003	0.003	289.496	60.6852	57	357	
2.5	2.75	1	16	1	3	146	48525	146	48413	0.003	0	0.003	0.003	331.596	89.7384	113	453	
2.5	2.75	1	17	2	3	158	48630	159	48619	0.003	0	0.003	0.003	305.78	110.1	57	421	
2.5	2.75	1	18	4	3	146	48726	146	48726	0.003	0	0.003	0.003	333.74	107.256	49	421	
2.5	2.75	1	19	5	3	151	48443	150	48390	0.003	0	0.003	0.003	322.6	109.597	49	421	
2.5	2.75	1	20	3	3	149	48585	149	48697	0.003	0	0.003	0.003	326.826	100.444	49	421	
2.75	3	4	1	3	3	131	45855	131	45855	0.003	0	0.003	0.003	350.038	69.0803	49	373	
2.75	3	4	2	1	3	125	45921	125	46025	0.003	0	0.003	0.003	368.2	41.7674	285	389	
2.75	3	4	3	4	3	130	45838	131	45911	0.003	0	0.003	0.003	350.466	65.423	73	373	
2.75	3	4	4	2	3	133	45841	133	45841	0.003	0	0.003	0.003	344.669	77.797	49	373	
2.75	3	4	5	5	3	167	45841	166	45769	0.003	0	0.003	0.003	275.717	134.881	32	389	
2.75	3	2	6	3	3	158	63166	157	63117	0.003	0	0.003	0.003	402.019	173.563	49	533	
2.75	3	2	7	2	3	133	63213	133	63300	0.003	0	0.003	0.003	475.94	100.994	93	573	
2.75	3	2	8	5	3	149	63253	149	63253	0.003	0	0.003	0.003	424.517	157.89	73	533	
2.75	3	2	9	1	3	133	63213	133	63213	0.003	0	0.003	0.003	475.286	100.648	93	573	
2.75	3	2	10	4	3	134	63206	134	63206	0.003	0	0.003	0.003	471.687	100.57	93	573	
2.75	3	3	11	1	3	142	38602	142	38602	0.003	0	0.003	0.003	271.845	83.8311	49	317	
2.75	3	3	12	3	3	144	38602	144	38602	0.003	0	0.003	0.003	268.069	81.1453	57	357	
2.75	3	3	13	2	3	136	38592	136	38592	0.003	0	0.003	0.003	283.765	78.2981	26	325	
2.75	3	3	14	4	3	127	38635	127	38635	0.003	0	0.003	0.003	304.213	36.1726	73	373	
2.75	3	3	15	5	3	142	38618	142	38618	0.003	0	0.003	0.003	271.958	77.3632	57	357	
2.75	3	1	16	1	3	150	48530	150	48642	0.003	0	0.003	0.003	324.28	92.3385	113	453	
2.75	3	1	17	2	3	152	48592	152	48656	0.003	0	0.003	0.003	320.105	112.005	57	421	
2.75	3	1	18	4	3	152	48396	152	48396	0.003	0	0.003	0.003	318.395	110.014	49	421	
2.75	3	1	19	5	3	151	48631	151	48631	0.003	0	0.003	0.003	322.06	110.096	49	421	
2.75	3	1	20	3	3	150	48790	150	48678	0.003	0	0.003	0.003	324.52	107.6	49	421	
3	3.25	4	1	3	3	130	45862	130	45862	0.003	0	0.003	0.003	352.785	63.989	49	373	
3	3.25	4	2	1	3	125	45921	125	45817	0.003	0	0.003	0.003	366.536	42.9697	285	389	
3	3.25	4	3	4	3	130	45910	130	45910	0.003	0	0.003	0.003	353.154	60.7803	73	373	
3	3.25	4	4	2	3	133	45841	133	45841	0.003	0	0.003	0.003	344.669	77.797	49	373	
3	3.25	4	5	5	3	166	45807	167	45839	0.003	0	0.003	0.003	274.485	136.407	32	389	
3	3.25	2	6	3	3	153	63149	154	63198	0.003	0	0.003	0.003	410.377	174.003	49	533	
3	3.25	2	7	2	3	129	63197	129	63197	0.003	0	0.003	0.003	489.899	79.3115	93	573	
3	3.25	2	8	5	3	149	63164	149	63164	0.003	0	0.003	0.003	423.919	155.674	73	533	
3	3.25	2	9	1	3	132	63288	132	63200	0.003	0	0.003	0.003	478.788	92.2265	93	573	
3	3.25	2	10	4	3	133	63301	133	63301	0.003	0	0.003	0.003	475.947	101.001	93	573	
3	3.25	3	11	1	3	143	38603	143	38659	0.003	0	0.003	0.003	270.343	87.4128	49	317	
3	3.25	3	12	3	3	139	38637	139	38573	0.003	0	0.003	0.003	277.504	75.0776	57	357	
3	3.25	3	13	2	3	130	38595	130	38595	0.003	0	0.003	0.003	296.885	57.1566	26	325	
3	3.25	3	14	4	3	125	38625	125	38625	0.003	0	0.003	0.003	309	26.4111	225	373	
3	3.25	3	15	5	3	140	38632	140	38632	0.003	0	0.003	0.003	275.943	73.0485	57	357	
3	3.25	1	16	1	3	149	48881	149	48881	0.003	0	0.003	0.003	328.06	94.5217	113	453	
3	3.25	1	17	2	3	155	48563	154	48510	0.003	0	0.003	0.003	315	113.087	57	421	
3	3.25	1	18	4	3	145	48657	144	48612	0.003	0	0.003	0.003	337.583	100.642	49	421	
3	3.25	1	19	5	3	148	48632	149	48733	0.003	0	0.003	0.003	327.067	108.488	49	421	
3	3.25	1	20	3	3	154	48382	154	48382	0.003	0	0.003	0.003	314.169	115.482	49	421	
3.25	3.5	4	1	3	3	130	45862	130	45862	0.003	0	0.003	0.003	352.785	63.989	49	373	
3.25	3.5	4	2	1	3	125	45921	125	45921	0.003	0	0.003	0.003	367.368	42.3811	285	389	
3.25	3.5	4	3	4	3	130	45838	130	45838	0.003	0	0.003	0.003	352.6	60.9259	73	373	
3.25	3.5	4	4	2	3	132	45848	132	45848	0.003	0	0.003	0.003	347.333	73.6504	49	373	
3.25	3.5	4	5	5	3	168	45828	168	45828	0.003	0	0.003	0.003	272.786	137.101	32	389	
3.25	3.5	2	6	3	3	158	63226	158	63162	0.003	0	0.003	0.003	399.759	175.965	49	533	
3.25	3.5	2	7	2	3	135	63215	135	63215	0.003	0	0.003	0.003	468.259	106.479	93	573	
3.25	3.5	2	8	5	3	150	63162	150	63242	0.003	0	0.003	0.003	421.613	158.751	73	533	
3.25	3.5	2	9	1	3	134	63210	134	63210	0.003	0	0.003	0.003	471.716	102.14	93	573	
3.25	3.5	2	10	4	3	132	63212	132	63212	0.003	0	0.003	0.003	478.879	97.3335	93	573	
3.25	3.5	3	11	1	3	142	38658	141	38609	0.003	0	0.003	0.003	273.823	82.0544	49	317	
3.25	3.5	3	12	3	3	143	38610	143	38610	0.003	0	0.003	0.003	270	79.7815	57	357	
3.25	3.5	3	13	2	3	133	38561	133	38593	0.003	0	0.003	0.003	290.173	68.7647	26	325	
3.25	3.5	3	14	4	3	127	38634	127	38634	0.003	0	0.003	0.003	304.205	36.2234	72	373	
3.25	3.5	3	15	5	3	143	38611	143	38611	0.003	0	0.003	0.003	270.007	80.7102	57	357	
3.25	3.5	1	16	1	3	152	48648	152	48648	0.003	0	0.003	0.003	320.053	94.5405	113	453	
3.25	3.5	1	17	2	3	150	48422	151	48475	0.003	0	0.003	0.003	321.026	110.069	57	421	
3.25	3.5	1	18	4	3	156	48746	157	48743	0.003	0	0.003	0.003	310.465	112.365	49	421	
3.25	3.5	1	19	5	3	152	48620	151	48575	0.003	0	0.003	0.003	321.689	109.091	49	421	
3.25	3.5	1	20	3	3	144	48592	144	48592	0.003	0	0.003	0.003	337.444	104.362	49	421	
3.5	3.75	4	1	3	3	131	45855	130	45806	0.003	0	0.003	0.003	352.354	64.0403	49	373	
3.5	3.75	4	2	1	3	125	45921	125	45921	0.003	0	0.003	0.003	367.368	42.3811	285	389	
3.5	3.75	4	3	4	3	130	45910	130	45910	0.003	0	0.003	0.003	353.154	60.7803	73	373	
3.5	3.75	4	4	2	3	133	45841	133	45841	0.003	0	0.003	0.003	344.669	77.797	49	373	
3.5	3.75	4	5	5	3	166	45810	166	45850	0.003	0	0.003	0.003	276.205	135.075	32	389	
3.5	3.75	2	6	3	3	154	63150	154	63214	0.003	0	0.003	0.003	410.481	171.108	49	533	
3.5	3.75	2	7	2	3	133	63297	133	63209	0.003	0	0.003	0.003	475.256	99.0431	93	573	
3.5	3.75	2	8	5	3	149	63245	149	63165	0.003	0	0.003	0.003	423.926	155.679	73	533	
3.5	3.75	2	9	1	3	131	63207	131	63295	0.003	0	0.003	0.003	483.168	92.2955	93	573	
3.5	3.75	2	10	4	3	132	63196	132	63196	0.003	0	0.003	0.003	478.758	90.4601	93	573	
3.5	3.75	3	11	1	3	132	38672	132	38616	0.003	0	0.003	0.003	292.545	60.4177	49	373	
3.5	3.75	3	12	3	3	128	38651	128	38715	0.003	0	0.003	0.003	302.461	41.8426	57	357	
3.5	3.75	3	13	2	3	185	38349	184	38347	0.003	0	0.003	0.003	208.408	120.858	24	325	
3.5	3.75	3	14	4	3	127	38543	127	38543	0.003	0	0.003	0.003	303.488	41.3085	73	373	
3.5	3.75	3	15	5	3	147	38519	147	38519	0.003	0	0.003	0.003	262.034	83.5724	57	357	
3.5	3.75	1	16	1	3	149	48649	149	48649	0.003	0	0.003	0.003	326.503	93.4243	113	453	
3.5	3.75	1	17	2	3	153	48633	153	48569	0.003	0	0.003	0.003	317.444	109.737	57	421	
3.5	3.75	1	18	4	3	143	48358	143	48406	0.003	0	0.003	0.003	338.503	103.669	49	421	
3.5	3.75	1	19	5	3	159	48591	160	48636	0.003	0	0.003	0.003	303.975	117.702	49	421	
3.5	3.75	1	20	3	3	153	48775	152	48730	0.003	0	0.003	0.003	320.592	104.85	49	421	
3.75	4	4	1	3	3	129	45813	130	45918	0.003	0	0.003	0.003	353.215	63.9347	49	373	
3.75	4	4	2	1	3	125	45921	125	45921	0.003	0	0.003	0.003	367.368	42.3811	285	389	
3.75	4	4	3	4	3	131	45837	131	45909	0.003	0	0.003	0.003	350.45	65.4349	73	373	
3.75	4	4	4	2	3	133	45841	133	45841	0.003	0	0.003	0.003	344.669	77.797	49	373	
3.75	4	4	5	5	3	167	45880	166	45765	0.003	0	0.003	0.003	275.693	135.398	32	389	
3.75	4	2	6	3	3	159	63211	159	63147	0.003	0	0.003	0.003	397.151	177.363	49	533	
3.75	4	2	7	2	3	132	63212	132	63212	0.003	0	0.003	0.003	478.879	97.3335	93	573	
3.75	4	2	8	5	3	148	63176	148	63256	0.003	0	0.003	0.003	427.405	154.961	73	533	
3.75	4	2	9	1	3	133	63205	133	63205	0.003	0	0.003	0.003	475.226	97.4119	93	573	
3.75	4	2	10	4	3	135	63214	135	63214	0.003	0	0.003	0.003	468.252	106.472	93	573	
3.75	4	3	11	1	3	138	38504	139	38553	0.00305036	0.000593732	0.003	0.01	277.36	76.3942	49	469	
3.75	4	3	12	3	3	128	38424	128	38360	0.003	0	0.003	0.003	299.688	46.0964	57	357	
3.75	4	3	13	2	3	198	38596	198	38596	0.003	0	0.003	0.003	194.929	118.419	26	325	
3.75	4	3	14	4	3	129	38401	129	38401	0.003	0	0.003	0.003	297.682	46.3091	73	373	
3.75	4	3	15	5	3	140	38516	140	38516	0.003	0	0.003	0.003	275.114	77.6006	57	357	
3.75	4	1	16	1	3	148	48648	147	48423	0.003	0	0.003	0.003	329.408	92.5448	113	453	
3.75	4	1	17	2	3	154	48762	154	48826	0.003	0	0.003	0.003	317.052	114.128	57	421	
3.75	4	1	18	4	3	162	48782	162	48782	0.003	0	0.003	0.003	301.123	122.201	49	421	
3.75	4	1	19	5	3	147	48423	147	48479	0.003	0	0.003	0.003	329.789	109.603	49	421	
3.75	4	1	20	3	3	141	48415	141	48411	0.003	0	0.003	0.003	343.34	94.1227	49	421	
4	4.25	4	1	3	3	131	45909	131	45853	0.003	0	0.003	0.003	350.023	69.0754	49	373	
4	4.25	4	2	1	3	125	45921	125	45921	0.003	0	0.003	0.003	367.368	42.3811	285	389	
4	4.25	4	3	4	3	130	45910	130	45838	0.003	0	0.003	0.003	352.6	60.9259	73	373	
4	4.25	4	4	2	3	133	45841	133	45841	0.003	0	0.003	0.003	344.669	77.797	49	373	
4	4.25	4	5	5	3	166	45767	167	45842	0.003	0	0.003	0.003	274.503	135.89	32	389	
4	4.25	2	6	3	3	153	63161	153	63225	0.003	0	0.003	0.003	413.235	170.091	49	533	
4	4.25	2	7	2	3	133	63201	133	63289	0.003	0	0.003	0.003	475.857	96.1244	93	573	
4	4.25	2	8	5	3	151	63231	151	63151	0.003	0	0.003	0.003	418.219	159.294	73	533	
4	4.25	2	9	1	3	133	63213	133	63213	0.003	0	0.003	0.003	475.286	100.648	93	573	
4	4.25	2	10	4	3	131	63295	131	63207	0.003	0	0.003	0.003	482.496	91.9563	93	573	
4	4.25	3	11	1	3	159	38507	158	38514	0.003	0	0.003	0.003	243.759	87.0416	49	317	
4	4.25	3	12	3	3	130	38538	130	38602	0.003	0	0.003	0.003	296.938	53.8064	57	357	
4	4.25	3	13	2	3	194	38544	195	38514	0.003	0	0.003	0.003	197.508	113.488	26	325	
4	4.25	3	14	4	3	130	38538	130	38538	0.003	0	0.003	0.003	296.446	52.2599	73	373	
4	4.25	3	15	5	3	128	38544	128	38544	0.003	0	0.003	0.003	301.125	49.2231	57	357	
4	4.25	1	16	1	3	148	48528	149	48641	0.003	0	0.003	0.003	326.45	91.5845	113	453	
4	4.25	1	17	2	3	148	48620	148	48556	0.003	0	0.003	0.003	328.081	105.856	57	421	
4	4.25	1	18	4	3	167	48471	166	48370	0.003	0	0.003	0.003	291.386	115.168	49	421	
4	4.25	1	19	5	3	160	48743	160	48687	0.003	0	0.003	0.003	304.294	117.046	49	421	
4	4.25	1	20	3	3	135	48539	136	48700	0.003	0	0.003	0.003	358.088	81.8851	49	421	
4.25	4.5	4	1	3	3	130	45804	130	45860	0.003	0	0.003	0.003	352.769	63.9843	49	373	
4.25	4.5	4	2	1	3	125	45921	125	45921	0.003	0	0.003	0.003	367.368	42.3811	285	389	
4.25	4.5	4	3	4	3	130	45909	130	45909	0.003	0	0.003	0.003	353.146	60.7778	73	373	
4.25	4.5	4	4	2	3	133	45841	133	45841	0.003	0	0.003	0.003	344.669	77.797	49	373	
4.25	4.5	4	5	5	3	167	45839	166	45807	0.003	0	0.003	0.003	275.946	135.503	32	389	
4.25	4.5	2	6	3	3	158	62913	158	62849	0.003	0	0.003	0.003	397.778	175.678	49	533	
4.25	4.5	2	7	2	3	134	63202	134	63202	0.003	0	0.003	0.003	471.657	102.755	93	573	
4.25	4.5	2	8	5	3	149	63139	148	63146	0.0030473	0.000575396	0.003	0.01	426.662	154.831	73	597	
4.25	4.5	2	9	1	3	136	63500	136	63500	0.003	0	0.003	0.003	466.912	110.689	93	573	
4.25	4.5	2	10	4	3	135	63419	135	63507	0.003	0	0.003	0.003	470.422	100.065	93	573	
4.25	4.5	3	11	1	3	147	36940	148	36973	0.0030473	0.000575396	0.003	0.01	249.818	89.4194	32	421	
4.25	4.5	3	12	3	3	132	37128	132	37128	0.003	0	0.003	0.003	281.273	56.3721	57	357	
4.25	4.5	3	13	2	3	148	37043	148	37075	0.003	0	0.003	0.003	250.507	92.0952	26	325	
4.25	4.5	3	14	4	3	128	37140	128	37140	0.003	0	0.003	0.003	290.156	44.1619	73	373	
4.25	4.5	3	15	5	3	130	37314	130	37314	0.003	0	0.003	0.003	287.031	48.3739	57	357	
4.25	4.5	1	16	1	3	147	48759	147	48871	0.003	0	0.003	0.003	332.456	90.9417	113	453	
4.25	4.5	1	17	2	3	145	48593	145	48593	0.003	0	0.003	0.003	335.124	102.988	57	421	
4.25	4.5	1	18	4	3	153	48501	154	48602	0.003	0	0.003	0.003	315.597	112.129	49	421	
4.25	4.5	1	19	5	3	156	48616	155	48571	0.003	0	0.003	0.003	313.361	114.285	49	421	
4.25	4.5	1	20	3	3	158	48581	158	48469	0.003	0	0.003	0.003	306.766	118.604	49	421	
4.5	4.75	4	1	3	3	130	45862	130	45862	0.003	0	0.003	0.003	352.785	63.989	49	373	
4.5	4.75	4	2	1	3	125	45921	125	45921	0.003	0	0.003	0.003	367.368	42.3811	285	389	
4.5	4.75	4	3	4	3	130	45838	130	45838	0.003	0	0.003	0.003	352.6	60.9259	73	373	
4.5	4.75	4	4	2	3	132	45847	132	45847	0.003	0	0.003	0.003	347.326	73.6478	49	373	
4.5	4.75	4	5	5	3	168	45830	168	45830	0.003	0	0.003	0.003	272.798	137.108	32	389	
4.5	4.75	2	6	3	3	138	63250	137	63265	0.003	0	0.003	0.003	461.788	121.559	49	573	
4.5	4.75	2	7	2	3	136	63572	136	63572	0.003	0	0.003	0.003	467.441	105.249	93	573	
4.5	4.75	2	8	5	3	161	63041	162	63034	0.003	0	0.003	0.003	389.099	159.247	73	533	
4.5	4.75	2	9	1	3	134	63294	134	63294	0.003	0	0.003	0.003	472.343	100.944	93	573	
4.5	4.75	2	10	4	3	138	63239	138	63239	0.003	0	0.003	0.003	458.254	109.022	93	573	
4.5	4.75	3	11	1	3	147	36187	147	36231	0.003	0	0.003	0.003	246.469	88.4062	30	309	
4.5	4.75	3	12	3	3	127	36207	127	36207	0.003	0	0.003	0.003	285.094	34.6464	57	357	
4.5	4.75	3	13	2	3	126	36194	126	36194	0.003	0	0.003	0.003	287.254	24.9918	26	293	
4.5	4.75	3	14	4	3	127	36251	127	36251	0.003	0	0.003	0.003	285.441	38.7035	73	301	
4.5	4.75	3	15	5	3	130	36250	129	36193	0.003	0	0.003	0.003	280.566	43.5208	57	293	
4.5	4.75	1	16	1	3	142	48650	141	48425	0.003	0	0.003	0.003	343.44	87.9464	113	453	
4.5	4.75	1	17	2	3	149	48597	149	48597	0.003	0	0.003	0.003	326.154	103.307	57	421	
4.5	4.75	1	18	4	3	155	48593	155	48593	0.003	0	0.003	0.003	313.503	111.6	49	421	
4.5	4.75	1	19	5	3	144	48568	145	48613	0.003	0	0.003	0.003	335.262	106.861	49	421	
4.5	4.75	1	20	3	3	153	48617	153	48673	0.003	0	0.003	0.003	318.124	110.966	49	421	
4.75	5	4	1	3	3	131	45855	131	45855	0.003	0	0.003	0.003	350.038	69.0803	49	373	
4.75	5	4	2	1	3	125	45920	125	45920	0.003	0	0.003	0.003	367.36	42.377	285	389	
4.75	5	4	3	4	3	130	45909	130	45909	0.003	0	0.003	0.003	353.146	60.7778	73	373	
4.75	5	4	4	2	3	133	45841	133	45841	0.003	0	0.003	0.003	344.669	77.797	49	373	
4.75	5	4	5	5	3	166	45810	166	45810	0.003	0	0.003	0.003	275.964	134.98	32	389	
4.75	5	2	6	3	3	155	63187	156	63172	0.003	0	0.003	0.003	404.949	176.481	49	533	
4.75	5	2	7	2	3	131	63207	131	63207	0.003	0	0.003	0.003	482.496	91.9563	93	573	
4.75	5	2	8	5	3	146	63186	146	63266	0.003	0	0.003	0.003	433.329	149.388	73	533	
4.75	5	2	9	1	3	131	63195	131	63195	0.003	0	0.003	0.003	482.405	86.4933	93	573	
4.75	5	2	10	4	3	131	63291	131	63203	0.003	0	0.003	0.003	482.466	90.1721	93	573	
4.75	5	3	11	1	3	146	36178	146	36134	0.003	0	0.003	0.003	247.493	87.6955	32	309	
4.75	5	3	12	3	3	128	36384	128	36384	0.00305469	0.000618718	0.003	0.01	284.25	40.2817	57	421	
4.75	5	3	13	2	3	133	36201	133	36201	0.003	0	0.003	0.003	272.188	60.5441	26	293	
4.75	5	3	14	4	3	129	36245	129	36245	0.003	0	0.003	0.003	280.969	47.0412	73	301	
4.75	5	3	15	5	3	127	36027	128	36084	0.003	0	0.003	0.003	281.906	40.517	57	357	
4.75	5	1	16	1	3	147	48651	147	48651	0.003	0	0.003	0.003	330.959	92.6935	113	453	
4.75	5	1	17	2	3	155	48551	155	48615	0.003	0	0.003	0.003	313.645	110.447	57	421	
4.75	5	1	18	4	3	142	48588	142	48588	0.003	0	0.003	0.003	342.169	97.4163	49	421	
4.75	5	1	19	5	3	157	48591	157	48543	0.003	0	0.003	0.003	309.191	118.578	49	421	
4.75	5	1	20	3	3	149	48587	149	48587	0.003	0	0.003	0.003	326.087	108.552	47	421	
5	5.25	4	1	3	3	130	45918	129	45813	0.003	0	0.003	0.003	355.14	58.3096	49	373	
5	5.25	4	2	1	3	125	45921	125	45921	0.003	0	0.003	0.003	367.368	42.3811	285	389	
5	5.25	4	3	4	3	131	45839	131	45839	0.003	0	0.003	0.003	349.916	65.5346	73	373	
5	5.25	4	4	2	3	133	45840	133	45840	0.003	0	0.003	0.003	344.662	77.7943	49	373	
5	5.25	4	5	5	3	166	45809	167	45881	0.003	0	0.003	0.003	274.737	135.997	31	389	
5	5.25	2	6	3	3	140	61788	140	61788	0.003	0	0.003	0.003	441.343	136.599	49	533	
5	5.25	2	7	2	3	135	61867	135	61867	0.003	0	0.003	0.003	458.274	100.49	93	573	
5	5.25	2	8	5	3	141	61781	141	61781	0.003	0	0.003	0.003	438.163	132.628	73	533	
5	5.25	2	9	1	3	135	61742	135	61774	0.003	0	0.003	0.003	457.585	113.345	73	573	
5	5.25	2	10	4	3	143	61843	143	61931	0.003	0	0.003	0.003	433.084	132.058	93	573	
5	5.25	3	11	1	3	147	36187	147	36187	0.003	0	0.003	0.003	246.17	86.9879	32	309	
5	5.25	3	12	3	3	130	36250	130	36250	0.003	0	0.003	0.003	278.846	47.58	57	293	
5	5.25	3	13	2	3	128	36175	128	36175	0.003	0	0.003	0.003	282.617	40.9282	26	293	
5	5.25	3	14	4	3	126	36253	126	36253	0.003	0	0.003	0.003	287.722	33.4266	73	301	
5	5.25	3	15	5	3	129	36257	129	36257	0.003	0	0.003	0.003	281.062	44.0255	57	357	
5	5.25	1	16	1	3	148	48534	148	48762	0.003	0	0.003	0.003	329.473	92.2245	113	453	
5	5.25	1	17	2	3	150	48622	150	48558	0.003	0	0.003	0.003	323.72	112.149	57	421	
5	5.25	1	18	4	3	156	48592	156	48592	0.003	0	0.003	0.003	311.487	112.884	49	421	
5	5.25	1	19	5	3	154	48390	154	48438	0.003	0	0.003	0.003	314.532	113.912	49	421	
5	5.25	1	20	3	3	148	48780	148	48676	0.003	0	0.003	0.003	328.892	101.23	49	421	
5.25	5.5	4	1	3	3	130	45806	131	45911	0.003	0	0.003	0.003	350.466	69.0475	49	373	
5.25	5.5	4	2	1	3	125	45921	125	45921	0.003	0	0.003	0.003	367.368	42.3811	285	389	
5.25	5.5	4	3	4	3	130	45909	130	45909	0.003	0	0.003	0.003	353.146	60.7778	73	373	
5.25	5.5	4	4	2	3	133	45841	133	45841	0.003	0	0.003	0.003	344.669	77.797	49	373	
5.25	5.5	4	5	5	3	167	45837	166	45765	0.003	0	0.003	0.003	275.693	135.402	32	389	
5.25	5.5	2	6	3	3	130	60406	130	60470	0.003	0	0.003	0.003	465.154	90.0899	49	533	
5.25	5.5	2	7	2	3	137	60593	137	60593	0.003	0	0.003	0.003	442.285	109.994	93	485	
5.25	5.5	2	8	5	3	125	60545	125	60465	0.003	0	0.003	0.003	483.72	39.0652	453	533	
5.25	5.5	2	9	1	3	147	60471	147	60471	0.003	0	0.003	0.003	411.367	145.743	73	533	
5.25	5.5	2	10	4	3	141	60593	141	60593	0.003	0	0.003	0.003	429.738	117.678	93	485	
5.25	5.5	3	11	1	3	147	36187	147	36187	0.003	0	0.003	0.003	246.17	86.9879	32	309	
5.25	5.5	3	12	3	3	132	36184	132	36184	0.003	0	0.003	0.003	274.121	54.788	57	293	
5.25	5.5	3	13	2	3	125	36193	125	36193	0.003	0	0.003	0.003	289.544	8.46006	269	293	
5.25	5.5	3	14	4	3	126	36254	126	36254	0.003	0	0.003	0.003	287.73	33.4115	73	301	
5.25	5.5	3	15	5	3	128	36256	128	36256	0.003	0	0.003	0.003	283.25	38.4052	57	293	
5.25	5.5	1	16	1	3	155	48755	156	48752	0.003	0	0.003	0.003	312.513	94.5212	113	453	
5.25	5.5	1	17	2	3	154	48562	153	48573	0.003	0	0.003	0.003	317.471	110.348	57	421	
5.25	5.5	1	18	4	3	146	48599	145	48550	0.003	0	0.003	0.003	334.828	107.368	49	421	
5.25	5.5	1	19	5	3	154	48750	154	48750	0.003	0	0.003	0.003	316.558	111.498	49	421	
5.25	5.5	1	20	3	3	149	48373	149	48421	0.003	0	0.003	0.003	324.973	111.31	49	421	
5.5	5.75	4	1	3	3	130	45860	130	45804	0.003	0	0.003	0.003	352.338	64.0355	49	373	
5.5	5.75	4	2	1	3	125	45921	125	45921	0.003	0	0.003	0.003	367.368	42.3811	285	389	
5.5	5.75	4	3	4	3	130	45910	130	45910	0.003	0	0.003	0.003	353.154	60.7803	73	373	
5.5	5.75	4	4	2	3	133	45841	133	45841	0.003	0	0.003	0.003	344.669	77.797	49	373	
5.5	5.75	4	5	5	3	166	45807	167	45839	0.003	0	0.003	0.003	274.485	136.407	32	389	
5.5	5.75	2	6	3	3	129	60453	129	60501	0.003	0	0.003	0.003	469	82.0396	49	533	
5.5	5.75	2	7	2	3	142	60586	142	60586	0.003	0	0.003	0.003	426.662	122.276	93	485	
5.5	5.75	2	8	5	3	125	60464	125	60464	0.003	0	0.003	0.003	483.712	39.0551	453	533	
5.5	5.75	2	9	1	3	143	60499	142	60426	0.003	0	0.003	0.003	425.535	134.546	73	533	
5.5	5.75	2	10	4	3	140	60584	140	60584	0.003	0	0.003	0.003	432.743	120.003	93	485	
5.5	5.75	3	11	1	3	141	36188	141	36188	0.003	0	0.003	0.003	256.652	77.8914	32	309	
5.5	5.75	3	12	3	3	129	36257	129	36257	0.003	0	0.003	0.003	281.062	44.0255	57	357	
5.5	5.75	3	13	2	3	133	36187	133	36187	0.003	0	0.003	0.003	272.083	54.0938	26	293	
5.5	5.75	3	14	4	3	127	36251	127	36251	0.003	0	0.003	0.003	285.441	36.2574	73	301	
5.5	5.75	3	15	5	3	131	36191	131	36191	0.003	0	0.003	0.003	276.267	52.035	57	357	
5.5	5.75	1	16	1	3	152	48524	152	48524	0.003	0	0.003	0.003	319.237	93.0584	113	453	
5.5	5.75	1	17	2	3	146	48510	146	48446	0.003	0	0.003	0.003	331.822	101.64	57	421	
5.5	5.75	1	18	4	3	151	48787	152	48836	0.003	0	0.003	0.003	321.289	111.444	49	421	
5.5	5.75	1	19	5	3	144	48400	144	48400	0.003	0	0.003	0.003	336.111	97.281	49	421	
5.5	5.75	1	20	3	3	150	48798	150	48798	0.003	0	0.003	0.003	325.32	112.579	49	421	
5.75	6	4	1	3	3	130	45862	130	45862	0.003	0	0.003	0.003	352.785	63.989	49	373	
5.75	6	4	2	1	3	125	45921	125	45921	0.003	0	0.003	0.003	367.368	42.3811	285	389	
5.75	6	4	3	4	3	130	45838	130	45838	0.003	0	0.003	0.003	352.6	60.9259	73	373	
5.75	6	4	4	2	3	132	45848	132	45848	0.003	0	0.003	0.003	347.333	73.6504	49	373	
5.75	6	4	5	5	3	168	45828	168	45828	0.003	0	0.003	0.003	272.786	137.101	32	389	
5.75	6	2	6	3	3	130	60518	130	60406	0.003	0	0.003	0.003	464.662	89.8909	49	533	
5.75	6	2	7	2	3	138	60498	138	60594	0.003	0	0.003	0.003	439.087	111.662	93	485	
5.75	6	2	8	5	3	125	60465	125	60545	0.003	0	0.003	0.003	484.36	39.2129	453	533	
5.75	6	2	9	1	3	146	60478	147	60471	0.003	0	0.003	0.003	411.367	145.743	73	533	
5.75	6	2	10	4	3	140	60592	140	60592	0.003	0	0.003	0.003	432.8	116.427	93	485	
5.75	6	3	11	1	3	148	36207	148	36175	0.003	0	0.003	0.003	244.426	88.4257	32	309	
5.75	6	3	12	3	3	128	36080	128	36080	0.003	0	0.003	0.003	281.875	39.7534	57	293	
5.75	6	3	13	2	3	129	36186	129	36186	0.003	0	0.003	0.003	280.512	45.735	26	325	
5.75	6	3	14	4	3	129	36245	128	36248	0.003	0	0.003	0.003	283.187	41.0043	73	301	
5.75	6	3	15	5	3	131	36371	131	36431	0.003	0	0.003	0.003	278.099	47.1516	57	357	
5.75	6	1	16	1	3	152	48756	152	48756	0.003	0	0.003	0.003	320.763	92.4455	113	453	
5.75	6	1	17	2	3	156	48668	157	48785	0.003	0	0.003	0.003	310.732	114.378	57	421	
5.75	6	1	18	4	3	144	48592	144	48592	0.003	0	0.003	0.003	337.444	101.461	49	421	
5.75	6	1	19	5	3	153	48633	153	48585	0.003	0	0.003	0.003	317.549	109.807	49	421	
5.75	6	1	20	3	3	150	48398	150	48350	0.003	0	0.003	0.003	322.333	114.708	49	421	
6	6.25	4	1	3	3	131	45855	131	45855	0.003	0	0.003	0.003	350.038	69.0803	49	373	
6	6.25	4	2	1	3	125	45921	125	45921	0.003	0	0.003	0.003	367.368	42.3811	285	389	
6	6.25	4	3	4	3	130	45910	130	45910	0.003	0	0.003	0.003	353.154	60.7803	73	373	
6	6.25	4	4	2	3	133	45841	133	45841	0.003	0	0.003	0.003	344.669	77.797	49	373	
6	6.25	4	5	5	3	166	45810	166	45810	0.003	0	0.003	0.003	275.964	134.98	32	389	
6	6.25	2	6	3	3	129	60451	129	60451	0.003	0	0.003	0.003	468.612	82.1363	49	533	
6	6.25	2	7	2	3	140	60680	140	60584	0.003	0	0.003	0.003	432.743	120.003	93	485	
6	6.25	2	8	5	3	125	60465	125	60465	0.003	0	0.003	0.003	483.72	39.0652	453	533	
6	6.25	2	9	1	3	143	60419	143	60499	0.003	0	0.003	0.003	423.07	137.275	73	533	
6	6.25	2	10	4	3	142	60585	142	60585	0.003	0	0.003	0.003	426.655	122.272	93	485	
6	6.25	3	11	1	3	178	40360	178	40392	0.003	0	0.003	0.003	226.921	99.8931	32	349	
6	6.25	3	12	3	3	155	40375	155	40311	0.003	0	0.003	0.003	260.071	83.9169	57	357	
6	6.25	3	13	2	3	164	40391	164	40335	0.003	0	0.003	0.003	245.945	96.5952	32	349	
6	6.25	3	14	4	3	142	40534	143	40459	0.003	0	0.003	0.003	282.93	67.7873	73	373	
6	6.25	3	15	5	3	150	40348	149	40287	0.003	0	0.003	0.003	270.383	77.9428	57	357	
6	6.25	1	16	1	3	150	48758	150	48646	0.003	0	0.003	0.003	324.307	93.25	113	453	
6	6.25	1	17	2	3	161	48605	161	48605	0.003	0	0.003	0.003	301.894	111.843	57	421	
6	6.25	1	18	4	3	153	48391	153	48391	0.003	0	0.003	0.003	316.281	117.877	49	421	
6	6.25	1	19	5	3	141	48549	141	48597	0.003	0	0.003	0.003	344.66	95.5041	49	421	
6	6.25	1	20	3	3	141	48769	140	48772	0.003	0	0.003	0.003	348.371	96.3259	49	421	
6.25	6.5	4	1	3	3	130	45862	130	45918	0.003	0	0.003	0.003	353.215	63.9347	49	373	
6.25	6.5	4	2	1	3	125	45921	125	45921	0.003	0	0.003	0.003	367.368	42.3811	285	389	
6.25	6.5	4	3	4	3	131	45839	131	45839	0.003	0	0.003	0.003	349.916	65.5346	73	373	
6.25	6.5	4	4	2	3	133	45841	133	45841	0.003	0	0.003	0.003	344.669	77.797	49	373	
6.25	6.5	4	5	5	3	167	45840	166	45808	0.003	0	0.003	0.003	275.952	134.973	32	389	
6.25	6.5	2	6	3	3	131	60455	130	60518	0.003	0	0.003	0.003	465.523	90.0059	49	533	
6.25	6.5	2	7	2	3	140	60592	140	60592	0.003	0	0.003	0.003	432.8	116.427	93	485	
6.25	6.5	2	8	5	3	125	60465	125	60465	0.003	0	0.003	0.003	483.72	39.0652	453	533	
6.25	6.5	2	9	1	3	146	60478	146	60478	0.003	0	0.003	0.003	414.233	143.805	73	533	
6.25	6.5	2	10	4	3	139	60595	138	60498	0.003	0	0.003	0.003	438.391	111.673	93	485	
6.25	6.5	3	11	1	3	157	40458	156	40394	0.003	0	0.003	0.003	258.936	91.9897	32	349	
6.25	6.5	3	12	3	3	143	40447	143	40511	0.003	0	0.003	0.003	283.294	75.6575	57	357	
6.25	6.5	3	13	2	3	173	40444	173	40444	0.003	0	0.003	0.003	233.78	104.346	32	349	
6.25	6.5	3	14	4	3	147	40307	147	40455	0.003	0	0.003	0.003	275.204	74.5076	73	373	
6.25	6.5	3	15	5	3	149	40539	150	40476	0.003	0	0.003	0.003	269.84	82.5322	57	357	
6.25	6.5	1	16	1	3	146	48738	146	48818	0.003	0	0.003	0.003	334.37	89.2024	113	485	
6.25	6.5	1	17	2	3	168	48816	167	48763	0.003	0	0.003	0.003	291.994	118.29	57	421	
6.25	6.5	1	18	4	3	140	48768	140	48768	0.003	0	0.003	0.003	348.343	96.0043	49	421	
6.25	6.5	1	19	5	3	151	48767	151	48767	0.003	0	0.003	0.003	322.96	114.102	49	421	
6.25	6.5	1	20	3	3	145	48745	146	48742	0.003	0	0.003	0.003	333.849	108.679	49	421	
6.5	6.75	4	1	3	3	130	45862	130	45806	0.003	0	0.003	0.003	352.354	64.0403	49	373	
6.5	6.75	4	2	1	3	125	45921	125	45921	0.003	0	0.003	0.003	367.368	42.3811	285	389	
6.5	6.75	4	3	4	3	130	45910	130	45910	0.003	0	0.003	0.003	353.154	60.7803	73	373	
6.5	6.75	4	4	2	3	133	45841	133	45841	0.003	0	0.003	0.003	344.669	77.797	49	373	
6.5	6.75	4	5	5	3	166	45807	167	45839	0.003	0	0.003	0.003	274.485	136.407	32	389	
6.5	6.75	2	6	3	3	128	60452	129	60453	0.003	0	0.003	0.003	468.628	82.1484	49	533	
6.5	6.75	2	7	2	3	142	60490	142	60586	0.003	0	0.003	0.003	426.662	122.276	93	485	
6.5	6.75	2	8	5	3	125	60545	125	60465	0.003	0	0.003	0.003	483.72	39.0652	453	533	
6.5	6.75	2	9	1	3	143	60499	143	60419	0.003	0	0.003	0.003	422.51	136.986	73	533	
6.5	6.75	2	10	4	3	139	60583	140	60680	0.003	0	0.003	0.003	433.429	120.026	93	485	
6.5	6.75	3	11	1	3	153	40562	153	40551	0.003	0	0.003	0.003	265.039	92.4707	32	349	
6.5	6.75	3	12	3	3	164	40587	164	40587	0.00308536	0.000770646	0.003	0.01	247.482	88.9315	57	469	
6.5	6.75	3	13	2	3	162	40209	162	40249	0.003	0	0.003	0.003	248.451	100.046	32	349	
6.5	6.75	3	14	4	3	151	40599	151	40523	0.003	0	0.003	0.003	268.364	76.6347	73	373	
6.5	6.75	3	15	5	3	137	40273	137	40273	0.003	0	0.003	0.003	293.964	67.654	57	357	
6.5	6.75	1	16	1	3	141	49093	141	49093	0.003	0	0.003	0.003	348.177	83.7104	121	485	
6.5	6.75	1	17	2	3	166	49018	166	49018	0.003	0	0.003	0.003	295.289	116.235	57	421	
6.5	6.75	1	18	4	3	140	49008	140	49008	0.003	0	0.003	0.003	350.057	96.1924	49	421	
6.5	6.75	1	19	5	3	142	49010	142	49010	0.003	0	0.003	0.003	345.141	102.206	49	421	
6.5	6.75	1	20	3	3	151	49019	151	49019	0.003	0	0.003	0.003	324.629	116.679	49	421	
6.75	7	4	1	3	3	130	45859	130	45859	0.003	0	0.003	0.003	352.762	63.9819	49	373	
6.75	7	4	2	1	3	125	45921	125	45921	0.003	0	0.003	0.003	367.368	42.3811	285	389	
6.75	7	4	3	4	3	130	45838	130	45910	0.003	0	0.003	0.003	353.154	60.7803	73	373	
6.75	7	4	4	2	3	133	45841	133	45841	0.003	0	0.003	0.003	344.669	77.797	49	373	
6.75	7	4	5	5	3	167	45839	166	45807	0.003	0	0.003	0.003	275.946	135.503	32	389	
6.75	7	2	6	3	3	131	60453	131	60453	0.003	0	0.003	0.003	461.473	96.6175	49	533	
6.75	7	2	7	2	3	139	60595	139	60595	0.003	0	0.003	0.003	435.935	113.193	93	485	
6.75	7	2	8	5	3	125	60465	125	60465	0.003	0	0.003	0.003	483.72	39.0652	453	533	
6.75	7	2	9	1	3	146	60477	146	60477	0.003	0	0.003	0.003	414.226	143.803	73	533	
6.75	7	2	10	4	3	140	60592	140	60592	0.003	0	0.003	0.003	432.8	116.427	93	485	
6.75	7	3	11	1	3	173	40414	173	40296	0.003	0	0.003	0.003	232.925	99.1101	32	349	
6.75	7	3	12	3	3	150	40285	150	40345	0.003	0	0.003	0.003	268.967	82.577	57	357	
6.75	7	3	13	2	3	150	40560	150	40592	0.003	0	0.003	0.003	270.613	94.1857	32	349	
6.75	7	3	14	4	3	149	40445	149	40445	0.003	0	0.003	0.003	271.443	77.6809	73	373	
6.75	7	3	15	5	3	150	40406	150	40470	0.003	0	0.003	0.003	269.8	82.5591	57	357	
6.75	7	1	16	1	3	138	49086	138	49086	0.003	0	0.003	0.003	355.696	78.4777	121	485	
6.75	7	1	17	2	3	175	48827	176	49004	0.003	0	0.003	0.003	278.432	122.089	57	421	
6.75	7	1	18	4	3	143	49142	142	48989	0.003	0	0.003	0.003	344.993	104.329	49	421	
6.75	7	1	19	5	3	141	49055	140	49010	0.003	0	0.003	0.003	350.071	96.2839	49	421	
6.75	7	1	20	3	3	153	48949	153	48997	0.003	0	0.003	0.003	320.242	119.574	49	421	
7	7.25	4	1	3	3	130	45862	130	45862	0.003	0	0.003	0.003	352.785	63.989	49	373	
7	7.25	4	2	1	3	125	45921	125	45921	0.003	0	0.003	0.003	367.368	42.3811	285	389	
7	7.25	4	3	4	3	130	45910	130	45838	0.003	0	0.003	0.003	352.6	60.9259	73	373	
7	7.25	4	4	2	3	132	45848	132	45848	0.003	0	0.003	0.003	347.333	73.6504	49	373	
7	7.25	4	5	5	3	167	45797	168	45829	0.003	0	0.003	0.003	272.792	137.104	32	389	
7	7.25	2	6	3	3	130	60534	129	60529	0.003	0	0.003	0.003	469.217	77.6584	49	533	
7	7.25	2	7	2	3	136	60384	136	60288	0.00305147	0.000600245	0.003	0.01	443.294	113.916	93	669	
7	7.25	2	8	5	3	130	60654	130	60734	0.003	0	0.003	0.003	467.185	79.2681	73	533	
7	7.25	2	9	1	3	141	60429	141	60429	0.003	0	0.003	0.003	428.574	130.709	73	533	
7	7.25	2	10	4	3	152	60256	152	60256	0.003	0	0.003	0.003	396.421	130.084	93	485	
7	7.25	3	11	1	3	159	40340	159	40426	0.003	0	0.003	0.003	254.252	96.9593	32	389	
7	7.25	3	12	3	3	148	40650	148	40526	0.003	0	0.003	0.003	273.824	83.9235	57	357	
7	7.25	3	13	2	3	165	40453	165	40421	0.003	0	0.003	0.003	244.976	102.819	32	349	
7	7.25	3	14	4	3	146	40298	146	40298	0.003	0	0.003	0.003	276.014	72.3128	73	373	
7	7.25	3	15	5	3	151	40471	151	40531	0.003	0	0.003	0.003	268.417	81.505	57	357	
7	7.25	1	16	1	3	140	48879	140	48879	0.003	0	0.003	0.003	349.136	79.6773	121	485	
7	7.25	1	17	2	3	166	49098	165	48981	0.003	0	0.003	0.003	296.855	118.925	57	421	
7	7.25	1	18	4	3	147	49083	148	49188	0.003	0	0.003	0.003	332.351	106.629	49	421	
7	7.25	1	19	5	3	147	48950	148	48995	0.003	0	0.003	0.003	331.047	115.948	49	421	
7	7.25	1	20	3	3	146	49050	145	49001	0.003	0	0.003	0.003	337.938	101.69	49	421	
7.25	7.5	4	1	3	3	131	45855	131	45855	0.003	0	0.003	0.003	350.038	69.0803	49	373	
7.25	7.5	4	2	1	3	125	45817	125	45921	0.003	0	0.003	0.003	367.368	42.3811	285	389	
7.25	7.5	4	3	4	3	130	45838	130	45910	0.003	0	0.003	0.003	353.154	60.7803	73	373	
7.25	7.5	4	4	2	3	133	45841	133	45841	0.003	0	0.003	0.003	344.669	77.797	49	373	
7.25	7.5	4	5	5	3	167	45885	166	45810	0.003	0	0.003	0.003	275.964	134.98	32	389	
7.25	7.5	2	6	3	3	150	60606	151	60547	0.003	0	0.003	0.003	400.974	130.008	49	533	
7.25	7.5	2	7	2	3	160	60484	160	60484	0.003	0	0.003	0.003	378.025	122.201	93	485	
7.25	7.5	2	8	5	3	146	60218	146	60218	0.003	0	0.003	0.003	412.452	134.397	73	533	
7.25	7.5	2	9	1	3	140	60416	140	60496	0.003	0	0.003	0.003	432.114	119.535	73	533	
7.25	7.5	2	10	4	3	147	60519	147	60519	0.003	0	0.003	0.003	411.694	112.297	93	485	
7.25	7.5	3	11	1	3	161	40496	161	40539	0.003	0	0.003	0.003	251.795	104.919	32	349	
7.25	7.5	3	12	3	3	139	40211	139	40275	0.00305036	0.000593732	0.003	0.01	289.748	80.1355	57	469	
7.25	7.5	3	13	2	3	165	40386	165	40386	0.003	0	0.003	0.003	244.764	103.476	32	389	
7.25	7.5	3	14	4	3	133	40435	133	40435	0.003	0	0.003	0.003	304.023	61.1697	73	373	
7.25	7.5	3	15	5	3	127	40459	127	40335	0.003	0	0.003	0.003	317.598	41.2167	177	357	
7.25	7.5	1	16	1	3	142	49090	142	49090	0.003	0	0.003	0.003	345.704	83.5568	121	485	
7.25	7.5	1	17	2	3	164	49048	164	49048	0.003	0	0.003	0.003	299.073	119.146	57	421	
7.25	7.5	1	18	4	3	139	49003	139	49051	0.003	0	0.003	0.003	352.885	97.0055	49	421	
7.25	7.5	1	19	5	3	160	49060	160	49012	0.003	0	0.003	0.003	306.325	122.663	49	421	
7.25	7.5	1	20	3	3	131	49059	132	49060	0.003	0	0.003	0.003	371.667	75.1551	49	421	
7.5	7.75	4	1	3	3	130	45862	130	45862	0.003	0	0.003	0.003	352.785	63.989	49	373	
7.5	7.75	4	2	1	3	125	46025	125	45921	0.003	0	0.003	0.003	367.368	42.3811	285	389	
7.5	7.75	4	3	4	3	131	45910	131	45838	0.003	0	0.003	0.003	349.908	65.532	73	373	
7.5	7.75	4	4	2	3	133	45841	133	45841	0.003	0	0.003	0.003	344.669	77.797	49	373	
7.5	7.75	4	5	5	3	166	45765	167	45840	0.003	0	0.003	0.003	274.491	135.884	32	389	
7.5	7.75	2	6	3	3	137	60388	136	60403	0.003	0	0.003	0.003	444.14	117.222	49	533	
7.5	7.75	2	7	2	3	131	60519	131	60519	0.003	0	0.003	0.003	461.977	78.3822	93	485	
7.5	7.75	2	8	5	3	136	60704	136	60624	0.00305147	0.000600245	0.003	0.01	445.765	116.431	73	693	
7.5	7.75	2	9	1	3	133	60177	133	60177	0.003	0	0.003	0.003	452.459	104.471	73	533	
7.5	7.75	2	10	4	3	151	60567	151	60663	0.003	0	0.003	0.003	401.742	138.637	93	485	
7.5	7.75	3	11	1	3	157	40352	158	40384	0.003	0	0.003	0.003	255.595	108.007	32	349	
7.5	7.75	3	12	3	3	126	40392	126	40392	0.003	0	0.003	0.003	320.571	39.7477	57	357	
7.5	7.75	3	13	2	3	162	40382	162	40382	0.003	0	0.003	0.003	249.272	110.488	32	349	
7.5	7.75	3	14	4	3	125	40433	125	40361	0.003	0	0.003	0.003	322.888	33.252	301	373	
7.5	7.75	3	15	5	3	128	40380	128	40380	0.003	0	0.003	0.003	315.469	51.117	57	357	
7.5	7.75	1	16	1	3	145	49089	145	49089	0.003	0	0.003	0.003	338.545	80.2069	121	485	
7.5	7.75	1	17	2	3	166	49044	167	48973	0.003	0	0.003	0.003	293.251	122.809	57	421	
7.5	7.75	1	18	4	3	140	49064	140	49016	0.003	0	0.003	0.003	350.114	97.9961	49	421	
7.5	7.75	1	19	5	3	150	48986	150	49090	0.003	0	0.003	0.003	327.267	115.36	49	421	
7.5	7.75	1	20	3	3	142	49025	142	49025	0.003	0	0.003	0.003	345.246	103.112	49	421	
7.75	8	4	1	3	3	130	45861	130	45861	0.003	0	0.003	0.003	352.777	63.9866	49	373	
7.75	8	4	2	1	3	125	45817	125	45921	0.003	0	0.003	0.003	367.368	42.3811	285	389	
7.75	8	4	3	4	3	130	45909	130	45909	0.003	0	0.003	0.003	353.146	60.7778	73	373	
7.75	8	4	4	2	3	133	45838	133	45838	0.003	0	0.003	0.003	344.647	77.789	49	373	
7.75	8	4	5	5	3	167	45839	166	45807	0.003	0	0.003	0.003	275.946	135.503	32	389	
7.75	8	2	6	3	3	137	58441	138	58490	0.003	0	0.003	0.003	423.841	118.16	49	533	
7.75	8	2	7	2	3	144	58892	144	58924	0.003	0	0.003	0.003	409.194	117.509	73	533	
7.75	8	2	8	5	3	141	58425	141	58505	0.003	0	0.003	0.003	414.929	121.237	73	533	
7.75	8	2	9	1	3	143	58963	142	58890	0.003	0	0.003	0.003	414.718	119.818	73	533	
7.75	8	2	10	4	3	150	58906	150	58906	0.003	0	0.003	0.003	392.707	123.213	93	485	
7.75	8	3	11	1	3	168	40363	168	40363	0.003	0	0.003	0.003	240.256	106.218	32	349	
7.75	8	3	12	3	3	133	40589	133	40589	0.00305263	0.000606977	0.003	0.01	305.18	64.9323	57	469	
7.75	8	3	13	2	3	159	40285	158	40200	0.003	0	0.003	0.003	254.43	108.792	32	389	
7.75	8	3	14	4	3	134	40370	134	40442	0.003	0	0.003	0.003	301.806	58.1681	73	373	
7.75	8	3	15	5	3	138	40397	138	40461	0.003	0	0.003	0.003	293.196	71.4715	57	357	
7.75	8	1	16	1	3	141	49077	141	49209	0.003	0	0.003	0.003	349	78.0725	121	485	
7.75	8	1	17	2	3	159	49091	158	49038	0.003	0	0.003	0.003	310.367	115.178	57	421	
7.75	8	1	18	4	3	138	48981	138	49029	0.003	0	0.003	0.003	355.283	89.0945	49	421	
7.75	8	1	19	5	3	146	49022	146	48966	0.003	0	0.003	0.003	335.384	109.928	49	421	
7.75	8	1	20	3	3	153	49013	152	49012	0.003	0	0.003	0.003	322.447	112.984	49	421	
8	8.25	4	1	3	3	130	45861	130	45861	0.003	0	0.003	0.003	352.777	64.0258	48	373	
8	8.25	4	2	1	3	125	45921	125	45921	0.003	0	0.003	0.003	367.368	42.3811	285	389	
8	8.25	4	3	4	3	130	45838	130	45838	0.003	0	0.003	0.003	352.6	60.9259	73	373	
8	8.25	4	4	2	3	133	45841	133	45841	0.003	0	0.003	0.003	344.669	77.797	49	373	
8	8.25	4	5	5	3	167	45839	167	45839	0.003	0	0.003	0.003	274.485	136.407	32	389	
8	8.25	2	6	3	3	145	58333	145	58333	0.003	0	0.003	0.003	402.297	124.959	49	533	
8	8.25	2	7	2	3	144	57892	144	57860	0.003	0	0.003	0.003	401.806	115.819	73	533	
8	8.25	2	8	5	3	153	58089	153	58089	0.003	0	0.003	0.003	379.667	127.965	73	533	
8	8.25	2	9	1	3	148	58140	149	58133	0.003	0	0.003	0.003	390.154	126.892	73	533	
8	8.25	2	10	4	3	147	57911	147	57815	0.003	0	0.003	0.003	393.299	113.77	93	485	
8	8.25	3	11	1	3	157	40385	157	40385	0.003	0	0.003	0.003	257.229	102.784	32	349	
8	8.25	3	12	3	3	148	40260	148	40196	0.0030473	0.000575396	0.003	0.01	271.595	84.1843	57	421	
8	8.25	3	13	2	3	168	40448	169	40533	0.003	0	0.003	0.003	239.84	105.315	31	349	
8	8.25	3	14	4	3	141	40452	141	40452	0.003	0	0.003	0.003	286.894	65.4605	73	373	
8	8.25	3	15	5	3	139	40443	139	40379	0.003	0	0.003	0.003	290.496	71.1223	57	357	
8	8.25	1	16	1	3	143	49074	143	48942	0.003	0	0.003	0.003	342.252	82.5048	120	485	
8	8.25	1	17	2	3	174	48960	174	49144	0.003	0	0.003	0.003	282.437	119.993	57	421	
8	8.25	1	18	4	3	157	49029	156	48980	0.003	0	0.003	0.003	313.974	117.535	49	421	
8	8.25	1	19	5	3	142	48998	142	48950	0.003	0	0.003	0.003	344.718	105.206	49	421	
8	8.25	1	20	3	3	138	48994	139	48995	0.003	0	0.003	0.003	352.482	96.7613	49	421	
8.25	8.5	4	1	3	3	130	45862	130	45862	0.003	0	0.003	0.003	352.785	63.989	49	373	
8.25	8.5	4	2	1	3	125	45921	125	45921	0.003	0	0.003	0.003	367.368	42.3811	285	389	
8.25	8.5	4	3	4	3	130	45909	130	45909	0.003	0	0.003	0.003	353.146	60.7778	73	373	
8.25	8.5	4	4	2	3	133	45841	132	45848	0.003	0	0.003	0.003	347.333	73.6504	49	373	
8.25	8.5	4	5	5	3	166	45806	167	45798	0.003	0	0.003	0.003	274.24	136.237	32	389	
8.25	8.5	2	6	3	3	133	60425	133	60425	0.003	0	0.003	0.003	454.323	107.913	49	533	
8.25	8.5	2	7	2	3	139	60595	139	60595	0.003	0	0.003	0.003	435.935	113.193	93	485	
8.25	8.5	2	8	5	3	149	60447	149	60447	0.003	0	0.003	0.003	405.685	147.245	71	533	
8.25	8.5	2	9	1	3	125	60465	125	60465	0.003	0	0.003	0.003	483.72	39.0652	453	533	
8.25	8.5	2	10	4	3	137	60599	137	60599	0.003	0	0.003	0.003	442.328	105.981	93	485	
8.25	8.5	3	11	1	3	174	40304	173	40345	0.003	0	0.003	0.003	233.208	105.43	32	349	
8.25	8.5	3	12	3	3	139	40395	139	40395	0.003	0	0.003	0.003	290.612	71.7624	57	357	
8.25	8.5	3	13	2	3	148	40420	148	40380	0.0030473	0.000575396	0.003	0.01	272.838	98.453	32	437	
8.25	8.5	3	14	4	3	137	40589	137	40517	0.003	0	0.003	0.003	295.745	67.2463	73	373	
8.25	8.5	3	15	5	3	133	40357	133	40421	0.003	0	0.003	0.003	303.917	58.9013	57	357	
8.25	8.5	1	16	1	3	138	49222	138	49222	0.003	0	0.003	0.003	356.681	70.7104	121	485	
8.25	8.5	1	17	2	3	164	48980	165	48913	0.003	0	0.003	0.003	296.442	118.724	57	421	
8.25	8.5	1	18	4	3	151	49022	152	49023	0.003	0	0.003	0.003	322.52	114.211	48	421	
8.25	8.5	1	19	5	3	145	48989	145	49037	0.003	0	0.003	0.003	338.186	106.993	49	421	
8.25	8.5	1	20	3	3	142	48996	141	48999	0.003	0	0.003	0.003	347.511	98.8787	49	421	
8.5	8.75	4	1	3	3	131	45855	131	45855	0.003	0	0.003	0.003	350.038	69.0803	49	373	
8.5	8.75	4	2	1	3	125	45921	125	45817	0.003	0	0.003	0.003	366.536	42.9697	285	389	
8.5	8.75	4	3	4	3	131	45911	130	45838	0.003	0	0.003	0.003	352.6	60.9259	73	373	
8.5	8.75	4	4	2	3	132	45848	133	45841	0.003	0	0.003	0.003	344.669	77.797	49	373	
8.5	8.75	4	5	5	3	167	45805	167	45885	0.003	0	0.003	0.003	274.76	135.468	32	389	
8.5	8.75	2	6	3	3	132	60440	132	60440	0.003	0	0.003	0.003	457.879	102.533	49	533	
8.5	8.75	2	7	2	3	141	60585	141	60585	0.003	0	0.003	0.003	429.681	121.191	93	485	
8.5	8.75	2	8	5	3	141	60505	140	60432	0.003	0	0.003	0.003	431.657	126.624	73	533	
8.5	8.75	2	9	1	3	125	60465	125	60545	0.003	0	0.003	0.003	484.36	39.2129	453	533	
8.5	8.75	2	10	4	3	143	60583	143	60583	0.003	0	0.003	0.003	423.657	124.928	93	485	
8.5	8.75	3	11	1	3	163	40526	164	40445	0.003	0	0.003	0.003	246.616	100.499	32	349	
8.5	8.75	3	12	3	3	145	40436	145	40436	0.003	0	0.003	0.003	278.869	77.6981	57	357	
8.5	8.75	3	13	2	3	169	40275	168	40359	0.003	0	0.003	0.003	240.232	100.549	32	349	
8.5	8.75	3	14	4	3	145	40296	145	40368	0.003	0	0.003	0.003	278.4	75.211	73	373	
8.5	8.75	3	15	5	3	149	40661	149	40597	0.003	0	0.003	0.003	272.463	79.9644	57	357	
8.5	8.75	1	16	1	3	144	48944	144	48944	0.003	0	0.003	0.003	339.889	85.8119	121	485	
8.5	8.75	1	17	2	3	159	49027	159	49151	0.003	0	0.003	0.003	309.126	114.657	57	421	
8.5	8.75	1	18	4	3	136	48980	136	49028	0.003	0	0.003	0.003	360.5	84.5624	49	421	
8.5	8.75	1	19	5	3	154	49154	153	48997	0.003	0	0.003	0.003	320.242	118.875	49	421	
8.5	8.75	1	20	3	3	153	49009	153	49009	0.003	0	0.003	0.003	320.32	118.948	49	421	
8.75	9	4	1	3	3	130	45862	130	45862	0.003	0	0.003	0.003	352.785	63.989	49	373	
8.75	9	4	2	1	3	125	45921	125	46025	0.003	0	0.003	0.003	368.2	41.7674	285	389	
8.75	9	4	3	4	3	130	45838	131	45911	0.003	0	0.003	0.003	350.466	65.423	73	373	
8.75	9	4	4	2	3	134	45834	133	45841	0.003	0	0.003	0.003	344.669	77.797	49	373	
8.75	9	4	5	5	3	166	45846	166	45766	0.003	0	0.003	0.003	275.699	135.405	32	389	
8.75	9	2	6	3	3	131	60487	131	60487	0.003	0	0.003	0.003	461.733	97.1556	49	533	
8.75	9	2	7	2	3	139	60591	138	60594	0.003	0	0.003	0.003	439.087	111.662	93	485	
8.75	9	2	8	5	3	147	60463	148	60456	0.003	0	0.003	0.003	408.486	145.443	73	533	
8.75	9	2	9	1	3	125	60465	125	60465	0.003	0	0.003	0.003	483.72	39.0652	453	533	
8.75	9	2	10	4	3	139	60591	139	60591	0.003	0	0.003	0.003	435.906	115.059	93	485	
8.75	9	3	11	1	3	157	40359	156	40367	0.003	0	0.003	0.003	258.763	103.156	32	349	
8.75	9	3	12	3	3	134	40430	134	40430	0.00305224	0.000604708	0.003	0.01	301.716	64.0467	57	421	
8.75	9	3	13	2	3	162	40502	163	40458	0.003	0	0.003	0.003	248.209	107.686	32	349	
8.75	9	3	14	4	3	131	40435	131	40435	0.003	0	0.003	0.003	308.664	55.0402	73	373	
8.75	9	3	15	5	3	130	40194	130	40258	0.003	0	0.003	0.003	309.677	58.0535	57	357	
8.75	9	1	16	1	3	139	49011	139	49011	0.003	0	0.003	0.003	352.597	81.2387	121	485	
8.75	9	1	17	2	3	172	49037	172	48913	0.003	0	0.003	0.003	284.378	120.504	57	421	
8.75	9	1	18	4	3	152	49040	152	49040	0.003	0	0.003	0.003	322.632	119.431	49	421	
8.75	9	1	19	5	3	147	48935	147	48991	0.003	0	0.003	0.003	333.272	112.76	49	421	
8.75	9	1	20	3	3	142	49002	143	49047	0.003	0	0.003	0.003	342.986	101.943	49	421	
9	9.25	4	1	3	3	130	45861	130	45861	0.003	0	0.003	0.003	352.777	63.9866	49	373	
9	9.25	4	2	1	3	125	45921	125	45817	0.003	0	0.003	0.003	366.536	42.9697	285	389	
9	9.25	4	3	4	3	130	45910	130	45910	0.003	0	0.003	0.003	353.154	60.7803	73	373	
9	9.25	4	4	2	3	132	45848	133	45841	0.003	0	0.003	0.003	344.669	77.797	49	373	
9	9.25	4	5	5	3	167	45799	167	45839	0.003	0	0.003	0.003	274.485	136.407	32	389	
9	9.25	2	6	3	3	128	60484	128	60484	0.003	0	0.003	0.003	472.531	74.0455	49	533	
9	9.25	2	7	2	3	138	60588	139	60585	0.003	0	0.003	0.003	435.863	116.89	93	485	
9	9.25	2	8	5	3	147	60469	146	60476	0.003	0	0.003	0.003	414.219	143.801	73	533	
9	9.25	2	9	1	3	125	60465	125	60465	0.003	0	0.003	0.003	483.72	39.0652	453	533	
9	9.25	2	10	4	3	140	60588	140	60588	0.003	0	0.003	0.003	432.771	118.228	93	485	
9	9.25	3	11	1	3	159	40376	160	40368	0.003	0	0.003	0.003	252.3	109.831	32	349	
9	9.25	3	12	3	3	128	40380	128	40444	0.003	0	0.003	0.003	315.969	51.2084	57	357	
9	9.25	3	13	2	3	162	40374	161	40331	0.003	0	0.003	0.003	250.503	109.944	32	349	
9	9.25	3	14	4	3	125	40361	125	40361	0.003	0	0.003	0.003	322.888	33.252	301	373	
9	9.25	3	15	5	3	127	40387	127	40387	0.003	0	0.003	0.003	318.008	45.8984	57	357	
9	9.25	1	16	1	3	142	49286	142	49286	0.003	0	0.003	0.003	347.085	78.7919	121	485	
9	9.25	1	17	2	3	163	49223	163	49223	0.003	0	0.003	0.003	301.982	113.177	57	421	
9	9.25	1	18	4	3	142	48810	142	48762	0.003	0	0.003	0.003	343.394	99.6084	49	421	
9	9.25	1	19	5	3	150	48945	151	48998	0.003	0	0.003	0.003	324.49	113.316	49	421	
9	9.25	1	20	3	3	154	48974	154	48974	0.003	0	0.003	0.003	318.013	116.704	49	421	
9.25	9.5	4	1	3	3	130	45861	130	45861	0.003	0	0.003	0.003	352.777	63.9866	49	373	
9.25	9.5	4	2	1	3	125	45921	125	45921	0.003	0	0.003	0.003	367.368	42.3811	285	389	
9.25	9.5	4	3	4	3	130	45838	130	45838	0.003	0	0.003	0.003	352.6	60.9259	73	373	
9.25	9.5	4	4	2	3	133	45841	133	45841	0.003	0	0.003	0.003	344.669	77.797	49	373	
9.25	9.5	4	5	5	3	167	45839	167	45839	0.003	0	0.003	0.003	274.485	136.407	32	389	
9.25	9.5	2	6	3	3	131	60423	131	60423	0.003	0	0.003	0.003	461.244	96.0984	49	533	
9.25	9.5	2	7	2	3	141	60589	141	60589	0.003	0	0.003	0.003	429.709	119.448	93	485	
9.25	9.5	2	8	5	3	142	60426	143	60499	0.003	0	0.003	0.003	423.07	137.275	73	533	
9.25	9.5	2	9	1	3	125	60545	125	60465	0.003	0	0.003	0.003	483.72	39.0652	453	533	
9.25	9.5	2	10	4	3	141	60589	141	60589	0.003	0	0.003	0.003	429.709	119.448	93	485	
9.25	9.5	3	11	1	3	159	40313	158	40310	0.003	0	0.003	0.003	255.127	109.568	32	349	
9.25	9.5	3	12	3	3	129	40373	129	40373	0.003	0	0.003	0.003	312.969	55.6653	57	357	
9.25	9.5	3	13	2	3	165	40350	166	40353	0.003	0	0.003	0.003	243.09	112.793	32	349	
9.25	9.5	3	14	4	3	125	40433	125	40433	0.003	0	0.003	0.003	323.464	33.4925	301	373	
9.25	9.5	3	15	5	3	128	40380	128	40380	0.003	0	0.003	0.003	315.469	51.117	57	357	
9.25	9.5	1	16	1	3	142	49140	142	49028	0.003	0	0.003	0.003	345.268	81.5277	121	485	
9.25	9.5	1	17	2	3	165	49037	164	48984	0.003	0	0.003	0.003	298.683	118.404	57	421	
9.25	9.5	1	18	4	3	134	49033	134	49081	0.003	0	0.003	0.003	366.276	79.9928	49	421	
9.25	9.5	1	19	5	3	134	49022	134	49070	0.003	0	0.003	0.003	366.194	83.7943	49	421	
9.25	9.5	1	20	3	3	163	49027	163	49027	0.003	0	0.003	0.003	300.779	125.21	49	421	
9.5	9.75	4	1	3	3	130	45862	130	45862	0.003	0	0.003	0.003	352.785	63.989	49	373	
9.5	9.75	4	2	1	3	125	45921	125	45921	0.003	0	0.003	0.003	367.368	42.3811	285	389	
9.5	9.75	4	3	4	3	130	45910	130	45910	0.003	0	0.003	0.003	353.154	60.7803	73	373	
9.5	9.75	4	4	2	3	133	45841	133	45841	0.003	0	0.003	0.003	344.669	77.797	49	373	
9.5	9.75	4	5	5	3	166	45807	166	45807	0.003	0	0.003	0.003	275.946	135.503	32	389	
9.5	9.75	2	6	3	3	128	60483	128	60483	0.003	0	0.003	0.003	472.523	74.0459	49	533	
9.5	9.75	2	7	2	3	137	60589	137	60589	0.003	0	0.003	0.003	442.255	111.943	93	485	
9.5	9.75	2	8	5	3	147	60471	147	60471	0.003	0	0.003	0.003	411.367	145.743	73	533	
9.5	9.75	2	9	1	3	125	60465	125	60465	0.003	0	0.003	0.003	483.72	39.0652	453	533	
9.5	9.75	2	10	4	3	141	60589	141	60589	0.003	0	0.003	0.003	429.709	119.448	93	485	
9.5	9.75	3	11	1	3	161	40439	162	40418	0.003	0	0.003	0.003	249.494	110.083	32	373	
9.5	9.75	3	12	3	3	132	40795	132	40731	0.003	0	0.003	0.003	308.568	62.7673	57	357	
9.5	9.75	3	13	2	3	165	40550	165	40590	0.003	0	0.003	0.003	246	113.89	32	389	
9.5	9.75	3	14	4	3	125	40577	125	40577	0.003	0	0.003	0.003	324.616	33.9389	301	373	
9.5	9.75	3	15	5	3	133	40725	132	40608	0.003	0	0.003	0.003	307.636	65.9546	57	357	
9.5	9.75	1	16	1	3	143	48987	143	49099	0.003	0	0.003	0.003	343.35	84.5646	121	485	
9.5	9.75	1	17	2	3	162	49056	163	49109	0.003	0	0.003	0.003	301.282	116.016	57	421	
9.5	9.75	1	18	4	3	141	49031	141	48983	0.003	0	0.003	0.003	347.397	101.716	49	421	
9.5	9.75	1	19	5	3	135	49039	135	48991	0.003	0	0.003	0.003	362.896	85.8347	49	421	
9.5	9.75	1	20	3	3	160	49039	160	49039	0.003	0	0.003	0.003	306.494	120.989	49	421	
9.75	10	4	1	3	3	131	45855	131	45855	0.003	0	0.003	0.003	350.038	69.0803	49	373	
9.75	10	4	2	1	3	125	45921	125	45921	0.003	0	0.003	0.003	367.368	42.3811	285	389	
9.75	10	4	3	4	3	131	45839	131	45911	0.003	0	0.003	0.003	350.466	65.423	73	373	
9.75	10	4	4	2	3	133	45841	132	45848	0.003	0	0.003	0.003	347.333	73.6504	49	373	
9.75	10	4	5	5	3	167	45845	167	45805	0.003	0	0.003	0.003	274.281	135.203	32	389	
9.75	10	2	6	3	3	132	58260	132	58196	0.003	0	0.003	0.003	440.879	100.513	49	533	
9.75	10	2	7	2	3	146	58464	146	58496	0.003	0	0.003	0.003	400.658	121.475	73	533	
9.75	10	2	8	5	3	157	58675	157	58675	0.003	0	0.003	0.003	373.726	137.636	73	533	
9.75	10	2	9	1	3	137	58461	137	58541	0.003	0	0.003	0.003	427.307	106.34	73	533	
9.75	10	2	10	4	3	144	58658	144	58690	0.003	0	0.003	0.003	407.569	120.98	93	573	
9.75	10	3	11	1	3	157	43604	157	43604	0.00304458	0.000558661	0.003	0.01	277.732	101.036	49	421	
9.75	10	3	12	3	3	155	43315	155	43315	0.003	0	0.003	0.003	279.452	97.33	57	421	
9.75	10	3	13	2	3	158	43466	158	43426	0.003	0	0.003	0.003	274.848	114.272	32	389	
9.75	10	3	14	4	3	142	43481	142	43481	0.003	0	0.003	0.003	306.204	83.4393	73	373	
9.75	10	3	15	5	3	155	43387	156	43440	0.003	0	0.003	0.003	278.462	99.2889	57	357	
9.75	10	1	16	1	3	148	48924	148	48924	0.003	0	0.003	0.003	330.568	86.1988	121	485	
9.75	10	1	17	2	3	160	48909	159	48792	0.003	0	0.003	0.003	306.868	118.61	55	421	
9.75	10	1	18	4	3	149	49193	149	49241	0.003	0	0.003	0.003	330.477	109.646	49	421	
9.75	10	1	19	5	3	146	48974	146	49022	0.003	0	0.003	0.003	335.767	108.832	49	421	
9.75	10	1	20	3	3	149	49041	149	49041	0.003	0	0.003	0.003	329.134	111.648	49	421	
