% start	end	CellId	IMSI	RNTI	LCID	nTxPDUs	TxBytes	nRxPDUs	RxBytes	delay	stdDev	min	max	PduSize	stdDev	min	max
0.5	0.75	4	1	5	3	146	64472	139	57849	0.003	0	0.003	0.003	416.18	178.02	49	839	
0.5	0.75	4	2	3	3	117	65306	116	64853	0.00348276	0.00178146	0.003	0.01	559.078	198.276	145	1692	
0.5	0.75	4	3	1	3	153	64643	151	64117	0.00355629	0.00274381	0.003	0.017	424.616	179.596	73	1095	
0.5	0.75	4	4	4	3	105	65371	104	64822	0.003	0	0.003	0.003	623.288	175.135	277	1383	
0.5	0.75	4	5	2	3	124	64838	117	58798	0.003	0	0.003	0.003	502.547	125.254	49	839	
0.5	0.75	2	6	1	3	114	51458	113	51005	0.00374336	0.00315317	0.003	0.017	451.372	146.248	73	1095	
0.5	0.75	2	7	4	3	114	51978	113	51637	0.00349557	0.00180339	0.003	0.01	456.965	156.638	113	1095	
0.5	0.75	2	8	5	3	116	51500	109	45565	0.003	0	0.003	0.003	418.028	113.858	32	621	
0.5	0.75	2	9	2	3	113	51730	106	46058	0.00306604	0.0006799	0.003	0.01	434.509	104.661	49	749	
0.5	0.75	2	10	3	3	114	51790	113	51337	0.00374336	0.00315317	0.003	0.017	454.31	158.783	73	1095	
0.5	0.75	3	11	1	3	126	69702	125	69129	0.003672	0.00300477	0.003	0.017	553.032	144.665	93	1239	
0.5	0.75	3	12	3	3	119	69799	118	69202	0.00347458	0.00176728	0.003	0.01	586.458	170.415	201	1191	
0.5	0.75	3	13	5	3	164	69298	157	63235	0.003	0	0.003	0.003	402.771	201.344	32	621	
0.5	0.75	3	14	4	3	119	70033	118	69412	0.00347458	0.00176728	0.003	0.01	588.237	137.052	121	1095	
0.5	0.75	3	15	2	3	122	70137	121	69516	0.00346281	0.00174662	0.003	0.01	574.512	144.476	121	1095	
0.5	0.75	1	16	5	3	128	40665	121	34842	0.003	0	0.003	0.003	287.95	129.058	32	621	
0.5	0.75	1	17	4	3	114	40806	106	34790	0.003	0	0.003	0.003	328.208	143.815	49	749	
0.5	0.75	1	18	3	3	122	40805	115	34982	0.003	0	0.003	0.003	304.191	133.839	32	621	
0.5	0.75	1	19	2	3	113	40870	106	35326	0.00306604	0.0006799	0.003	0.01	333.264	141.165	57	717	
0.5	0.75	1	20	1	3	112	40638	111	40337	0.00375676	0.0031801	0.003	0.017	363.396	177.677	73	1095	
0.75	1	4	1	5	3	179	65077	179	65077	0.00303911	0.000523205	0.003	0.01	363.559	176.589	49	839	
0.75	1	4	2	3	3	127	65258	127	65114	0.003	0	0.003	0.003	512.709	78.9437	293	597	
0.75	1	4	3	1	3	159	64922	160	64995	0.003	0	0.003	0.003	406.219	145.814	73	597	
0.75	1	4	4	4	3	123	65656	123	65656	0.003	0	0.003	0.003	533.789	81.2606	277	839	
0.75	1	4	5	2	3	135	65027	135	65027	0.003	0	0.003	0.003	481.681	119.982	49	621	
0.75	1	2	6	1	3	127	51491	127	51571	0.003	0	0.003	0.003	406.071	58.0847	73	453	
0.75	1	2	7	4	3	127	51361	127	51361	0.003	0	0.003	0.003	404.417	65.8344	113	453	
0.75	1	2	8	5	3	135	51671	134	51636	0.003	0	0.003	0.003	385.343	89.3245	32	437	
0.75	1	2	9	2	3	131	51362	130	51309	0.00305385	0.000613941	0.003	0.01	394.685	80.1383	57	645	
0.75	1	2	10	3	3	128	51487	128	51567	0.003	0	0.003	0.003	402.867	62.6689	73	453	
0.75	1	3	11	1	3	148	70075	148	70075	0.003	0	0.003	0.003	473.48	145.566	93	669	
0.75	1	3	12	3	3	134	70356	134	70548	0.003	0	0.003	0.003	526.478	110.919	201	807	
0.75	1	3	13	5	3	177	70054	176	69937	0.003	0	0.003	0.003	397.369	211.323	32	621	
0.75	1	3	14	4	3	140	70132	140	70132	0.003	0	0.003	0.003	500.943	124.296	121	621	
0.75	1	3	15	2	3	136	69792	136	70040	0.003	0	0.003	0.003	515	117.716	121	749	
0.75	1	1	16	5	3	166	39710	165	39678	0.003	0	0.003	0.003	240.473	93.2654	32	389	
0.75	1	1	17	4	3	151	39543	152	39696	0.003	0	0.003	0.003	261.158	87.0446	49	373	
0.75	1	1	18	3	3	150	39650	150	39650	0.003	0	0.003	0.003	264.333	87.6925	32	389	
0.75	1	1	19	2	3	139	39701	139	39701	0.003	0	0.003	0.003	285.619	73.4704	57	421	
0.75	1	1	20	1	3	138	39922	137	39773	0.003	0	0.003	0.003	290.314	66.0857	73	373	
1	1.25	4	1	5	3	159	65098	159	65162	0.003	0	0.003	0.003	409.824	176.944	49	573	
1	1.25	4	2	3	3	127	64963	127	64963	0.003	0	0.003	0.003	511.52	87.3945	145	597	
1	1.25	4	3	1	3	162	65410	162	65330	0.003	0	0.003	0.003	403.272	168.567	73	597	
1	1.25	4	4	4	3	124	65120	124	65120	0.003	0	0.003	0.003	525.161	92.8118	277	839	
1	1.25	4	5	2	3	147	65097	146	65112	0.003	0	0.003	0.003	445.973	149.703	49	573	
1	1.25	2	6	1	3	136	50656	136	50656	0.003	0	0.003	0.003	372.471	85.7183	73	453	
1	1.25	2	7	4	3	135	50795	135	50683	0.003	0	0.003	0.003	375.43	85.7878	113	453	
1	1.25	2	8	5	3	142	50274	142	50277	0.003	0	0.003	0.003	354.063	111.127	32	437	
1	1.25	2	9	2	3	145	50539	145	50595	0.00304827	0.000581318	0.003	0.01	348.931	116.705	49	645	
1	1.25	2	10	3	3	134	50290	134	50362	0.003	0	0.003	0.003	375.836	86.974	73	453	
1	1.25	3	11	1	3	143	70077	142	70072	0.003	0	0.003	0.003	493.465	145.443	93	669	
1	1.25	3	12	3	3	136	70176	136	70176	0.003	0	0.003	0.003	516	112.463	201	597	
1	1.25	3	13	5	3	185	69933	186	69970	0.003	0	0.003	0.003	376.183	216.155	32	621	
1	1.25	3	14	4	3	134	70029	134	70165	0.003	0	0.003	0.003	523.619	119.282	121	621	
1	1.25	3	15	2	3	135	70423	135	70175	0.003	0	0.003	0.003	519.815	105.052	121	621	
1	1.25	1	16	5	3	152	39522	153	39522	0.003	0	0.003	0.003	258.314	102.963	32	349	
1	1.25	1	17	4	3	130	39750	130	39750	0.003	0	0.003	0.003	305.769	48.0829	49	317	
1	1.25	1	18	3	3	152	39406	151	39342	0.003	0	0.003	0.003	260.543	101.272	32	349	
1	1.25	1	19	2	3	129	39557	129	39557	0.003	0	0.003	0.003	306.643	51.185	57	357	
1	1.25	1	20	1	3	128	39563	129	39712	0.003	0	0.003	0.003	307.845	45.2069	73	373	
1.25	1.5	4	1	5	3	156	65136	156	65032	0.003	0	0.003	0.003	416.872	159.911	49	573	
1.25	1.5	4	2	3	3	126	65254	126	65254	0.003	0	0.003	0.003	517.889	77.154	293	597	
1.25	1.5	4	3	1	3	167	65119	167	65119	0.003	0	0.003	0.003	389.934	143.254	73	533	
1.25	1.5	4	4	4	3	125	65089	126	65638	0.003	0	0.003	0.003	520.937	83.0691	277	549	
1.25	1.5	4	5	2	3	156	65115	156	65115	0.003	0	0.003	0.003	417.404	161.838	49	573	
1.25	1.5	2	6	1	3	142	49982	142	49982	0.003	0	0.003	0.003	351.986	99.3327	73	453	
1.25	1.5	2	7	4	3	133	49905	133	50017	0.003	0	0.003	0.003	376.068	83.9248	113	453	
1.25	1.5	2	8	5	3	147	49928	148	49960	0.003	0	0.003	0.003	337.568	124.713	32	437	
1.25	1.5	2	9	2	3	154	49945	155	49942	0.003	0	0.003	0.003	322.206	131.282	49	421	
1.25	1.5	2	10	3	3	140	49996	140	49844	0.003	0	0.003	0.003	356.029	94.2086	73	453	
1.25	1.5	3	11	1	3	137	69964	137	69964	0.003	0	0.003	0.003	510.686	129.818	93	669	
1.25	1.5	3	12	3	3	138	70026	138	69834	0.003	0	0.003	0.003	506.043	113.118	201	597	
1.25	1.5	3	13	5	3	188	69964	187	70060	0.003	0	0.003	0.003	374.652	216.163	32	597	
1.25	1.5	3	14	4	3	136	70144	136	70008	0.003	0	0.003	0.003	514.765	113.474	121	621	
1.25	1.5	3	15	2	3	141	70113	141	70113	0.003	0	0.003	0.003	497.255	130.98	121	621	
1.25	1.5	1	16	5	3	151	39407	151	39367	0.003	0	0.003	0.003	260.709	95.9463	32	349	
1.25	1.5	1	17	4	3	130	39260	130	39260	0.003	0	0.003	0.003	302	46.5093	49	373	
1.25	1.5	1	18	3	3	164	39510	164	39542	0.003	0	0.003	0.003	241.11	105.06	32	349	
1.25	1.5	1	19	2	3	139	39391	139	39391	0.0032518	0.00130824	0.003	0.01	283.388	70.6553	57	421	
1.25	1.5	1	20	1	3	138	39426	138	39426	0.003	0	0.003	0.003	285.696	60.168	73	373	
1.5	1.75	4	1	5	3	170	65386	170	65426	0.003	0	0.003	0.003	384.859	171.209	49	573	
1.5	1.75	4	2	3	3	127	65099	127	65243	0.003	0	0.003	0.003	513.724	81.4931	293	597	
1.5	1.75	4	3	1	3	160	65092	159	65099	0.003	0	0.003	0.003	409.428	148.511	73	597	
1.5	1.75	4	4	4	3	124	65392	123	64843	0.003	0	0.003	0.003	527.179	90.4198	277	839	
1.5	1.75	4	5	2	3	152	64848	153	64833	0.00304575	0.000565916	0.003	0.01	423.745	163.603	49	693	
1.5	1.75	2	6	1	3	144	49960	144	49960	0.003	0	0.003	0.003	346.944	103.213	73	453	
1.5	1.75	2	7	4	3	135	50023	135	50023	0.003	0	0.003	0.003	370.541	89.7519	113	453	
1.5	1.75	2	8	5	3	143	49941	143	49941	0.003	0	0.003	0.003	349.238	118.773	32	437	
1.5	1.75	2	9	2	3	158	49950	158	49950	0.003	0	0.003	0.003	316.139	135.84	49	421	
1.5	1.75	2	10	3	3	127	49983	127	49983	0.003	0	0.003	0.003	393.567	53.3945	73	453	
1.5	1.75	3	11	1	3	135	70035	136	70040	0.003	0	0.003	0.003	515	128.821	93	669	
1.5	1.75	3	12	3	3	135	70189	135	70189	0.003	0	0.003	0.003	519.919	103.613	201	597	
1.5	1.75	3	13	5	3	192	69983	192	69936	0.003	0	0.003	0.003	364.25	225.083	32	597	
1.5	1.75	3	14	4	3	134	70046	134	70182	0.003	0	0.003	0.003	523.746	108.962	121	621	
1.5	1.75	3	15	2	3	132	70050	132	70050	0.003	0	0.003	0.003	530.682	111.579	121	621	
1.5	1.75	1	16	5	3	166	39587	166	39627	0.003	0	0.003	0.003	238.717	97.3668	32	349	
1.5	1.75	1	17	4	3	139	39630	139	39630	0.003	0	0.003	0.003	285.108	67.7159	48	373	
1.5	1.75	1	18	3	3	164	39604	165	39604	0.003	0	0.003	0.003	240.024	99.2516	30	349	
1.5	1.75	1	19	2	3	145	39677	144	39620	0.00304861	0.000583333	0.003	0.01	275.139	74.6878	57	357	
1.5	1.75	1	20	1	3	147	39647	147	39647	0.003	0	0.003	0.003	269.707	68.3403	73	373	
1.75	2	4	1	5	3	174	65082	173	65085	0.003	0	0.003	0.003	376.214	189.394	49	533	
1.75	2	4	2	3	3	126	65266	126	65266	0.003	0	0.003	0.003	517.984	79.3069	145	597	
1.75	2	4	3	1	3	165	65169	166	65162	0.003	0	0.003	0.003	392.542	169.157	73	533	
1.75	2	4	4	4	3	125	65633	125	65633	0.003	0	0.003	0.003	525.064	77.3663	277	549	
1.75	2	4	5	2	3	131	65135	131	65135	0.003	0	0.003	0.003	497.214	88.1988	49	573	
1.75	2	2	6	1	3	135	52342	135	52262	0.003	0	0.003	0.003	387.126	92.5547	73	453	
1.75	2	2	7	4	3	136	52484	136	52372	0.003	0	0.003	0.003	385.088	94.6992	113	453	
1.75	2	2	8	5	3	154	52719	154	52687	0.003	0	0.003	0.003	342.123	131.041	32	469	
1.75	2	2	9	2	3	169	52514	169	52514	0.003	0	0.003	0.003	310.734	138.314	47	421	
1.75	2	2	10	3	3	141	52549	141	52549	0.003	0	0.003	0.003	372.688	103.312	73	453	
1.75	2	3	11	1	3	139	70067	139	70067	0.003	0	0.003	0.003	504.079	138.834	93	669	
1.75	2	3	12	3	3	139	70437	139	70437	0.003	0	0.003	0.003	506.741	118.148	201	807	
1.75	2	3	13	5	3	189	70010	189	69966	0.003	0	0.003	0.003	370.19	214.792	31	597	
1.75	2	3	14	4	3	135	70151	135	70015	0.003	0	0.003	0.003	518.63	117.305	121	621	
1.75	2	3	15	2	3	133	69801	133	70049	0.003	0	0.003	0.003	526.684	110.199	121	621	
1.75	2	1	16	5	3	150	39709	149	39677	0.003	0	0.003	0.003	266.289	96.2648	32	349	
1.75	2	1	17	4	3	129	39593	129	39593	0.003	0	0.003	0.003	306.922	43.4255	49	317	
1.75	2	1	18	3	3	161	39558	161	39558	0.003	0	0.003	0.003	245.702	106.238	32	349	
1.75	2	1	19	2	3	133	39397	134	39454	0.00305224	0.000604708	0.003	0.01	294.433	67.8635	57	469	
1.75	2	1	20	1	3	133	39417	133	39417	0.003	0	0.003	0.003	296.368	53.8839	149	373	
2	2.25	4	1	5	3	167	64871	168	64868	0.003	0	0.003	0.003	386.119	179.159	49	573	
2	2.25	4	2	3	3	128	65270	128	65270	0.003	0	0.003	0.003	509.922	87.025	145	597	
2	2.25	4	3	1	3	159	65115	159	65115	0.003	0	0.003	0.003	409.528	151.655	73	597	
2	2.25	4	4	4	3	123	65114	123	65114	0.003	0	0.003	0.003	529.382	87.5292	277	839	
2	2.25	4	5	2	3	148	65300	147	65315	0.003	0	0.003	0.003	444.32	150.324	49	573	
2	2.25	2	6	1	3	135	54663	135	54663	0.003	0	0.003	0.003	404.911	87.3141	73	453	
2	2.25	2	7	4	3	133	54389	133	54501	0.003	0	0.003	0.003	409.782	84.3793	113	453	
2	2.25	2	8	5	3	152	54208	152	53936	0.0030921	0.000800292	0.003	0.01	354.842	139.571	49	573	
2	2.25	2	9	2	3	167	54363	167	54467	0.003	0	0.003	0.003	326.15	150.836	49	469	
2	2.25	2	10	3	3	130	54586	130	54738	0.003	0	0.003	0.003	421.062	65.4278	73	533	
2	2.25	3	11	1	3	139	69975	139	70063	0.003	0	0.003	0.003	504.05	131.785	93	669	
2	2.25	3	12	3	3	138	70182	138	70182	0.003	0	0.003	0.003	508.565	120.551	201	597	
2	2.25	3	13	5	3	193	69896	194	69939	0.003	0	0.003	0.003	360.51	222.442	32	621	
2	2.25	3	14	4	3	139	70031	138	70038	0.003	0	0.003	0.003	507.522	123.334	121	621	
2	2.25	3	15	2	3	134	70418	134	70170	0.003	0	0.003	0.003	523.657	115.242	121	621	
2	2.25	1	16	5	3	155	39384	155	39417	0.003	0	0.003	0.003	254.303	105.253	32	349	
2	2.25	1	17	4	3	130	39478	130	39478	0.003	0	0.003	0.003	303.677	51.0999	49	373	
2	2.25	1	18	3	3	154	39252	154	39252	0.003	0	0.003	0.003	254.883	102.835	32	349	
2	2.25	1	19	2	3	131	39650	131	39586	0.0031603	0.00105113	0.003	0.01	302.183	49.131	116	357	
2	2.25	1	20	1	3	129	39649	129	39649	0.003	0	0.003	0.003	307.357	40.7174	149	373	
2.25	2.5	4	1	5	3	143	65067	143	65067	0.003	0	0.003	0.003	455.014	138.457	49	573	
2.25	2.5	4	2	3	3	128	65152	128	65008	0.003	0	0.003	0.003	507.875	75.4667	293	597	
2.25	2.5	4	3	1	3	162	65094	162	65174	0.003	0	0.003	0.003	402.309	157.212	73	533	
2.25	2.5	4	4	4	3	122	65654	122	65654	0.003	0	0.003	0.003	538.148	74.5077	277	839	
2.25	2.5	4	5	2	3	171	65111	171	65107	0.003	0	0.003	0.003	380.743	178.76	49	533	
2.25	2.5	2	6	1	3	139	54159	139	54239	0.003	0	0.003	0.003	390.209	103.58	73	533	
2.25	2.5	2	7	4	3	149	54503	149	54391	0.003	0	0.003	0.003	365.04	106.184	113	453	
2.25	2.5	2	8	5	3	160	54516	160	54836	0.0030875	0.000780159	0.003	0.01	342.725	130.948	49	693	
2.25	2.5	2	9	2	3	156	54340	155	54075	0.003	0	0.003	0.003	348.871	131.286	49	469	
2.25	2.5	2	10	3	3	148	54436	148	54364	0.003	0	0.003	0.003	367.324	114.103	73	533	
2.25	2.5	3	11	1	3	138	70062	138	69974	0.003	0	0.003	0.003	507.058	132.585	93	669	
2.25	2.5	3	12	3	3	137	69981	137	69981	0.003	0	0.003	0.003	510.81	118.063	201	597	
2.25	2.5	3	13	5	3	194	70001	193	70001	0.003	0	0.003	0.003	362.699	224.958	32	621	
2.25	2.5	3	14	4	3	132	70064	133	70193	0.003	0	0.003	0.003	527.767	108.324	121	621	
2.25	2.5	3	15	2	3	133	70052	133	70052	0.003	0	0.003	0.003	526.707	105.764	121	621	
2.25	2.5	1	16	5	3	158	39462	158	39429	0.003	0	0.003	0.003	249.551	97.1785	32	349	
2.25	2.5	1	17	4	3	133	39781	133	39781	0.003	0	0.003	0.003	299.105	60.088	49	373	
2.25	2.5	1	18	3	3	160	39597	160	39597	0.003	0	0.003	0.003	247.481	100.288	32	349	
2.25	2.5	1	19	2	3	138	39580	138	39644	0.00305072	0.00059588	0.003	0.01	287.275	71.9007	57	357	
2.25	2.5	1	20	1	3	138	39574	138	39574	0.003	0	0.003	0.003	286.768	60.3968	73	373	
2.5	2.75	4	1	5	3	153	65347	153	65411	0.003	0	0.003	0.003	427.523	164.119	49	573	
2.5	2.75	4	2	3	3	130	65406	130	65550	0.003	0	0.003	0.003	504.231	95.6986	145	597	
2.5	2.75	4	3	1	3	169	64882	169	64962	0.003	0	0.003	0.003	384.391	159.096	73	533	
2.5	2.75	4	4	4	3	122	65092	122	65092	0.003	0	0.003	0.003	533.541	73.1135	277	839	
2.5	2.75	4	5	2	3	155	65031	155	64875	0.003	0	0.003	0.003	418.548	152.404	49	573	
2.5	2.75	2	6	1	3	142	54682	142	54682	0.003	0	0.003	0.003	385.085	107.084	73	533	
2.5	2.75	2	7	4	3	145	54707	145	54707	0.003	0	0.003	0.003	377.29	103.673	113	453	
2.5	2.75	2	8	5	3	157	54254	156	54157	0.003	0	0.003	0.003	347.16	132.107	49	469	
2.5	2.75	2	9	2	3	167	54299	168	54460	0.003	0	0.003	0.003	324.167	135.248	49	469	
2.5	2.75	2	10	3	3	142	54466	142	54386	0.003	0	0.003	0.003	383	108.105	73	533	
2.5	2.75	3	11	1	3	140	69995	139	69990	0.003	0	0.003	0.003	503.525	139.106	92	669	
2.5	2.75	3	12	3	3	138	70398	137	70185	0.003	0	0.003	0.003	512.299	115.383	201	597	
2.5	2.75	3	13	5	3	196	69952	197	69984	0.003	0	0.003	0.003	355.249	227.54	32	597	
2.5	2.75	3	14	4	3	130	70090	130	70090	0.003	0	0.003	0.003	539.154	97.9139	121	621	
2.5	2.75	3	15	2	3	127	70119	127	70119	0.003	0	0.003	0.003	552.118	80.9027	121	621	
2.5	2.75	1	16	5	3	151	39436	151	39436	0.003	0	0.003	0.003	261.166	101.141	32	349	
2.5	2.75	1	17	4	3	130	39478	130	39478	0.003	0	0.003	0.003	303.677	46.4274	49	317	
2.5	2.75	1	18	3	3	156	39425	156	39425	0.003	0	0.003	0.003	252.724	104.348	32	349	
2.5	2.75	1	19	2	3	132	39488	132	39488	0.00310606	0.000858345	0.003	0.01	299.152	57.1494	57	357	
2.5	2.75	1	20	1	3	128	39484	128	39484	0.003	0	0.003	0.003	308.469	46.7215	73	373	
2.75	3	4	1	5	3	163	65098	162	65049	0.003	0	0.003	0.003	401.537	166.041	49	573	
2.75	3	4	2	3	3	127	64951	127	64951	0.003	0	0.003	0.003	511.425	85.454	145	597	
2.75	3	4	3	1	3	171	65443	171	65283	0.003	0	0.003	0.003	381.772	154.588	73	597	
2.75	3	4	4	4	3	124	65410	124	65410	0.003	0	0.003	0.003	527.5	96.9776	277	839	
2.75	3	4	5	2	3	143	64983	144	65128	0.003	0	0.003	0.003	452.278	137.151	49	573	
2.75	3	2	6	1	3	133	54425	132	54200	0.003	0	0.003	0.003	410.606	85.2189	73	533	
2.75	3	2	7	4	3	141	54489	141	54489	0.003	0	0.003	0.003	386.447	105.902	113	453	
2.75	3	2	8	5	3	153	54557	154	54606	0.00304545	0.000564076	0.003	0.01	354.584	142.119	49	573	
2.75	3	2	9	2	3	162	54406	161	54405	0.003	0	0.003	0.003	337.919	135.325	49	533	
2.75	3	2	10	3	3	146	54242	146	54394	0.003	0	0.003	0.003	372.562	105.005	73	533	
2.75	3	3	11	1	3	139	70051	140	70056	0.003	0	0.003	0.003	500.4	140.017	93	669	
2.75	3	3	12	3	3	138	69798	139	70203	0.003	0	0.003	0.003	505.058	120.56	201	597	
2.75	3	3	13	5	3	196	69987	196	69955	0.003	0	0.003	0.003	356.913	221.72	32	597	
2.75	3	3	14	4	3	132	70192	132	70056	0.003	0	0.003	0.003	530.727	107.166	121	621	
2.75	3	3	15	2	3	132	70048	132	70048	0.003	0	0.003	0.003	530.667	109.322	121	621	
2.75	3	1	16	5	3	150	39498	151	39530	0.003	0	0.003	0.003	261.788	103.187	32	349	
2.75	3	1	17	4	3	130	39588	130	39588	0.003	0	0.003	0.003	304.523	53.8772	47	373	
2.75	3	1	18	3	3	151	39490	151	39490	0.003	0	0.003	0.003	261.523	103.013	32	309	
2.75	3	1	19	2	3	125	39569	125	39505	0.003	0	0.003	0.003	316.04	30.8436	293	357	
2.75	3	1	20	1	3	125	39569	125	39569	0.003	0	0.003	0.003	316.552	29.7483	301	373	
3	3.25	4	1	5	3	178	65074	178	65122	0.003	0	0.003	0.003	365.854	184.724	49	533	
3	3.25	4	2	3	3	128	65271	128	65127	0.003	0	0.003	0.003	508.805	86.8158	145	597	
3	3.25	4	3	1	3	157	65049	157	65129	0.003	0	0.003	0.003	414.834	154.678	73	533	
3	3.25	4	4	4	3	125	65633	125	65633	0.003	0	0.003	0.003	525.064	77.3663	277	549	
3	3.25	4	5	2	3	136	65076	136	65036	0.003	0	0.003	0.003	478.206	121.09	49	573	
3	3.25	2	6	1	3	175	55657	175	55729	0.003	0	0.003	0.003	318.451	125.972	73	533	
3	3.25	2	7	4	3	138	55626	138	55626	0.003	0	0.003	0.003	403.087	87.6825	113	453	
3	3.25	2	8	5	3	148	55762	148	55714	0.003	0	0.003	0.003	376.446	125.745	49	469	
3	3.25	2	9	2	3	155	55713	156	55778	0.00308974	0.000790033	0.003	0.01	357.551	135.48	49	645	
3	3.25	2	10	3	3	147	56015	147	55863	0.003	0	0.003	0.003	380.02	114.356	73	533	
3	3.25	3	11	1	3	134	70030	134	70030	0.003	0	0.003	0.003	522.612	123.18	93	669	
3	3.25	3	12	3	3	141	70161	141	70161	0.003	0	0.003	0.003	497.596	136.024	201	597	
3	3.25	3	13	5	3	210	69935	209	69903	0.003	0	0.003	0.003	334.464	231.153	32	549	
3	3.25	3	14	4	3	128	69963	128	70099	0.003	0	0.003	0.003	547.648	94.5084	121	621	
3	3.25	3	15	2	3	128	70100	128	70100	0.003	0	0.003	0.003	547.656	94.5031	121	621	
3	3.25	1	16	5	3	151	39454	151	39454	0.003	0	0.003	0.003	261.285	103.141	32	349	
3	3.25	1	17	4	3	131	39530	131	39530	0.003	0	0.003	0.003	301.756	57.7798	49	372	
3	3.25	1	18	3	3	152	39451	152	39451	0.003	0	0.003	0.003	259.546	102.96	32	309	
3	3.25	1	19	2	3	126	39502	126	39502	0.00305555	0.00062361	0.003	0.01	313.508	36.8243	117	357	
3	3.25	1	20	1	3	125	39493	125	39493	0.003	0	0.003	0.003	315.944	30.8258	225	373	
3.25	3.5	4	1	5	3	171	65147	171	65087	0.003	0	0.003	0.003	380.626	162.251	49	573	
3.25	3.5	4	2	3	3	126	65124	126	65268	0.003	0	0.003	0.003	518	74.6159	293	597	
3.25	3.5	4	3	1	3	160	65158	160	65078	0.003	0	0.003	0.003	406.737	146.504	73	597	
3.25	3.5	4	4	4	3	127	65371	127	65371	0.003	0	0.003	0.003	514.732	90.6157	277	549	
3.25	3.5	4	5	2	3	160	65092	160	65132	0.003	0	0.003	0.003	407.075	154.701	49	573	
3.25	3.5	2	6	1	3	145	56241	146	56314	0.003	0	0.003	0.003	385.712	106.299	73	533	
3.25	3.5	2	7	4	3	143	56075	142	56190	0.003	0	0.003	0.003	395.704	95.228	113	453	
3.25	3.5	2	8	5	3	157	56001	157	56001	0.00304458	0.000558661	0.003	0.01	356.694	130.47	49	621	
3.25	3.5	2	9	2	3	156	55966	156	55854	0.00317949	0.00111	0.003	0.01	358.038	150.349	57	717	
3.25	3.5	2	10	3	3	149	55821	149	55821	0.003	0	0.003	0.003	374.638	110.313	73	533	
3.25	3.5	3	11	1	3	135	69955	135	70043	0.003	0	0.003	0.003	518.837	128.636	93	669	
3.25	3.5	3	12	3	3	142	70170	142	70170	0.003	0	0.003	0.003	494.155	137.746	201	597	
3.25	3.5	3	13	5	3	210	69984	210	69941	0.003	0	0.003	0.003	333.052	231.906	32	549	
3.25	3.5	3	14	4	3	128	70100	128	69964	0.003	0	0.003	0.003	546.594	94.4365	121	621	
3.25	3.5	3	15	2	3	127	69978	127	70114	0.003	0	0.003	0.003	552.079	86.8773	121	621	
3.25	3.5	1	16	5	3	156	39613	155	39570	0.003	0	0.003	0.003	255.29	99.8904	32	349	
3.25	3.5	1	17	4	3	136	39490	136	39490	0.003	0	0.003	0.003	290.368	66.4444	49	373	
3.25	3.5	1	18	3	3	157	39446	157	39478	0.003	0	0.003	0.003	251.452	98.992	32	349	
3.25	3.5	1	19	2	3	132	39268	132	39204	0.00315909	0.0010472	0.003	0.01	297	60.1372	57	357	
3.25	3.5	1	20	1	3	134	39482	134	39558	0.003	0	0.003	0.003	295.209	58.1511	73	373	
3.5	3.75	4	1	5	3	165	64908	166	64905	0.00304217	0.000543305	0.003	0.01	390.994	179.336	49	693	
3.5	3.75	4	2	3	3	128	65272	128	65128	0.003	0	0.003	0.003	508.812	86.8107	145	597	
3.5	3.75	4	3	1	3	165	65141	165	65141	0.003	0	0.003	0.003	394.794	158.927	73	597	
3.5	3.75	4	4	4	3	125	65089	125	65089	0.003	0	0.003	0.003	520.712	83.365	277	549	
3.5	3.75	4	5	2	3	150	65326	150	65390	0.003	0	0.003	0.003	435.933	150.887	49	573	
3.5	3.75	2	6	1	3	144	55951	144	56031	0.003	0	0.003	0.003	389.104	109.612	73	533	
3.5	3.75	2	7	4	3	146	55978	147	55975	0.003	0	0.003	0.003	380.782	107.836	113	573	
3.5	3.75	2	8	5	3	152	55974	152	55974	0.00304605	0.000567775	0.003	0.01	368.25	128.06	49	573	
3.5	3.75	2	9	2	3	153	55993	153	55993	0.00313725	0.000973726	0.003	0.01	365.967	139.272	57	645	
3.5	3.75	2	10	3	3	159	56147	158	56078	0.003	0	0.003	0.003	354.924	113.922	73	453	
3.5	3.75	3	11	1	3	134	70038	134	69950	0.003	0	0.003	0.003	522.015	123.685	93	669	
3.5	3.75	3	12	3	3	142	70170	142	70170	0.003	0	0.003	0.003	494.155	137.746	201	597	
3.5	3.75	3	13	5	3	208	69909	208	69952	0.003	0	0.003	0.003	336.308	230.997	32	549	
3.5	3.75	3	14	4	3	127	70115	127	70115	0.003	0	0.003	0.003	552.087	86.8835	121	621	
3.5	3.75	3	15	2	3	128	70100	128	70100	0.003	0	0.003	0.003	547.656	94.5031	121	621	
3.5	3.75	1	16	5	3	171	39417	172	39460	0.003	0	0.003	0.003	229.419	96.1559	30	349	
3.5	3.75	1	17	4	3	132	39615	132	39615	0.003	0	0.003	0.003	300.114	48.4692	49	373	
3.5	3.75	1	18	3	3	153	39616	152	39552	0.003	0	0.003	0.003	260.211	96.4952	32	349	
3.5	3.75	1	19	2	3	135	39775	134	39610	0.00305224	0.000604708	0.003	0.01	295.597	64.7889	57	421	
3.5	3.75	1	20	1	3	137	39643	137	39567	0.003	0	0.003	0.003	288.81	63.7563	72	373	
3.75	4	4	1	5	3	136	65104	136	65104	0.003	0	0.003	0.003	478.706	117.597	49	573	
3.75	4	4	2	3	3	125	65121	125	65265	0.003	0	0.003	0.003	522.12	72.2319	453	597	
3.75	4	4	3	1	3	173	65130	173	65210	0.003	0	0.003	0.003	376.936	151.895	73	533	
3.75	4	4	4	4	3	125	65361	125	65361	0.003	0	0.003	0.003	522.888	80.4513	277	549	
3.75	4	4	5	2	3	176	65206	175	65093	0.003	0	0.003	0.003	371.96	167.624	49	533	
3.75	4	2	6	1	3	132	54412	132	54412	0.003	0	0.003	0.003	412.212	83.1949	73	533	
3.75	4	2	7	4	3	144	54520	144	54408	0.003	0	0.003	0.003	377.833	101.258	113	573	
3.75	4	2	8	5	3	128	54308	128	54388	0.003	0	0.003	0.003	424.906	56.5451	49	469	
3.75	4	2	9	2	3	152	54380	151	54371	0.00309271	0.00080292	0.003	0.01	360.073	133.568	57	645	
3.75	4	2	10	3	3	149	54273	150	54422	0.003	0	0.003	0.003	362.813	114.313	73	533	
3.75	4	3	11	1	3	134	70038	134	70038	0.003	0	0.003	0.003	522.672	123.721	93	669	
3.75	4	3	12	3	3	141	70161	141	70161	0.003	0	0.003	0.003	497.596	136.024	201	597	
3.75	4	3	13	5	3	209	69952	209	69952	0.003	0	0.003	0.003	334.699	231.268	32	549	
3.75	4	3	14	4	3	128	69963	128	70099	0.003	0	0.003	0.003	547.648	94.5084	121	621	
3.75	4	3	15	2	3	127	70115	127	69979	0.003	0	0.003	0.003	551.016	86.8655	121	621	
3.75	4	1	16	5	3	158	39490	158	39490	0.003	0	0.003	0.003	249.937	105.476	32	349	
3.75	4	1	17	4	3	130	39525	130	39525	0.003	0	0.003	0.003	304.038	41.8014	49	317	
3.75	4	1	18	3	3	164	39472	165	39504	0.003	0	0.003	0.003	239.418	103.286	32	349	
3.75	4	1	19	2	3	132	39536	133	39765	0.00310526	0.000855137	0.003	0.01	298.985	60.8204	55	421	
3.75	4	1	20	1	3	130	39502	130	39502	0.003	0	0.003	0.003	303.862	45.2171	73	373	
4	4.25	4	1	5	3	164	65308	164	65308	0.003	0	0.003	0.003	398.22	155.972	49	573	
4	4.25	4	2	3	3	129	65391	129	65391	0.003	0	0.003	0.003	506.907	88.7947	145	597	
4	4.25	4	3	1	3	153	64873	153	64793	0.003	0	0.003	0.003	423.484	140.754	73	597	
4	4.25	4	4	4	3	121	65123	121	65123	0.003	0	0.003	0.003	538.207	83.1703	277	839	
4	4.25	4	5	2	3	163	64903	163	64955	0.00304294	0.000548282	0.003	0.01	398.497	169.403	49	749	
4	4.25	2	6	1	3	151	51187	151	51187	0.003	0	0.003	0.003	338.987	109.329	73	453	
4	4.25	2	7	4	3	131	51247	131	51247	0.003	0	0.003	0.003	391.198	79.5313	113	453	
4	4.25	2	8	5	3	150	50981	150	50981	0.003	0	0.003	0.003	339.873	129.649	32	469	
4	4.25	2	9	2	3	151	51338	152	51395	0.00327631	0.00136754	0.003	0.01	338.125	122.165	57	645	
4	4.25	2	10	3	3	144	51428	143	51351	0.003	0	0.003	0.003	359.098	99.677	73	453	
4	4.25	3	11	1	3	135	70041	135	70041	0.003	0	0.003	0.003	518.822	128.63	93	669	
4	4.25	3	12	3	3	142	70170	142	69978	0.003	0	0.003	0.003	492.803	137.672	201	597	
4	4.25	3	13	5	3	209	69956	209	69945	0.003	0	0.003	0.003	334.665	232.028	32	549	
4	4.25	3	14	4	3	127	70115	127	70115	0.003	0	0.003	0.003	552.087	86.8835	121	621	
4	4.25	3	15	2	3	127	69978	127	70114	0.003	0	0.003	0.003	552.079	86.8773	121	621	
4	4.25	1	16	5	3	156	39551	156	39583	0.003	0	0.003	0.003	253.737	101.231	32	349	
4	4.25	1	17	4	3	134	39290	134	39346	0.003	0	0.003	0.003	293.627	65.4348	49	373	
4	4.25	1	18	3	3	155	39554	154	39433	0.003	0	0.003	0.003	256.058	98.6746	32	349	
4	4.25	1	19	2	3	132	39464	132	39528	0.00315909	0.0010472	0.003	0.01	299.455	57.8593	57	357	
4	4.25	1	20	1	3	133	39341	133	39341	0.003	0	0.003	0.003	295.797	53.4234	149	373	
4.25	4.5	4	1	5	3	158	64861	158	64861	0.003	0	0.003	0.003	410.513	148.327	49	573	
4.25	4.5	4	2	3	3	128	64968	128	64968	0.003	0	0.003	0.003	507.563	88.7509	145	597	
4.25	4.5	4	3	1	3	146	65342	146	65422	0.003	0	0.003	0.003	448.096	137.123	73	597	
4.25	4.5	4	4	4	3	123	65369	123	65369	0.003	0	0.003	0.003	531.455	76.3992	277	839	
4.25	4.5	4	5	2	3	182	65310	182	65258	0.00303846	0.000518875	0.003	0.01	358.56	162.587	49	749	
4.25	4.5	2	6	1	3	139	54715	139	54715	0.003	0	0.003	0.003	393.633	103.801	73	453	
4.25	4.5	2	7	4	3	130	54950	130	54950	0.003	0	0.003	0.003	422.692	68.6144	113	453	
4.25	4.5	2	8	5	3	163	54633	163	54601	0.003	0	0.003	0.003	334.975	141.105	32	469	
4.25	4.5	2	9	2	3	153	54481	152	54432	0.00304605	0.000567775	0.003	0.01	358.105	136.201	49	645	
4.25	4.5	2	10	3	3	147	54701	148	54698	0.003	0	0.003	0.003	369.581	107.814	73	533	
4.25	4.5	3	11	1	3	135	69945	135	70033	0.003	0	0.003	0.003	518.763	128.112	93	669	
4.25	4.5	3	12	3	3	142	70170	142	70170	0.003	0	0.003	0.003	494.155	137.746	201	597	
4.25	4.5	3	13	5	3	210	69941	210	69941	0.003	0	0.003	0.003	333.052	231.906	32	549	
4.25	4.5	3	14	4	3	127	70115	127	69979	0.003	0	0.003	0.003	551.016	86.8655	121	621	
4.25	4.5	3	15	2	3	128	70100	128	70100	0.003	0	0.003	0.003	547.656	94.5031	121	621	
4.25	4.5	1	16	5	3	155	38792	155	38760	0.003	0	0.003	0.003	250.065	91.4165	32	349	
4.25	4.5	1	17	4	3	158	39098	158	39042	0.003	0	0.003	0.003	247.101	79.4346	49	373	
4.25	4.5	1	18	3	3	156	38970	156	39050	0.003	0	0.003	0.003	250.321	97.6973	32	349	
4.25	4.5	1	19	2	3	143	38747	143	38779	0.00304895	0.000585369	0.003	0.01	271.182	65.5477	49	373	
4.25	4.5	1	20	1	3	136	39144	136	39144	0.003	0	0.003	0.003	287.824	53.8533	73	373	
4.5	4.75	4	1	5	3	170	65242	169	65149	0.003	0	0.003	0.003	385.497	173.248	49	533	
4.5	4.75	4	2	3	3	127	65403	127	65403	0.003	0	0.003	0.003	514.984	79.2599	293	597	
4.5	4.75	4	3	1	3	159	64863	159	64943	0.003	0	0.003	0.003	408.447	148.178	73	597	
4.5	4.75	4	4	4	3	124	65372	124	65374	0.003	0	0.003	0.003	527.21	82.5925	277	839	
4.5	4.75	4	5	2	3	147	65063	148	65112	0.003	0	0.003	0.003	439.946	150.265	49	573	
4.5	4.75	2	6	1	3	134	54194	134	54194	0.003	0	0.003	0.003	404.433	88.13	73	533	
4.5	4.75	2	7	4	3	139	54155	139	54155	0.003	0	0.003	0.003	389.604	98.5176	113	453	
4.5	4.75	2	8	5	3	166	54638	165	54589	0.00308485	0.000768321	0.003	0.01	330.842	140.842	49	693	
4.5	4.75	2	9	2	3	151	54559	152	54608	0.003	0	0.003	0.003	359.263	130.023	49	469	
4.5	4.75	2	10	3	3	145	54237	145	54237	0.003	0	0.003	0.003	374.048	111.884	73	533	
4.5	4.75	3	11	1	3	135	70041	135	69953	0.003	0	0.003	0.003	518.17	128.587	93	669	
4.5	4.75	3	12	3	3	142	70170	142	70170	0.003	0	0.003	0.003	494.155	137.746	201	597	
4.5	4.75	3	13	5	3	209	69909	210	69984	0.003	0	0.003	0.003	333.257	231.658	32	549	
4.5	4.75	3	14	4	3	128	70099	128	70099	0.003	0	0.003	0.003	547.648	94.5084	121	621	
4.5	4.75	3	15	2	3	127	70115	127	69979	0.003	0	0.003	0.003	551.016	86.8655	121	621	
4.5	4.75	1	16	5	3	149	38856	149	38888	0.003	0	0.003	0.003	260.993	86.9584	32	349	
4.5	4.75	1	17	4	3	162	38808	161	38763	0.003	0	0.003	0.003	240.764	84.1259	49	373	
4.5	4.75	1	18	3	3	151	38809	152	38850	0.003	0	0.003	0.003	255.592	82.4031	32	349	
4.5	4.75	1	19	2	3	150	39042	150	38986	0.003	0	0.003	0.003	259.907	81.5118	49	373	
4.5	4.75	1	20	1	3	140	38688	140	38688	0.003	0	0.003	0.003	276.343	60.2797	73	373	
4.75	5	4	1	5	3	173	64532	174	64689	0.003	0	0.003	0.003	371.776	168.646	49	573	
4.75	5	4	2	3	3	126	64386	126	64386	0.003	0	0.003	0.003	511	80.8131	145	597	
4.75	5	4	3	1	3	166	64745	165	64580	0.00308485	0.000768321	0.003	0.01	391.394	159.917	57	839	
4.75	5	4	4	4	3	123	64825	123	64823	0.003	0	0.003	0.003	527.016	82.9025	277	839	
4.75	5	4	5	2	3	138	64168	138	64232	0.003	0	0.003	0.003	465.449	118.088	49	573	
4.75	5	2	6	1	3	131	54428	131	54428	0.003	0	0.003	0.003	415.481	79.5487	73	453	
4.75	5	2	7	4	3	129	54501	129	54501	0.003	0	0.003	0.003	422.488	67.2998	113	453	
4.75	5	2	8	5	3	159	54359	160	54408	0.0030875	0.000780159	0.003	0.01	340.05	149.782	49	573	
4.75	5	2	9	2	3	159	54417	158	54368	0.003	0	0.003	0.003	344.101	143.495	49	469	
4.75	5	2	10	3	3	132	54435	132	54435	0.003	0	0.003	0.003	412.386	78.1277	73	453	
4.75	5	3	11	1	3	134	70038	134	70038	0.003	0	0.003	0.003	522.672	123.721	93	669	
4.75	5	3	12	3	3	142	70170	142	70170	0.003	0	0.003	0.003	494.155	137.746	201	597	
4.75	5	3	13	5	3	209	69941	208	69909	0.003	0	0.003	0.003	336.101	231.251	32	549	
4.75	5	3	14	4	3	127	69979	127	70115	0.003	0	0.003	0.003	552.087	86.8835	121	621	
4.75	5	3	15	2	3	128	70099	128	70099	0.003	0	0.003	0.003	547.648	94.4971	121	621	
4.75	5	1	16	5	3	161	38964	160	38933	0.003	0	0.003	0.003	243.331	94.6105	32	349	
4.75	5	1	17	4	3	149	38825	150	38870	0.003	0	0.003	0.003	259.133	78.209	49	373	
4.75	5	1	18	3	3	150	38707	150	38707	0.003	0	0.003	0.003	258.047	85.2397	32	349	
4.75	5	1	19	2	3	150	38878	150	38878	0.003	0	0.003	0.003	259.187	78.6198	49	373	
4.75	5	1	20	1	3	140	39084	140	39084	0.003	0	0.003	0.003	279.171	53.9488	73	373	
5	5.25	4	1	5	3	163	61259	163	61259	0.003	0	0.003	0.003	375.822	140.777	49	533	
5	5.25	4	2	3	3	126	61510	126	61510	0.003	0	0.003	0.003	488.175	68.0937	293	597	
5	5.25	4	3	1	3	160	60956	161	61025	0.003	0	0.003	0.003	379.037	141.223	57	533	
5	5.25	4	4	4	3	124	61275	124	61275	0.003	0	0.003	0.003	494.153	109.566	277	549	
5	5.25	4	5	2	3	175	61415	174	61358	0.00304023	0.000530669	0.003	0.01	352.632	152.014	49	621	
5	5.25	2	6	1	3	130	54442	130	54362	0.003	0	0.003	0.003	418.169	64.3854	149	533	
5	5.25	2	7	4	3	131	54510	131	54510	0.003	0	0.003	0.003	416.107	67.9896	113	573	
5	5.25	2	8	5	3	153	54345	153	54345	0.00313725	0.000973726	0.003	0.01	355.196	140.494	49	573	
5	5.25	2	9	2	3	160	54384	161	54433	0.003	0	0.003	0.003	338.093	146.363	49	533	
5	5.25	2	10	3	3	132	54436	132	54436	0.003	0	0.003	0.003	412.394	76.9947	73	453	
5	5.25	3	11	1	3	134	70037	134	70037	0.003	0	0.003	0.003	522.664	123.718	93	669	
5	5.25	3	12	3	3	141	70160	141	70160	0.003	0	0.003	0.003	497.589	136.019	201	597	
5	5.25	3	13	5	3	209	69952	209	69952	0.003	0	0.003	0.003	334.699	231.268	32	549	
5	5.25	3	14	4	3	128	70100	128	69964	0.003	0	0.003	0.003	546.594	94.4365	121	621	
5	5.25	3	15	2	3	127	69979	127	70115	0.003	0	0.003	0.003	552.087	86.8835	121	621	
5	5.25	1	16	5	3	167	38951	168	38950	0.003	0	0.003	0.003	231.845	95.6134	32	349	
5	5.25	1	17	4	3	146	38893	146	38893	0.003	0	0.003	0.003	266.39	78.4912	49	373	
5	5.25	1	18	3	3	137	39031	137	39031	0.003	0	0.003	0.003	284.898	72.3011	32	349	
5	5.25	1	19	2	3	143	38778	143	38778	0.003	0	0.003	0.003	271.175	74.9097	49	373	
5	5.25	1	20	1	3	138	38766	138	38766	0.003	0	0.003	0.003	280.913	55.6432	73	373	
5.25	5.5	4	1	5	3	146	61198	146	61198	0.003	0	0.003	0.003	419.164	126.805	49	533	
5.25	5.5	4	2	3	3	126	61062	126	61062	0.003	0	0.003	0.003	484.619	68.9142	293	597	
5.25	5.5	4	3	1	3	172	61443	171	61434	0.003	0	0.003	0.003	359.263	140.525	56	533	
5.25	5.5	4	4	4	3	122	61538	122	61538	0.003	0	0.003	0.003	504.41	101.114	277	549	
5.25	5.5	4	5	2	3	183	61045	184	61038	0.003	0	0.003	0.003	331.728	149.051	49	533	
5.25	5.5	2	6	1	3	135	55287	135	55287	0.003	0	0.003	0.003	409.533	92.0931	73	533	
5.25	5.5	2	7	4	3	147	55067	147	55067	0.003	0	0.003	0.003	374.605	109.234	113	573	
5.25	5.5	2	8	5	3	157	54786	157	54786	0.00313376	0.000961406	0.003	0.01	348.955	137.05	49	573	
5.25	5.5	2	9	2	3	164	54976	163	54931	0.00304294	0.000548282	0.003	0.01	337	144.151	49	645	
5.25	5.5	2	10	3	3	141	55257	141	55257	0.003	0	0.003	0.003	391.894	103.986	73	533	
5.25	5.5	3	11	1	3	135	70043	135	70043	0.003	0	0.003	0.003	518.837	128.636	93	669	
5.25	5.5	3	12	3	3	142	70168	142	70168	0.003	0	0.003	0.003	494.141	137.756	201	597	
5.25	5.5	3	13	5	3	208	69925	209	69957	0.003	0	0.003	0.003	334.722	231.631	32	549	
5.25	5.5	3	14	4	3	127	70114	127	70114	0.003	0	0.003	0.003	552.079	86.8773	121	621	
5.25	5.5	3	15	2	3	127	70115	127	69979	0.003	0	0.003	0.003	551.016	86.8655	121	621	
5.25	5.5	1	16	5	3	132	38783	132	38783	0.003	0	0.003	0.003	293.811	62.3154	32	309	
5.25	5.5	1	17	4	3	125	38837	125	38837	0.003	0	0.003	0.003	310.696	17.722	261	317	
5.25	5.5	1	18	3	3	132	38817	132	38817	0.003	0	0.003	0.003	294.068	62.3152	32	309	
5.25	5.5	1	19	2	3	125	38837	125	38837	0.003	0	0.003	0.003	310.696	17.7729	259	317	
5.25	5.5	1	20	1	3	128	38852	128	38852	0.003	0	0.003	0.003	303.531	42.3435	73	373	
5.5	5.75	4	1	5	3	162	61013	162	60949	0.003	0	0.003	0.003	376.228	141.52	49	533	
5.5	5.75	4	2	3	3	127	61351	127	61207	0.003	0	0.003	0.003	481.945	74.9645	145	597	
5.5	5.75	4	3	1	3	173	61204	174	61261	0.003	0	0.003	0.003	352.075	149.045	57	533	
5.5	5.75	4	4	4	3	119	61523	119	61523	0.003	0	0.003	0.003	517	88.0062	277	549	
5.5	5.75	4	5	2	3	163	61455	163	61519	0.003	0	0.003	0.003	377.417	143.598	49	533	
5.5	5.75	2	6	1	3	134	52674	134	52754	0.003	0	0.003	0.003	393.687	76.7608	73	453	
5.5	5.75	2	7	4	3	128	53168	128	53168	0.003	0	0.003	0.003	415.375	62.1148	113	573	
5.5	5.75	2	8	5	3	148	52932	148	52916	0.003	0	0.003	0.003	357.541	122.673	32	469	
5.5	5.75	2	9	2	3	135	52903	136	52948	0.00310294	0.000845725	0.003	0.01	389.324	97.1012	57	597	
5.5	5.75	2	10	3	3	137	52861	137	52941	0.003	0	0.003	0.003	386.431	84.495	73	453	
5.5	5.75	3	11	1	3	141	69949	141	69949	0.003	0	0.003	0.003	496.092	136.127	93	669	
5.5	5.75	3	12	3	3	141	70225	140	70216	0.003	0	0.003	0.003	501.543	127.591	201	807	
5.5	5.75	3	13	5	3	184	69916	184	69916	0.00303804	0.000516047	0.003	0.01	379.978	218.567	32	621	
5.5	5.75	3	14	4	3	145	69989	145	69989	0.003	0	0.003	0.003	482.683	127.39	121	621	
5.5	5.75	3	15	2	3	138	70018	137	70033	0.003	0	0.003	0.003	511.19	120.673	121	621	
5.5	5.75	1	16	5	3	131	38816	131	38816	0.003	0	0.003	0.003	296.305	58.1288	32	309	
5.5	5.75	1	17	4	3	125	38841	125	38841	0.003	0	0.003	0.003	310.728	17.7316	261	317	
5.5	5.75	1	18	3	3	133	38785	133	38785	0.003	0	0.003	0.003	291.617	66.0987	32	309	
5.5	5.75	1	19	2	3	126	38834	126	38834	0.003	0	0.003	0.003	308.206	29.546	49	317	
5.5	5.75	1	20	1	3	127	38851	127	38851	0.003	0	0.003	0.003	305.913	37.6557	73	373	
5.75	6	4	1	5	3	175	61423	175	61423	0.003	0	0.003	0.003	350.989	144.27	49	533	
5.75	6	4	2	3	3	127	61527	127	61527	0.003	0	0.003	0.003	484.465	71.133	145	597	
5.75	6	4	3	1	3	168	61018	168	61146	0.003	0	0.003	0.003	363.964	132.797	57	533	
5.75	6	4	4	4	3	122	61266	122	61266	0.003	0	0.003	0.003	502.18	103.102	277	549	
5.75	6	4	5	2	3	158	61046	157	60945	0.00304458	0.000558661	0.003	0.01	388.185	143.78	49	693	
5.75	6	2	6	1	3	131	51550	131	51550	0.003	0	0.003	0.003	393.511	73.0196	73	453	
5.75	6	2	7	4	3	130	51361	130	51361	0.003	0	0.003	0.003	395.085	79.7945	113	453	
5.75	6	2	8	5	3	139	51689	139	51689	0.003	0	0.003	0.003	371.863	100.084	32	437	
5.75	6	2	9	2	3	137	51280	137	51280	0.003	0	0.003	0.003	374.307	98.5486	57	469	
5.75	6	2	10	3	3	135	51539	135	51539	0.003	0	0.003	0.003	381.77	89.9373	73	453	
5.75	6	3	11	1	3	138	70006	138	70006	0.003	0	0.003	0.003	507.29	125.679	93	669	
5.75	6	3	12	3	3	134	69966	135	70167	0.003	0	0.003	0.003	519.756	109.292	201	597	
5.75	6	3	13	5	3	189	69958	189	69926	0.003	0	0.003	0.003	369.979	210.508	32	621	
5.75	6	3	14	4	3	140	70104	140	70104	0.003	0	0.003	0.003	500.743	121.497	121	621	
5.75	6	3	15	2	3	143	70079	144	70064	0.003	0	0.003	0.003	486.556	137.387	121	621	
5.75	6	1	16	5	3	130	38784	130	38784	0.003	0	0.003	0.003	298.338	53.4738	32	309	
5.75	6	1	17	4	3	125	38841	125	38841	0.003	0	0.003	0.003	310.728	17.7316	261	317	
5.75	6	1	18	3	3	135	38817	135	38817	0.003	0	0.003	0.003	287.533	72.7486	32	309	
5.75	6	1	19	2	3	125	38841	125	38841	0.003	0	0.003	0.003	310.728	17.7316	261	317	
5.75	6	1	20	1	3	129	38853	129	38853	0.003	0	0.003	0.003	301.186	46.3785	73	373	
6	6.25	4	1	5	3	174	60982	174	60982	0.003	0	0.003	0.003	350.471	153.412	49	533	
6	6.25	4	2	3	3	125	61073	125	61073	0.003	0	0.003	0.003	488.584	65.4312	293	597	
6	6.25	4	3	1	3	164	61452	164	61276	0.003	0	0.003	0.003	373.634	129.901	57	533	
6	6.25	4	4	4	3	126	61558	126	61558	0.003	0	0.003	0.003	488.556	113.533	277	549	
6	6.25	4	5	2	3	160	61322	161	61471	0.003	0	0.003	0.003	381.807	145.109	49	533	
6	6.25	2	6	1	3	134	51530	134	51530	0.003	0	0.003	0.003	384.552	89.3602	73	453	
6	6.25	2	7	4	3	132	51702	131	51701	0.003	0	0.003	0.003	394.664	79.611	113	453	
6	6.25	2	8	5	3	135	51286	134	51302	0.003	0	0.003	0.003	382.851	93.1397	32	437	
6	6.25	2	9	2	3	135	51719	135	51719	0.00305185	0.000602464	0.003	0.01	383.104	97.1447	57	645	
6	6.25	2	10	3	3	130	51478	130	51478	0.003	0	0.003	0.003	395.985	72.0918	73	453	
6	6.25	3	11	1	3	139	69971	139	69971	0.003	0	0.003	0.003	503.388	138.084	93	669	
6	6.25	3	12	3	3	141	70221	141	70029	0.003	0	0.003	0.003	496.66	124.941	201	597	
6	6.25	3	13	5	3	197	69963	196	70011	0.003	0	0.003	0.003	357.199	222.095	32	597	
6	6.25	3	14	4	3	132	70055	132	70055	0.003	0	0.003	0.003	530.72	107.17	121	621	
6	6.25	3	15	2	3	133	70035	132	70050	0.003	0	0.003	0.003	530.682	111.579	121	621	
6	6.25	1	16	5	3	134	38817	134	38817	0.003	0	0.003	0.003	289.679	69.5642	32	309	
6	6.25	1	17	4	3	125	38841	125	38841	0.003	0	0.003	0.003	310.728	17.7316	261	317	
6	6.25	1	18	3	3	130	38785	130	38785	0.003	0	0.003	0.003	298.346	53.4753	32	309	
6	6.25	1	19	2	3	126	38834	126	38834	0.003	0	0.003	0.003	308.206	29.546	49	317	
6	6.25	1	20	1	3	127	38851	127	38851	0.003	0	0.003	0.003	305.913	37.6557	73	373	
6.25	6.5	4	1	5	3	175	61155	175	61219	0.003	0	0.003	0.003	349.823	143.551	49	533	
6.25	6.5	4	2	3	3	128	61384	128	61528	0.003	0	0.003	0.003	480.688	76.2963	145	597	
6.25	6.5	4	3	1	3	159	61195	158	61078	0.003	0	0.003	0.003	386.57	135.946	57	533	
6.25	6.5	4	4	4	3	119	61251	119	61251	0.003	0	0.003	0.003	514.714	90.6602	277	549	
6.25	6.5	4	5	2	3	170	61210	170	61210	0.003	0	0.003	0.003	360.059	140.345	49	533	
6.25	6.5	2	6	1	3	142	51558	142	51478	0.003	0	0.003	0.003	362.521	109.754	73	453	
6.25	6.5	2	7	4	3	131	51591	132	51592	0.003	0	0.003	0.003	390.848	85.2297	113	453	
6.25	6.5	2	8	5	3	138	51463	139	51495	0.003	0	0.003	0.003	370.468	115.035	32	437	
6.25	6.5	2	9	2	3	137	51425	137	51425	0.003	0	0.003	0.003	375.365	98.5883	57	469	
6.25	6.5	2	10	3	3	137	51509	137	51509	0.003	0	0.003	0.003	375.978	98.8725	73	453	
6.25	6.5	3	11	1	3	139	70087	139	70087	0.003	0	0.003	0.003	504.223	131.034	93	669	
6.25	6.5	3	12	3	3	138	70410	138	70410	0.003	0	0.003	0.003	510.217	112.852	201	597	
6.25	6.5	3	13	5	3	185	70011	185	69920	0.003	0	0.003	0.003	377.946	220.017	32	597	
6.25	6.5	3	14	4	3	137	69753	137	70001	0.003	0	0.003	0.003	510.956	121.615	121	621	
6.25	6.5	3	15	2	3	136	70150	137	70135	0.003	0	0.003	0.003	511.934	121.943	121	621	
6.25	6.5	1	16	5	3	134	38785	134	38785	0.003	0	0.003	0.003	289.44	69.5523	32	309	
6.25	6.5	1	17	4	3	125	38841	125	38841	0.003	0	0.003	0.003	310.728	17.7316	261	317	
6.25	6.5	1	18	3	3	131	38815	131	38815	0.003	0	0.003	0.003	296.298	58.1273	32	309	
6.25	6.5	1	19	2	3	125	38841	125	38841	0.003	0	0.003	0.003	310.728	17.7316	261	317	
6.25	6.5	1	20	1	3	129	38853	129	38853	0.003	0	0.003	0.003	301.186	46.3785	73	373	
6.5	6.75	4	1	5	3	170	61458	169	61245	0.00304142	0.000538462	0.003	0.01	362.396	146.351	49	749	
6.5	6.75	4	2	3	3	128	61060	128	61060	0.003	0	0.003	0.003	477.031	83.4281	145	597	
6.5	6.75	4	3	1	3	171	61215	172	61332	0.003	0	0.003	0.003	356.581	134.259	57	533	
6.5	6.75	4	4	4	3	120	61800	120	61800	0.003	0	0.003	0.003	515	90.3327	277	549	
6.5	6.75	4	5	2	3	160	61024	159	61135	0.003	0	0.003	0.003	384.497	138.94	49	533	
6.5	6.75	2	6	1	3	136	50392	136	50392	0.003	0	0.003	0.003	370.529	88.0499	73	453	
6.5	6.75	2	7	4	3	131	50355	131	50467	0.003	0	0.003	0.003	385.244	80.0581	113	453	
6.5	6.75	2	8	5	3	160	50335	160	50335	0.003	0	0.003	0.003	314.594	128.988	32	437	
6.5	6.75	2	9	2	3	161	50369	161	50369	0.00317391	0.00109296	0.003	0.01	312.851	130.079	49	597	
6.5	6.75	2	10	3	3	138	50357	138	50357	0.003	0	0.003	0.003	364.906	94.7004	73	453	
6.5	6.75	3	11	1	3	140	70028	140	69932	0.003	0	0.003	0.003	499.514	137.128	93	669	
6.5	6.75	3	12	3	3	135	69963	135	69963	0.003	0	0.003	0.003	518.244	112.26	201	597	
6.5	6.75	3	13	5	3	196	69875	197	69950	0.003	0	0.003	0.003	355.076	218.139	32	621	
6.5	6.75	3	14	4	3	136	70284	136	70172	0.003	0	0.003	0.003	515.971	109.918	121	621	
6.5	6.75	3	15	2	3	135	70027	135	70027	0.003	0	0.003	0.003	518.719	117.441	121	621	
6.5	6.75	1	16	5	3	131	38817	131	38817	0.003	0	0.003	0.003	296.313	58.1304	32	309	
6.5	6.75	1	17	4	3	125	38841	125	38841	0.003	0	0.003	0.003	310.728	17.7316	261	317	
6.5	6.75	1	18	3	3	134	38816	133	38784	0.003	0	0.003	0.003	291.609	66.0968	32	309	
6.5	6.75	1	19	2	3	126	38778	126	38834	0.003	0	0.003	0.003	308.206	29.546	49	317	
6.5	6.75	1	20	1	3	127	38851	127	38851	0.003	0	0.003	0.003	305.913	37.6557	73	373	
6.75	7	4	1	5	3	185	61237	186	61450	0.003	0	0.003	0.003	330.376	149.321	49	533	
6.75	7	4	2	3	3	128	61352	128	61352	0.003	0	0.003	0.003	479.312	80.389	145	597	
6.75	7	4	3	1	3	171	61011	171	60947	0.003	0	0.003	0.003	356.415	140.123	57	533	
6.75	7	4	4	4	3	123	61271	123	61271	0.003	0	0.003	0.003	498.138	106.488	277	549	
6.75	7	4	5	2	3	148	61374	148	61214	0.00309459	0.000810961	0.003	0.01	413.608	143.333	49	749	
6.75	7	2	6	1	3	127	49971	127	49971	0.003	0	0.003	0.003	393.472	55.1169	73	453	
6.75	7	2	7	4	3	133	50025	133	50025	0.003	0	0.003	0.003	376.128	86.1336	113	453	
6.75	7	2	8	5	3	140	49976	140	49976	0.003	0	0.003	0.003	356.971	111.651	32	437	
6.75	7	2	9	2	3	163	49939	163	49939	0.003	0	0.003	0.003	306.374	138.025	49	421	
6.75	7	2	10	3	3	142	49958	142	49958	0.003	0	0.003	0.003	351.817	104.126	73	453	
6.75	7	3	11	1	3	143	70023	143	70119	0.003	0	0.003	0.003	490.343	145.71	93	669	
6.75	7	3	12	3	3	140	70246	140	70246	0.003	0	0.003	0.003	501.757	115.53	201	597	
6.75	7	3	13	5	3	181	70017	181	70017	0.003	0	0.003	0.003	386.834	220.72	32	597	
6.75	7	3	14	4	3	135	70151	135	70015	0.003	0	0.003	0.003	518.63	117.305	121	621	
6.75	7	3	15	2	3	135	70155	135	70155	0.003	0	0.003	0.003	519.667	119.649	121	621	
6.75	7	1	16	5	3	131	38817	131	38817	0.003	0	0.003	0.003	296.313	58.1304	32	309	
6.75	7	1	17	4	3	125	38841	125	38841	0.003	0	0.003	0.003	310.728	17.7316	261	317	
6.75	7	1	18	3	3	134	38785	135	38817	0.003	0	0.003	0.003	287.533	72.7486	32	309	
6.75	7	1	19	2	3	125	38841	125	38785	0.003	0	0.003	0.003	310.28	18.2711	261	317	
6.75	7	1	20	1	3	129	38853	129	38853	0.003	0	0.003	0.003	301.186	46.3785	73	373	
7	7.25	4	1	5	3	160	60992	160	60992	0.003	0	0.003	0.003	381.2	149.85	49	533	
7	7.25	4	2	3	3	128	61352	128	61352	0.003	0	0.003	0.003	479.312	80.389	145	597	
7	7.25	4	3	1	3	177	61499	176	61494	0.003	0	0.003	0.003	349.398	144.896	57	533	
7	7.25	4	4	4	3	121	61260	121	61260	0.003	0	0.003	0.003	506.281	99.3909	276	549	
7	7.25	4	5	2	3	165	61247	166	61248	0.00304217	0.000543305	0.003	0.01	368.964	149.384	49	775	
7	7.25	2	6	1	3	144	50184	144	50184	0.003	0	0.003	0.003	348.5	106.539	73	453	
7	7.25	2	7	4	3	135	50021	134	49908	0.003	0	0.003	0.003	372.448	87.2612	113	453	
7	7.25	2	8	5	3	142	49910	142	49910	0.003	0	0.003	0.003	351.479	112.059	32	437	
7	7.25	2	9	2	3	158	49918	158	49966	0.003	0	0.003	0.003	316.241	133.67	49	469	
7	7.25	2	10	3	3	133	49817	133	49817	0.003	0	0.003	0.003	374.564	81.04	73	453	
7	7.25	3	11	1	3	139	69957	139	69959	0.003	0	0.003	0.003	503.302	135.555	93	669	
7	7.25	3	12	3	3	137	70159	137	70159	0.003	0	0.003	0.003	512.109	120.427	201	597	
7	7.25	3	13	5	3	198	69954	198	69954	0.003	0	0.003	0.003	353.303	224.052	32	597	
7	7.25	3	14	4	3	135	70050	135	70050	0.003	0	0.003	0.003	518.889	118.365	121	621	
7	7.25	3	15	2	3	132	70060	132	70060	0.003	0	0.003	0.003	530.758	102.571	121	621	
7	7.25	1	16	5	3	144	39088	144	39120	0.003	0	0.003	0.003	271.667	79.1487	32	349	
7	7.25	1	17	4	3	130	39138	130	39138	0.003	0	0.003	0.003	301.062	47.2342	49	373	
7	7.25	1	18	3	3	144	38991	144	38951	0.003	0	0.003	0.003	270.493	88.8502	32	349	
7	7.25	1	19	2	3	136	39340	135	39307	0.00305185	0.000602464	0.003	0.01	291.163	59.7243	57	357	
7	7.25	1	20	1	3	128	39288	128	39288	0.003	0	0.003	0.003	306.937	34.5663	149	373	
7.25	7.5	4	1	5	3	169	61437	168	61380	0.003	0	0.003	0.003	365.357	151.374	49	533	
7.25	7.5	4	2	3	3	128	61222	128	61222	0.003	0	0.003	0.003	478.297	77.4392	143	597	
7.25	7.5	4	3	1	3	174	60950	175	60955	0.003	0	0.003	0.003	348.314	143.98	57	533	
7.25	7.5	4	4	4	3	123	61543	123	61815	0.003	0	0.003	0.003	502.561	102.765	277	549	
7.25	7.5	4	5	2	3	156	61192	156	61192	0.00304487	0.000560449	0.003	0.01	392.256	147.771	49	533	
7.25	7.5	2	6	1	3	141	49961	140	49968	0.003	0	0.003	0.003	356.914	101.205	73	453	
7.25	7.5	2	7	4	3	135	50019	136	50132	0.003	0	0.003	0.003	368.618	91.1008	113	453	
7.25	7.5	2	8	5	3	142	49972	142	49972	0.003	0	0.003	0.003	351.915	104.946	32	437	
7.25	7.5	2	9	2	3	152	49960	152	49960	0.003	0	0.003	0.003	328.684	129.788	49	421	
7.25	7.5	2	10	3	3	130	50046	129	49973	0.003	0	0.003	0.003	387.388	63.6642	73	453	
7.25	7.5	3	11	1	3	142	70062	142	70060	0.003	0	0.003	0.003	493.38	141.868	93	669	
7.25	7.5	3	12	3	3	140	70030	140	70222	0.003	0	0.003	0.003	501.586	120.457	201	597	
7.25	7.5	3	13	5	3	190	69971	189	69907	0.003	0	0.003	0.003	369.878	224.638	30	597	
7.25	7.5	3	14	4	3	135	70146	135	70146	0.003	0	0.003	0.003	519.6	115.513	121	621	
7.25	7.5	3	15	2	3	135	70009	135	70145	0.003	0	0.003	0.003	519.593	121.523	121	621	
7.25	7.5	1	16	5	3	153	39500	153	39468	0.003	0	0.003	0.003	257.961	103.243	32	349	
7.25	7.5	1	17	4	3	128	39552	128	39552	0.003	0	0.003	0.003	309	42.6936	49	373	
7.25	7.5	1	18	3	3	153	39584	153	39624	0.003	0	0.003	0.003	258.98	103.56	32	349	
7.25	7.5	1	19	2	3	128	39376	129	39369	0.00305426	0.000616316	0.003	0.01	305.186	51.3149	57	357	
7.25	7.5	1	20	1	3	127	39343	127	39343	0.003	0	0.003	0.003	309.787	41.5938	73	373	
7.5	7.75	4	1	5	3	161	61233	161	61289	0.003	0	0.003	0.003	380.677	138.78	49	533	
7.5	7.75	4	2	3	3	126	61365	126	61365	0.003	0	0.003	0.003	487.024	67.4622	293	597	
7.5	7.75	4	3	1	3	168	61480	168	61544	0.003	0	0.003	0.003	366.333	139.101	57	533	
7.5	7.75	4	4	4	3	118	61246	118	60974	0.003	0	0.003	0.003	516.729	88.3315	277	549	
7.5	7.75	4	5	2	3	176	61027	176	60963	0.003	0	0.003	0.003	346.381	147.773	48	533	
7.5	7.75	2	6	1	3	140	50004	141	49997	0.003	0	0.003	0.003	354.589	94.6149	73	453	
7.5	7.75	2	7	4	3	132	49908	132	49796	0.003	0	0.003	0.003	377.242	84.3254	113	453	
7.5	7.75	2	8	5	3	143	50160	143	50160	0.003	0	0.003	0.003	350.769	116.664	32	437	
7.5	7.75	2	9	2	3	159	49747	159	49747	0.003	0	0.003	0.003	312.874	131.062	49	469	
7.5	7.75	2	10	3	3	141	49911	142	49984	0.003	0	0.003	0.003	352	100.961	73	453	
7.5	7.75	3	11	1	3	139	70067	139	70067	0.003	0	0.003	0.003	504.079	133.019	93	669	
7.5	7.75	3	12	3	3	138	70182	138	70182	0.003	0	0.003	0.003	508.565	120.551	201	597	
7.5	7.75	3	13	5	3	195	69971	195	69971	0.003	0	0.003	0.003	358.826	225.15	32	597	
7.5	7.75	3	14	4	3	133	70029	133	70029	0.003	0	0.003	0.003	526.534	118.43	121	621	
7.5	7.75	3	15	2	3	132	70068	132	70068	0.003	0	0.003	0.003	530.818	100.269	121	621	
7.5	7.75	1	16	5	3	159	39396	158	39364	0.003	0	0.003	0.003	249.139	97.6844	32	349	
7.5	7.75	1	17	4	3	135	39555	135	39555	0.003	0	0.003	0.003	293	62.5393	49	373	
7.5	7.75	1	18	3	3	160	39239	160	39355	0.003	0	0.003	0.003	245.969	100.525	32	349	
7.5	7.75	1	19	2	3	141	39405	141	39405	0.00324823	0.00129921	0.003	0.01	279.468	76.1272	57	357	
7.5	7.75	1	20	1	3	133	39569	132	39420	0.003	0	0.003	0.003	298.636	51.7421	73	373	
7.75	8	4	1	5	3	175	61185	176	61186	0.003	0	0.003	0.003	347.648	150.895	49	533	
7.75	8	4	2	3	3	125	61233	125	61233	0.003	0	0.003	0.003	489.864	63.0976	453	597	
7.75	8	4	3	1	3	169	61213	168	61156	0.003	0	0.003	0.003	364.024	132.573	57	533	
7.75	8	4	4	4	3	124	61820	124	61820	0.003	0	0.003	0.003	498.548	106.152	277	549	
7.75	8	4	5	2	3	155	61203	155	61267	0.003	0	0.003	0.003	395.271	127.977	49	533	
7.75	8	2	6	1	3	141	49793	141	49873	0.003	0	0.003	0.003	353.709	96.5579	73	453	
7.75	8	2	7	4	3	135	49903	135	50015	0.003	0	0.003	0.003	370.481	87.6625	113	453	
7.75	8	2	8	5	3	144	49952	144	49952	0.003	0	0.003	0.003	346.889	113.883	32	437	
7.75	8	2	9	2	3	155	49975	155	49927	0.003	0	0.003	0.003	322.11	126.903	49	421	
7.75	8	2	10	3	3	140	50244	140	50164	0.003	0	0.003	0.003	358.314	98.1374	73	453	
7.75	8	3	11	1	3	143	70019	143	70019	0.003	0	0.003	0.003	489.643	141.995	93	669	
7.75	8	3	12	3	3	137	70591	137	70399	0.003	0	0.003	0.003	513.861	109.954	201	597	
7.75	8	3	13	5	3	183	70032	183	70021	0.003	0	0.003	0.003	382.628	219.387	32	597	
7.75	8	3	14	4	3	136	69784	136	70032	0.003	0	0.003	0.003	514.941	120.471	121	621	
7.75	8	3	15	2	3	136	70152	136	70016	0.003	0	0.003	0.003	514.824	117.656	121	621	
7.75	8	1	16	5	3	171	39474	172	39538	0.003	0	0.003	0.003	229.872	97.33	32	349	
7.75	8	1	17	4	3	138	39517	137	39364	0.003	0	0.003	0.003	287.328	60.8157	49	373	
7.75	8	1	18	3	3	158	39470	158	39430	0.003	0	0.003	0.003	249.557	94.3261	32	349	
7.75	8	1	19	2	3	146	39498	145	39505	0.0031931	0.00115046	0.003	0.01	272.448	75.7534	57	357	
7.75	8	1	20	1	3	140	39568	141	39717	0.003	0	0.003	0.003	281.681	68.6556	73	373	
8	8.25	4	1	5	3	173	61281	173	61217	0.003	0	0.003	0.003	353.855	143.621	49	533	
8	8.25	4	2	3	3	127	61527	127	61527	0.003	0	0.003	0.003	484.465	71.133	145	597	
8	8.25	4	3	1	3	158	61106	158	60986	0.003	0	0.003	0.003	385.987	124.162	57	533	
8	8.25	4	4	4	3	122	60994	122	60994	0.003	0	0.003	0.003	499.951	105.004	277	549	
8	8.25	4	5	2	3	174	61209	174	61361	0.003	0	0.003	0.003	352.649	140.235	49	533	
8	8.25	2	6	1	3	144	49964	144	49964	0.003	0	0.003	0.003	346.972	101.245	73	453	
8	8.25	2	7	4	3	134	50134	133	50021	0.003	0	0.003	0.003	376.098	85.0363	113	453	
8	8.25	2	8	5	3	146	49950	146	49950	0.003	0	0.003	0.003	342.123	120.18	32	437	
8	8.25	2	9	2	3	158	49946	158	49946	0.003	0	0.003	0.003	316.114	132.719	49	421	
8	8.25	2	10	3	3	137	49949	137	50029	0.003	0	0.003	0.003	365.175	84.9482	73	453	
8	8.25	3	11	1	3	140	70094	140	70094	0.003	0	0.003	0.003	500.671	140.403	93	669	
8	8.25	3	12	3	3	138	69796	138	69988	0.003	0	0.003	0.003	507.159	120.644	201	597	
8	8.25	3	13	5	3	192	69949	192	69960	0.003	0	0.003	0.003	364.375	216.924	32	597	
8	8.25	3	14	4	3	133	70433	133	70185	0.003	0	0.003	0.003	527.707	103.668	121	621	
8	8.25	3	15	2	3	135	70035	135	70171	0.003	0	0.003	0.003	519.785	109.442	121	621	
8	8.25	1	16	5	3	149	39674	149	39642	0.003	0	0.003	0.003	266.054	82.7339	32	349	
8	8.25	1	17	4	3	136	39652	137	39805	0.003	0	0.003	0.003	290.547	68.557	49	373	
8	8.25	1	18	3	3	176	39717	175	39598	0.003	0	0.003	0.003	226.274	102.987	32	349	
8	8.25	1	19	2	3	145	39645	146	39702	0.003	0	0.003	0.003	271.932	80.0004	57	357	
8	8.25	1	20	1	3	149	39493	149	39493	0.003	0	0.003	0.003	265.054	68.93	73	373	
8.25	8.5	4	1	5	3	176	62246	175	62249	0.003	0	0.003	0.003	355.709	152.758	49	533	
8.25	8.5	4	2	3	3	129	62509	129	62509	0.003	0	0.003	0.003	484.566	85.2764	145	597	
8.25	8.5	4	3	1	3	164	62256	165	62369	0.003	0	0.003	0.003	377.994	139.555	57	597	
8.25	8.5	4	4	4	3	126	62646	126	62646	0.003	0	0.003	0.003	497.19	107.234	277	549	
8.25	8.5	4	5	2	3	179	62615	179	62399	0.00303911	0.000523205	0.003	0.01	348.598	159.879	49	621	
8.25	8.5	2	6	1	3	129	50189	129	50189	0.003	0	0.003	0.003	389.062	63.0119	73	453	
8.25	8.5	2	7	4	3	136	50020	137	50021	0.003	0	0.003	0.003	365.117	92.8059	113	453	
8.25	8.5	2	8	5	3	141	49963	141	49963	0.003	0	0.003	0.003	354.348	110.713	32	437	
8.25	8.5	2	9	2	3	153	49943	153	49991	0.003	0	0.003	0.003	326.739	128.453	49	421	
8.25	8.5	2	10	3	3	141	49835	140	49762	0.003	0	0.003	0.003	355.443	96.9052	73	453	
8.25	8.5	3	11	1	3	138	69970	138	69970	0.003	0	0.003	0.003	507.029	130.61	93	669	
8.25	8.5	3	12	3	3	136	70164	136	70164	0.003	0	0.003	0.003	515.912	115.105	201	597	
8.25	8.5	3	13	5	3	201	69951	201	69951	0.003	0	0.003	0.003	348.015	226.95	32	597	
8.25	8.5	3	14	4	3	135	70053	135	70189	0.003	0	0.003	0.003	519.919	114.61	121	621	
8.25	8.5	3	15	2	3	132	70188	132	70052	0.003	0	0.003	0.003	530.697	111.573	121	621	
8.25	8.5	1	16	5	3	151	41428	151	41420	0.00304636	0.000569652	0.003	0.01	274.305	98.6198	32	421	
8.25	8.5	1	17	4	3	155	41451	154	41402	0.003	0	0.003	0.003	268.844	92.377	49	373	
8.25	8.5	1	18	3	3	160	41406	161	41409	0.003	0	0.003	0.003	257.199	99.3982	32	349	
8.25	8.5	1	19	2	3	149	41463	149	41399	0.00314094	0.000986532	0.003	0.01	277.846	93.3286	57	469	
8.25	8.5	1	20	1	3	158	41634	158	41634	0.003	0	0.003	0.003	263.506	79.7096	73	373	
8.5	8.75	4	1	5	3	172	64912	173	64973	0.003	0	0.003	0.003	375.566	161.874	49	573	
8.5	8.75	4	2	3	3	127	64827	127	64827	0.003	0	0.003	0.003	510.449	78.5482	293	597	
8.5	8.75	4	3	1	3	162	65312	162	65312	0.00304321	0.000549972	0.003	0.01	403.16	157.674	73	839	
8.5	8.75	4	4	4	3	123	65387	123	65387	0.003	0	0.003	0.003	531.602	84.4853	277	839	
8.5	8.75	4	5	2	3	170	65086	169	65049	0.003	0	0.003	0.003	384.905	165.866	49	573	
8.5	8.75	2	6	1	3	136	50031	136	49951	0.003	0	0.003	0.003	367.287	86.0364	73	453	
8.5	8.75	2	7	4	3	137	50136	137	50248	0.003	0	0.003	0.003	366.774	90.2725	113	453	
8.5	8.75	2	8	5	3	145	49774	145	49774	0.003	0	0.003	0.003	343.269	114.16	32	437	
8.5	8.75	2	9	2	3	153	50141	153	50141	0.003	0	0.003	0.003	327.719	126.65	49	421	
8.5	8.75	2	10	3	3	142	50014	143	50007	0.003	0	0.003	0.003	349.699	104.17	73	453	
8.5	8.75	3	11	1	3	140	70004	140	70092	0.003	0	0.003	0.003	500.657	139.842	93	669	
8.5	8.75	3	12	3	3	140	70224	140	70032	0.003	0	0.003	0.003	500.229	120.467	201	597	
8.5	8.75	3	13	5	3	189	70024	189	70013	0.003	0	0.003	0.003	370.439	223.229	32	621	
8.5	8.75	3	14	4	3	132	70063	132	70063	0.003	0	0.003	0.003	530.78	104.969	121	621	
8.5	8.75	3	15	2	3	129	70101	129	70101	0.003	0	0.003	0.003	543.419	88.3111	121	621	
8.5	8.75	1	16	5	3	146	42298	146	42242	0.00304794	0.000579324	0.003	0.01	289.329	88.3036	49	533	
8.5	8.75	1	17	4	3	147	42411	148	42460	0.003	0	0.003	0.003	286.892	91.693	49	373	
8.5	8.75	1	18	3	3	159	42406	159	42406	0.003	0	0.003	0.003	266.704	92.9536	32	389	
8.5	8.75	1	19	2	3	152	42636	152	42636	0.00323026	0.00125265	0.003	0.01	280.5	95.2624	57	533	
8.5	8.75	1	20	1	3	140	42480	140	42480	0.003	0	0.003	0.003	303.429	71.7641	73	373	
8.75	9	4	1	5	3	179	65383	179	65319	0.003	0	0.003	0.003	364.911	185.523	49	533	
8.75	9	4	2	3	3	128	65259	128	65115	0.003	0	0.003	0.003	508.711	84.8613	145	597	
8.75	9	4	3	1	3	152	65040	151	65047	0.003	0	0.003	0.003	430.775	154.074	73	693	
8.75	9	4	4	4	3	123	65077	123	65349	0.003	0	0.003	0.003	531.293	67.3448	277	549	
8.75	9	4	5	2	3	142	64786	143	64823	0.0030979	0.000824917	0.003	0.01	453.308	152.061	49	693	
8.75	9	2	6	1	3	139	50907	139	50907	0.003	0	0.003	0.003	366.237	99.3076	73	533	
8.75	9	2	7	4	3	144	51000	144	50888	0.003	0	0.003	0.003	353.389	98.2263	113	453	
8.75	9	2	8	5	3	162	51287	162	51255	0.003	0	0.003	0.003	316.389	124.091	32	469	
8.75	9	2	9	2	3	162	51121	162	51073	0.003	0	0.003	0.003	315.265	126.535	49	469	
8.75	9	2	10	3	3	138	51074	138	51074	0.003	0	0.003	0.003	370.101	91.3775	73	453	
8.75	9	3	11	1	3	137	70010	137	69922	0.003	0	0.003	0.003	510.38	129.071	93	669	
8.75	9	3	12	3	3	133	70521	133	70521	0.003	0	0.003	0.003	530.233	104.273	201	597	
8.75	9	3	13	5	3	199	69951	199	69951	0.003	0	0.003	0.003	351.513	224.917	32	621	
8.75	9	3	14	4	3	135	69795	135	69907	0.003	0	0.003	0.003	517.83	113.191	121	621	
8.75	9	3	15	2	3	132	70048	132	70048	0.003	0	0.003	0.003	530.667	109.322	121	621	
8.75	9	1	16	5	3	141	42417	141	42473	0.003	0	0.003	0.003	301.227	81.9809	49	373	
8.75	9	1	17	4	3	152	42470	152	42414	0.003	0	0.003	0.003	279.039	97.2102	49	373	
8.75	9	1	18	3	3	137	42595	137	42595	0.003	0	0.003	0.003	310.912	75.9456	32	389	
8.75	9	1	19	2	3	156	42208	156	42272	0.00317949	0.00111	0.003	0.01	270.974	99.9938	57	469	
8.75	9	1	20	1	3	139	42318	139	42246	0.003	0	0.003	0.003	303.928	77.8219	73	373	
9	9.25	4	1	5	3	162	65093	162	65093	0.003	0	0.003	0.003	401.809	169.179	49	533	
9	9.25	4	2	3	3	127	65131	127	65275	0.003	0	0.003	0.003	513.976	76.6467	293	597	
9	9.25	4	3	1	3	160	65108	160	65108	0.003	0	0.003	0.003	406.925	150.663	73	533	
9	9.25	4	4	4	3	127	65370	127	65098	0.003	0	0.003	0.003	512.583	92.9797	277	549	
9	9.25	4	5	2	3	155	65101	155	65101	0.003	0	0.003	0.003	420.006	167.497	49	573	
9	9.25	2	6	1	3	143	54391	143	54391	0.003	0	0.003	0.003	380.357	104.886	73	533	
9	9.25	2	7	4	3	144	54480	144	54592	0.003	0	0.003	0.003	379.111	105.965	113	453	
9	9.25	2	8	5	3	154	54386	154	54338	0.00313636	0.000970602	0.003	0.01	352.844	138.679	49	621	
9	9.25	2	9	2	3	158	54190	157	54189	0.003	0	0.003	0.003	345.153	129.676	49	533	
9	9.25	2	10	3	3	149	54589	149	54589	0.003	0	0.003	0.003	366.369	119.324	73	533	
9	9.25	3	11	1	3	134	70037	134	70037	0.003	0	0.003	0.003	522.664	123.718	93	669	
9	9.25	3	12	3	3	143	69795	143	69795	0.003	0	0.003	0.003	488.077	139.115	201	597	
9	9.25	3	13	5	3	208	69893	208	69936	0.003	0	0.003	0.003	336.231	231.051	32	597	
9	9.25	3	14	4	3	129	70345	129	70233	0.003	0	0.003	0.003	544.442	93.8373	121	621	
9	9.25	3	15	2	3	130	70074	130	70074	0.003	0	0.003	0.003	539.031	102.651	121	621	
9	9.25	1	16	5	3	150	42578	150	42578	0.003	0	0.003	0.003	283.853	89.7428	49	373	
9	9.25	1	17	4	3	140	42406	139	42417	0.003	0	0.003	0.003	305.158	76.989	49	373	
9	9.25	1	18	3	3	151	42229	151	42269	0.003	0	0.003	0.003	279.927	97.4632	32	389	
9	9.25	1	19	2	3	149	42457	149	42393	0.0032349	0.00126485	0.003	0.01	284.517	97.3541	57	469	
9	9.25	1	20	1	3	146	42628	146	42628	0.003	0	0.003	0.003	291.973	79.4419	73	373	
9.25	9.5	4	1	5	3	156	65084	156	65084	0.003	0	0.003	0.003	417.205	160.426	49	573	
9.25	9.5	4	2	3	3	129	65537	129	65393	0.003	0	0.003	0.003	506.922	88.785	145	597	
9.25	9.5	4	3	1	3	154	64934	155	64927	0.003	0	0.003	0.003	418.884	150.469	73	533	
9.25	9.5	4	4	4	3	124	65664	124	65664	0.003	0	0.003	0.003	529.548	87.1923	277	839	
9.25	9.5	4	5	2	3	158	65114	158	65178	0.003	0	0.003	0.003	412.519	164.825	49	573	
9.25	9.5	2	6	1	3	140	54627	140	54707	0.003	0	0.003	0.003	390.764	101.611	73	453	
9.25	9.5	2	7	4	3	132	54716	132	54604	0.003	0	0.003	0.003	413.667	77.901	113	453	
9.25	9.5	2	8	5	3	153	54181	153	54229	0.00304575	0.000565916	0.003	0.01	354.438	137.667	49	533	
9.25	9.5	2	9	2	3	155	54383	155	54335	0.003	0	0.003	0.003	350.548	133.319	49	469	
9.25	9.5	2	10	3	3	132	54499	132	54499	0.003	0	0.003	0.003	412.871	85.7213	73	453	
9.25	9.5	3	11	1	3	134	70038	134	70038	0.003	0	0.003	0.003	522.672	123.721	93	669	
9.25	9.5	3	12	3	3	141	70159	141	70159	0.003	0	0.003	0.003	497.582	136.014	201	597	
9.25	9.5	3	13	5	3	209	69952	209	69952	0.003	0	0.003	0.003	334.699	231.268	32	549	
9.25	9.5	3	14	4	3	128	70100	128	69964	0.003	0	0.003	0.003	546.594	94.4365	121	621	
9.25	9.5	3	15	2	3	127	69979	127	70115	0.003	0	0.003	0.003	552.087	86.8835	121	621	
9.25	9.5	1	16	5	3	157	42427	157	42427	0.003	0	0.003	0.003	270.236	97.1048	49	373	
9.25	9.5	1	17	4	3	146	42260	147	42249	0.003	0	0.003	0.003	287.408	93.8083	49	373	
9.25	9.5	1	18	3	3	155	42585	155	42545	0.003	0	0.003	0.003	274.484	95.9962	32	389	
9.25	9.5	1	19	2	3	142	42390	141	42337	0.00314894	0.00101374	0.003	0.01	300.262	85.7992	57	421	
9.25	9.5	1	20	1	3	148	42268	147	42267	0.003	0	0.003	0.003	287.531	82.3425	73	373	
9.5	9.75	4	1	5	3	157	63021	157	63021	0.00304458	0.000558661	0.003	0.01	401.408	158.688	49	621	
9.5	9.75	4	2	3	3	126	63254	126	63398	0.003	0	0.003	0.003	503.159	71.6501	293	597	
9.5	9.75	4	3	1	3	165	63457	164	63524	0.003	0	0.003	0.003	387.341	147.293	57	597	
9.5	9.75	4	4	4	3	124	63198	124	63198	0.003	0	0.003	0.003	509.661	102.723	277	839	
9.5	9.75	4	5	2	3	161	63513	161	63513	0.003	0	0.003	0.003	394.491	153.351	49	533	
9.5	9.75	2	6	1	3	132	54436	132	54356	0.003	0	0.003	0.003	411.788	80.4095	73	533	
9.5	9.75	2	7	4	3	137	54388	136	54387	0.003	0	0.003	0.003	399.904	93.3983	113	453	
9.5	9.75	2	8	5	3	160	54400	159	54351	0.00313207	0.000955419	0.003	0.01	341.83	150.072	49	693	
9.5	9.75	2	9	2	3	155	54363	156	54460	0.003	0	0.003	0.003	349.103	139.384	49	533	
9.5	9.75	2	10	3	3	133	54428	133	54428	0.003	0	0.003	0.003	409.233	83.1837	73	453	
9.5	9.75	3	11	1	3	135	70043	135	70043	0.003	0	0.003	0.003	518.837	128.636	93	669	
9.5	9.75	3	12	3	3	142	70170	142	70170	0.003	0	0.003	0.003	494.155	137.746	201	597	
9.5	9.75	3	13	5	3	208	69926	209	69958	0.003	0	0.003	0.003	334.727	231.635	32	549	
9.5	9.75	3	14	4	3	127	70115	127	70115	0.003	0	0.003	0.003	552.087	86.8835	121	621	
9.5	9.75	3	15	2	3	127	70115	127	69979	0.003	0	0.003	0.003	551.016	86.8655	121	621	
9.5	9.75	1	16	5	3	150	42438	150	42382	0.003	0	0.003	0.003	282.547	99.3323	49	373	
9.5	9.75	1	17	4	3	141	42565	141	42565	0.003	0	0.003	0.003	301.879	82.4331	49	373	
9.5	9.75	1	18	3	3	154	42223	154	42263	0.003	0	0.003	0.003	274.435	100.943	32	389	
9.5	9.75	1	19	2	3	151	42515	151	42515	0.00323179	0.00125668	0.003	0.01	281.556	102.865	57	469	
9.5	9.75	1	20	1	3	139	42402	140	42551	0.003	0	0.003	0.003	303.936	73.7155	73	373	
9.75	10	4	1	5	3	166	61350	165	61305	0.003	0	0.003	0.003	371.545	153.766	49	573	
9.75	10	4	2	3	3	126	61378	126	61378	0.003	0	0.003	0.003	487.127	69.9526	145	597	
9.75	10	4	3	1	3	166	61070	167	61067	0.003	0	0.003	0.003	365.671	137.95	57	533	
9.75	10	4	4	4	3	123	61815	123	61815	0.003	0	0.003	0.003	502.561	102.765	277	549	
9.75	10	4	5	2	3	163	61263	163	61311	0.003	0	0.003	0.003	376.141	148.677	49	533	
9.75	10	2	6	1	3	135	54274	135	54274	0.003	0	0.003	0.003	402.03	91.8348	73	533	
9.75	10	2	7	4	3	134	54270	135	54383	0.003	0	0.003	0.003	402.837	84.9439	113	453	
9.75	10	2	8	5	3	161	54553	161	54601	0.00308696	0.000777748	0.003	0.01	339.137	140.653	49	573	
9.75	10	2	9	2	3	154	54626	154	54530	0.003	0	0.003	0.003	354.091	138.463	49	469	
9.75	10	2	10	3	3	128	54220	128	54220	0.003	0	0.003	0.003	423.594	64.1977	73	533	
9.75	10	3	11	1	3	129	67189	129	67229	0.003	0	0.003	0.003	521.155	80.9373	73	597	
9.75	10	3	12	3	3	129	67365	129	67365	0.003	0	0.003	0.003	522.209	106.579	201	597	
9.75	10	3	13	5	3	162	67167	162	67167	0.003	0	0.003	0.003	414.611	205.702	30	549	
9.75	10	3	14	4	3	126	67274	126	67274	0.003	0	0.003	0.003	533.921	75.8291	121	621	
9.75	10	3	15	2	3	127	67259	127	67395	0.003	0	0.003	0.003	530.669	83.9462	121	621	
9.75	10	1	16	5	3	148	42449	148	42505	0.003	0	0.003	0.003	287.196	89.5101	49	373	
9.75	10	1	17	4	3	150	42394	149	42349	0.003	0	0.003	0.003	284.221	95.7899	49	373	
9.75	10	1	18	3	3	143	42634	143	42634	0.003	0	0.003	0.003	298.14	91.2291	32	389	
9.75	10	1	19	2	3	147	42393	148	42446	0.00314189	0.000989813	0.003	0.01	286.797	97.9504	57	421	
9.75	10	1	20	1	3	147	42477	147	42401	0.003	0	0.003	0.003	288.442	80.9359	73	373	
