% start	end	CellId	IMSI	RNTI	LCID	nTxPDUs	TxBytes	nRxPDUs	RxBytes	delay	stdDev	min	max	PduSize	stdDev	min	max
0.5	0.75	4	1	3	3	109	57769	108	57420	0.00351852	0.00184179	0.003	0.01	531.667	186.242	173	1095	
0.5	0.75	4	2	5	3	120	57033	113	51066	0.003	0	0.003	0.003	451.912	102.396	101	775	
0.5	0.75	4	3	1	3	133	57081	125	51815	0.003	0	0.003	0.003	414.52	138.69	57	775	
0.5	0.75	4	4	4	3	133	57131	126	51116	0.003	0	0.003	0.003	405.683	143.824	49	839	
0.5	0.75	4	5	2	3	113	57724	112	57271	0.0035	0.00181088	0.003	0.01	511.348	160.642	111	1056	
0.5	0.75	2	6	5	3	145	53721	138	47738	0.003	0	0.003	0.003	345.928	154.828	32	621	
0.5	0.75	2	7	1	3	107	54017	106	53724	0.00346226	0.00174669	0.003	0.01	506.83	158.878	145	1383	
0.5	0.75	2	8	3	3	121	53573	120	53120	0.0037	0.00306402	0.003	0.017	442.667	185.486	73	1383	
0.5	0.75	2	9	2	3	115	53878	113	53400	0.00374336	0.00315317	0.003	0.017	472.566	151.049	93	1056	
0.5	0.75	2	10	4	3	128	53434	121	47467	0.003	0	0.003	0.003	392.289	141.121	49	839	
0.5	0.75	3	11	5	3	129	57273	122	51018	0.003	0	0.003	0.003	418.18	166.197	49	839	
0.5	0.75	3	12	4	3	128	57634	127	57181	0.00344094	0.00170738	0.003	0.01	450.244	176.414	113	1095	
0.5	0.75	3	13	1	3	121	57155	119	55847	0.00364706	0.00315581	0.003	0.024	469.303	111.639	117	839	
0.5	0.75	3	14	3	3	118	57190	114	53948	0.00342982	0.00268054	0.003	0.024	473.228	127.87	117	1095	
0.5	0.75	3	15	2	3	120	57773	119	57288	0.00341176	0.00165402	0.003	0.01	481.412	183.559	121	1383	
0.5	0.75	1	16	2	3	98	49438	94	44314	0.00329787	0.00227577	0.003	0.024	471.426	225.863	117	1692	
0.5	0.75	1	17	1	3	91	49725	90	49352	0.00338889	0.00161241	0.003	0.01	548.356	295.342	121	1692	
0.5	0.75	1	18	5	3	90	49310	89	48937	0.00323595	0.00127049	0.003	0.01	549.854	327.814	121	1908	
0.5	0.75	1	19	4	3	102	49242	97	43532	0.00307216	0.000710742	0.003	0.01	448.784	225.778	57	1692	
0.5	0.75	1	20	3	3	154	49271	147	44223	0.003	0	0.003	0.003	300.837	203.549	26	1692	
0.75	1	4	1	3	3	127	57579	127	57411	0.003	0	0.003	0.003	452.055	87.7897	173	517	
0.75	1	4	2	5	3	171	57642	170	57593	0.003	0	0.003	0.003	338.782	143.598	49	469	
0.75	1	4	3	1	3	130	57154	131	57223	0.00305343	0.000611593	0.003	0.01	436.817	94.5882	57	645	
0.75	1	4	4	4	3	166	57370	166	57418	0.003	0	0.003	0.003	345.892	151.174	49	533	
0.75	1	4	5	2	3	129	57461	129	57461	0.003	0	0.003	0.003	445.434	84.6747	113	573	
0.75	1	2	6	5	3	164	53371	163	53387	0.003	0	0.003	0.003	327.528	156.877	32	517	
0.75	1	2	7	1	3	125	53409	125	53249	0.003	0	0.003	0.003	425.992	63.0385	293	597	
0.75	1	2	8	3	3	145	53677	145	53677	0.003	0	0.003	0.003	370.186	114.525	73	453	
0.75	1	2	9	2	3	126	53310	127	53399	0.003	0	0.003	0.003	420.465	62.5863	93	485	
0.75	1	2	10	4	3	127	53441	127	53441	0.003	0	0.003	0.003	420.795	52.9005	49	469	
0.75	1	3	11	5	3	151	56907	151	56859	0.003	0	0.003	0.003	376.55	140.061	49	469	
0.75	1	3	12	4	3	136	57108	136	57108	0.003	0	0.003	0.003	419.912	97.8034	113	573	
0.75	1	3	13	1	3	133	57269	133	57269	0.003	0	0.003	0.003	430.594	74.6043	177	469	
0.75	1	3	14	3	3	134	57274	133	57277	0.003	0	0.003	0.003	430.654	77.416	57	469	
0.75	1	3	15	2	3	133	56869	133	56981	0.003	0	0.003	0.003	428.429	94.6715	121	485	
0.75	1	1	16	2	3	127	45942	127	45942	0.003	0	0.003	0.003	361.748	40.9539	117	421	
0.75	1	1	17	1	3	141	46041	141	46041	0.003	0	0.003	0.003	326.532	85.1052	121	373	
0.75	1	1	18	5	3	127	46075	127	46075	0.003	0	0.003	0.003	362.795	52.8591	121	485	
0.75	1	1	19	4	3	128	45935	128	45935	0.003	0	0.003	0.003	358.867	51.1711	57	421	
0.75	1	1	20	3	3	186	45915	186	45915	0.003	0	0.003	0.003	246.855	144.415	26	437	
1	1.25	4	1	3	3	130	57616	130	57784	0.003	0	0.003	0.003	444.492	88.9589	173	517	
1	1.25	4	2	5	3	158	57330	159	57331	0.003	0	0.003	0.003	360.572	146.647	49	533	
1	1.25	4	3	1	3	151	57531	150	57530	0.00309333	0.000805573	0.003	0.01	383.533	138.485	57	597	
1	1.25	4	4	4	3	150	57126	150	57078	0.003	0	0.003	0.003	380.52	129.828	49	469	
1	1.25	4	5	2	3	129	57401	129	57401	0.003	0	0.003	0.003	444.969	72.5836	113	573	
1	1.25	2	6	5	3	166	53421	167	53453	0.003	0	0.003	0.003	320.078	159.963	32	437	
1	1.25	2	7	1	3	125	53585	125	53585	0.003	0	0.003	0.003	428.68	57.6745	293	453	
1	1.25	2	8	3	3	146	53438	146	53438	0.003	0	0.003	0.003	366.014	123.858	73	453	
1	1.25	2	9	2	3	125	53521	125	53425	0.003	0	0.003	0.003	427.4	47.2195	389	485	
1	1.25	2	10	4	3	128	53396	128	53396	0.003	0	0.003	0.003	417.156	60.8898	49	469	
1	1.25	3	11	5	3	155	57323	154	57322	0.003	0	0.003	0.003	372.221	139.384	49	469	
1	1.25	3	12	4	3	131	57019	131	57019	0.003	0	0.003	0.003	435.26	74.5565	113	573	
1	1.25	3	13	1	3	142	56886	142	56934	0.003	0	0.003	0.003	400.944	106.199	57	533	
1	1.25	3	14	3	3	158	57174	159	57171	0.003	0	0.003	0.003	359.566	132.79	57	469	
1	1.25	3	15	2	3	128	57292	128	57180	0.003	0	0.003	0.003	446.719	70.7889	121	485	
1	1.25	1	16	2	3	129	46112	129	46112	0.00305426	0.000616316	0.003	0.01	357.457	60.7962	57	533	
1	1.25	1	17	1	3	139	45911	138	45922	0.003	0	0.003	0.003	332.768	81.0382	121	485	
1	1.25	1	18	5	3	132	46260	132	46260	0.003	0	0.003	0.003	350.455	60.3385	121	373	
1	1.25	1	19	4	3	131	46098	131	46098	0.003	0	0.003	0.003	351.893	66.1481	57	421	
1	1.25	1	20	3	3	191	45690	192	45692	0.003	0	0.003	0.003	237.979	147.067	26	373	
1.25	1.5	4	1	3	3	127	57587	127	57419	0.003	0	0.003	0.003	452.118	84.9947	173	517	
1.25	1.5	4	2	5	3	169	57124	169	57124	0.003	0	0.003	0.003	338.012	153.303	49	469	
1.25	1.5	4	3	1	3	157	57113	158	57162	0.0030443	0.00055689	0.003	0.01	361.785	147.671	57	645	
1.25	1.5	4	4	4	3	151	57619	151	57619	0.003	0	0.003	0.003	381.583	139.348	49	469	
1.25	1.5	4	5	2	3	133	57709	133	57709	0.003	0	0.003	0.003	433.902	82.535	113	573	
1.25	1.5	2	6	5	3	164	53417	163	53385	0.003	0	0.003	0.003	327.515	156.737	32	437	
1.25	1.5	2	7	1	3	125	53585	125	53585	0.003	0	0.003	0.003	428.68	57.6745	293	453	
1.25	1.5	2	8	3	3	153	53473	153	53473	0.003	0	0.003	0.003	349.497	133.377	73	453	
1.25	1.5	2	9	2	3	128	53416	128	53512	0.003	0	0.003	0.003	418.062	68.5682	93	485	
1.25	1.5	2	10	4	3	129	53445	129	53445	0.003	0	0.003	0.003	414.302	69.5506	49	469	
1.25	1.5	3	11	5	3	168	57135	169	57184	0.003	0	0.003	0.003	338.367	164.778	49	469	
1.25	1.5	3	12	4	3	129	57261	129	57261	0.003	0	0.003	0.003	443.884	70.1872	113	573	
1.25	1.5	3	13	1	3	137	57193	137	57145	0.003	0	0.003	0.003	417.117	112.988	57	469	
1.25	1.5	3	14	3	3	143	57147	143	57147	0.003	0	0.003	0.003	399.629	130.434	57	469	
1.25	1.5	3	15	2	3	127	57171	127	57171	0.003	0	0.003	0.003	450.165	64.5396	121	485	
1.25	1.5	1	16	2	3	129	45935	129	45935	0.003	0	0.003	0.003	356.085	58.2285	57	421	
1.25	1.5	1	17	1	3	146	46238	147	46227	0.003	0	0.003	0.003	314.469	92.0442	121	373	
1.25	1.5	1	18	5	3	129	45868	129	45868	0.003	0	0.003	0.003	355.566	56.1042	121	485	
1.25	1.5	1	19	4	3	130	45934	130	45934	0.003	0	0.003	0.003	353.338	65.0915	57	421	
1.25	1.5	1	20	3	3	189	45897	188	45895	0.003	0	0.003	0.003	244.122	152.117	26	373	
1.5	1.75	4	1	3	3	126	57414	126	57582	0.003	0	0.003	0.003	457	80.8198	349	517	
1.5	1.75	4	2	5	3	164	57324	164	57324	0.003	0	0.003	0.003	349.537	159.503	49	469	
1.5	1.75	4	3	1	3	152	57364	151	57307	0.003	0	0.003	0.003	379.517	142.841	57	469	
1.5	1.75	4	4	4	3	134	57302	134	57302	0.003	0	0.003	0.003	427.627	99.5135	49	469	
1.5	1.75	4	5	2	3	132	57358	132	57358	0.003	0	0.003	0.003	434.53	81.1948	113	573	
1.5	1.75	2	6	5	3	169	53425	170	53409	0.003	0	0.003	0.003	314.171	162.117	32	437	
1.5	1.75	2	7	1	3	125	53585	125	53585	0.003	0	0.003	0.003	428.68	57.6745	293	453	
1.5	1.75	2	8	3	3	145	53377	144	53384	0.003	0	0.003	0.003	370.722	119.267	73	453	
1.5	1.75	2	9	2	3	125	53519	125	53519	0.003	0	0.003	0.003	428.152	47.3513	389	485	
1.5	1.75	2	10	4	3	132	53400	132	53400	0.003	0	0.003	0.003	404.545	87.1586	49	469	
1.5	1.75	3	11	5	3	155	57239	155	57191	0.003	0	0.003	0.003	368.974	154.334	49	469	
1.5	1.75	3	12	4	3	127	57163	127	57275	0.003	0	0.003	0.003	450.984	62.3251	113	573	
1.5	1.75	3	13	1	3	141	57177	141	57177	0.003	0	0.003	0.003	405.511	125.662	57	533	
1.5	1.75	3	14	3	3	157	57193	156	57184	0.003	0	0.003	0.003	366.564	146.108	57	469	
1.5	1.75	3	15	2	3	127	57283	127	57283	0.003	0	0.003	0.003	451.047	64.2413	121	485	
1.5	1.75	1	16	2	3	135	45963	134	45906	0.003	0	0.003	0.003	342.582	82.8631	57	421	
1.5	1.75	1	17	1	3	128	45896	128	45896	0.003	0	0.003	0.003	358.562	41.3603	241	373	
1.5	1.75	1	18	5	3	129	46269	129	46269	0.003	0	0.003	0.003	358.674	41.218	241	373	
1.5	1.75	1	19	4	3	135	45963	135	45963	0.003	0	0.003	0.003	340.467	86.1346	57	421	
1.5	1.75	1	20	3	3	200	45904	200	45928	0.003	0	0.003	0.003	229.64	152.925	26	373	
1.75	2	4	1	3	3	128	57592	128	57424	0.003	0	0.003	0.003	448.625	88.4248	173	517	
1.75	2	4	2	5	3	157	57269	157	57317	0.003	0	0.003	0.003	365.076	151.49	49	469	
1.75	2	4	3	1	3	153	57301	154	57310	0.00304545	0.000564076	0.003	0.01	372.143	149.913	57	717	
1.75	2	4	4	4	3	134	57298	134	57298	0.003	0	0.003	0.003	427.597	101.198	49	469	
1.75	2	4	5	2	3	131	57375	131	57375	0.003	0	0.003	0.003	437.977	78.6612	113	573	
1.75	2	2	6	5	3	159	53447	158	53415	0.003	0	0.003	0.003	338.07	151.028	32	437	
1.75	2	2	7	1	3	130	53510	130	53510	0.003	0	0.003	0.003	411.615	81.9373	145	453	
1.75	2	2	8	3	3	156	53472	157	53545	0.003	0	0.003	0.003	341.051	135.795	73	453	
1.75	2	2	9	2	3	126	53518	126	53518	0.003	0	0.003	0.003	424.746	55.6716	93	485	
1.75	2	2	10	4	3	127	53443	127	53443	0.003	0	0.003	0.003	420.811	52.219	49	469	
1.75	2	3	11	5	3	156	57064	156	57112	0.003	0	0.003	0.003	366.103	151.423	49	469	
1.75	2	3	12	4	3	129	57285	129	57173	0.003	0	0.003	0.003	443.202	77.7286	113	573	
1.75	2	3	13	1	3	147	57337	147	57337	0.00304762	0.00057735	0.003	0.01	390.048	136.676	57	597	
1.75	2	3	14	3	3	144	56938	145	56947	0.003	0	0.003	0.003	392.738	130.336	57	469	
1.75	2	3	15	2	3	128	57292	128	57292	0.003	0	0.003	0.003	447.594	70.5624	121	485	
1.75	2	1	16	2	3	134	45970	135	46027	0.003	0	0.003	0.003	340.941	86.0475	57	421	
1.75	2	1	17	1	3	129	46269	129	46269	0.003	0	0.003	0.003	358.674	41.218	241	373	
1.75	2	1	18	5	3	128	45896	128	45896	0.003	0	0.003	0.003	358.562	41.3603	241	373	
1.75	2	1	19	4	3	134	45970	134	45970	0.003	0	0.003	0.003	343.06	82.7595	57	421	
1.75	2	1	20	3	3	201	45903	201	45879	0.003	0	0.003	0.003	228.254	152.944	24	373	
2	2.25	4	1	3	3	127	57417	127	57417	0.003	0	0.003	0.003	452.102	85.0142	173	517	
2	2.25	4	2	5	3	158	57518	157	57469	0.003	0	0.003	0.003	366.045	145.185	49	469	
2	2.25	4	3	1	3	147	57291	147	57291	0.00304762	0.00057735	0.003	0.01	389.735	130.593	57	597	
2	2.25	4	4	4	3	149	57085	148	57132	0.003	0	0.003	0.003	386.027	136.256	49	469	
2	2.25	4	5	2	3	131	57375	131	57375	0.003	0	0.003	0.003	437.977	81.12	113	573	
2	2.25	2	6	5	3	156	53442	156	53487	0.003	0	0.003	0.003	342.865	139.585	32	469	
2	2.25	2	7	1	3	132	53908	132	53908	0.003	0	0.003	0.003	408.394	83.1421	145	597	
2	2.25	2	8	3	3	151	53371	151	53291	0.003	0	0.003	0.003	352.921	126.292	73	533	
2	2.25	2	9	2	3	131	53687	131	53687	0.003	0	0.003	0.003	409.824	75.0183	93	485	
2	2.25	2	10	4	3	154	53476	154	53476	0.003	0	0.003	0.003	347.247	132.266	49	469	
2	2.25	3	11	5	3	169	57213	169	57165	0.003	0	0.003	0.003	338.254	161.516	49	469	
2	2.25	3	12	4	3	130	57252	130	57252	0.003	0	0.003	0.003	440.4	77.4055	113	573	
2	2.25	3	13	1	3	138	57142	137	57133	0.003	0	0.003	0.003	417.029	109.416	57	469	
2	2.25	3	14	3	3	137	57101	137	57149	0.003	0	0.003	0.003	417.146	114.154	57	469	
2	2.25	3	15	2	3	128	57180	128	57180	0.003	0	0.003	0.003	446.719	70.7889	121	485	
2	2.25	1	16	2	3	135	45963	134	45906	0.003	0	0.003	0.003	342.582	82.8631	57	421	
2	2.25	1	17	1	3	128	45894	128	45894	0.003	0	0.003	0.003	358.547	41.3552	241	373	
2	2.25	1	18	5	3	129	46269	129	46269	0.003	0	0.003	0.003	358.674	41.218	241	373	
2	2.25	1	19	4	3	134	45968	134	45968	0.003	0	0.003	0.003	343.045	82.7572	57	421	
2	2.25	1	20	3	3	201	45907	201	45931	0.003	0	0.003	0.003	228.512	152.854	26	373	
2.25	2.5	4	1	3	3	127	57251	127	57251	0.003	0	0.003	0.003	450.795	85.2838	173	517	
2.25	2.5	4	2	5	3	137	57345	138	57394	0.003	0	0.003	0.003	415.899	112.441	49	533	
2.25	2.5	4	3	1	3	164	57364	164	57300	0.00308536	0.000770646	0.003	0.01	349.39	160.587	57	597	
2.25	2.5	4	4	4	3	158	57506	159	57507	0.003	0	0.003	0.003	361.679	147.076	49	533	
2.25	2.5	4	5	2	3	129	57172	129	57172	0.003	0	0.003	0.003	443.194	77.7277	113	573	
2.25	2.5	2	6	5	3	135	53649	136	53604	0.003	0	0.003	0.003	394.147	101.295	32	469	
2.25	2.5	2	7	1	3	128	53540	128	53540	0.003	0	0.003	0.003	418.281	73.8962	145	453	
2.25	2.5	2	8	3	3	141	53637	141	53637	0.003	0	0.003	0.003	380.404	113.248	73	453	
2.25	2.5	2	9	2	3	128	53696	128	53696	0.003	0	0.003	0.003	419.5	64.5625	93	485	
2.25	2.5	2	10	4	3	177	53631	177	53679	0.003	0	0.003	0.003	303.271	152.789	49	469	
2.25	2.5	3	11	5	3	157	57161	157	57161	0.003	0	0.003	0.003	364.083	153.39	49	469	
2.25	2.5	3	12	4	3	131	57151	131	57263	0.003	0	0.003	0.003	437.122	79.1041	113	573	
2.25	2.5	3	13	1	3	154	57169	154	57169	0.003	0	0.003	0.003	371.227	146.706	57	469	
2.25	2.5	3	14	3	3	137	57199	137	57151	0.003	0	0.003	0.003	417.161	111.444	55	533	
2.25	2.5	3	15	2	3	126	57274	126	57274	0.003	0	0.003	0.003	454.556	56.8911	121	485	
2.25	2.5	1	16	2	3	135	45959	136	45952	0.003	0	0.003	0.003	337.882	87.7271	57	421	
2.25	2.5	1	17	1	3	130	46138	130	46138	0.003	0	0.003	0.003	354.908	50.4546	121	373	
2.25	2.5	1	18	5	3	128	46028	128	46028	0.003	0	0.003	0.003	359.594	40.0302	241	373	
2.25	2.5	1	19	4	3	134	45958	134	45958	0.00305224	0.000604708	0.003	0.01	342.97	84.6424	57	533	
2.25	2.5	1	20	3	3	202	45865	203	45867	0.003	0	0.003	0.003	225.946	147.127	26	405	
2.5	2.75	4	1	3	3	130	57610	130	57610	0.003	0	0.003	0.003	443.154	91.7322	173	517	
2.5	2.75	4	2	5	3	178	57417	178	57417	0.003	0	0.003	0.003	322.567	149.96	49	533	
2.5	2.75	4	3	1	3	137	57381	137	57445	0.00310219	0.000842656	0.003	0.01	419.307	113.221	57	533	
2.5	2.75	4	4	4	3	177	57429	177	57429	0.003	0	0.003	0.003	324.458	150.624	49	533	
2.5	2.75	4	5	2	3	130	57578	130	57458	0.003	0	0.003	0.003	441.985	87.3224	113	573	
2.5	2.75	2	6	5	3	141	53533	141	53565	0.003	0	0.003	0.003	379.894	119.205	32	469	
2.5	2.75	2	7	1	3	133	53761	133	53761	0.003	0	0.003	0.003	404.218	86.8247	145	453	
2.5	2.75	2	8	3	3	145	53549	145	53629	0.003	0	0.003	0.003	369.855	118.8	73	453	
2.5	2.75	2	9	2	3	125	53713	125	53617	0.003	0	0.003	0.003	428.936	47.5082	389	485	
2.5	2.75	2	10	4	3	164	53548	164	53500	0.003	0	0.003	0.003	326.22	145.1	49	469	
2.5	2.75	3	11	5	3	163	57131	163	57131	0.003	0	0.003	0.003	350.497	158.848	49	469	
2.5	2.75	3	12	4	3	131	57245	131	57133	0.003	0	0.003	0.003	436.13	79.3699	113	573	
2.5	2.75	3	13	1	3	141	57121	142	57178	0.003	0	0.003	0.003	402.662	125.86	57	469	
2.5	2.75	3	14	3	3	129	57125	129	57125	0.003	0	0.003	0.003	442.829	72.5414	57	469	
2.5	2.75	3	15	2	3	128	57180	128	57180	0.003	0	0.003	0.003	446.719	70.7889	121	485	
2.5	2.75	1	16	2	3	132	45856	132	45920	0.003	0	0.003	0.003	347.879	72.7196	57	421	
2.5	2.75	1	17	1	3	146	46227	146	46227	0.003	0	0.003	0.003	316.623	93.0228	121	485	
2.5	2.75	1	18	5	3	140	45929	140	45929	0.003	0	0.003	0.003	328.064	84.8807	121	373	
2.5	2.75	1	19	4	3	127	45950	127	45886	0.003	0	0.003	0.003	361.307	43.5938	57	421	
2.5	2.75	1	20	3	3	180	45876	180	45876	0.003	0	0.003	0.003	254.867	149.763	26	373	
2.75	3	4	1	3	3	130	57601	130	57601	0.003	0	0.003	0.003	443.085	94.2563	173	517	
2.75	3	4	2	5	3	179	57347	179	57347	0.003	0	0.003	0.003	320.374	150.33	49	533	
2.75	3	4	3	1	3	153	57304	152	57295	0.00318421	0.00112421	0.003	0.01	376.941	147.137	57	597	
2.75	3	4	4	4	3	166	57112	166	57064	0.003	0	0.003	0.003	343.759	147.018	49	469	
2.75	3	4	5	2	3	133	57509	133	57629	0.003	0	0.003	0.003	433.301	89.9274	113	573	
2.75	3	2	6	5	3	147	53403	146	53374	0.003	0	0.003	0.003	365.575	124.43	32	469	
2.75	3	2	7	1	3	130	53640	130	53640	0.003	0	0.003	0.003	412.615	81.3537	145	597	
2.75	3	2	8	3	3	149	53749	149	53749	0.003	0	0.003	0.003	360.732	122.789	73	453	
2.75	3	2	9	2	3	128	53304	128	53400	0.003	0	0.003	0.003	417.188	65.0598	93	485	
2.75	3	2	10	4	3	166	53750	166	53750	0.003	0	0.003	0.003	323.795	140.772	49	469	
2.75	3	3	11	5	3	164	57090	164	57138	0.003	0	0.003	0.003	348.402	157.973	49	469	
2.75	3	3	12	4	3	133	57241	133	57241	0.003	0	0.003	0.003	430.383	82.7029	113	573	
2.75	3	3	13	1	3	144	57148	144	57100	0.003	0	0.003	0.003	396.528	130.915	57	469	
2.75	3	3	14	3	3	133	57157	133	57157	0.003	0	0.003	0.003	429.752	95.7283	57	469	
2.75	3	3	15	2	3	128	57292	128	57292	0.003	0	0.003	0.003	447.594	70.5624	121	485	
2.75	3	1	16	2	3	130	45934	130	45934	0.003	0	0.003	0.003	353.338	64.1085	57	421	
2.75	3	1	17	1	3	147	45887	147	45887	0.003	0	0.003	0.003	312.156	99.2556	121	485	
2.75	3	1	18	5	3	130	46142	130	46142	0.003	0	0.003	0.003	354.938	56.7748	121	485	
2.75	3	1	19	4	3	127	45951	127	45951	0.003	0	0.003	0.003	361.819	44.6456	57	421	
2.75	3	1	20	3	3	186	45888	186	45888	0.003	0	0.003	0.003	246.71	148.59	26	373	
3	3.25	4	1	3	3	128	57416	128	57584	0.003	0	0.003	0.003	449.875	90.8555	173	517	
3	3.25	4	2	5	3	134	57310	134	57262	0.003	0	0.003	0.003	427.328	103.138	49	533	
3	3.25	4	3	1	3	154	57346	154	57346	0.003	0	0.003	0.003	372.377	149.933	57	469	
3	3.25	4	4	4	3	157	57333	157	57333	0.003	0	0.003	0.003	365.178	149.271	49	469	
3	3.25	4	5	2	3	131	57495	131	57495	0.003	0	0.003	0.003	438.893	81.9641	113	573	
3	3.25	2	6	5	3	131	53508	132	53585	0.003	0	0.003	0.003	405.947	87.8226	32	469	
3	3.25	2	7	1	3	130	53978	130	53978	0.003	0	0.003	0.003	415.215	77.8917	145	453	
3	3.25	2	8	3	3	141	53709	141	53629	0.003	0	0.003	0.003	380.348	112.52	73	453	
3	3.25	2	9	2	3	126	53704	126	53704	0.003	0	0.003	0.003	426.222	53.1798	193	485	
3	3.25	2	10	4	3	179	53631	178	53578	0.003	0	0.003	0.003	301	153.996	49	469	
3	3.25	3	11	5	3	165	57181	165	57133	0.003	0	0.003	0.003	346.261	161.582	49	469	
3	3.25	3	12	4	3	129	57251	129	57251	0.003	0	0.003	0.003	443.806	71.5077	113	573	
3	3.25	3	13	1	3	142	57128	142	57176	0.003	0	0.003	0.003	402.648	125.853	57	469	
3	3.25	3	14	3	3	134	57122	134	57122	0.003	0	0.003	0.003	426.284	101.861	57	469	
3	3.25	3	15	2	3	127	57171	127	57171	0.003	0	0.003	0.003	450.165	64.5396	121	485	
3	3.25	1	16	2	3	134	45966	134	45966	0.003	0	0.003	0.003	343.03	81.1937	57	421	
3	3.25	1	17	1	3	136	46192	136	46192	0.003	0	0.003	0.003	339.647	69.8752	121	373	
3	3.25	1	18	5	3	128	45896	128	45896	0.003	0	0.003	0.003	358.562	41.3603	241	373	
3	3.25	1	19	4	3	132	45920	132	45984	0.003	0	0.003	0.003	348.364	74.6875	57	421	
3	3.25	1	20	3	3	193	45913	192	45887	0.003	0	0.003	0.003	238.995	152.014	26	405	
3.25	3.5	4	1	3	3	128	57424	128	57256	0.003	0	0.003	0.003	447.312	88.6484	173	517	
3.25	3.5	4	2	5	3	154	57010	154	57106	0.003	0	0.003	0.003	370.818	142.719	49	533	
3.25	3.5	4	3	1	3	150	57218	151	57227	0.00309271	0.00080292	0.003	0.01	378.987	140.649	57	645	
3.25	3.5	4	4	4	3	147	57488	146	57439	0.003	0	0.003	0.003	393.418	135.357	47	469	
3.25	3.5	4	5	2	3	131	57259	131	57259	0.003	0	0.003	0.003	437.092	76.4351	113	573	
3.25	3.5	2	6	5	3	166	53627	165	53586	0.003	0	0.003	0.003	324.764	155.968	32	469	
3.25	3.5	2	7	1	3	130	53336	130	53336	0.003	0	0.003	0.003	410.277	80.3759	145	453	
3.25	3.5	2	8	3	3	141	53257	141	53337	0.003	0	0.003	0.003	378.277	114.856	73	533	
3.25	3.5	2	9	2	3	128	53504	128	53504	0.003	0	0.003	0.003	418	64.1337	93	485	
3.25	3.5	2	10	4	3	149	53449	150	53454	0.003	0	0.003	0.003	356.36	127.644	49	469	
3.25	3.5	3	11	5	3	161	57165	161	57165	0.003	0	0.003	0.003	355.062	158.96	49	469	
3.25	3.5	3	12	4	3	127	57163	127	57275	0.003	0	0.003	0.003	450.984	58.9837	113	573	
3.25	3.5	3	13	1	3	147	57183	146	57126	0.003	0	0.003	0.003	391.274	130.504	57	469	
3.25	3.5	3	14	3	3	138	57182	138	57182	0.003	0	0.003	0.003	414.362	115.963	57	533	
3.25	3.5	3	15	2	3	127	57283	127	57283	0.003	0	0.003	0.003	451.047	64.2413	121	485	
3.25	3.5	1	16	2	3	134	45902	134	45902	0.003	0	0.003	0.003	342.552	80.039	57	421	
3.25	3.5	1	17	1	3	134	46106	134	46106	0.003	0	0.003	0.003	344.075	67.7899	121	373	
3.25	3.5	1	18	5	3	136	46116	136	46116	0.003	0	0.003	0.003	339.088	79.8695	121	485	
3.25	3.5	1	19	4	3	132	45976	132	45976	0.003	0	0.003	0.003	348.303	73.6325	57	421	
3.25	3.5	1	20	3	3	192	45867	192	45867	0.003	0	0.003	0.003	238.891	149.489	26	373	
3.5	3.75	4	1	3	3	126	57574	126	57574	0.003	0	0.003	0.003	456.937	83.781	173	517	
3.5	3.75	4	2	5	3	162	57322	162	57226	0.003	0	0.003	0.003	353.247	157.686	49	469	
3.5	3.75	4	3	1	3	148	57292	148	57340	0.003	0	0.003	0.003	387.432	139.433	57	469	
3.5	3.75	4	4	4	3	131	57286	132	57335	0.003	0	0.003	0.003	434.356	93.886	49	469	
3.5	3.75	4	5	2	3	131	57367	131	57367	0.003	0	0.003	0.003	437.916	74.737	113	573	
3.5	3.75	2	6	5	3	141	53571	141	53575	0.003	0	0.003	0.003	379.965	115.134	32	469	
3.5	3.75	2	7	1	3	131	53947	131	53947	0.003	0	0.003	0.003	411.809	83.7942	145	597	
3.5	3.75	2	8	3	3	141	53565	141	53565	0.003	0	0.003	0.003	379.894	113.08	73	453	
3.5	3.75	2	9	2	3	126	53902	126	53806	0.003	0	0.003	0.003	427.032	48.874	285	485	
3.5	3.75	2	10	4	3	173	53345	173	53393	0.003	0	0.003	0.003	308.63	148.68	49	469	
3.5	3.75	3	11	5	3	155	57145	154	57144	0.003	0	0.003	0.003	371.065	151.727	49	469	
3.5	3.75	3	12	4	3	128	57268	128	57156	0.003	0	0.003	0.003	446.531	68.6392	113	573	
3.5	3.75	3	13	1	3	153	57209	154	57218	0.003	0	0.003	0.003	371.545	143.645	57	469	
3.5	3.75	3	14	3	3	138	57138	138	57186	0.003	0	0.003	0.003	414.391	117.091	57	533	
3.5	3.75	3	15	2	3	127	57281	127	57281	0.003	0	0.003	0.003	451.031	64.2332	121	485	
3.5	3.75	1	16	2	3	133	45971	133	45971	0.003	0	0.003	0.003	345.647	77.7835	55	421	
3.5	3.75	1	17	1	3	133	45984	133	46116	0.003	0	0.003	0.003	346.737	64.5877	121	373	
3.5	3.75	1	18	5	3	133	46197	132	46088	0.003	0	0.003	0.003	349.152	64.5783	121	485	
3.5	3.75	1	19	4	3	132	45916	132	45916	0.003	0	0.003	0.003	347.848	72.6494	57	421	
3.5	3.75	1	20	3	3	197	45890	198	45892	0.003	0	0.003	0.003	231.778	151.686	26	373	
3.75	4	4	1	3	3	127	57251	127	57251	0.003	0	0.003	0.003	450.795	85.2838	173	517	
3.75	4	4	2	5	3	175	57371	175	57419	0.003	0	0.003	0.003	328.109	146.389	49	469	
3.75	4	4	3	1	3	152	57600	151	57543	0.00304636	0.000569652	0.003	0.01	381.079	143.802	57	645	
3.75	4	4	4	4	3	164	57384	164	57384	0.003	0	0.003	0.003	349.902	150.764	49	533	
3.75	4	4	5	2	3	129	57213	129	57213	0.003	0	0.003	0.003	443.512	81.8613	113	573	
3.75	4	2	6	5	3	138	53605	139	53642	0.003	0	0.003	0.003	385.914	113.295	32	469	
3.75	4	2	7	1	3	129	53513	129	53513	0.003	0	0.003	0.003	414.829	75.8617	145	453	
3.75	4	2	8	3	3	143	53631	143	53551	0.003	0	0.003	0.003	374.483	117.598	73	453	
3.75	4	2	9	2	3	125	53616	125	53712	0.003	0	0.003	0.003	429.696	47.6402	388	485	
3.75	4	2	10	4	3	171	53667	170	53614	0.003	0	0.003	0.003	315.376	148.717	49	469	
3.75	4	3	11	5	3	157	57172	157	57168	0.003	0	0.003	0.003	364.127	152.421	48	469	
3.75	4	3	12	4	3	130	57286	130	57286	0.003	0	0.003	0.003	440.662	80.2354	113	573	
3.75	4	3	13	1	3	151	57163	151	57163	0.003	0	0.003	0.003	378.563	142.036	57	469	
3.75	4	3	14	3	3	137	57179	137	57179	0.003	0	0.003	0.003	417.365	114.671	57	533	
3.75	4	3	15	2	3	129	57301	128	57292	0.003	0	0.003	0.003	447.594	70.5624	121	485	
3.75	4	1	16	2	3	137	45873	137	45809	0.003	0	0.003	0.003	334.372	87.4319	57	421	
3.75	4	1	17	1	3	132	45844	132	45844	0.003	0	0.003	0.003	347.303	64.1508	121	485	
3.75	4	1	18	5	3	133	45997	134	46106	0.003	0	0.003	0.003	344.075	74.8394	121	485	
3.75	4	1	19	4	3	132	45899	132	45899	0.00310606	0.000858345	0.003	0.01	347.72	72.2684	57	533	
3.75	4	1	20	3	3	194	45815	194	45815	0.003	0	0.003	0.003	236.16	146.832	26	405	
4	4.25	4	1	3	3	126	57682	126	57794	0.003	0	0.003	0.003	458.683	89.1878	173	597	
4	4.25	4	2	5	3	146	57868	145	57819	0.003	0	0.003	0.003	398.752	135.691	49	533	
4	4.25	4	3	1	3	152	57664	153	57673	0.0030915	0.00079769	0.003	0.01	376.948	149.808	57	645	
4	4.25	4	4	4	3	159	57407	159	57407	0.003	0	0.003	0.003	361.05	154.075	49	469	
4	4.25	4	5	2	3	132	57732	132	57732	0.003	0	0.003	0.003	437.364	78.9743	113	573	
4	4.25	2	6	5	3	148	53296	148	53296	0.003	0	0.003	0.003	360.108	126.929	32	469	
4	4.25	2	7	1	3	134	53890	134	53890	0.003	0	0.003	0.003	402.164	91.2112	145	597	
4	4.25	2	8	3	3	149	53749	149	53829	0.003	0	0.003	0.003	361.268	120.776	73	453	
4	4.25	2	9	2	3	128	53398	128	53302	0.003	0	0.003	0.003	416.422	64.8318	93	485	
4	4.25	2	10	4	3	164	53692	164	53696	0.003	0	0.003	0.003	327.415	139.261	49	469	
4	4.25	3	11	5	3	160	57176	160	57180	0.003	0	0.003	0.003	357.375	154.997	49	469	
4	4.25	3	12	4	3	129	57261	129	57261	0.003	0	0.003	0.003	443.884	70.1872	113	573	
4	4.25	3	13	1	3	149	57177	149	57177	0.003	0	0.003	0.003	383.738	138.513	57	469	
4	4.25	3	14	3	3	139	57179	139	57179	0.003	0	0.003	0.003	411.36	120.196	57	533	
4	4.25	3	15	2	3	127	57171	128	57180	0.003	0	0.003	0.003	446.719	70.7889	121	485	
4	4.25	1	16	2	3	135	45895	135	46023	0.003	0	0.003	0.003	340.911	85.5235	57	421	
4	4.25	1	17	1	3	129	46269	129	46137	0.003	0	0.003	0.003	357.651	42.4788	241	373	
4	4.25	1	18	5	3	128	45895	128	45895	0.003	0	0.003	0.003	358.555	41.3828	240	373	
4	4.25	1	19	4	3	134	45970	134	45970	0.003	0	0.003	0.003	343.06	82.3866	57	421	
4	4.25	1	20	3	3	200	45931	199	45904	0.003	0	0.003	0.003	230.673	152.709	26	405	
4.25	4.5	4	1	3	3	126	58122	126	58122	0.003	0	0.003	0.003	461.286	91.3573	201	597	
4.25	4.5	4	2	5	3	160	57960	160	57956	0.003	0	0.003	0.003	362.225	152.461	49	533	
4.25	4.5	4	3	1	3	151	57695	151	57695	0.00318543	0.00112785	0.003	0.01	382.086	151.433	57	717	
4.25	4.5	4	4	4	3	160	58180	160	58180	0.003	0	0.003	0.003	363.625	149.789	49	533	
4.25	4.5	4	5	2	3	130	57994	130	57994	0.003	0	0.003	0.003	446.108	82.5636	113	573	
4.25	4.5	2	6	5	3	136	53699	135	53622	0.003	0	0.003	0.003	397.2	101.1	32	469	
4.25	4.5	2	7	1	3	128	53540	128	53540	0.003	0	0.003	0.003	418.281	73.8962	145	453	
4.25	4.5	2	8	3	3	141	53633	141	53633	0.003	0	0.003	0.003	380.376	113.976	73	453	
4.25	4.5	2	9	2	3	127	53599	127	53695	0.003	0	0.003	0.003	422.795	55.3929	193	485	
4.25	4.5	2	10	4	3	175	53579	176	53628	0.003	0	0.003	0.003	304.705	151.395	49	469	
4.25	4.5	3	11	5	3	156	56600	156	56600	0.003	0	0.003	0.003	362.821	147.17	49	469	
4.25	4.5	3	12	4	3	130	56658	130	56626	0.003	0	0.003	0.003	435.585	75.0001	93	573	
4.25	4.5	3	13	1	3	138	56598	138	56598	0.003	0	0.003	0.003	410.13	107.742	57	469	
4.25	4.5	3	14	3	3	137	56605	137	56605	0.003	0	0.003	0.003	413.175	108.871	57	469	
4.25	4.5	3	15	2	3	133	56663	133	56775	0.003	0	0.003	0.003	426.88	93.3426	121	485	
4.25	4.5	1	16	2	3	130	45997	129	45876	0.003	0	0.003	0.003	355.628	60.8737	57	421	
4.25	4.5	1	17	1	3	127	45919	127	45919	0.003	0	0.003	0.003	361.567	37.2745	241	373	
4.25	4.5	1	18	5	3	138	46314	138	46314	0.003	0	0.003	0.003	335.609	75.9649	121	373	
4.25	4.5	1	19	4	3	132	45980	132	45916	0.003	0	0.003	0.003	347.848	72.9497	57	421	
4.25	4.5	1	20	3	3	195	45854	196	45929	0.003	0	0.003	0.003	234.332	153.434	26	373	
4.5	4.75	4	1	3	3	126	58314	126	58314	0.003	0	0.003	0.003	462.81	92.0099	201	597	
4.5	4.75	4	2	5	3	170	58030	171	58083	0.003	0	0.003	0.003	339.667	154.702	49	469	
4.5	4.75	4	3	1	3	147	58279	147	58279	0.00304762	0.00057735	0.003	0.01	396.456	135.025	57	645	
4.5	4.75	4	4	4	3	162	57798	162	57798	0.003	0	0.003	0.003	356.778	145.862	49	533	
4.5	4.75	4	5	2	3	132	58232	132	58112	0.003	0	0.003	0.003	440.242	90.8358	113	573	
4.5	4.75	2	6	5	3	165	53569	166	53598	0.003	0	0.003	0.003	322.88	152.506	32	469	
4.5	4.75	2	7	1	3	129	53497	129	53657	0.003	0	0.003	0.003	415.946	77.4702	145	597	
4.5	4.75	2	8	3	3	139	53267	139	53267	0.003	0	0.003	0.003	383.216	110.903	73	533	
4.5	4.75	2	9	2	3	128	53800	128	53704	0.003	0	0.003	0.003	419.563	63.2988	93	485	
4.5	4.75	2	10	4	3	154	53274	154	53226	0.003	0	0.003	0.003	345.623	134.298	49	469	
4.5	4.75	3	11	5	3	144	56060	145	56061	0.003	0	0.003	0.003	386.628	135.568	49	469	
4.5	4.75	3	12	4	3	129	56099	129	56099	0.003	0	0.003	0.003	434.876	77.1037	93	485	
4.5	4.75	3	13	1	3	130	56029	130	56077	0.003	0	0.003	0.003	431.362	78.7789	57	469	
4.5	4.75	3	14	3	3	129	56069	129	56021	0.003	0	0.003	0.003	434.271	71.7704	57	469	
4.5	4.75	3	15	2	3	127	56163	127	56163	0.003	0	0.003	0.003	442.228	66.6372	121	485	
4.5	4.75	1	16	2	3	134	45966	135	46023	0.003	0	0.003	0.003	340.911	83.8271	57	421	
4.5	4.75	1	17	1	3	131	45993	131	46125	0.003	0	0.003	0.003	352.099	55.0978	121	373	
4.5	4.75	1	18	5	3	130	46118	130	46118	0.003	0	0.003	0.003	354.754	52.653	121	485	
4.5	4.75	1	19	4	3	137	45941	137	45941	0.003	0	0.003	0.003	335.336	89.2961	57	421	
4.5	4.75	1	20	3	3	198	45903	198	45855	0.003	0	0.003	0.003	231.591	152.335	26	405	
4.75	5	4	1	3	3	126	58326	126	58326	0.003	0	0.003	0.003	462.905	88.4696	405	597	
4.75	5	4	2	5	3	166	57946	165	57789	0.003	0	0.003	0.003	350.236	151.975	49	533	
4.75	5	4	3	1	3	152	58000	152	58000	0.0030921	0.000800292	0.003	0.01	381.579	148.741	57	717	
4.75	5	4	4	4	3	163	58039	163	58087	0.003	0	0.003	0.003	356.362	151.362	49	533	
4.75	5	4	5	2	3	131	58223	131	58455	0.003	0	0.003	0.003	446.221	83.5031	113	573	
4.75	5	2	6	5	3	138	53559	138	53607	0.003	0	0.003	0.003	388.457	113.041	32	469	
4.75	5	2	7	1	3	130	53816	130	53656	0.003	0	0.003	0.003	412.738	79.1785	145	453	
4.75	5	2	8	3	3	143	53631	143	53551	0.003	0	0.003	0.003	374.483	117.598	73	453	
4.75	5	2	9	2	3	125	53615	125	53711	0.003	0	0.003	0.003	429.688	47.6148	389	485	
4.75	5	2	10	4	3	172	53628	171	53623	0.003	0	0.003	0.003	313.585	148.856	49	469	
4.75	5	3	11	5	3	150	56042	149	56037	0.003	0	0.003	0.003	376.087	139.983	49	469	
4.75	5	3	12	4	3	132	56380	132	56380	0.003	0	0.003	0.003	427.121	83.4119	93	485	
4.75	5	3	13	1	3	133	55849	133	55849	0.003	0	0.003	0.003	419.917	90.824	57	469	
4.75	5	3	14	3	3	134	56050	134	56098	0.003	0	0.003	0.003	418.642	95.8309	57	469	
4.75	5	3	15	2	3	131	56406	131	56294	0.003	0	0.003	0.003	429.725	80.7113	121	485	
4.75	5	1	16	2	3	135	45925	135	45925	0.003	0	0.003	0.003	340.185	77.4054	57	421	
4.75	5	1	17	1	3	137	46324	137	46192	0.003	0	0.003	0.003	337.168	73.9692	121	373	
4.75	5	1	18	5	3	130	45930	130	45930	0.003	0	0.003	0.003	353.308	65.0049	121	485	
4.75	5	1	19	4	3	132	45892	131	45787	0.003	0	0.003	0.003	349.519	62.5969	57	421	
4.75	5	1	20	3	3	189	45870	189	45950	0.003	0	0.003	0.003	243.122	142.552	26	437	
5	5.25	4	1	3	3	127	58323	127	58323	0.003	0	0.003	0.003	459.236	93.8796	201	597	
5	5.25	4	2	5	3	174	57921	175	58126	0.003	0	0.003	0.003	332.149	146.102	49	533	
5	5.25	4	3	1	3	139	58027	138	57910	0.00310145	0.00083962	0.003	0.01	419.638	127.688	57	645	
5	5.25	4	4	4	3	182	58150	181	58001	0.003	0	0.003	0.003	320.448	150.96	49	533	
5	5.25	4	5	2	3	134	58234	134	58122	0.003	0	0.003	0.003	433.746	100.223	113	573	
5	5.25	2	6	5	3	137	53623	137	53575	0.003	0	0.003	0.003	391.058	109.23	32	469	
5	5.25	2	7	1	3	129	53673	129	53833	0.003	0	0.003	0.003	417.31	74.4288	145	453	
5	5.25	2	8	3	3	145	53617	145	53697	0.003	0	0.003	0.003	370.324	121.993	73	453	
5	5.25	2	9	2	3	125	53713	125	53617	0.003	0	0.003	0.003	428.936	47.5082	389	485	
5	5.25	2	10	4	3	170	53570	171	53575	0.003	0	0.003	0.003	313.304	147.967	49	469	
5	5.25	3	11	5	3	153	55860	153	55864	0.003	0	0.003	0.003	365.124	141.087	49	469	
5	5.25	3	12	4	3	141	56129	141	56129	0.003	0	0.003	0.003	398.078	105.848	93	485	
5	5.25	3	13	1	3	142	56318	142	56318	0.003	0	0.003	0.003	396.606	113.3	57	469	
5	5.25	3	14	3	3	144	56092	144	56044	0.003	0	0.003	0.003	389.194	117.526	57	469	
5	5.25	3	15	2	3	132	56102	132	56214	0.003	0	0.003	0.003	425.864	87.1618	121	485	
5	5.25	1	16	2	3	139	45895	139	45895	0.003	0	0.003	0.003	330.18	84.071	57	421	
5	5.25	1	17	1	3	136	45788	136	45788	0.003	0	0.003	0.003	336.676	74.1315	121	485	
5	5.25	1	18	5	3	127	46023	127	46023	0.003	0	0.003	0.003	362.386	44.4119	121	485	
5	5.25	1	19	4	3	139	45951	140	46056	0.0031	0.000833645	0.003	0.01	328.971	92.6272	57	533	
5	5.25	1	20	3	3	192	45893	192	45837	0.003	0	0.003	0.003	238.734	140.428	26	437	
5.25	5.5	4	1	3	3	126	58314	126	58122	0.003	0	0.003	0.003	461.286	91.3573	201	597	
5.25	5.5	4	2	5	3	181	58104	180	58111	0.003	0	0.003	0.003	322.839	148.744	49	533	
5.25	5.5	4	3	1	3	150	58030	150	58090	0.00309333	0.000805573	0.003	0.01	387.267	143.377	57	645	
5.25	5.5	4	4	4	3	165	57985	166	58086	0.003	0	0.003	0.003	349.916	147.33	49	533	
5.25	5.5	4	5	2	3	132	58121	131	58008	0.003	0	0.003	0.003	442.809	84.2232	113	573	
5.25	5.5	2	6	5	3	146	53295	146	53295	0.003	0	0.003	0.003	365.034	122.088	32	469	
5.25	5.5	2	7	1	3	135	53875	135	53875	0.003	0	0.003	0.003	399.074	93.8667	145	597	
5.25	5.5	2	8	3	3	146	53765	146	53685	0.003	0	0.003	0.003	367.705	113.425	73	453	
5.25	5.5	2	9	2	3	129	53393	129	53393	0.003	0	0.003	0.003	413.899	68.4256	93	485	
5.25	5.5	2	10	4	3	166	53690	166	53738	0.003	0	0.003	0.003	323.723	142.979	49	469	
5.25	5.5	3	11	5	3	145	56013	146	56062	0.003	0	0.003	0.003	383.986	137.813	49	469	
5.25	5.5	3	12	4	3	129	56095	129	56095	0.003	0	0.003	0.003	434.845	75.1331	93	485	
5.25	5.5	3	13	1	3	129	56069	129	56069	0.003	0	0.003	0.003	434.643	71.8255	57	469	
5.25	5.5	3	14	3	3	131	56087	131	56087	0.003	0	0.003	0.003	428.145	84.9456	57	469	
5.25	5.5	3	15	2	3	128	56172	128	56060	0.003	0	0.003	0.003	437.969	72.4322	121	485	
5.25	5.5	1	16	2	3	140	45984	140	45920	0.003	0	0.003	0.003	328	95.2792	57	421	
5.25	5.5	1	17	1	3	129	46261	129	46261	0.003	0	0.003	0.003	358.612	46.4234	121	485	
5.25	5.5	1	18	5	3	131	45875	131	45875	0.003	0	0.003	0.003	350.191	58.653	121	373	
5.25	5.5	1	19	4	3	132	45900	132	45964	0.003	0	0.003	0.003	348.212	69.1734	57	421	
5.25	5.5	1	20	3	3	201	45892	201	45892	0.003	0	0.003	0.003	228.318	145.567	26	405	
5.5	5.75	4	1	3	3	126	57174	126	57254	0.003	0	0.003	0.003	454.397	85.7939	173	597	
5.5	5.75	4	2	5	3	165	57517	165	57413	0.003	0	0.003	0.003	347.958	154.793	49	533	
5.5	5.75	4	3	1	3	147	57362	148	57419	0.00309459	0.000810961	0.003	0.01	387.966	142.547	57	717	
5.5	5.75	4	4	4	3	132	57312	132	57360	0.003	0	0.003	0.003	434.545	89.2509	49	533	
5.5	5.75	4	5	2	3	130	57158	131	57271	0.003	0	0.003	0.003	437.183	80.4156	113	573	
5.5	5.75	2	6	5	3	153	53668	153	53716	0.003	0	0.003	0.003	351.085	130.912	32	469	
5.5	5.75	2	7	1	3	132	53444	132	53284	0.003	0	0.003	0.003	403.667	83.0248	145	453	
5.5	5.75	2	8	3	3	145	53329	145	53329	0.003	0	0.003	0.003	367.786	116.61	73	453	
5.5	5.75	2	9	2	3	137	53733	137	53733	0.003	0	0.003	0.003	392.212	88.0666	93	485	
5.5	5.75	2	10	4	3	160	53307	159	53306	0.00304402	0.000555136	0.003	0.01	335.258	140.091	49	573	
5.5	5.75	3	11	5	3	146	56112	145	56059	0.003	0	0.003	0.003	386.614	135.559	49	469	
5.5	5.75	3	12	4	3	130	55894	130	55894	0.003	0	0.003	0.003	429.954	81.4608	93	485	
5.5	5.75	3	13	1	3	130	56030	130	56030	0.003	0	0.003	0.003	431	78.7125	57	469	
5.5	5.75	3	14	3	3	133	56268	133	56316	0.003	0	0.003	0.003	423.429	87.7683	57	469	
5.5	5.75	3	15	2	3	128	55927	128	55927	0.003	0	0.003	0.003	436.93	74.2755	121	485	
5.5	5.75	1	16	2	3	134	45905	134	45969	0.003	0	0.003	0.003	343.052	82.3853	57	421	
5.5	5.75	1	17	1	3	129	45885	129	45885	0.003	0	0.003	0.003	355.698	47.2894	121	373	
5.5	5.75	1	18	5	3	129	46249	129	46249	0.003	0	0.003	0.003	358.519	43.9152	241	485	
5.5	5.75	1	19	4	3	136	45940	136	45940	0.00305147	0.000600245	0.003	0.01	337.794	89.5762	57	533	
5.5	5.75	1	20	3	3	201	45908	200	45882	0.003	0	0.003	0.003	229.41	150.086	26	405	
5.75	6	4	1	3	3	125	57401	125	57401	0.003	0	0.003	0.003	459.208	80.1281	349	517	
5.75	6	4	2	5	3	163	57283	164	57332	0.003	0	0.003	0.003	349.585	158.804	49	469	
5.75	6	4	3	1	3	145	57303	145	57303	0.003	0	0.003	0.003	395.193	134.779	57	469	
5.75	6	4	4	4	3	133	57341	133	57293	0.003	0	0.003	0.003	430.774	97.9232	49	469	
5.75	6	4	5	2	3	129	57381	129	57381	0.003	0	0.003	0.003	444.814	71.0983	113	573	
5.75	6	2	6	5	3	167	53207	166	53175	0.003	0	0.003	0.003	320.331	154.749	32	469	
5.75	6	2	7	1	3	128	53848	128	53848	0.003	0	0.003	0.003	420.687	69.8301	145	453	
5.75	6	2	8	3	3	148	53440	148	53440	0.003	0	0.003	0.003	361.081	123.101	73	453	
5.75	6	2	9	2	3	127	53415	127	53511	0.003	0	0.003	0.003	421.346	60.129	93	485	
5.75	6	2	10	4	3	135	53562	136	53563	0.00305147	0.000600245	0.003	0.01	393.846	101.382	49	621	
5.75	6	3	11	5	3	158	56258	159	56263	0.003	0	0.003	0.003	353.855	144.641	49	469	
5.75	6	3	12	4	3	140	56134	140	56134	0.003	0	0.003	0.003	400.957	101.192	93	485	
5.75	6	3	13	1	3	148	56112	148	56112	0.003	0	0.003	0.003	379.135	124.304	57	469	
5.75	6	3	14	3	3	142	55898	142	55850	0.003	0	0.003	0.003	393.31	114.759	57	469	
5.75	6	3	15	2	3	134	56098	134	56210	0.003	0	0.003	0.003	419.478	91.745	121	485	
5.75	6	1	16	2	3	134	45964	134	45964	0.003	0	0.003	0.003	343.015	80.4171	57	421	
5.75	6	1	17	1	3	133	46117	132	46128	0.003	0	0.003	0.003	349.455	61.0516	121	373	
5.75	6	1	18	5	3	131	46059	131	46059	0.003	0	0.003	0.003	351.595	64.4731	121	485	
5.75	6	1	19	4	3	135	45951	135	45951	0.003	0	0.003	0.003	340.378	81.723	57	421	
5.75	6	1	20	3	3	194	45873	195	45875	0.003	0	0.003	0.003	235.256	150.409	25	405	
6	6.25	4	1	3	3	128	57591	128	57591	0.003	0	0.003	0.003	449.93	88.1749	173	517	
6	6.25	4	2	5	3	151	57347	150	57298	0.003	0	0.003	0.003	381.987	142.477	49	469	
6	6.25	4	3	1	3	167	57367	167	57367	0.003	0	0.003	0.003	343.515	157.557	57	469	
6	6.25	4	4	4	3	135	57322	135	57322	0.003	0	0.003	0.003	424.607	103.526	49	533	
6	6.25	4	5	2	3	133	57345	133	57457	0.003	0	0.003	0.003	432.008	80.7276	113	573	
6	6.25	2	6	5	3	164	53455	164	53412	0.003	0	0.003	0.003	325.683	156.878	32	437	
6	6.25	2	7	1	3	125	53425	125	53585	0.003	0	0.003	0.003	428.68	57.6745	293	453	
6	6.25	2	8	3	3	150	53421	150	53421	0.003	0	0.003	0.003	356.14	129.538	73	453	
6	6.25	2	9	2	3	126	53518	126	53518	0.003	0	0.003	0.003	424.746	55.6716	93	485	
6	6.25	2	10	4	3	131	53447	131	53447	0.003	0	0.003	0.003	407.992	81.8228	49	469	
6	6.25	3	11	5	3	146	56010	146	56058	0.003	0	0.003	0.003	383.959	138.645	49	469	
6	6.25	3	12	4	3	131	56090	131	56186	0.003	0	0.003	0.003	428.901	85.5534	93	485	
6	6.25	3	13	1	3	131	56087	131	56039	0.003	0	0.003	0.003	427.779	84.8715	57	469	
6	6.25	3	14	3	3	128	56060	128	56060	0.003	0	0.003	0.003	437.969	63.8221	57	469	
6	6.25	3	15	2	3	127	56163	127	56051	0.003	0	0.003	0.003	441.346	66.8075	121	485	
6	6.25	1	16	2	3	139	45943	139	45943	0.003	0	0.003	0.003	330.525	82.8386	57	421	
6	6.25	1	17	1	3	135	46063	135	46063	0.003	0	0.003	0.003	341.207	70.6631	121	485	
6	6.25	1	18	5	3	128	45992	128	45992	0.003	0	0.003	0.003	359.312	52.4778	121	485	
6	6.25	1	19	4	3	135	45931	135	45931	0.003	0	0.003	0.003	340.23	74.5141	57	421	
6	6.25	1	20	3	3	189	45882	189	45882	0.003	0	0.003	0.003	242.762	141.82	26	437	
6.25	6.5	4	1	3	3	128	57592	128	57760	0.003	0	0.003	0.003	451.25	87.9166	173	517	
6.25	6.5	4	2	5	3	148	57116	149	57117	0.003	0	0.003	0.003	383.336	140.174	49	533	
6.25	6.5	4	3	1	3	150	57072	150	57120	0.00304667	0.000571548	0.003	0.01	380.8	145.075	57	597	
6.25	6.5	4	4	4	3	143	57553	143	57553	0.003	0	0.003	0.003	402.469	126.129	49	533	
6.25	6.5	4	5	2	3	131	57747	131	57515	0.003	0	0.003	0.003	439.046	78.3858	113	573	
6.25	6.5	2	6	5	3	170	53374	171	53401	0.003	0	0.003	0.003	312.287	157.948	32	469	
6.25	6.5	2	7	1	3	125	53409	125	53249	0.003	0	0.003	0.003	425.992	63.0385	293	597	
6.25	6.5	2	8	3	3	150	53649	149	53652	0.003	0	0.003	0.003	360.081	123.811	73	453	
6.25	6.5	2	9	2	3	126	53422	126	53422	0.003	0	0.003	0.003	423.984	55.497	93	485	
6.25	6.5	2	10	4	3	136	53408	136	53408	0.003	0	0.003	0.003	392.706	91.9306	49	469	
6.25	6.5	3	11	5	3	144	56060	143	56011	0.003	0	0.003	0.003	391.685	130.559	49	469	
6.25	6.5	3	12	4	3	128	56104	128	56104	0.003	0	0.003	0.003	438.312	71.1429	93	485	
6.25	6.5	3	13	1	3	131	56083	131	56083	0.003	0	0.003	0.003	428.115	83.303	57	469	
6.25	6.5	3	14	3	3	130	56030	130	56078	0.003	0	0.003	0.003	431.369	78.7778	57	469	
6.25	6.5	3	15	2	3	128	56172	128	56172	0.003	0	0.003	0.003	438.844	72.3176	121	485	
6.25	6.5	1	16	2	3	132	45852	132	45852	0.003	0	0.003	0.003	347.364	73.1009	57	421	
6.25	6.5	1	17	1	3	136	46176	137	46165	0.003	0	0.003	0.003	336.971	78.1575	121	485	
6.25	6.5	1	18	5	3	142	45898	141	45909	0.003	0	0.003	0.003	325.596	85.3161	121	373	
6.25	6.5	1	19	4	3	133	45845	133	45845	0.00305263	0.000606977	0.003	0.01	344.699	74.6119	57	421	
6.25	6.5	1	20	3	3	182	45811	182	45811	0.003	0	0.003	0.003	251.709	149.735	26	405	
6.5	6.75	4	1	3	3	129	57261	129	57261	0.003	0	0.003	0.003	443.884	91.7101	173	517	
6.5	6.75	4	2	5	3	168	57568	167	57563	0.003	0	0.003	0.003	344.689	150.846	49	533	
6.5	6.75	4	3	1	3	154	57390	153	57333	0.003	0	0.003	0.003	374.725	144.848	57	533	
6.5	6.75	4	4	4	3	150	57356	150	57356	0.003	0	0.003	0.003	382.373	136.487	48	469	
6.5	6.75	4	5	2	3	130	57158	130	57278	0.003	0	0.003	0.003	440.6	81.3832	113	573	
6.5	6.75	2	6	5	3	180	51530	180	51618	0.003	0	0.003	0.003	286.767	150.013	32	469	
6.5	6.75	2	7	1	3	128	51900	128	51900	0.003	0	0.003	0.003	405.469	78.048	145	597	
6.5	6.75	2	8	3	3	159	51373	160	51402	0.003	0	0.003	0.003	321.262	127.214	57	453	
6.5	6.75	2	9	2	3	130	51656	130	51560	0.003	0	0.003	0.003	396.615	58.497	193	485	
6.5	6.75	2	10	4	3	136	51531	136	51531	0.003	0	0.003	0.003	378.904	92.2635	49	469	
6.5	6.75	3	11	5	3	161	56057	162	56106	0.003	0	0.003	0.003	346.333	149.717	49	469	
6.5	6.75	3	12	4	3	142	56126	142	56126	0.003	0	0.003	0.003	395.254	105.057	93	485	
6.5	6.75	3	13	1	3	141	56017	140	55832	0.003	0	0.003	0.003	398.8	108.503	57	469	
6.5	6.75	3	14	3	3	144	56076	144	56204	0.003	0	0.003	0.003	390.306	113.985	57	469	
6.5	6.75	3	15	2	3	136	56348	136	56348	0.003	0	0.003	0.003	414.324	95.5509	121	485	
6.5	6.75	1	16	2	3	128	45940	128	45940	0.003	0	0.003	0.003	358.906	49.5039	57	421	
6.5	6.75	1	17	1	3	135	46047	135	46047	0.003	0	0.003	0.003	341.089	76.5549	121	485	
6.5	6.75	1	18	5	3	138	46074	139	46063	0.003	0	0.003	0.003	331.388	81.4687	121	373	
6.5	6.75	1	19	4	3	130	45930	130	45930	0.003	0	0.003	0.003	353.308	63.3819	57	421	
6.5	6.75	1	20	3	3	192	45902	191	45900	0.003	0	0.003	0.003	240.314	150.704	26	373	
6.75	7	4	1	3	3	126	57572	126	57572	0.003	0	0.003	0.003	456.921	83.8018	173	517	
6.75	7	4	2	5	3	186	57474	187	57415	0.003	0	0.003	0.003	307.032	154.472	49	469	
6.75	7	4	3	1	3	139	57363	140	57420	0.003	0	0.003	0.003	410.143	122.998	57	533	
6.75	7	4	4	4	3	178	57433	177	57376	0.003	0	0.003	0.003	324.158	157.021	49	469	
6.75	7	4	5	2	3	130	57422	130	57534	0.003	0	0.003	0.003	442.569	85.4957	113	573	
6.75	7	2	6	5	3	181	50930	181	50890	0.003	0	0.003	0.003	281.16	147.009	32	437	
6.75	7	2	7	1	3	125	51025	125	51185	0.003	0	0.003	0.003	409.48	71.4849	293	453	
6.75	7	2	8	3	3	167	51099	166	50986	0.003	0	0.003	0.003	307.145	124.213	57	421	
6.75	7	2	9	2	3	126	50982	126	51078	0.003	0	0.003	0.003	405.381	48.0944	285	485	
6.75	7	2	10	4	3	136	50948	136	50996	0.003	0	0.003	0.003	374.971	98.8707	49	469	
6.75	7	3	11	5	3	143	55845	143	55845	0.003	0	0.003	0.003	390.524	131.878	49	469	
6.75	7	3	12	4	3	131	56379	130	56286	0.003	0	0.003	0.003	432.969	75.9608	93	485	
6.75	7	3	13	1	3	132	56136	133	56321	0.003	0	0.003	0.003	423.466	89.3108	57	469	
6.75	7	3	14	3	3	135	56073	135	55945	0.003	0	0.003	0.003	414.407	104.871	57	469	
6.75	7	3	15	2	3	126	56153	126	56153	0.003	0	0.003	0.003	445.659	60.1339	121	485	
6.75	7	1	16	2	3	134	45954	134	45890	0.00305224	0.000604708	0.003	0.01	342.463	83.103	57	533	
6.75	7	1	17	1	3	132	45864	132	45864	0.003	0	0.003	0.003	347.455	62.405	121	373	
6.75	7	1	18	5	3	132	46074	132	46074	0.003	0	0.003	0.003	349.045	62.8214	121	485	
6.75	7	1	19	4	3	134	45882	134	45882	0.00310448	0.000851965	0.003	0.01	342.403	85.5085	57	533	
6.75	7	1	20	3	3	203	45843	204	45869	0.003	0	0.003	0.003	224.848	137.321	26	405	
7	7.25	4	1	3	3	128	57592	128	57424	0.003	0	0.003	0.003	448.625	88.4248	173	517	
7	7.25	4	2	5	3	143	57103	143	57215	0.003	0	0.003	0.003	400.105	121.621	49	533	
7	7.25	4	3	1	3	150	57606	149	57549	0.00304698	0.000573462	0.003	0.01	386.235	141.688	57	597	
7	7.25	4	4	4	3	181	57366	182	57423	0.003	0	0.003	0.003	315.511	154.883	49	469	
7	7.25	4	5	2	3	132	57496	132	57384	0.003	0	0.003	0.003	434.727	87.1972	113	573	
7	7.25	2	6	5	3	171	51202	171	51202	0.003	0	0.003	0.003	299.427	144.686	32	469	
7	7.25	2	7	1	3	137	51117	137	51117	0.003	0	0.003	0.003	373.117	95.543	145	453	
7	7.25	2	8	3	3	158	51046	158	50990	0.003	0	0.003	0.003	322.722	123.804	57	469	
7	7.25	2	9	2	3	129	50849	129	50849	0.003	0	0.003	0.003	394.178	60.1257	93	485	
7	7.25	2	10	4	3	154	50806	154	50862	0.003	0	0.003	0.003	330.273	124.861	49	469	
7	7.25	3	11	5	3	144	56058	144	56010	0.003	0	0.003	0.003	388.958	133.05	49	469	
7	7.25	3	12	4	3	128	56104	129	56101	0.003	0	0.003	0.003	434.891	77.0942	93	485	
7	7.25	3	13	1	3	129	56021	129	56069	0.003	0	0.003	0.003	434.643	71.8255	57	469	
7	7.25	3	14	3	3	131	56083	131	56083	0.003	0	0.003	0.003	428.115	83.303	57	469	
7	7.25	3	15	2	3	129	56181	129	56181	0.003	0	0.003	0.003	435.512	77.358	121	485	
7	7.25	1	16	2	3	134	45901	134	45965	0.003	0	0.003	0.003	343.022	81.4573	57	421	
7	7.25	1	17	1	3	138	46027	138	46027	0.003	0	0.003	0.003	333.529	78.0405	120	485	
7	7.25	1	18	5	3	128	46139	128	46139	0.003	0	0.003	0.003	360.461	41.5195	241	485	
7	7.25	1	19	4	3	131	45915	131	45915	0.00305343	0.000611593	0.003	0.01	350.496	72.7116	57	533	
7	7.25	1	20	3	3	196	45883	195	45857	0.003	0	0.003	0.003	235.164	146.618	26	405	
7.25	7.5	4	1	3	3	127	57419	127	57587	0.003	0	0.003	0.003	453.441	84.6839	173	517	
7.25	7.5	4	2	5	3	147	57625	146	57516	0.003	0	0.003	0.003	393.945	125.918	49	469	
7.25	7.5	4	3	1	3	152	57128	153	57137	0.00304575	0.000565916	0.003	0.01	373.444	149.994	57	597	
7.25	7.5	4	4	4	3	177	57361	177	57361	0.003	0	0.003	0.003	324.073	154.999	49	469	
7.25	7.5	4	5	2	3	133	57385	133	57497	0.003	0	0.003	0.003	432.308	89.0904	113	573	
7.25	7.5	2	6	5	3	178	51243	178	51243	0.003	0	0.003	0.003	287.882	150.548	32	437	
7.25	7.5	2	7	1	3	131	51207	131	51047	0.003	0	0.003	0.003	389.672	82.8881	145	453	
7.25	7.5	2	8	3	3	150	51165	151	51302	0.003	0	0.003	0.003	339.748	111.078	57	453	
7.25	7.5	2	9	2	3	139	51491	139	51491	0.003	0	0.003	0.003	370.439	79.9087	93	485	
7.25	7.5	2	10	4	3	157	51349	156	51192	0.003	0	0.003	0.003	328.154	122.176	49	469	
7.25	7.5	3	11	5	3	158	56030	158	56078	0.003	0	0.003	0.003	354.924	148.781	49	469	
7.25	7.5	3	12	4	3	141	56045	140	55948	0.003	0	0.003	0.003	399.629	105.35	93	485	
7.25	7.5	3	13	1	3	142	56094	142	56094	0.003	0	0.003	0.003	395.028	111.909	57	469	
7.25	7.5	3	14	3	3	141	56301	141	56301	0.003	0	0.003	0.003	399.298	108.276	57	469	
7.25	7.5	3	15	2	3	134	55854	134	55854	0.003	0	0.003	0.003	416.821	92.7428	121	485	
7.25	7.5	1	16	2	3	135	45893	135	45957	0.003	0	0.003	0.003	340.422	84.639	57	421	
7.25	7.5	1	17	1	3	129	46267	129	46267	0.003	0	0.003	0.003	358.659	41.213	241	373	
7.25	7.5	1	18	5	3	128	45896	128	45896	0.003	0	0.003	0.003	358.562	41.3603	241	373	
7.25	7.5	1	19	4	3	132	45984	132	45984	0.003	0	0.003	0.003	348.364	75.1049	57	421	
7.25	7.5	1	20	3	3	201	45925	201	45900	0.003	0	0.003	0.003	228.358	152.871	26	405	
7.5	7.75	4	1	3	3	128	57759	128	57591	0.003	0	0.003	0.003	449.93	88.1749	173	517	
7.5	7.75	4	2	5	3	166	57050	167	57159	0.003	0	0.003	0.003	342.269	157.281	49	469	
7.5	7.75	4	3	1	3	146	57338	146	57338	0.003	0	0.003	0.003	392.726	132.033	57	469	
7.5	7.75	4	4	4	3	141	57321	141	57321	0.003	0	0.003	0.003	406.532	121.095	49	469	
7.5	7.75	4	5	2	3	133	57707	133	57595	0.003	0	0.003	0.003	433.045	85.2072	113	573	
7.5	7.75	2	6	5	3	142	53553	142	53553	0.003	0	0.003	0.003	377.134	118.669	32	469	
7.5	7.75	2	7	1	3	133	53761	133	53761	0.003	0	0.003	0.003	404.218	86.8247	145	453	
7.5	7.75	2	8	3	3	148	53534	148	53534	0.003	0	0.003	0.003	361.716	122.049	73	453	
7.5	7.75	2	9	2	3	134	53658	134	53658	0.003	0	0.003	0.003	400.433	82.7616	93	485	
7.5	7.75	2	10	4	3	168	53544	168	53544	0.003	0	0.003	0.003	318.714	143.645	49	469	
7.5	7.75	3	11	5	3	148	56296	147	56247	0.003	0	0.003	0.003	382.633	133.312	49	469	
7.5	7.75	3	12	4	3	131	55975	132	56168	0.003	0	0.003	0.003	425.515	83.3694	93	485	
7.5	7.75	3	13	1	3	137	56103	137	56055	0.003	0	0.003	0.003	409.161	108.207	57	469	
7.5	7.75	3	14	3	3	132	55852	132	55852	0.003	0	0.003	0.003	423.121	89.562	57	469	
7.5	7.75	3	15	2	3	127	56163	127	56163	0.003	0	0.003	0.003	442.228	66.6372	121	485	
7.5	7.75	1	16	2	3	134	45966	134	45902	0.003	0	0.003	0.003	342.552	80.039	57	421	
7.5	7.75	1	17	1	3	134	45842	134	45842	0.003	0	0.003	0.003	342.104	68.8385	121	373	
7.5	7.75	1	18	5	3	138	46213	138	46213	0.003	0	0.003	0.003	334.877	82.5267	121	485	
7.5	7.75	1	19	4	3	131	45987	131	45923	0.003	0	0.003	0.003	350.557	68.884	57	421	
7.5	7.75	1	20	3	3	190	45863	191	45914	0.003	0	0.003	0.003	240.387	149.653	26	373	
7.75	8	4	1	3	3	125	57424	125	57536	0.003	0	0.003	0.003	460.288	82.9591	349	597	
7.75	8	4	2	5	3	188	57788	187	57679	0.003	0	0.003	0.003	308.444	151.754	49	469	
7.75	8	4	3	1	3	146	57470	146	57518	0.003	0	0.003	0.003	393.959	134.396	57	533	
7.75	8	4	4	4	3	156	57488	156	57488	0.003	0	0.003	0.003	368.513	144.078	49	469	
7.75	8	4	5	2	3	130	57302	130	57302	0.003	0	0.003	0.003	440.785	82.816	113	573	
7.75	8	2	6	5	3	188	53160	188	53200	0.003	0	0.003	0.003	282.979	127.945	32	469	
7.75	8	2	7	1	3	129	53641	129	53801	0.003	0	0.003	0.003	417.062	79.03	145	597	
7.75	8	2	8	3	3	135	53595	135	53675	0.003	0	0.003	0.003	397.593	94.6075	73	533	
7.75	8	2	9	2	3	126	53422	126	53422	0.003	0	0.003	0.003	423.984	55.497	93	485	
7.75	8	2	10	4	3	166	53534	166	53374	0.003	0	0.003	0.003	321.53	121.366	49	469	
7.75	8	3	11	5	3	145	56061	146	56062	0.003	0	0.003	0.003	383.986	137.813	49	469	
7.75	8	3	12	4	3	129	56101	129	56101	0.003	0	0.003	0.003	434.891	77.0942	93	485	
7.75	8	3	13	1	3	131	56035	131	56083	0.003	0	0.003	0.003	428.115	83.303	57	469	
7.75	8	3	14	3	3	130	56078	130	56030	0.003	0	0.003	0.003	431	78.7125	57	469	
7.75	8	3	15	2	3	129	56181	129	56181	0.003	0	0.003	0.003	435.512	77.358	121	485	
7.75	8	1	16	2	3	133	45909	133	45973	0.003	0	0.003	0.003	345.662	77.7271	57	421	
7.75	8	1	17	1	3	133	46116	133	46116	0.003	0	0.003	0.003	346.737	64.6173	120	373	
7.75	8	1	18	5	3	131	46099	131	46099	0.003	0	0.003	0.003	351.901	60.9	121	485	
7.75	8	1	19	4	3	132	45916	132	45980	0.003	0	0.003	0.003	348.333	72.924	57	421	
7.75	8	1	20	3	3	199	45917	198	45866	0.003	0	0.003	0.003	231.646	151.576	26	373	
8	8.25	4	1	3	3	126	58314	126	58122	0.003	0	0.003	0.003	461.286	91.3573	201	597	
8	8.25	4	2	5	3	179	58063	180	58172	0.003	0	0.003	0.003	323.178	150.724	49	533	
8	8.25	4	3	1	3	135	58107	135	58059	0.003	0	0.003	0.003	430.067	110.647	57	533	
8	8.25	4	4	4	3	179	58095	179	58143	0.003	0	0.003	0.003	324.821	147.953	49	533	
8	8.25	4	5	2	3	132	58248	132	58128	0.003	0	0.003	0.003	440.364	97.1871	113	573	
8	8.25	2	6	5	3	173	53447	173	53487	0.003	0	0.003	0.003	309.173	160.851	30	469	
8	8.25	2	7	1	3	127	53555	127	53395	0.003	0	0.003	0.003	420.433	70.0471	145	453	
8	8.25	2	8	3	3	147	53451	147	53371	0.003	0	0.003	0.003	363.068	120.238	73	533	
8	8.25	2	9	2	3	127	53515	127	53419	0.003	0	0.003	0.003	420.622	62.3995	93	485	
8	8.25	2	10	4	3	138	53293	138	53405	0.003	0	0.003	0.003	386.993	91.9653	49	469	
8	8.25	3	11	5	3	151	56051	150	56050	0.003	0	0.003	0.003	373.667	139.612	49	469	
8	8.25	3	12	4	3	137	56349	137	56349	0.003	0	0.003	0.003	411.307	93.0196	93	485	
8	8.25	3	13	1	3	139	55871	139	55823	0.003	0	0.003	0.003	401.604	105.051	57	469	
8	8.25	3	14	3	3	142	56046	142	56094	0.003	0	0.003	0.003	395.028	111.909	57	469	
8	8.25	3	15	2	3	134	56330	134	56330	0.003	0	0.003	0.003	420.373	89.3645	121	485	
8	8.25	1	16	2	3	133	45785	133	45657	0.00305263	0.000606977	0.003	0.01	343.286	81.7361	57	533	
8	8.25	1	17	1	3	134	45974	134	45974	0.003	0	0.003	0.003	343.09	68.3234	121	373	
8	8.25	1	18	5	3	136	45982	136	45982	0.003	0	0.003	0.003	338.103	80.2735	121	485	
8	8.25	1	19	4	3	130	45742	130	45866	0.003	0	0.003	0.003	352.815	64.592	57	421	
8	8.25	1	20	3	3	194	46053	194	46053	0.003	0	0.003	0.003	237.387	147.545	26	373	
8.25	8.5	4	1	3	3	126	58122	126	58314	0.003	0	0.003	0.003	462.81	92.0099	201	597	
8.25	8.5	4	2	5	3	182	58161	181	58052	0.003	0	0.003	0.003	320.729	150.793	48	469	
8.25	8.5	4	3	1	3	138	58059	138	58107	0.003	0	0.003	0.003	421.065	120.404	57	533	
8.25	8.5	4	4	4	3	179	58163	179	58115	0.003	0	0.003	0.003	324.665	148.781	49	469	
8.25	8.5	4	5	2	3	129	58149	129	58269	0.003	0	0.003	0.003	451.698	87.0074	113	573	
8.25	8.5	2	6	5	3	144	53530	144	53402	0.003	0	0.003	0.003	370.847	118.142	32	469	
8.25	8.5	2	7	1	3	130	53794	130	53794	0.003	0	0.003	0.003	413.8	74.0189	145	453	
8.25	8.5	2	8	3	3	144	53548	144	53628	0.003	0	0.003	0.003	372.417	118.834	73	453	
8.25	8.5	2	9	2	3	132	53376	132	53376	0.003	0	0.003	0.003	404.364	83.1132	93	485	
8.25	8.5	2	10	4	3	167	53675	168	53776	0.003	0	0.003	0.003	320.095	141.583	49	469	
8.25	8.5	3	11	5	3	154	55854	154	55854	0.003	0	0.003	0.003	362.688	144.898	49	469	
8.25	8.5	3	12	4	3	136	56155	136	56155	0.003	0	0.003	0.003	412.904	98.9946	92	485	
8.25	8.5	3	13	1	3	135	56291	134	56282	0.003	0	0.003	0.003	420.015	94.2503	57	469	
8.25	8.5	3	14	3	3	136	56096	136	56096	0.003	0	0.003	0.003	412.471	104.485	57	469	
8.25	8.5	3	15	2	3	128	56172	128	56172	0.003	0	0.003	0.003	438.844	72.3176	121	485	
8.25	8.5	1	16	2	3	136	45956	136	46020	0.003	0	0.003	0.003	338.382	89.5306	57	421	
8.25	8.5	1	17	1	3	128	46160	128	46160	0.003	0	0.003	0.003	360.625	38.6266	241	373	
8.25	8.5	1	18	5	3	128	46160	128	46160	0.003	0	0.003	0.003	360.625	38.6266	241	373	
8.25	8.5	1	19	4	3	131	45991	131	45867	0.003	0	0.003	0.003	350.13	71.4617	57	421	
8.25	8.5	1	20	3	3	201	45884	201	45909	0.003	0	0.003	0.003	228.403	153.482	26	373	
8.5	8.75	4	1	3	3	129	58341	129	58341	0.003	0	0.003	0.003	452.256	97.0461	201	597	
8.5	8.75	4	2	5	3	173	57997	173	58053	0.003	0	0.003	0.003	335.566	152.895	49	533	
8.5	8.75	4	3	1	3	147	58264	147	58264	0.00304762	0.00057735	0.003	0.01	396.354	137.033	57	645	
8.5	8.75	4	4	4	3	167	57887	166	57834	0.003	0	0.003	0.003	348.398	156.147	49	533	
8.5	8.75	4	5	2	3	128	58116	128	58116	0.003	0	0.003	0.003	454.031	72.5078	113	573	
8.5	8.75	2	6	5	3	138	53607	137	53623	0.003	0	0.003	0.003	391.409	109.3	32	469	
8.5	8.75	2	7	1	3	130	53658	130	53658	0.003	0	0.003	0.003	412.754	79.1862	145	453	
8.5	8.75	2	8	3	3	144	53622	144	53622	0.003	0	0.003	0.003	372.375	119.84	73	453	
8.5	8.75	2	9	2	3	125	53617	125	53713	0.003	0	0.003	0.003	429.704	47.6332	389	485	
8.5	8.75	2	10	4	3	171	53623	170	53570	0.003	0	0.003	0.003	315.118	148.274	49	469	
8.5	8.75	3	11	5	3	145	56061	145	56061	0.003	0	0.003	0.003	386.628	135.568	49	469	
8.5	8.75	3	12	4	3	128	56102	128	56102	0.003	0	0.003	0.003	438.297	71.1328	93	485	
8.5	8.75	3	13	1	3	129	56069	130	56078	0.003	0	0.003	0.003	431.369	78.7778	57	469	
8.5	8.75	3	14	3	3	129	56069	129	56021	0.003	0	0.003	0.003	434.271	71.7704	57	469	
8.5	8.75	3	15	2	3	127	56051	127	56163	0.003	0	0.003	0.003	442.228	66.6372	121	485	
8.5	8.75	1	16	2	3	134	46130	134	46066	0.00305224	0.000604708	0.003	0.01	343.776	79.2282	57	533	
8.5	8.75	1	17	1	3	130	46230	130	46230	0.003	0	0.003	0.003	355.615	53.8565	121	485	
8.5	8.75	1	18	5	3	131	45875	131	45875	0.003	0	0.003	0.003	350.191	58.653	121	373	
8.5	8.75	1	19	4	3	135	46138	135	46138	0.00305185	0.000602464	0.003	0.01	341.763	87.3539	57	533	
8.5	8.75	1	20	3	3	200	45697	201	45723	0.003	0	0.003	0.003	227.478	149.901	26	405	
8.75	9	4	1	3	3	128	58152	128	58152	0.003	0	0.003	0.003	454.312	91.4542	201	597	
8.75	9	4	2	5	3	167	57782	168	57787	0.003	0	0.003	0.003	343.97	160.39	49	533	
8.75	9	4	3	1	3	164	58005	164	58005	0.00308536	0.000770646	0.003	0.01	353.689	154.237	57	717	
8.75	9	4	4	4	3	149	58152	150	58205	0.003	0	0.003	0.003	388.033	146.565	49	533	
8.75	9	4	5	2	3	130	58110	130	57990	0.003	0	0.003	0.003	446.077	82.431	113	573	
8.75	9	2	6	5	3	142	53781	143	53733	0.003	0	0.003	0.003	375.755	120.434	32	469	
8.75	9	2	7	1	3	130	53818	129	53673	0.003	0	0.003	0.003	416.07	75.159	145	453	
8.75	9	2	8	3	3	146	53385	146	53305	0.003	0	0.003	0.003	365.103	122.819	72	453	
8.75	9	2	9	2	3	126	53710	125	53617	0.003	0	0.003	0.003	428.936	47.5082	389	485	
8.75	9	2	10	4	3	166	53352	167	53565	0.003	0	0.003	0.003	320.749	145.443	49	469	
8.75	9	3	11	5	3	147	55987	148	56036	0.003	0	0.003	0.003	378.622	137.983	49	469	
8.75	9	3	12	4	3	131	55891	131	55891	0.003	0	0.003	0.003	426.649	81.8056	93	485	
8.75	9	3	13	1	3	139	56030	138	56033	0.003	0	0.003	0.003	406.036	103.871	56	469	
8.75	9	3	14	3	3	142	56306	142	56306	0.003	0	0.003	0.003	396.521	110.346	57	469	
8.75	9	3	15	2	3	132	56172	132	56060	0.003	0	0.003	0.003	424.697	86.1238	121	485	
8.75	9	1	16	2	3	135	45889	135	45953	0.003	0	0.003	0.003	340.393	83.6318	57	421	
8.75	9	1	17	1	3	132	46116	132	46116	0.003	0	0.003	0.003	349.364	59.1966	121	373	
8.75	9	1	18	5	3	133	46103	133	46103	0.003	0	0.003	0.003	346.639	62.8436	121	373	
8.75	9	1	19	4	3	132	45976	132	45912	0.003	0	0.003	0.003	347.818	71.4495	57	421	
8.75	9	1	20	3	3	198	45900	198	45900	0.003	0	0.003	0.003	231.818	152.02	26	405	
9	9.25	4	1	3	3	125	58305	125	58113	0.003	0	0.003	0.003	464.904	89.3135	405	597	
9	9.25	4	2	5	3	178	58270	178	58318	0.003	0	0.003	0.003	327.629	148.157	49	533	
9	9.25	4	3	1	3	142	57846	142	57798	0.00304929	0.000587427	0.003	0.01	407.028	132.622	57	645	
9	9.25	4	4	4	3	173	58049	173	58097	0.003	0	0.003	0.003	335.821	153.662	49	533	
9	9.25	4	5	2	3	132	58128	132	58128	0.003	0	0.003	0.003	440.364	95.1602	113	573	
9	9.25	2	6	5	3	141	53509	141	53541	0.003	0	0.003	0.003	379.723	112.671	32	469	
9	9.25	2	7	1	3	133	53437	134	53582	0.003	0	0.003	0.003	399.866	93.7655	145	597	
9	9.25	2	8	3	3	144	53622	144	53622	0.003	0	0.003	0.003	372.375	112.549	73	453	
9	9.25	2	9	2	3	129	53785	130	53782	0.003	0	0.003	0.003	413.708	68.1948	93	485	
9	9.25	2	10	4	3	170	53534	170	53422	0.003	0	0.003	0.003	314.247	147.398	49	469	
9	9.25	3	11	5	3	155	56330	155	56282	0.003	0	0.003	0.003	363.11	143.105	49	469	
9	9.25	3	12	4	3	141	56133	141	56133	0.003	0	0.003	0.003	398.106	107.133	93	485	
9	9.25	3	13	1	3	139	56108	140	56153	0.003	0	0.003	0.003	401.093	113.206	57	469	
9	9.25	3	14	3	3	133	55861	133	55861	0.003	0	0.003	0.003	420.008	94.6066	57	469	
9	9.25	3	15	2	3	130	55966	130	55966	0.003	0	0.003	0.003	430.508	81.9351	121	485	
9	9.25	1	16	2	3	131	45985	131	45985	0.003	0	0.003	0.003	351.031	69.1553	57	421	
9	9.25	1	17	1	3	130	45846	130	45846	0.003	0	0.003	0.003	352.662	58.4429	121	485	
9	9.25	1	18	5	3	135	46214	135	46214	0.003	0	0.003	0.003	342.326	68.6294	121	373	
9	9.25	1	19	4	3	133	45913	133	45977	0.003	0	0.003	0.003	345.692	79.0987	57	421	
9	9.25	1	20	3	3	194	45915	193	45889	0.003	0	0.003	0.003	237.767	150.906	26	373	
9.25	9.5	4	1	3	3	128	57832	128	58080	0.003	0	0.003	0.003	453.75	92.5927	173	597	
9.25	9.5	4	2	5	3	139	57639	139	57591	0.003	0	0.003	0.003	414.324	116.309	49	533	
9.25	9.5	4	3	1	3	152	58024	151	58015	0.003	0	0.003	0.003	384.205	134.075	57	533	
9.25	9.5	4	4	4	3	167	57795	167	57747	0.003	0	0.003	0.003	345.79	159.101	49	533	
9.25	9.5	4	5	2	3	131	57829	131	57949	0.003	0	0.003	0.003	442.359	78.9494	113	573	
9.25	9.5	2	6	5	3	145	53371	144	53339	0.003	0	0.003	0.003	370.41	124.854	32	469	
9.25	9.5	2	7	1	3	131	53951	131	53951	0.003	0	0.003	0.003	411.84	79.5719	145	453	
9.25	9.5	2	8	3	3	144	53540	144	53620	0.003	0	0.003	0.003	372.361	121.594	73	533	
9.25	9.5	2	9	2	3	128	53598	128	53694	0.003	0	0.003	0.003	419.484	64.5702	93	485	
9.25	9.5	2	10	4	3	168	53764	168	53716	0.003	0	0.003	0.003	319.738	145.641	49	469	
9.25	9.5	3	11	5	3	146	56014	146	56062	0.003	0	0.003	0.003	383.986	137.813	49	469	
9.25	9.5	3	12	4	3	128	56194	128	56098	0.003	0	0.003	0.003	438.266	69.0201	93	485	
9.25	9.5	3	13	1	3	130	56078	130	56030	0.003	0	0.003	0.003	431	78.7125	57	469	
9.25	9.5	3	14	3	3	130	56078	130	56078	0.003	0	0.003	0.003	431.369	78.7778	57	469	
9.25	9.5	3	15	2	3	128	56060	128	56172	0.003	0	0.003	0.003	438.844	72.3176	121	485	
9.25	9.5	1	16	2	3	135	45887	135	45887	0.00305185	0.000602464	0.003	0.01	339.904	87.6634	57	533	
9.25	9.5	1	17	1	3	131	46105	131	46105	0.003	0	0.003	0.003	351.947	57.1305	121	485	
9.25	9.5	1	18	5	3	132	45984	132	46116	0.003	0	0.003	0.003	349.364	59.1966	121	373	
9.25	9.5	1	19	4	3	134	45962	134	45962	0.003	0	0.003	0.003	343	80.1363	57	421	
9.25	9.5	1	20	3	3	199	45906	199	45881	0.003	0	0.003	0.003	230.558	148.977	26	405	
9.5	9.75	4	1	3	3	128	57766	128	57598	0.003	0	0.003	0.003	449.984	85.4104	173	517	
9.5	9.75	4	2	5	3	162	57346	161	57293	0.003	0	0.003	0.003	355.857	148.139	49	469	
9.5	9.75	4	3	1	3	158	57078	159	57087	0.00313207	0.000955419	0.003	0.01	359.038	152.698	57	597	
9.5	9.75	4	4	4	3	140	57275	140	57323	0.003	0	0.003	0.003	409.45	113.224	49	533	
9.5	9.75	4	5	2	3	128	57520	128	57632	0.003	0	0.003	0.003	450.25	66.1313	113	573	
9.5	9.75	2	6	5	3	159	53631	160	53711	0.003	0	0.003	0.003	335.694	149.253	30	469	
9.5	9.75	2	7	1	3	127	53539	127	53539	0.003	0	0.003	0.003	421.567	71.7239	145	597	
9.5	9.75	2	8	3	3	139	53503	139	53575	0.003	0	0.003	0.003	385.432	106.432	73	533	
9.5	9.75	2	9	2	3	126	53510	125	53225	0.003	0	0.003	0.003	425.8	48.6197	285	485	
9.5	9.75	2	10	4	3	161	53233	161	53233	0.00304348	0.000551677	0.003	0.01	330.64	140.834	49	621	
9.5	9.75	3	11	5	3	150	56084	149	56035	0.003	0	0.003	0.003	376.074	139.979	49	469	
9.5	9.75	3	12	4	3	132	56284	132	56380	0.003	0	0.003	0.003	427.121	83.4119	93	485	
9.5	9.75	3	13	1	3	133	55849	133	55849	0.003	0	0.003	0.003	419.917	90.824	57	469	
9.5	9.75	3	14	3	3	134	56048	134	56096	0.003	0	0.003	0.003	418.627	95.8307	57	469	
9.5	9.75	3	15	2	3	130	56410	130	56298	0.003	0	0.003	0.003	433.062	77.6268	121	485	
9.5	9.75	1	16	2	3	133	45972	133	45972	0.003	0	0.003	0.003	345.654	77.726	57	421	
9.5	9.75	1	17	1	3	131	46247	131	46247	0.003	0	0.003	0.003	353.031	52.1501	121	373	
9.5	9.75	1	18	5	3	130	46006	130	45874	0.003	0	0.003	0.003	352.877	52.3221	121	373	
9.5	9.75	1	19	4	3	132	45984	132	45984	0.003	0	0.003	0.003	348.364	75.1049	57	421	
9.5	9.75	1	20	3	3	198	45869	198	45894	0.003	0	0.003	0.003	231.788	152.684	26	373	
9.75	10	4	1	3	3	125	57401	125	57569	0.003	0	0.003	0.003	460.552	79.6723	349	517	
9.75	10	4	2	5	3	163	57241	164	57294	0.003	0	0.003	0.003	349.354	157.248	49	469	
9.75	10	4	3	1	3	153	57401	152	57332	0.003	0	0.003	0.003	377.184	141.504	57	469	
9.75	10	4	4	4	3	146	57334	146	57334	0.003	0	0.003	0.003	392.699	135.713	49	469	
9.75	10	4	5	2	3	128	57500	128	57388	0.003	0	0.003	0.003	448.344	68.8932	113	573	
9.75	10	2	6	5	3	153	53502	153	53454	0.003	0	0.003	0.003	349.373	131.874	32	469	
9.75	10	2	7	1	3	131	53323	131	53483	0.003	0	0.003	0.003	408.267	83.3614	145	453	
9.75	10	2	8	3	3	153	53517	153	53365	0.003	0	0.003	0.003	348.791	122.836	73	453	
9.75	10	2	9	2	3	134	53546	135	53831	0.003	0	0.003	0.003	398.748	75.5724	93	485	
9.75	10	2	10	4	3	163	53531	162	53482	0.003	0	0.003	0.003	330.136	135.093	49	469	
9.75	10	3	11	5	3	152	55816	153	55865	0.003	0	0.003	0.003	365.131	141.092	49	469	
9.75	10	3	12	4	3	140	56132	140	56132	0.003	0	0.003	0.003	400.943	103.249	93	485	
9.75	10	3	13	1	3	142	56318	142	56318	0.003	0	0.003	0.003	396.606	113.3	57	469	
9.75	10	3	14	3	3	144	56090	144	56042	0.003	0	0.003	0.003	389.181	117.523	57	469	
9.75	10	3	15	2	3	133	56213	133	56213	0.003	0	0.003	0.003	422.654	89.558	121	485	
9.75	10	1	16	2	3	131	45991	131	45927	0.003	0	0.003	0.003	350.588	70.0008	57	421	
9.75	10	1	17	1	3	132	45862	132	45862	0.003	0	0.003	0.003	347.439	62.399	121	373	
9.75	10	1	18	5	3	144	46248	144	46248	0.003	0	0.003	0.003	321.167	86.9934	121	373	
9.75	10	1	19	4	3	131	45927	131	45927	0.003	0	0.003	0.003	350.588	70.4494	57	421	
9.75	10	1	20	3	3	188	45876	189	45902	0.003	0	0.003	0.003	242.868	151.405	26	373	
