% start	end	CellId	IMSI	RNTI	LCID	nTxPDUs	TxBytes	nRxPDUs	RxBytes	delay	stdDev	min	max	PduSize	stdDev	min	max
0.5	0.75	4	1	5	3	58	25414	43	17946	0.00593023	0.00703865	0.003	0.024	417.349	169.465	52	775	
0.5	0.75	4	2	3	3	80	25458	61	17956	0.0044918	0.00513038	0.003	0.024	294.361	132.234	26	621	
0.5	0.75	4	3	2	3	60	25422	45	18164	0.00502222	0.00530218	0.003	0.024	403.644	194.839	49	903	
0.5	0.75	4	4	1	3	59	25416	42	16488	0.0045	0.00395246	0.003	0.024	392.571	161.203	49	685	
0.5	0.75	4	5	4	3	47	25394	44	23651	0.01	0.00691813	0.003	0.017	537.523	264.234	93	1056	
0.5	0.75	2	6	4	3	53	25402	52	24917	0.00569231	0.00343876	0.003	0.01	479.173	223.25	34	1056	
0.5	0.75	2	7	5	3	66	25428	51	20225	0.00327451	0.00196039	0.003	0.017	396.569	184.925	15	839	
0.5	0.75	2	8	2	3	65	25426	61	24018	0.00667213	0.00659222	0.003	0.024	393.738	224.103	57	1056	
0.5	0.75	2	9	3	3	77	25450	63	20375	0.00333333	0.00195926	0.003	0.017	323.413	187.893	32	621	
0.5	0.75	2	10	1	3	53	25402	52	25312	0.00542308	0.00336269	0.003	0.01	486.769	197.036	90	1056	
0.5	0.75	3	11	5	3	96	25488	83	20278	0.00316867	0.0015367	0.003	0.017	244.313	161.894	8	621	
0.5	0.75	3	12	3	3	57	25410	40	16485	0.00335	0.00154505	0.003	0.01	412.125	176.255	49	839	
0.5	0.75	3	13	1	3	55	25408	53	24118	0.00775472	0.00669358	0.003	0.017	455.057	233.715	45	1056	
0.5	0.75	3	14	4	3	55	25406	53	24340	0.00801887	0.00677805	0.003	0.017	459.245	201.242	10	839	
0.5	0.75	3	15	2	3	51	25400	50	24731	0.0079	0.0065192	0.003	0.017	494.62	197.06	90	1056	
0.5	0.75	1	16	3	3	59	25414	57	24718	0.00778947	0.00650202	0.003	0.017	433.649	202.316	34	1056	
0.5	0.75	1	17	2	3	74	25446	63	19752	0.00377778	0.00335263	0.003	0.024	313.524	191.293	32	710	
0.5	0.75	1	18	4	3	60	25416	58	24673	0.00722414	0.00641556	0.003	0.017	425.397	169.078	57	839	
0.5	0.75	1	19	5	3	57	25410	55	24741	0.00770909	0.00646836	0.003	0.017	449.836	203.26	93	871	
0.5	0.75	1	20	1	3	64	25424	50	19542	0.00412	0.00383667	0.003	0.024	390.84	213.009	49	839	
0.75	1	4	1	5	3	78	26506	57	17366	0.00385965	0.00297873	0.003	0.017	304.667	114.889	57	533	
0.75	1	4	2	3	3	89	26528	69	18555	0.00360869	0.00354889	0.003	0.024	268.913	112.053	15	437	
0.75	1	4	3	2	3	71	26492	50	16030	0.00398	0.00346699	0.003	0.017	320.6	91.2333	49	469	
0.75	1	4	4	1	3	78	26506	55	16778	0.00338182	0.00160429	0.003	0.01	305.055	118.843	49	698	
0.75	1	4	5	4	3	47	26446	48	27278	0.0124792	0.00653628	0.003	0.017	568.292	283.458	162	1056	
0.75	1	2	6	4	3	63	26476	63	26476	0.00622222	0.00351698	0.003	0.01	420.254	213.816	27	839	
0.75	1	2	7	5	3	79	26508	62	22947	0.003	0	0.003	0.003	370.113	156.423	7	839	
0.75	1	2	8	2	3	85	26520	75	24214	0.00477333	0.0052853	0.003	0.024	322.853	144.47	42	597	
0.75	1	2	9	3	3	90	26530	74	22851	0.00318919	0.00114288	0.003	0.01	308.797	157.185	20	621	
0.75	1	2	10	1	3	59	26470	59	25504	0.00608474	0.00350511	0.003	0.01	432.271	167.044	90	839	
0.75	1	3	11	5	3	93	26536	69	19536	0.003	0	0.003	0.003	283.13	122.772	26	437	
0.75	1	3	12	3	3	69	26488	49	18864	0.00385714	0.00307544	0.003	0.017	384.98	135.161	101	642	
0.75	1	3	13	1	3	65	26480	65	27142	0.0086	0.00691195	0.003	0.017	417.569	170.559	72	839	
0.75	1	3	14	4	3	64	26478	64	26924	0.00846875	0.00688446	0.003	0.017	420.688	148.812	15	757	
0.75	1	3	15	2	3	63	26476	63	27055	0.00844444	0.00682211	0.003	0.017	429.444	160.502	98	1056	
0.75	1	1	16	3	3	70	26490	70	25816	0.0078	0.00647761	0.003	0.017	368.8	138.641	42	693	
0.75	1	1	17	2	3	88	26526	70	20864	0.0033	0.00142798	0.003	0.01	298.057	143.944	22	621	
0.75	1	1	18	4	3	73	26496	73	26851	0.00779452	0.00658694	0.003	0.024	367.822	125.971	3	701	
0.75	1	1	19	5	3	68	26486	68	26204	0.00783823	0.00654174	0.003	0.017	385.353	149.709	74	669	
0.75	1	1	20	1	3	75	26500	56	20448	0.003625	0.00241633	0.003	0.017	365.143	142.034	18	797	
1	1.25	4	1	5	3	74	26504	61	21256	0.00472131	0.00489262	0.003	0.024	348.459	136.527	55	1056	
1	1.25	4	2	3	3	93	26540	80	20608	0.003875	0.00391807	0.003	0.024	257.6	116.731	26	550	
1	1.25	4	3	2	3	81	26516	63	19415	0.00388889	0.00320338	0.003	0.017	308.175	84.3898	49	469	
1	1.25	4	4	1	3	81	26512	62	19203	0.00367742	0.00328321	0.003	0.024	309.726	97.7037	49	621	
1	1.25	4	5	4	3	59	26474	60	26826	0.00906667	0.00663035	0.003	0.017	447.1	255.497	15	1056	
1	1.25	2	6	4	3	67	26486	67	26138	0.00540298	0.00334872	0.003	0.01	390.119	166.424	26	839	
1	1.25	2	7	5	3	87	26524	69	22831	0.00330435	0.00143798	0.003	0.01	330.884	162.867	15	573	
1	1.25	2	8	2	3	77	26504	67	24579	0.00508955	0.00439604	0.003	0.017	366.851	150.211	57	1056	
1	1.25	2	9	3	3	93	26536	78	23354	0.00344872	0.00260692	0.003	0.024	299.41	150.401	32	621	
1	1.25	2	10	1	3	67	26484	66	26601	0.00565151	0.00342162	0.003	0.01	403.045	192.148	66	1056	
1	1.25	3	11	5	3	94	26538	78	20944	0.00317949	0.00158519	0.003	0.017	268.513	120.124	16	437	
1	1.25	3	12	3	3	78	26506	65	21949	0.00483077	0.00376899	0.003	0.017	337.677	156.502	16	621	
1	1.25	3	13	1	3	66	26486	67	26554	0.0071791	0.00622051	0.003	0.017	396.328	145.977	16	685	
1	1.25	3	14	4	3	66	26484	67	26616	0.00780597	0.0062383	0.003	0.017	397.254	191.108	15	1056	
1	1.25	3	15	2	3	66	26484	67	26556	0.00759701	0.00591367	0.003	0.017	396.358	171.38	10	839	
1	1.25	1	16	3	3	65	26480	65	26791	0.00698461	0.00618338	0.003	0.017	412.169	205.738	15	1056	
1	1.25	1	17	2	3	83	26518	72	23532	0.00445833	0.00438608	0.003	0.024	326.833	198.18	7	1056	
1	1.25	1	18	4	3	68	26488	68	26117	0.00691176	0.00632865	0.003	0.024	384.074	201.753	42	1034	
1	1.25	1	19	5	3	65	26482	65	26658	0.00687692	0.00619099	0.003	0.017	410.123	171.642	4	839	
1	1.25	1	20	1	3	72	26494	64	24863	0.00496875	0.00474415	0.003	0.017	388.484	222.615	18	1056	
1.25	1.5	4	1	5	3	74	26498	52	17687	0.00367308	0.00317911	0.003	0.024	340.135	89.6586	57	597	
1.25	1.5	4	2	3	3	95	26540	73	17229	0.003	0	0.003	0.003	236.014	106.956	26	437	
1.25	1.5	4	3	2	3	77	26504	59	17743	0.00394915	0.00354976	0.003	0.024	300.729	122.617	23	741	
1.25	1.5	4	4	1	3	77	26504	56	16711	0.0035	0.0022563	0.003	0.017	298.411	122.719	49	741	
1.25	1.5	4	5	4	3	49	26450	48	26098	0.0121875	0.00664176	0.003	0.017	543.708	289.32	149	1056	
1.25	1.5	2	6	4	3	65	26482	65	26710	0.00590769	0.00347636	0.003	0.01	410.923	196.268	34	839	
1.25	1.5	2	7	5	3	87	26524	70	23558	0.0035	0.00274918	0.003	0.024	336.543	189.19	19	839	
1.25	1.5	2	8	2	3	78	26506	62	21176	0.00367742	0.00302868	0.003	0.024	341.548	144.385	50	717	
1.25	1.5	2	9	3	3	90	26530	73	22480	0.00309589	0.000819288	0.003	0.01	307.945	141.832	39	597	
1.25	1.5	2	10	1	3	61	26474	62	26728	0.00604839	0.00349907	0.003	0.01	431.097	213.412	66	1056	
1.25	1.5	3	11	5	3	91	26532	70	19747	0.0033	0.00250998	0.003	0.024	282.1	122.906	16	437	
1.25	1.5	3	12	3	3	74	26498	52	18758	0.00340385	0.00164805	0.003	0.01	360.731	145.423	49	621	
1.25	1.5	3	13	1	3	68	26486	67	26126	0.00801492	0.00665262	0.003	0.017	389.94	154.332	73	685	
1.25	1.5	3	14	4	3	63	26476	62	25754	0.00830645	0.00678858	0.003	0.017	415.387	176.773	73	1056	
1.25	1.5	3	15	2	3	59	26470	58	25723	0.00867241	0.00674443	0.003	0.017	443.5	137.613	90	693	
1.25	1.5	1	16	3	3	74	26498	74	26929	0.00772973	0.00666682	0.003	0.017	363.905	106.368	73	614	
1.25	1.5	1	17	2	3	79	26508	57	19544	0.003	0	0.003	0.003	342.877	117.83	32	621	
1.25	1.5	1	18	4	3	74	26498	74	26629	0.00791892	0.00702199	0.003	0.024	359.851	146.74	51	826	
1.25	1.5	1	19	5	3	70	26490	70	26893	0.008	0.00675664	0.003	0.017	384.186	128.034	90	773	
1.25	1.5	1	20	1	3	81	26512	62	21002	0.00345161	0.00214764	0.003	0.017	338.742	133.121	49	621	
1.5	1.75	4	1	5	3	83	26516	62	18349	0.00345161	0.00173373	0.003	0.01	295.952	92.1873	7	474	
1.5	1.75	4	2	3	3	90	26530	69	17306	0.003	0	0.003	0.003	250.812	97.186	51	437	
1.5	1.75	4	3	2	3	83	26516	62	18257	0.00356452	0.00262785	0.003	0.017	294.468	104.4	15	469	
1.5	1.75	4	4	1	3	81	26512	59	18354	0.00359322	0.00298917	0.003	0.024	311.085	93.2716	49	533	
1.5	1.75	4	5	4	3	47	26450	46	25247	0.0119783	0.00654383	0.003	0.017	548.848	324.098	193	1056	
1.5	1.75	2	6	4	3	61	26472	61	26811	0.00621311	0.00351717	0.003	0.01	439.525	201.078	34	1056	
1.5	1.75	2	7	5	3	85	26520	67	22743	0.003	0	0.003	0.003	339.448	164.54	7	693	
1.5	1.75	2	8	2	3	81	26512	65	22352	0.00364615	0.00238767	0.003	0.017	343.877	164.04	57	839	
1.5	1.75	2	9	3	3	93	26536	79	24265	0.003	0	0.003	0.003	307.152	149.803	21	597	
1.5	1.75	2	10	1	3	60	26470	61	27155	0.00586885	0.00347119	0.003	0.01	445.164	202.29	58	1056	
1.5	1.75	3	11	5	3	93	26536	71	19359	0.003	0	0.003	0.003	272.662	104.096	26	437	
1.5	1.75	3	12	3	3	75	26500	53	19769	0.00326415	0.00134666	0.003	0.01	373	131.303	49	621	
1.5	1.75	3	13	1	3	59	26468	59	26338	0.00916949	0.00701022	0.003	0.017	446.407	160.053	73	839	
1.5	1.75	3	14	4	3	67	26484	67	26926	0.00843283	0.00687381	0.003	0.017	401.881	143.658	149	839	
1.5	1.75	3	15	2	3	64	26478	64	26956	0.00846875	0.00688446	0.003	0.017	421.187	164.461	93	1056	
1.5	1.75	1	16	3	3	74	26498	74	26438	0.00772973	0.00666682	0.003	0.017	357.27	119.802	73	685	
1.5	1.75	1	17	2	3	84	26518	60	19705	0.00323333	0.00180739	0.003	0.017	328.417	123.229	32	621	
1.5	1.75	1	18	4	3	76	26502	73	25615	0.00731507	0.00676567	0.003	0.024	350.89	109.944	57	646	
1.5	1.75	1	19	5	3	69	26488	69	26184	0.00807246	0.00677868	0.003	0.017	379.478	132.233	90	669	
1.5	1.75	1	20	1	3	76	26502	54	20209	0.00325926	0.00133438	0.003	0.01	374.241	98.5939	49	533	
1.75	2	4	1	5	3	76	26502	53	17124	0.0035283	0.00302301	0.003	0.024	323.094	79.1236	57	533	
1.75	2	4	2	3	3	92	26534	69	17044	0.003	0	0.003	0.003	247.014	110.351	26	437	
1.75	2	4	3	2	3	76	26502	51	15747	0.003	0	0.003	0.003	308.765	97.0391	49	469	
1.75	2	4	4	1	3	81	26512	58	16892	0.00348276	0.00289125	0.003	0.024	291.241	102.562	49	469	
1.75	2	4	5	4	3	44	26438	45	26811	0.0138889	0.00588612	0.003	0.017	595.8	326.574	73	1056	
1.75	2	2	6	4	3	61	26474	61	26594	0.00598361	0.00349042	0.003	0.01	435.967	182.63	34	1095	
1.75	2	2	7	5	3	79	26508	62	22391	0.003	0	0.003	0.003	361.145	159.051	49	749	
1.75	2	2	8	2	3	78	26506	63	21965	0.00333333	0.00150269	0.003	0.01	348.651	142.002	3	597	
1.75	2	2	9	3	3	91	26532	71	23372	0.003	0	0.003	0.003	329.183	120.363	32	517	
1.75	2	2	10	1	3	58	26466	57	26029	0.00607017	0.00350438	0.003	0.01	456.649	183.473	66	1056	
1.75	2	3	11	5	3	96	26542	76	20953	0.003	0	0.003	0.003	275.697	116.571	51	477	
1.75	2	3	12	3	3	74	26498	53	19368	0.00313207	0.000961524	0.003	0.01	365.434	146.173	12	621	
1.75	2	3	13	1	3	66	26482	67	27218	0.00874627	0.00688508	0.003	0.017	406.239	162.734	66	839	
1.75	2	3	14	4	3	61	26472	62	27006	0.00898387	0.00692463	0.003	0.017	435.581	187.562	73	1056	
1.75	2	3	15	2	3	60	26470	60	26659	0.00895	0.00691945	0.003	0.017	444.317	183.127	74	1056	
1.75	2	1	16	3	3	74	26498	74	26498	0.00791892	0.00662862	0.003	0.017	358.081	134.878	73	685	
1.75	2	1	17	2	3	87	26524	64	20969	0.00310937	0.000875	0.003	0.01	327.641	136.343	32	621	
1.75	2	1	18	4	3	80	26510	77	25833	0.00736364	0.00718535	0.003	0.024	335.494	129.927	51	637	
1.75	2	1	19	5	3	67	26484	68	26675	0.00825	0.00677435	0.003	0.017	392.279	169.938	7	1056	
1.75	2	1	20	1	3	80	26510	57	19837	0.00312281	0.000927173	0.003	0.01	348.018	100.033	49	533	
2	2.25	4	1	5	3	78	26508	62	19098	0.00469355	0.00394465	0.003	0.024	308.032	151.094	19	1056	
2	2.25	4	2	3	3	91	26532	73	19656	0.00357534	0.00345172	0.003	0.024	269.26	106.104	26	477	
2	2.25	4	3	2	3	80	26512	62	19069	0.00412903	0.00339954	0.003	0.024	307.565	112.515	8	637	
2	2.25	4	4	1	3	84	26518	66	19492	0.00384848	0.00313414	0.003	0.024	295.333	112.118	8	496	
2	2.25	4	5	4	3	58	26468	58	26695	0.00963793	0.00674003	0.003	0.017	460.259	270.461	73	1056	
2	2.25	2	6	4	3	68	26486	68	26027	0.00557353	0.00340025	0.003	0.01	382.75	137.424	113	717	
2	2.25	2	7	5	3	85	26520	68	22684	0.00320588	0.00169775	0.003	0.017	333.588	155.777	49	839	
2	2.25	2	8	2	3	74	26498	60	21144	0.00405	0.00382864	0.003	0.024	352.4	153.557	55	839	
2	2.25	2	9	3	3	89	26528	74	23382	0.00309459	0.000813733	0.003	0.01	315.973	152.768	32	621	
2	2.25	2	10	1	3	69	26488	69	26108	0.00543478	0.00335839	0.003	0.01	378.377	159.968	66	685	
2	2.25	3	11	5	3	92	26536	78	21306	0.00407692	0.004662	0.003	0.024	273.154	117.362	27	485	
2	2.25	3	12	3	3	75	26500	60	20307	0.00381667	0.00260698	0.003	0.017	338.45	135.251	49	693	
2	2.25	3	13	1	3	73	26496	72	25819	0.00688889	0.0062044	0.003	0.017	358.597	125.006	15	839	
2	2.25	3	14	4	3	71	26492	70	25727	0.0072	0.00623826	0.003	0.017	367.529	150.988	15	839	
2	2.25	3	15	2	3	64	26478	64	26294	0.00726562	0.0063126	0.003	0.017	410.844	177.317	15	1056	
2	2.25	1	16	3	3	70	26490	70	26048	0.0078	0.00658633	0.003	0.017	372.114	158.943	66	839	
2	2.25	1	17	2	3	81	26512	63	20538	0.00333333	0.00195926	0.003	0.017	326	139.143	24	621	
2	2.25	1	18	4	3	76	26502	70	24479	0.0065	0.0063901	0.003	0.024	349.7	136.852	42	701	
2	2.25	1	19	5	3	67	26484	66	25727	0.00777273	0.00651577	0.003	0.017	389.803	169.232	90	1056	
2	2.25	1	20	1	3	76	26502	63	22500	0.00455555	0.00425319	0.003	0.024	357.143	136.874	49	839	
2.25	2.5	4	1	5	3	76	26502	67	21817	0.00582089	0.00572323	0.003	0.024	325.627	121.866	27	701	
2.25	2.5	4	2	3	3	97	26544	81	19896	0.00446913	0.00527515	0.003	0.024	245.63	107.773	26	451	
2.25	2.5	4	3	2	3	76	26502	65	21487	0.00590769	0.00493306	0.003	0.017	330.569	148.022	23	701	
2.25	2.5	4	4	1	3	81	26512	68	20509	0.00444118	0.00392992	0.003	0.017	301.603	116.516	31	534	
2.25	2.5	4	5	4	3	68	26486	68	27160	0.00794118	0.00640635	0.003	0.017	399.412	228.667	31	1056	
2.25	2.5	2	6	4	3	62	26474	62	26474	0.00525806	0.00329896	0.003	0.01	427	186.659	3	749	
2.25	2.5	2	7	5	3	85	26522	76	24523	0.00401316	0.00391065	0.003	0.024	322.671	171.391	23	621	
2.25	2.5	2	8	2	3	79	26508	76	25470	0.00594737	0.00501702	0.003	0.017	335.132	156.911	18	717	
2.25	2.5	2	9	3	3	90	26530	76	22709	0.00327631	0.00137209	0.003	0.01	298.803	162.954	10	621	
2.25	2.5	2	10	1	3	62	26474	62	26718	0.00570968	0.00343744	0.003	0.01	430.935	158.588	66	817	
2.25	2.5	3	11	5	3	96	26542	82	22497	0.00462195	0.00507631	0.003	0.024	274.354	159.978	26	597	
2.25	2.5	3	12	3	3	76	26502	70	24365	0.0071	0.00498447	0.003	0.017	348.071	165.942	72	839	
2.25	2.5	3	13	1	3	73	26498	73	26802	0.00673973	0.00584291	0.003	0.017	367.151	165.546	66	839	
2.25	2.5	3	14	4	3	73	26496	72	26734	0.00756944	0.00577471	0.003	0.017	371.306	162.914	35	1056	
2.25	2.5	3	15	2	3	66	26482	67	27151	0.00686567	0.0047638	0.003	0.017	405.239	202.076	28	1056	
2.25	2.5	1	16	3	3	59	26470	60	27590	0.00813333	0.00655477	0.003	0.017	459.833	235.779	3	1056	
2.25	2.5	1	17	2	3	73	26498	59	17799	0.00347458	0.00255529	0.003	0.017	301.678	165.944	32	676	
2.25	2.5	1	18	4	3	67	26484	67	26180	0.00686567	0.00600478	0.003	0.017	390.746	184.977	27	839	
2.25	2.5	1	19	5	3	57	26464	58	27324	0.0087931	0.00657416	0.003	0.017	471.103	227.212	93	1056	
2.25	2.5	1	20	1	3	64	26478	53	20499	0.00616981	0.00558754	0.003	0.024	386.774	211.667	49	1056	
2.5	2.75	4	1	5	3	76	26506	60	19322	0.0051	0.00536056	0.003	0.024	322.033	97.8673	101	573	
2.5	2.75	4	2	3	3	96	26542	77	19053	0.00336364	0.00251265	0.003	0.024	247.442	130.369	26	692	
2.5	2.75	4	3	2	3	80	26510	62	18758	0.00412903	0.00384317	0.003	0.024	302.548	117.808	49	685	
2.5	2.75	4	4	1	3	77	26508	58	18411	0.0042069	0.00396369	0.003	0.024	317.431	118.848	49	573	
2.5	2.75	4	5	4	3	58	26472	57	26681	0.00975438	0.00674082	0.003	0.017	468.088	254.953	73	1056	
2.5	2.75	2	6	4	3	63	26478	63	26598	0.00633333	0.00414262	0.003	0.017	422.19	166.09	34	717	
2.5	2.75	2	7	5	3	85	26520	67	23189	0.00341791	0.00269202	0.003	0.024	346.104	144.782	49	693	
2.5	2.75	2	8	2	3	76	26504	70	25126	0.0055	0.00533447	0.003	0.024	358.943	123.919	57	645	
2.5	2.75	2	9	3	3	91	26532	77	22872	0.00336364	0.00251265	0.003	0.024	297.039	147.98	32	597	
2.5	2.75	2	10	1	3	68	26486	68	26984	0.00547059	0.00337006	0.003	0.01	396.824	187.521	58	749	
2.5	2.75	3	11	5	3	100	26550	92	23380	0.0058913	0.00704999	0.003	0.024	254.13	129.006	26	583	
2.5	2.75	3	12	3	3	85	26520	75	22202	0.00552	0.00455109	0.003	0.024	296.027	132.979	3	589	
2.5	2.75	3	13	1	3	71	26492	71	26339	0.00733803	0.0057195	0.003	0.017	370.972	146.389	66	757	
2.5	2.75	3	14	4	3	76	26502	77	26643	0.00681818	0.0055101	0.003	0.017	346.013	152.949	15	839	
2.5	2.75	3	15	2	3	67	26484	66	25719	0.0070303	0.00563497	0.003	0.017	389.682	166.637	7	773	
2.5	2.75	1	16	3	3	73	26496	71	25585	0.00694366	0.00588433	0.003	0.017	360.352	160.91	10	685	
2.5	2.75	1	17	2	3	91	26532	79	22862	0.00388607	0.00409812	0.003	0.024	289.392	159.23	8	621	
2.5	2.75	1	18	4	3	73	26496	70	25575	0.0074	0.0060968	0.003	0.017	365.357	149.782	19	701	
2.5	2.75	1	19	5	3	67	26460	65	25513	0.00698461	0.00552973	0.003	0.017	392.508	184.786	58	965	
2.5	2.75	1	20	1	3	71	26492	61	22545	0.00506557	0.00449024	0.003	0.024	369.59	163.839	31	839	
2.75	3	4	1	5	3	78	26506	58	16928	0.00396552	0.00381118	0.003	0.024	291.862	120.557	49	839	
2.75	3	4	2	3	3	93	26536	73	17356	0.00367123	0.00353182	0.003	0.024	237.753	117.759	6	437	
2.75	3	4	3	2	3	76	26502	55	16874	0.0044	0.0045485	0.003	0.024	306.8	141.057	49	839	
2.75	3	4	4	1	3	75	26500	54	17229	0.00377778	0.00323697	0.003	0.024	319.056	93.8687	49	533	
2.75	3	4	5	4	3	53	26458	52	25424	0.0118846	0.00651891	0.003	0.017	488.923	289.44	25	1095	
2.75	3	2	6	4	3	61	26472	59	26343	0.00691525	0.00436399	0.003	0.017	446.492	219.384	113	1056	
2.75	3	2	7	5	3	91	26532	72	21300	0.00309722	0.000824958	0.003	0.01	295.833	135.426	32	621	
2.75	3	2	8	2	3	79	26508	61	20224	0.00380328	0.00315605	0.003	0.017	331.541	131.915	55	597	
2.75	3	2	9	3	3	87	26524	65	21448	0.00310769	0.000868243	0.003	0.01	329.969	127.518	32	621	
2.75	3	2	10	1	3	53	26456	52	25844	0.00690385	0.00351054	0.003	0.01	497	229.92	66	1056	
2.75	3	3	11	5	3	89	26528	69	19521	0.00360869	0.00354889	0.003	0.024	282.913	122.906	51	497	
2.75	3	3	12	3	3	74	26498	55	20249	0.00376364	0.00320857	0.003	0.024	368.164	114.475	49	621	
2.75	3	3	13	1	3	67	26486	67	26631	0.00791045	0.0066759	0.003	0.017	397.478	120.453	73	685	
2.75	3	3	14	4	3	68	26488	68	26333	0.00804412	0.00660717	0.003	0.017	387.25	149.735	10	833	
2.75	3	3	15	2	3	69	26490	69	26761	0.00807246	0.00656264	0.003	0.017	387.841	148.51	93	669	
2.75	3	1	16	3	3	72	26494	73	26795	0.00779452	0.00658694	0.003	0.017	367.055	117.774	73	685	
2.75	3	1	17	2	3	82	26514	58	20055	0.003	0	0.003	0.003	345.776	123.371	32	621	
2.75	3	1	18	4	3	71	26492	72	26785	0.00786111	0.00660837	0.003	0.017	372.014	107.018	117	701	
2.75	3	1	19	5	3	71	26518	72	27078	0.00786111	0.00660837	0.003	0.017	376.083	137.894	93	669	
2.75	3	1	20	1	3	81	26512	57	19718	0.00336842	0.00278152	0.003	0.024	345.93	102.681	49	533	
3	3.25	4	1	5	3	81	26512	64	19163	0.00365625	0.00298259	0.003	0.024	299.422	120.63	31	542	
3	3.25	4	2	3	3	89	26530	70	17262	0.0033	0.00250998	0.003	0.024	246.6	111	26	437	
3	3.25	4	3	2	3	85	26520	65	19103	0.00343077	0.00209888	0.003	0.017	293.892	108.797	20	469	
3	3.25	4	4	1	3	77	26504	60	18005	0.00381667	0.00226612	0.003	0.01	300.083	128.386	49	741	
3	3.25	4	5	4	3	55	26464	57	26316	0.0104912	0.00672714	0.003	0.017	461.684	273.085	67	1056	
3	3.25	2	6	4	3	58	26466	60	27046	0.00638333	0.00417455	0.003	0.017	450.767	230.164	39	1056	
3	3.25	2	7	5	3	87	26524	68	23031	0.00341176	0.00267233	0.003	0.024	338.691	153.018	32	749	
3	3.25	2	8	2	3	85	26520	73	23942	0.00463014	0.00515457	0.003	0.024	327.973	140.041	42	717	
3	3.25	2	9	3	3	88	26526	70	21934	0.0031	0.00083666	0.003	0.01	313.343	147.295	15	549	
3	3.25	2	10	1	3	56	26462	56	26462	0.00625	0.00352265	0.003	0.01	472.536	228.962	83	1056	
3	3.25	3	11	5	3	95	26540	74	19736	0.003	0	0.003	0.003	266.703	121.192	26	437	
3	3.25	3	12	3	3	74	26498	55	19491	0.00401818	0.00413428	0.003	0.024	354.382	144.614	12	621	
3	3.25	3	13	1	3	68	26486	69	26795	0.00817391	0.00675399	0.003	0.017	388.333	157.701	73	757	
3	3.25	3	14	4	3	60	26470	61	26631	0.00885246	0.00690371	0.003	0.017	436.574	190.876	73	1056	
3	3.25	3	15	2	3	65	26480	66	26974	0.00840909	0.00681396	0.003	0.017	408.697	165.66	93	865	
3	3.25	1	16	3	3	73	26496	72	26051	0.00805555	0.00666901	0.003	0.017	361.819	152.071	3	839	
3	3.25	1	17	2	3	88	26526	69	20919	0.00310145	0.000842701	0.003	0.01	303.174	129.677	32	621	
3	3.25	1	18	4	3	76	26502	74	26130	0.00772973	0.00676675	0.003	0.024	353.108	120.196	44	839	
3	3.25	1	19	5	3	70	26490	70	26204	0.0081	0.00662702	0.003	0.017	374.343	162.492	58	839	
3	3.25	1	20	1	3	77	26504	59	20582	0.00347458	0.00286691	0.003	0.024	348.847	113.174	101	693	
3.25	3.5	4	1	5	3	80	26484	62	19237	0.00458064	0.00428321	0.003	0.017	310.274	91.7381	49	533	
3.25	3.5	4	2	3	3	102	26554	85	18614	0.00374118	0.00389796	0.003	0.024	218.988	113.435	14	485	
3.25	3.5	4	3	2	3	75	26500	58	18649	0.00468965	0.00421029	0.003	0.017	321.534	92	7	482	
3.25	3.5	4	4	1	3	77	26504	59	18977	0.00418644	0.00371147	0.003	0.024	321.644	107.115	4	538	
3.25	3.5	4	5	4	3	59	25836	60	27424	0.00953333	0.00668027	0.003	0.017	457.067	242.722	65	1056	
3.25	3.5	2	6	4	3	70	26490	70	26410	0.0056	0.00360917	0.003	0.017	377.286	186.194	34	839	
3.25	3.5	2	7	5	3	76	26502	59	23589	0.00323729	0.00127765	0.003	0.01	399.814	139.584	49	839	
3.25	3.5	2	8	2	3	80	26510	67	23365	0.00508955	0.00531359	0.003	0.024	348.731	170.141	51	881	
3.25	3.5	2	9	3	3	88	26526	72	22565	0.00319444	0.00115842	0.003	0.01	313.403	133.969	32	597	
3.25	3.5	2	10	1	3	61	26472	62	27069	0.00593548	0.00348237	0.003	0.01	436.597	164.575	90	839	
3.25	3.5	3	11	5	3	91	26532	70	20030	0.0033	0.00250998	0.003	0.024	286.143	110.515	26	517	
3.25	3.5	3	12	3	3	74	26498	55	20535	0.00427273	0.00383191	0.003	0.017	373.364	147.468	49	839	
3.25	3.5	3	13	1	3	71	26492	70	25903	0.0078	0.00669328	0.003	0.017	370.043	161.806	73	757	
3.25	3.5	3	14	4	3	70	26290	69	26217	0.00807246	0.00667153	0.003	0.017	379.957	142.014	73	685	
3.25	3.5	3	15	2	3	61	26256	60	25384	0.00825	0.00665016	0.003	0.017	423.067	139.05	186	773	
3.25	3.5	1	16	3	3	60	26470	61	26776	0.00793443	0.00643394	0.003	0.017	438.951	190.992	73	1056	
3.25	3.5	1	17	2	3	75	26502	63	22503	0.00444444	0.00419976	0.003	0.024	357.19	168.105	32	669	
3.25	3.5	1	18	4	3	69	26490	71	26850	0.0076338	0.00625469	0.003	0.017	378.169	171.988	57	839	
3.25	3.5	1	19	5	3	65	26480	65	26480	0.00763077	0.00634323	0.003	0.017	407.385	163.128	31	669	
3.25	3.5	1	20	1	3	74	26498	60	20940	0.00475	0.00475724	0.003	0.024	349	174.686	43	1056	
3.5	3.75	4	1	5	3	74	26524	54	16417	0.00338889	0.00161849	0.003	0.01	304.019	107.877	28	741	
3.5	3.75	4	2	3	3	91	26532	69	18353	0.003	0	0.003	0.003	265.986	106.159	26	437	
3.5	3.75	4	3	2	3	74	26498	53	16932	0.00326415	0.00134666	0.003	0.01	319.472	131.953	49	1056	
3.5	3.75	4	4	1	3	77	26504	56	17333	0.003375	0.00207638	0.003	0.017	309.518	96.1145	7	543	
3.5	3.75	4	5	4	3	57	27102	55	25802	0.00987273	0.00706335	0.003	0.017	469.127	258.074	39	1056	
3.5	3.75	2	6	4	3	66	26482	66	26111	0.00554545	0.00339312	0.003	0.01	395.621	192.329	43	945	
3.5	3.75	2	7	5	3	82	26514	63	22306	0.003	0	0.003	0.003	354.063	158.913	49	775	
3.5	3.75	2	8	2	3	82	26514	67	22409	0.00331343	0.00145861	0.003	0.01	334.463	140.507	52	597	
3.5	3.75	2	9	3	3	86	26522	68	22474	0.003	0	0.003	0.003	330.5	150.455	32	621	
3.5	3.75	2	10	1	3	63	26476	63	26364	0.00588889	0.00347392	0.003	0.01	418.476	199.771	66	839	
3.5	3.75	3	11	5	3	95	26540	73	20808	0.003	0	0.003	0.003	285.041	114.73	36	437	
3.5	3.75	3	12	3	3	74	26498	52	21087	0.00340385	0.00164805	0.003	0.01	405.519	136.264	49	621	
3.5	3.75	3	13	1	3	59	26468	59	26444	0.00845763	0.00688657	0.003	0.017	448.203	161.977	159	757	
3.5	3.75	3	14	4	3	63	26678	63	26592	0.00811111	0.00679447	0.003	0.017	422.095	176.646	73	1056	
3.5	3.75	3	15	2	3	64	26696	64	26416	0.00825	0.0068313	0.003	0.017	412.75	173.213	26	1056	
3.5	3.75	1	16	3	3	72	26494	72	26628	0.00786111	0.00671199	0.003	0.017	369.833	147.636	10	693	
3.5	3.75	1	17	2	3	81	26512	58	19802	0.00324138	0.00183829	0.003	0.017	341.414	111.584	75	621	
3.5	3.75	1	18	4	3	75	26500	75	26512	0.00766667	0.00664411	0.003	0.017	353.493	159.278	7	1056	
3.5	3.75	1	19	5	3	72	26494	73	27363	0.00779452	0.00668946	0.003	0.017	374.836	158.227	90	773	
3.5	3.75	1	20	1	3	83	26516	65	22117	0.00375385	0.00330261	0.003	0.024	340.262	129.271	49	533	
3.75	4	4	1	5	3	83	26516	59	16853	0.00335593	0.00273397	0.003	0.024	285.644	99.8077	49	469	
3.75	4	4	2	3	3	90	26530	65	15960	0.003	0	0.003	0.003	245.538	99.3215	26	437	
3.75	4	4	3	2	3	79	26508	54	16042	0.003	0	0.003	0.003	297.074	94.3618	49	469	
3.75	4	4	4	1	3	79	26508	55	15264	0.00325454	0.00188776	0.003	0.017	277.527	102.701	49	534	
3.75	4	4	5	4	3	42	26434	43	26146	0.0156977	0.00411464	0.003	0.017	608.047	333.405	148	1056	
3.75	4	2	6	4	3	67	26484	67	26703	0.00592537	0.00388202	0.003	0.017	398.552	172.078	34	839	
3.75	4	2	7	5	3	85	26520	64	22008	0.00310937	0.000875	0.003	0.01	343.875	149.245	49	693	
3.75	4	2	8	2	3	81	26512	65	21642	0.00407692	0.00414694	0.003	0.024	332.954	143.793	55	645	
3.75	4	2	9	3	3	89	26528	68	23045	0.003	0	0.003	0.003	338.897	141.014	32	621	
3.75	4	2	10	1	3	61	26472	61	26237	0.00609836	0.00350573	0.003	0.01	430.115	183.915	26	839	
3.75	4	3	11	5	3	104	26558	84	21546	0.00325	0.00229129	0.003	0.024	256.5	137.34	15	573	
3.75	4	3	12	3	3	72	26494	53	19706	0.00339623	0.00163307	0.003	0.01	371.811	143.639	49	621	
3.75	4	3	13	1	3	60	26470	61	26712	0.00931147	0.00684724	0.003	0.017	437.902	207.75	73	1056	
3.75	4	3	14	4	3	61	26472	62	26560	0.00887097	0.00684844	0.003	0.017	428.387	173.959	73	1056	
3.75	4	3	15	2	3	62	26474	62	26845	0.00898387	0.00680764	0.003	0.017	432.984	201.109	93	1056	
3.75	4	1	16	3	3	77	26504	78	26738	0.00748718	0.00647822	0.003	0.017	342.795	130.597	73	757	
3.75	4	1	17	2	3	83	26516	61	19992	0.003	0	0.003	0.003	327.738	123.553	32	621	
3.75	4	1	18	4	3	77	26504	78	26786	0.00748718	0.00647822	0.003	0.017	343.41	114.493	42	637	
3.75	4	1	19	5	3	71	26492	72	26678	0.00786111	0.00660837	0.003	0.017	370.528	124.588	93	578	
3.75	4	1	20	1	3	81	26512	61	20319	0.00357377	0.00193614	0.003	0.01	333.098	137.91	12	749	
4	4.25	4	1	5	3	78	26506	58	17578	0.00432759	0.00481003	0.003	0.024	303.069	93.8956	23	586	
4	4.25	4	2	3	3	86	26522	63	16442	0.00333333	0.00264575	0.003	0.024	260.984	96.1279	26	437	
4	4.25	4	3	2	3	80	26510	57	17880	0.00349123	0.00291623	0.003	0.024	313.684	95.6581	49	421	
4	4.25	4	4	1	3	76	26502	54	16862	0.00364815	0.00312118	0.003	0.024	312.259	126.075	8	797	
4	4.25	4	5	4	3	45	26442	45	26442	0.0128	0.0064017	0.003	0.017	587.6	309.496	72	1056	
4	4.25	2	6	4	3	65	26480	65	26368	0.0058	0.00367083	0.003	0.017	405.662	167.57	34	717	
4	4.25	2	7	5	3	83	26516	63	22680	0.00311111	0.000881917	0.003	0.01	360	138.215	18	693	
4	4.25	2	8	2	3	81	26512	70	22717	0.0043	0.00450555	0.003	0.024	324.529	142.457	57	645	
4	4.25	2	9	3	3	88	26526	74	22223	0.00309459	0.000813733	0.003	0.01	300.311	144.237	32	621	
4	4.25	2	10	1	3	61	26472	61	26707	0.00586885	0.00347119	0.003	0.01	437.82	175.486	11	1056	
4	4.25	3	11	5	3	99	26548	84	21013	0.0035	0.00322079	0.003	0.024	250.155	120.168	26	437	
4	4.25	3	12	3	3	77	26506	59	19956	0.00359322	0.00235708	0.003	0.017	338.237	113.829	49	573	
4	4.25	3	13	1	3	65	26482	64	26547	0.0078125	0.00658492	0.003	0.017	414.797	186.798	10	1056	
4	4.25	3	14	4	3	68	26486	67	26028	0.00801492	0.00665262	0.003	0.017	388.478	158.489	73	839	
4	4.25	3	15	2	3	61	26474	61	26199	0.00885246	0.00666292	0.003	0.017	429.492	166.925	26	839	
4	4.25	1	16	3	3	73	26496	72	26419	0.00766667	0.00664598	0.003	0.017	366.931	137.234	73	685	
4	4.25	1	17	2	3	77	26504	52	19464	0.003	0	0.003	0.003	374.308	89.7254	117	621	
4	4.25	1	18	4	3	77	26504	75	25406	0.00729333	0.00649901	0.003	0.017	338.747	120.555	57	701	
4	4.25	1	19	5	3	67	26486	66	26017	0.00809091	0.00678625	0.003	0.017	394.197	154.921	90	839	
4	4.25	1	20	1	3	81	26512	61	20484	0.00345902	0.00282001	0.003	0.024	335.803	134.06	49	839	
4.25	4.5	4	1	5	3	84	26520	69	19719	0.00401449	0.00345344	0.003	0.024	285.783	110.22	44	538	
4.25	4.5	4	2	3	3	96	26542	79	19587	0.00406329	0.00420726	0.003	0.024	247.937	113.142	11	469	
4.25	4.5	4	3	2	3	91	26532	78	20604	0.00416667	0.00327294	0.003	0.017	264.154	107.671	12	586	
4.25	4.5	4	4	1	3	85	26522	68	19970	0.00330882	0.00144818	0.003	0.01	293.676	113.743	40	839	
4.25	4.5	4	5	4	3	67	26486	67	27080	0.00864179	0.00658902	0.003	0.017	404.179	248.374	73	1056	
4.25	4.5	2	6	4	3	71	26492	71	26716	0.00516901	0.00346817	0.003	0.017	376.282	166.55	7	722	
4.25	4.5	2	7	5	3	89	26528	71	24122	0.003	0	0.003	0.003	339.746	141.149	49	573	
4.25	4.5	2	8	2	3	87	26524	73	23548	0.0039589	0.00356074	0.003	0.024	322.575	153.739	13	597	
4.25	4.5	2	9	3	3	89	26528	75	23572	0.00318667	0.00161658	0.003	0.017	314.293	154.545	20	597	
4.25	4.5	2	10	1	3	62	26474	62	26610	0.00525806	0.00329896	0.003	0.01	429.194	178.369	66	1056	
4.25	4.5	3	11	5	3	103	26556	89	23285	0.00347191	0.0031301	0.003	0.024	261.629	119.099	4	437	
4.25	4.5	3	12	3	3	80	26510	66	20933	0.00416667	0.00380115	0.003	0.024	317.167	143.142	7	693	
4.25	4.5	3	13	1	3	69	26488	69	26189	0.00695652	0.00629293	0.003	0.017	379.551	172.102	51	839	
4.25	4.5	3	14	4	3	69	26490	69	26714	0.00756522	0.00655627	0.003	0.017	387.159	204.742	15	1056	
4.25	4.5	3	15	2	3	65	26482	66	27703	0.00724242	0.00648326	0.003	0.017	419.742	170.524	90	839	
4.25	4.5	1	16	3	3	75	26500	75	26289	0.00682667	0.00612124	0.003	0.017	350.52	138.657	11	685	
4.25	4.5	1	17	2	3	85	26520	68	21228	0.003	0	0.003	0.003	312.176	123.646	15	517	
4.25	4.5	1	18	4	3	78	26506	79	27319	0.0065443	0.00602303	0.003	0.017	345.81	119.04	11	637	
4.25	4.5	1	19	5	3	68	26486	69	26952	0.00726087	0.00637701	0.003	0.017	390.609	139.55	50	669	
4.25	4.5	1	20	1	3	78	26506	59	21216	0.00383051	0.00345988	0.003	0.024	359.593	113.082	111	693	
4.5	4.75	4	1	5	3	75	26500	61	19895	0.00472131	0.00454654	0.003	0.024	326.148	125.517	57	637	
4.5	4.75	4	2	3	3	90	26532	73	19306	0.00405479	0.00398571	0.003	0.024	264.466	104.522	26	437	
4.5	4.75	4	3	2	3	86	26522	72	20770	0.00455555	0.00427205	0.003	0.024	288.472	120.294	8	533	
4.5	4.75	4	4	1	3	81	26514	72	22664	0.00572222	0.00570204	0.003	0.024	314.778	130.65	49	694	
4.5	4.75	4	5	4	3	62	26480	63	27465	0.00833333	0.00637536	0.003	0.017	435.952	254.106	51	1383	
4.5	4.75	2	6	4	3	65	26480	65	26029	0.00569231	0.00343203	0.003	0.01	400.446	193.795	34	1056	
4.5	4.75	2	7	5	3	78	26506	64	22696	0.00409375	0.00398696	0.003	0.024	354.625	157.866	49	749	
4.5	4.75	2	8	2	3	71	26492	63	23568	0.00566667	0.00539713	0.003	0.024	374.095	185.461	57	1056	
4.5	4.75	2	9	3	3	91	26532	79	23098	0.00353164	0.00269299	0.003	0.024	292.38	152.642	15	597	
4.5	4.75	2	10	1	3	64	26478	64	26346	0.00595312	0.00348434	0.003	0.01	411.656	208.524	10	1056	
4.5	4.75	3	11	5	3	96	26542	81	22177	0.003	0	0.003	0.003	273.79	122.132	51	517	
4.5	4.75	3	12	3	3	72	26494	60	23323	0.00545	0.00528646	0.003	0.024	388.717	150.849	18	741	
4.5	4.75	3	13	1	3	66	26484	67	27382	0.00780597	0.00658566	0.003	0.017	408.687	171.453	72	833	
4.5	4.75	3	14	4	3	68	26488	70	27407	0.0069	0.00615065	0.003	0.017	391.529	145.586	15	749	
4.5	4.75	3	15	2	3	64	26480	66	27340	0.00734848	0.0061105	0.003	0.017	414.242	158.611	93	865	
4.5	4.75	1	16	3	3	71	26492	72	27097	0.00756944	0.00645205	0.003	0.017	376.347	172.992	10	909	
4.5	4.75	1	17	2	3	80	26512	65	21173	0.00429231	0.00389199	0.003	0.024	325.738	153.885	32	621	
4.5	4.75	1	18	4	3	65	26480	65	26455	0.00784615	0.00642074	0.003	0.017	407	180.68	57	1056	
4.5	4.75	1	19	5	3	64	26478	65	26867	0.00752308	0.00636177	0.003	0.017	413.338	186.758	26	1056	
4.5	4.75	1	20	1	3	72	26494	61	22516	0.00540984	0.00555391	0.003	0.024	369.115	200.43	49	1056	
4.75	5	4	1	5	3	81	26512	69	22288	0.00442029	0.00371565	0.003	0.017	323.014	99.5276	39	533	
4.75	5	4	2	3	3	99	26548	86	21860	0.00576744	0.00698178	0.003	0.024	254.186	132.245	26	669	
4.75	5	4	3	2	3	93	26536	81	22497	0.00498765	0.0041758	0.003	0.017	277.741	122.018	31	469	
4.75	5	4	4	1	3	84	26518	72	21669	0.00484722	0.00389532	0.003	0.024	300.958	128.563	28	839	
4.75	5	4	5	4	3	69	26488	67	24979	0.00697015	0.00574448	0.003	0.017	372.821	192.439	34	833	
4.75	5	2	6	4	3	66	26482	65	26029	0.00515385	0.00325591	0.003	0.01	400.446	158.532	34	693	
4.75	5	2	7	5	3	79	26508	62	20461	0.003	0	0.003	0.003	330.016	141.076	8	693	
4.75	5	2	8	2	3	72	26494	65	23624	0.00483077	0.0049924	0.003	0.024	363.446	185.405	57	871	
4.75	5	2	9	3	3	86	26522	72	23776	0.003	0	0.003	0.003	330.222	134.804	32	621	
4.75	5	2	10	1	3	66	26482	66	25624	0.00501515	0.00319371	0.003	0.01	388.242	180.958	66	937	
4.75	5	3	11	5	3	87	26524	70	22523	0.0035	0.00299637	0.003	0.024	321.757	143.491	32	597	
4.75	5	3	12	3	3	88	26526	73	22858	0.00367123	0.00312274	0.003	0.024	313.123	125.493	49	573	
4.75	5	3	13	1	3	75	26500	74	26205	0.00612162	0.00580966	0.003	0.017	354.122	119.378	7	757	
4.75	5	3	14	4	3	74	26498	72	26190	0.00601389	0.00573473	0.003	0.017	363.75	144.321	10	757	
4.75	5	3	15	2	3	73	26496	71	26028	0.00615493	0.00589103	0.003	0.017	366.592	147.066	91	669	
4.75	5	1	16	3	3	71	26492	70	25727	0.0076	0.00617944	0.003	0.017	367.529	164.804	10	693	
4.75	5	1	17	2	3	84	26518	71	22840	0.00457746	0.00504738	0.003	0.024	321.69	168.075	32	698	
4.75	5	1	18	4	3	74	26498	73	26113	0.00673973	0.00584291	0.003	0.017	357.712	152.856	57	701	
4.75	5	1	19	5	3	64	26478	64	26777	0.00726562	0.00606118	0.003	0.017	418.391	159.036	90	669	
4.75	5	1	20	1	3	77	26504	68	22655	0.00505882	0.00568024	0.003	0.024	333.162	160.138	28	637	
5	5.25	4	1	5	3	70	26490	51	17966	0.00437255	0.00313663	0.003	0.017	352.275	139.926	57	825	
5	5.25	4	2	3	3	85	26520	61	19444	0.00322951	0.00179252	0.003	0.017	318.754	110.206	32	469	
5	5.25	4	3	2	3	77	26504	57	20159	0.00361403	0.00239609	0.003	0.017	353.667	102.754	49	533	
5	5.25	4	4	1	3	83	26516	60	19370	0.00335	0.00200698	0.003	0.017	322.833	117.048	49	533	
5	5.25	4	5	4	3	59	26468	60	26841	0.00976667	0.00705515	0.003	0.017	447.35	236.115	58	985	
5	5.25	2	6	4	3	63	26476	64	26929	0.00584375	0.0034651	0.003	0.01	420.766	207.921	34	1056	
5	5.25	2	7	5	3	78	26506	57	21405	0.00312281	0.000927173	0.003	0.01	375.526	142.661	49	839	
5	5.25	2	8	2	3	80	26510	63	22520	0.00411111	0.00420871	0.003	0.024	357.46	126.582	51	533	
5	5.25	2	9	3	3	89	26528	68	22608	0.00310294	0.000848875	0.003	0.01	332.471	154.414	11	621	
5	5.25	2	10	1	3	62	26474	62	26845	0.00582258	0.00346185	0.003	0.01	432.984	165.887	90	1056	
5	5.25	3	11	5	3	85	26520	65	21080	0.00332308	0.00260473	0.003	0.024	324.308	131.513	32	621	
5	5.25	3	12	3	3	80	26510	61	21490	0.00334426	0.00199069	0.003	0.017	352.295	108.38	49	533	
5	5.25	3	13	1	3	72	26494	73	26568	0.00760274	0.00662223	0.003	0.017	363.945	129.86	74	833	
5	5.25	3	14	4	3	72	26494	72	26043	0.00786111	0.00671199	0.003	0.017	361.708	135.912	73	685	
5	5.25	3	15	2	3	71	26492	71	26492	0.00792958	0.0067344	0.003	0.017	373.127	137.625	90	669	
5	5.25	1	16	3	3	69	26488	69	26851	0.00756522	0.00655627	0.003	0.017	389.145	150.579	73	1056	
5	5.25	1	17	2	3	82	26514	63	20269	0.003	0	0.003	0.003	321.73	141.112	16	621	
5	5.25	1	18	4	3	73	26496	73	26547	0.00789041	0.00666992	0.003	0.017	363.658	142.595	42	839	
5	5.25	1	19	5	3	70	26490	70	26378	0.0077	0.00660555	0.003	0.017	376.829	161.699	90	839	
5	5.25	1	20	1	3	79	26508	62	21148	0.00356452	0.00192159	0.003	0.01	341.097	152.836	49	749	
5.25	5.5	4	1	5	3	76	26502	54	19621	0.00390741	0.00408988	0.003	0.024	363.352	68.309	233	533	
5.25	5.5	4	2	3	3	87	26524	62	18761	0.003	0	0.003	0.003	302.597	123.637	32	517	
5.25	5.5	4	3	2	3	75	26500	52	18795	0.00326923	0.00135929	0.003	0.01	361.442	80.3281	101	533	
5.25	5.5	4	4	1	3	80	26510	56	18573	0.00325	0.00187083	0.003	0.017	331.661	94.4054	101	533	
5.25	5.5	4	5	4	3	51	26452	51	26304	0.0104118	0.00705741	0.003	0.017	515.765	228.05	73	909	
5.25	5.5	2	6	4	3	58	26466	58	26466	0.00613793	0.00351163	0.003	0.01	456.31	182.995	58	945	
5.25	5.5	2	7	5	3	82	26514	62	21282	0.003	0	0.003	0.003	343.258	154.186	49	621	
5.25	5.5	2	8	2	3	87	26524	72	22960	0.00397222	0.00428549	0.003	0.024	318.889	152.956	50	717	
5.25	5.5	2	9	3	3	94	26538	77	23388	0.003	0	0.003	0.003	303.74	135.582	32	621	
5.25	5.5	2	10	1	3	57	26464	57	26576	0.00607017	0.00350438	0.003	0.01	466.246	152.933	66	685	
5.25	5.5	3	11	5	3	81	26512	60	20816	0.003	0	0.003	0.003	346.933	122.621	50	621	
5.25	5.5	3	12	3	3	83	26516	62	21364	0.0031129	0.000889001	0.003	0.01	344.581	121.498	49	693	
5.25	5.5	3	13	1	3	74	26498	73	26344	0.00760274	0.00662223	0.003	0.017	360.877	146.228	73	909	
5.25	5.5	3	14	4	3	75	26500	75	26874	0.00766667	0.00664411	0.003	0.017	358.32	136.259	73	685	
5.25	5.5	3	15	2	3	69	26488	70	26570	0.008	0.00675664	0.003	0.017	379.571	128.799	90	669	
5.25	5.5	1	16	3	3	73	26496	73	26663	0.00779452	0.00668946	0.003	0.017	365.247	113.33	73	685	
5.25	5.5	1	17	2	3	82	26514	57	18881	0.003	0	0.003	0.003	331.246	117.625	75	621	
5.25	5.5	1	18	4	3	76	26502	76	26314	0.00769737	0.00680004	0.003	0.024	346.237	111.733	57	701	
5.25	5.5	1	19	5	3	72	26494	72	26977	0.00766667	0.00664598	0.003	0.017	374.681	126.898	90	669	
5.25	5.5	1	20	1	3	82	26514	61	20496	0.00322951	0.00125689	0.003	0.01	336	121.067	49	621	
5.5	5.75	4	1	5	3	73	26496	49	17494	0.00328571	0.0013994	0.003	0.01	357.02	73.3452	157	533	
5.5	5.75	4	2	3	3	90	26530	67	19162	0.00331343	0.00256556	0.003	0.024	286	113.516	32	469	
5.5	5.75	4	3	2	3	76	26502	53	19155	0.00339623	0.00213343	0.003	0.017	361.415	72.5716	101	533	
5.5	5.75	4	4	1	3	79	26508	56	18826	0.003375	0.00207638	0.003	0.017	336.179	100.408	49	533	
5.5	5.75	4	5	4	3	57	26464	57	26683	0.0101228	0.00706114	0.003	0.017	468.123	268.916	73	1056	
5.5	5.75	2	6	4	3	67	26484	67	26484	0.00571642	0.0034369	0.003	0.01	395.284	181.419	26	945	
5.5	5.75	2	7	5	3	79	26508	60	21745	0.003	0	0.003	0.003	362.417	144.538	24	693	
5.5	5.75	2	8	2	3	89	26528	72	22441	0.00368055	0.00314363	0.003	0.024	311.681	156.18	44	839	
5.5	5.75	2	9	3	3	87	26524	70	23345	0.0031	0.00083666	0.003	0.01	333.5	169.233	26	597	
5.5	5.75	2	10	1	3	64	26478	64	26366	0.00584375	0.0034651	0.003	0.01	411.969	169.743	26	839	
5.5	5.75	3	11	5	3	79	26508	54	18718	0.003	0	0.003	0.003	346.63	108.308	32	469	
5.5	5.75	3	12	3	3	80	26510	57	20135	0.00336842	0.00205836	0.003	0.017	353.246	118.358	49	533	
5.5	5.75	3	13	1	3	79	26508	79	26204	0.00743038	0.00655291	0.003	0.017	331.696	125.035	73	538	
5.5	5.75	3	14	4	3	78	26506	78	26343	0.00748718	0.00657572	0.003	0.017	337.731	120.845	73	538	
5.5	5.75	3	15	2	3	76	26502	78	27074	0.00748718	0.00657572	0.003	0.017	347.103	117.889	90	485	
5.5	5.75	1	16	3	3	74	26498	74	26502	0.00772973	0.00656537	0.003	0.017	358.135	143.901	7	685	
5.5	5.75	1	17	2	3	84	26518	62	20134	0.003	0	0.003	0.003	324.742	102.641	32	517	
5.5	5.75	1	18	4	3	71	26492	71	26162	0.00792958	0.00662964	0.003	0.017	368.479	100.826	170	701	
5.5	5.75	1	19	5	3	69	26488	69	26595	0.00807246	0.00667153	0.003	0.017	385.435	130.326	93	669	
5.5	5.75	1	20	1	3	83	26516	63	20492	0.003	0	0.003	0.003	325.27	109.02	49	533	
5.75	6	4	1	5	3	79	26508	55	17958	0.00312727	0.00094388	0.003	0.01	326.509	110.088	49	533	
5.75	6	4	2	3	3	83	26516	58	17882	0.003	0	0.003	0.003	308.31	99.9904	32	469	
5.75	6	4	3	2	3	74	26498	51	18605	0.00327451	0.00137227	0.003	0.01	364.804	66.2118	209	533	
5.75	6	4	4	1	3	78	26506	55	19108	0.00325454	0.00188776	0.003	0.017	347.418	105.18	49	533	
5.75	6	4	5	4	3	49	26448	49	26305	0.0112857	0.00695222	0.003	0.017	536.837	266.279	73	1056	
5.75	6	2	6	4	3	59	26468	59	26695	0.00608474	0.00350511	0.003	0.01	452.458	196.304	26	1056	
5.75	6	2	7	5	3	82	26514	62	21522	0.003	0	0.003	0.003	347.129	133.104	12	621	
5.75	6	2	8	2	3	83	26516	64	23653	0.00365625	0.00323286	0.003	0.024	369.578	131.037	57	597	
5.75	6	2	9	3	3	90	26530	70	23514	0.003	0	0.003	0.003	335.914	147.225	32	597	
5.75	6	2	10	1	3	60	26470	60	26821	0.00626667	0.00352168	0.003	0.01	447.017	179.6	26	839	
5.75	6	3	11	5	3	81	26512	56	20544	0.003	0	0.003	0.003	366.857	101.204	117	621	
5.75	6	3	12	3	3	81	26512	58	20345	0.00312069	0.000919145	0.003	0.01	350.776	132.813	49	839	
5.75	6	3	13	1	3	74	26498	74	26498	0.00772973	0.00666682	0.003	0.017	358.081	102.301	149	605	
5.75	6	3	14	4	3	74	26498	74	26498	0.00772973	0.00666682	0.003	0.017	358.081	98.4885	73	605	
5.75	6	3	15	2	3	73	26496	71	25932	0.00753521	0.00659834	0.003	0.017	365.239	122.968	90	669	
5.75	6	1	16	3	3	75	26500	75	26257	0.00766667	0.00654369	0.003	0.017	350.093	114.625	3	685	
5.75	6	1	17	2	3	82	26514	58	19647	0.003	0	0.003	0.003	338.741	89.121	75	549	
5.75	6	1	18	4	3	78	26506	78	26800	0.00748718	0.00667179	0.003	0.024	343.59	118.461	57	701	
5.75	6	1	19	5	3	74	26498	74	26399	0.00744594	0.00651056	0.003	0.017	356.743	121.458	93	669	
5.75	6	1	20	1	3	79	26508	58	19903	0.00336207	0.00156383	0.003	0.01	343.155	112.998	49	621	
6	6.25	4	1	5	3	76	26502	56	19609	0.0045	0.00512037	0.003	0.024	350.161	79.1906	101	533	
6	6.25	4	2	3	3	87	26524	64	18683	0.0034375	0.00275379	0.003	0.024	291.922	117.312	32	558	
6	6.25	4	3	2	3	77	26504	55	19138	0.00376364	0.00320857	0.003	0.017	347.964	79.718	49	469	
6	6.25	4	4	1	3	79	26508	57	19088	0.00349123	0.00223705	0.003	0.017	334.877	117.572	49	741	
6	6.25	4	5	4	3	53	26456	53	26979	0.0109245	0.00700508	0.003	0.017	509.038	287.761	73	1056	
6	6.25	2	6	4	3	63	26478	63	26251	0.006	0.00349193	0.003	0.01	416.683	188.317	34	1056	
6	6.25	2	7	5	3	83	26516	71	22441	0.00359155	0.00196089	0.003	0.01	316.07	143.347	49	839	
6	6.25	2	8	2	3	82	26514	65	22492	0.00364615	0.00296031	0.003	0.024	346.031	160.996	51	646	
6	6.25	2	9	3	3	91	26532	73	22815	0.00328767	0.00245786	0.003	0.024	312.534	143.232	32	621	
6	6.25	2	10	1	3	67	26486	67	26247	0.00582089	0.0034594	0.003	0.01	391.746	161.966	83	839	
6	6.25	3	11	5	3	81	26512	56	20066	0.003	0	0.003	0.003	358.321	102.039	75	621	
6	6.25	3	12	3	3	82	26514	64	21141	0.00365625	0.00240514	0.003	0.017	330.328	136.586	49	839	
6	6.25	3	13	1	3	74	26498	74	26962	0.00772973	0.00666682	0.003	0.017	364.351	115.806	73	605	
6	6.25	3	14	4	3	78	26506	78	26746	0.00748718	0.00657572	0.003	0.017	342.897	130.875	73	693	
6	6.25	3	15	2	3	72	26494	72	26088	0.00786111	0.00671199	0.003	0.017	362.333	133.245	90	669	
6	6.25	1	16	3	3	68	26486	68	26275	0.00773529	0.00644985	0.003	0.017	386.397	147.932	74	1056	
6	6.25	1	17	2	3	83	26516	64	20707	0.00332812	0.00149129	0.003	0.01	323.547	113.406	32	621	
6	6.25	1	18	4	3	77	26504	77	26377	0.00718182	0.00614245	0.003	0.017	342.558	126.616	55	637	
6	6.25	1	19	5	3	66	26482	66	26191	0.00777273	0.00639903	0.003	0.017	396.833	146.725	74	773	
6	6.25	1	20	1	3	77	26504	60	20981	0.00346667	0.00176084	0.003	0.01	349.683	100.926	101	621	
6.25	6.5	4	1	5	3	77	26504	55	18060	0.00325454	0.00132243	0.003	0.01	328.364	97.4768	49	533	
6.25	6.5	4	2	3	3	83	26516	58	18216	0.003	0	0.003	0.003	314.069	102.737	75	517	
6.25	6.5	4	3	2	3	77	26504	54	19177	0.00325926	0.00133438	0.003	0.01	355.13	82.6888	122	573	
6.25	6.5	4	4	1	3	76	26502	53	18505	0.00313207	0.000961524	0.003	0.01	349.151	91.9683	49	482	
6.25	6.5	4	5	4	3	52	26454	52	25930	0.0110769	0.00698414	0.003	0.017	498.654	274.404	73	1056	
6.25	6.5	2	6	4	3	56	26462	56	26350	0.00625	0.00352265	0.003	0.01	470.536	184.538	43	1056	
6.25	6.5	2	7	5	3	80	26510	63	21832	0.003	0	0.003	0.003	346.54	164.996	49	749	
6.25	6.5	2	8	2	3	83	26516	65	22949	0.00353846	0.00285086	0.003	0.024	353.062	142.919	55	533	
6.25	6.5	2	9	3	3	93	26536	74	23100	0.003	0	0.003	0.003	312.162	148.031	12	597	
6.25	6.5	2	10	1	3	61	26472	60	25987	0.00603333	0.00349802	0.003	0.01	433.117	177.665	66	839	
6.25	6.5	3	11	5	3	81	26512	57	20123	0.003	0	0.003	0.003	353.035	129.854	32	621	
6.25	6.5	3	12	3	3	80	26510	58	19662	0.00312069	0.000919145	0.003	0.01	339	137.852	49	839	
6.25	6.5	3	13	1	3	75	26500	75	26180	0.00766667	0.00664411	0.003	0.017	349.067	105.511	87	605	
6.25	6.5	3	14	4	3	75	26500	75	26340	0.00766667	0.00664411	0.003	0.017	351.2	129.414	73	614	
6.25	6.5	3	15	2	3	77	26504	78	27388	0.00748718	0.00657572	0.003	0.017	351.128	123.493	90	573	
6.25	6.5	1	16	3	3	70	26490	70	26861	0.008	0.00675664	0.003	0.017	383.729	118.062	149	685	
6.25	6.5	1	17	2	3	83	26516	59	19901	0.003	0	0.003	0.003	337.305	123.312	32	621	
6.25	6.5	1	18	4	3	74	26498	74	26798	0.00772973	0.00666682	0.003	0.017	362.135	113.719	57	701	
6.25	6.5	1	19	5	3	71	26492	71	26595	0.00792958	0.0067344	0.003	0.017	374.577	128.798	93	669	
6.25	6.5	1	20	1	3	75	26500	54	18740	0.00338889	0.00161849	0.003	0.01	347.037	109.709	49	533	
6.5	6.75	4	1	5	3	74	26498	52	19395	0.00394231	0.00392785	0.003	0.024	372.981	65.671	177	533	
6.5	6.75	4	2	3	3	87	26524	62	18545	0.003	0	0.003	0.003	299.113	123.32	32	517	
6.5	6.75	4	3	2	3	85	26520	61	19538	0.00334426	0.00268877	0.003	0.024	320.295	121.257	49	533	
6.5	6.75	4	4	1	3	75	26500	53	18664	0.00366038	0.00314975	0.003	0.024	352.151	88.0905	49	533	
6.5	6.75	4	5	4	3	50	26450	50	26523	0.01112	0.00697997	0.003	0.017	530.46	277.637	73	1056	
6.5	6.75	2	6	4	3	65	26480	65	27043	0.0058	0.00345597	0.003	0.01	416.046	163.469	113	839	
6.5	6.75	2	7	5	3	76	26502	57	21038	0.003	0	0.003	0.003	369.088	109.926	101	621	
6.5	6.75	2	8	2	3	78	26506	66	22429	0.00437879	0.00411289	0.003	0.017	339.833	136.005	51	645	
6.5	6.75	2	9	3	3	98	26546	83	23050	0.003	0	0.003	0.003	277.711	140.969	15	621	
6.5	6.75	2	10	1	3	63	26476	64	27332	0.00584375	0.0034651	0.003	0.01	427.062	220.835	66	1056	
6.5	6.75	3	11	5	3	90	26530	76	22837	0.00346053	0.00287722	0.003	0.024	300.487	133.216	3	621	
6.5	6.75	3	12	3	3	78	26506	60	20161	0.00346667	0.00176084	0.003	0.01	336.017	144.047	15	839	
6.5	6.75	3	13	1	3	73	26496	73	26052	0.00760274	0.00630639	0.003	0.017	356.877	148.282	73	749	
6.5	6.75	3	14	4	3	73	26496	73	26045	0.00760274	0.00630639	0.003	0.017	356.781	135.773	73	685	
6.5	6.75	3	15	2	3	70	26492	70	26105	0.0077	0.00638692	0.003	0.017	372.929	142.125	74	669	
6.5	6.75	1	16	3	3	71	26492	71	26412	0.0076338	0.00647465	0.003	0.017	372	128.158	73	685	
6.5	6.75	1	17	2	3	93	26536	76	22433	0.003	0	0.003	0.003	295.171	142.889	23	621	
6.5	6.75	1	18	4	3	73	26496	73	26256	0.00750685	0.00642937	0.003	0.017	359.671	114.467	32	701	
6.5	6.75	1	19	5	3	65	26482	65	26187	0.00806154	0.006607	0.003	0.017	402.877	149.03	49	1056	
6.5	6.75	1	20	1	3	83	26516	64	21279	0.00365625	0.00298259	0.003	0.024	332.484	135.562	49	693	
6.75	7	4	1	5	3	74	26498	53	19464	0.00392453	0.0036419	0.003	0.024	367.245	87.7496	57	637	
6.75	7	4	2	3	3	87	26524	63	18963	0.003	0	0.003	0.003	301	120.264	32	549	
6.75	7	4	3	2	3	77	26504	55	19318	0.00338182	0.00209489	0.003	0.017	351.236	97.9819	49	533	
6.75	7	4	4	1	3	73	26496	49	18178	0.00314286	0.001	0.003	0.01	370.98	83.6781	157	533	
6.75	7	4	5	4	3	53	26456	52	26163	0.0110769	0.00698414	0.003	0.017	503.135	300.712	72	1056	
6.75	7	2	6	4	3	62	26476	62	26364	0.00582258	0.00346185	0.003	0.01	425.226	194.203	34	1056	
6.75	7	2	7	5	3	83	26516	64	22798	0.003	0	0.003	0.003	356.219	149.087	49	573	
6.75	7	2	8	2	3	78	26506	65	22751	0.00396923	0.00368684	0.003	0.024	350.015	133.979	57	717	
6.75	7	2	9	3	3	95	26540	79	22647	0.00308861	0.000787562	0.003	0.01	286.671	150.351	12	621	
6.75	7	2	10	1	3	61	26474	61	26103	0.00609836	0.00350573	0.003	0.01	427.918	177.698	66	1056	
6.75	7	3	11	5	3	82	26514	59	21153	0.003	0	0.003	0.003	358.525	103.134	32	517	
6.75	7	3	12	3	3	81	26512	62	21057	0.00345161	0.00214764	0.003	0.017	339.629	88.4694	101	469	
6.75	7	3	13	1	3	73	26496	73	27180	0.00779452	0.00668946	0.003	0.017	372.329	130.682	73	685	
6.75	7	3	14	4	3	73	26496	73	26947	0.00779452	0.00668946	0.003	0.017	369.137	138.962	73	757	
6.75	7	3	15	2	3	74	26498	74	27165	0.00772973	0.00666682	0.003	0.017	367.095	129.695	90	669	
6.75	7	1	16	3	3	73	26496	73	26496	0.00769863	0.00660531	0.003	0.017	362.959	129.128	73	685	
6.75	7	1	17	2	3	85	26520	64	19690	0.003	0	0.003	0.003	307.656	124.46	10	621	
6.75	7	1	18	4	3	72	26494	72	26750	0.00756944	0.00655814	0.003	0.017	371.528	113.395	57	701	
6.75	7	1	19	5	3	69	26488	69	26672	0.00776811	0.00662914	0.003	0.017	386.551	139.822	93	669	
6.75	7	1	20	1	3	82	26514	64	20994	0.00332812	0.00149129	0.003	0.01	328.031	124.897	49	533	
7	7.25	4	1	5	3	75	26500	57	20161	0.00447368	0.00453205	0.003	0.024	353.702	91.8475	57	533	
7	7.25	4	2	3	3	90	26530	71	20108	0.00329577	0.00249224	0.003	0.024	283.211	123.611	11	517	
7	7.25	4	3	2	3	81	26512	61	20389	0.00380328	0.00340499	0.003	0.024	334.246	105.849	7	469	
7	7.25	4	4	1	3	81	26512	61	19358	0.00322951	0.00125689	0.003	0.01	317.344	96.5941	49	469	
7	7.25	4	5	4	3	62	26476	63	26326	0.00877778	0.00671648	0.003	0.017	417.873	230.616	73	985	
7	7.25	2	6	4	3	63	26476	63	26248	0.00522222	0.00328459	0.003	0.01	416.635	166.947	34	833	
7	7.25	2	7	5	3	76	26502	61	21146	0.003	0	0.003	0.003	346.656	154.193	7	685	
7	7.25	2	8	2	3	79	26508	68	23405	0.00392647	0.00360893	0.003	0.024	344.191	144.933	8	645	
7	7.25	2	9	3	3	92	26534	80	24421	0.003175	0.00156525	0.003	0.017	305.263	152.828	3	621	
7	7.25	2	10	1	3	64	26480	64	26739	0.005625	0.00341565	0.003	0.01	417.797	173.077	83	839	
7	7.25	3	11	5	3	86	26522	68	22085	0.00341176	0.002383	0.003	0.017	324.779	149.716	32	621	
7	7.25	3	12	3	3	77	26504	59	20433	0.00383051	0.003696	0.003	0.024	346.322	152.435	49	839	
7	7.25	3	13	1	3	73	26496	73	26336	0.00779452	0.00668946	0.003	0.017	360.767	112.115	73	693	
7	7.25	3	14	4	3	75	26500	75	26508	0.00766667	0.00664411	0.003	0.017	353.44	131.347	3	614	
7	7.25	3	15	2	3	66	26482	67	26492	0.00822388	0.00682203	0.003	0.017	395.403	138.579	98	669	
7	7.25	1	16	3	3	73	26496	73	26116	0.00741096	0.00644385	0.003	0.017	357.753	126.488	73	605	
7	7.25	1	17	2	3	85	26520	67	20861	0.00446269	0.00510297	0.003	0.024	311.358	135.74	20	621	
7	7.25	1	18	4	3	77	26504	77	26376	0.00709091	0.00635813	0.003	0.017	342.545	129.254	57	825	
7	7.25	1	19	5	3	74	26498	75	27174	0.00729333	0.00639631	0.003	0.017	362.32	126.187	90	669	
7	7.25	1	20	1	3	81	26512	64	20459	0.0034375	0.00170783	0.003	0.01	319.672	143.722	27	839	
7.25	7.5	4	1	5	3	79	26508	55	19184	0.00325454	0.00188776	0.003	0.017	348.8	95.278	57	597	
7.25	7.5	4	2	3	3	86	26522	63	18895	0.00333333	0.00264575	0.003	0.024	299.921	121.736	32	549	
7.25	7.5	4	3	2	3	82	26514	60	19152	0.00346667	0.0021821	0.003	0.017	319.2	109.052	49	539	
7.25	7.5	4	4	1	3	79	26508	58	18477	0.00348276	0.00221828	0.003	0.017	318.569	134.492	49	533	
7.25	7.5	4	5	4	3	57	26464	57	27286	0.0101228	0.00706114	0.003	0.017	478.702	254.36	58	1056	
7.25	7.5	2	6	4	3	64	26480	64	26480	0.00595312	0.00348434	0.003	0.01	413.75	149.353	58	833	
7.25	7.5	2	7	5	3	79	26508	60	21724	0.003	0	0.003	0.003	362.067	155.143	49	839	
7.25	7.5	2	8	2	3	81	26512	61	21926	0.00311475	0.000896258	0.003	0.01	359.443	113.304	57	597	
7.25	7.5	2	9	3	3	87	26524	67	22162	0.00310448	0.000855186	0.003	0.01	330.776	155.291	16	621	
7.25	7.5	2	10	1	3	63	26478	63	26590	0.00577778	0.00345218	0.003	0.01	422.063	187.518	66	937	
7.25	7.5	3	11	5	3	81	26512	56	19418	0.003	0	0.003	0.003	346.75	123.335	32	597	
7.25	7.5	3	12	3	3	85	26520	65	21519	0.00332308	0.00148016	0.003	0.01	331.062	121.244	49	621	
7.25	7.5	3	13	1	3	75	26500	75	26660	0.00766667	0.00664411	0.003	0.017	355.467	129.366	73	757	
7.25	7.5	3	14	4	3	72	26494	72	26115	0.00786111	0.00671199	0.003	0.017	362.708	123.665	73	614	
7.25	7.5	3	15	2	3	72	26494	73	26867	0.00731507	0.00645686	0.003	0.017	368.041	112.741	93	669	
7.25	7.5	1	16	3	3	73	26496	73	26576	0.00769863	0.00660531	0.003	0.017	364.055	122.194	73	685	
7.25	7.5	1	17	2	3	80	26510	60	20551	0.00346667	0.00284317	0.003	0.024	342.517	133.85	32	621	
7.25	7.5	1	18	4	3	71	26492	71	26137	0.00773239	0.00656388	0.003	0.017	368.127	155.857	57	765	
7.25	7.5	1	19	5	3	75	26500	74	26318	0.00744594	0.00651056	0.003	0.017	355.649	145.417	7	669	
7.25	7.5	1	20	1	3	79	26508	58	19443	0.00312069	0.000919145	0.003	0.01	335.224	164.29	21	839	
7.5	7.75	4	1	5	3	79	26508	59	20846	0.00394915	0.00399752	0.003	0.024	353.322	91.5332	117	533	
7.5	7.75	4	2	3	3	90	26530	67	19151	0.003	0	0.003	0.003	285.836	113.277	32	437	
7.5	7.75	4	3	2	3	78	26506	56	19539	0.003875	0.00401842	0.003	0.024	348.911	106.272	49	573	
7.5	7.75	4	4	1	3	76	26502	56	19616	0.003875	0.00328668	0.003	0.024	350.286	104.692	49	533	
7.5	7.75	4	5	4	3	48	26446	48	25767	0.0114583	0.00691886	0.003	0.017	536.813	305.948	73	1056	
7.5	7.75	2	6	4	3	60	26470	60	26810	0.00603333	0.00349802	0.003	0.01	446.833	179.229	34	1056	
7.5	7.75	2	7	5	3	86	26522	69	21710	0.00310145	0.000842701	0.003	0.01	314.638	165.026	12	839	
7.5	7.75	2	8	2	3	82	26514	66	22242	0.00363636	0.0026697	0.003	0.017	337	151.543	57	775	
7.5	7.75	2	9	3	3	89	26528	75	23528	0.003	0	0.003	0.003	313.707	150.08	32	621	
7.5	7.75	2	10	1	3	60	26472	60	26472	0.00603333	0.00349802	0.003	0.01	441.2	182.515	66	817	
7.5	7.75	3	11	5	3	89	26528	70	22499	0.003	0	0.003	0.003	321.414	133.994	32	621	
7.5	7.75	3	12	3	3	76	26502	57	19688	0.00312281	0.000927173	0.003	0.01	345.404	148.466	64	839	
7.5	7.75	3	13	1	3	72	26494	72	26493	0.00786111	0.00660837	0.003	0.017	367.958	117.079	73	685	
7.5	7.75	3	14	4	3	74	26498	74	27109	0.00772973	0.00656537	0.003	0.017	366.338	142.594	7	833	
7.5	7.75	3	15	2	3	69	26488	68	26406	0.00763235	0.00658108	0.003	0.017	388.324	124.955	93	669	
7.5	7.75	1	16	3	3	73	26496	73	26716	0.00779452	0.00668946	0.003	0.017	365.973	127.294	74	757	
7.5	7.75	1	17	2	3	86	26522	63	19081	0.003	0	0.003	0.003	302.873	107.517	96	517	
7.5	7.75	1	18	4	3	76	26502	76	26857	0.00769737	0.00680004	0.003	0.024	353.382	117.966	57	701	
7.5	7.75	1	19	5	3	72	26494	72	26403	0.00747222	0.00657347	0.003	0.017	366.708	129.322	93	674	
7.5	7.75	1	20	1	3	78	26506	55	18973	0.003	0	0.003	0.003	344.964	111.983	49	621	
7.75	8	4	1	5	3	78	26506	59	19203	0.0048983	0.00593265	0.003	0.024	325.475	90.27	57	469	
7.75	8	4	2	3	3	80	26510	55	18052	0.003	0	0.003	0.003	328.218	98.7006	32	469	
7.75	8	4	3	2	3	77	26504	53	19196	0.003	0	0.003	0.003	362.189	75.6081	101	469	
7.75	8	4	4	1	3	77	26504	52	18912	0.003	0	0.003	0.003	363.692	57.6438	209	469	
7.75	8	4	5	4	3	52	26454	52	26610	0.0105385	0.00704735	0.003	0.017	511.731	261.85	73	1056	
7.75	8	2	6	4	3	55	26460	55	26009	0.00630909	0.003527	0.003	0.01	472.891	184.663	146	1056	
7.75	8	2	7	5	3	85	26520	64	21781	0.003	0	0.003	0.003	340.328	121.074	49	533	
7.75	8	2	8	2	3	79	26508	66	22769	0.00459091	0.00517978	0.003	0.024	344.985	146.308	4	597	
7.75	8	2	9	3	3	94	26538	75	23225	0.003	0	0.003	0.003	309.667	152.022	20	621	
7.75	8	2	10	1	3	62	26474	62	26071	0.00616129	0.00351201	0.003	0.01	420.5	193.468	66	1056	
7.75	8	3	11	5	3	84	26518	66	21939	0.003	0	0.003	0.003	332.409	130.118	8	621	
7.75	8	3	12	3	3	80	26510	61	21763	0.00334426	0.00152627	0.003	0.01	356.77	167.961	49	901	
7.75	8	3	13	1	3	71	26492	71	26413	0.00792958	0.0067344	0.003	0.017	372.014	135.401	73	833	
7.75	8	3	14	4	3	74	26498	74	26402	0.00772973	0.00666682	0.003	0.017	356.784	125.208	73	685	
7.75	8	3	15	2	3	66	26482	67	26668	0.0081194	0.00673868	0.003	0.017	398.03	144.836	90	669	
7.75	8	1	16	3	3	74	26498	74	26577	0.00772973	0.00666682	0.003	0.017	359.149	95.5269	149	685	
7.75	8	1	17	2	3	80	26510	57	18919	0.003	0	0.003	0.003	331.912	94.7171	75	597	
7.75	8	1	18	4	3	76	26502	76	26502	0.00760526	0.00662134	0.003	0.017	348.711	103.638	57	589	
7.75	8	1	19	5	3	70	26490	70	25811	0.008	0.00675664	0.003	0.017	368.729	123.159	90	669	
7.75	8	1	20	1	3	82	26514	58	19836	0.00312069	0.000919145	0.003	0.01	342	117.506	49	621	
8	8.25	4	1	5	3	77	26504	54	19132	0.00351852	0.00299522	0.003	0.024	354.296	77.7523	57	469	
8	8.25	4	2	3	3	100	26550	76	19417	0.003	0	0.003	0.003	255.487	146.378	32	517	
8	8.25	4	3	2	3	77	26504	53	18535	0.00313207	0.000961524	0.003	0.01	349.717	98.4019	49	533	
8	8.25	4	4	1	3	76	26502	51	19127	0.003	0	0.003	0.003	375.039	77.0262	49	533	
8	8.25	4	5	4	3	44	26438	43	26209	0.0124419	0.00663792	0.003	0.017	609.512	341.084	73	1056	
8	8.25	2	6	4	3	65	26480	65	26368	0.0058	0.00345597	0.003	0.01	405.662	162.929	43	839	
8	8.25	2	7	5	3	77	26504	59	21668	0.003	0	0.003	0.003	367.254	130.933	49	573	
8	8.25	2	8	2	3	87	26524	68	23168	0.00361765	0.00357449	0.003	0.024	340.706	139.073	55	534	
8	8.25	2	9	3	3	87	26524	69	22634	0.003	0	0.003	0.003	328.029	140.498	32	621	
8	8.25	2	10	1	3	63	26476	63	26596	0.00588889	0.00347392	0.003	0.01	422.159	173.345	43	839	
8	8.25	3	11	5	3	84	26518	63	21006	0.003	0	0.003	0.003	333.429	127.239	32	621	
8	8.25	3	12	3	3	83	26516	65	21490	0.00310769	0.000868243	0.003	0.01	330.615	153.617	49	775	
8	8.25	3	13	1	3	77	26504	77	26053	0.00754545	0.00659854	0.003	0.017	338.351	139.161	73	605	
8	8.25	3	14	4	3	74	26498	74	26197	0.00772973	0.00666682	0.003	0.017	354.014	124.388	73	605	
8	8.25	3	15	2	3	68	26486	68	27540	0.00773529	0.00656226	0.003	0.017	405	195.238	15	1056	
8	8.25	1	16	3	3	74	26498	74	26486	0.00772973	0.00666682	0.003	0.017	357.919	103.392	73	685	
8	8.25	1	17	2	3	89	26528	67	20543	0.003	0	0.003	0.003	306.612	116.023	32	517	
8	8.25	1	18	4	3	74	26498	74	26626	0.00772973	0.00666682	0.003	0.017	359.811	118.004	57	701	
8	8.25	1	19	5	3	72	26494	73	27263	0.00779452	0.00668946	0.003	0.017	373.466	163.695	90	1056	
8	8.25	1	20	1	3	78	26506	57	19254	0.00312281	0.000927173	0.003	0.01	337.789	106.253	49	621	
8.25	8.5	4	1	5	3	76	26502	55	20323	0.00363636	0.00243709	0.003	0.017	369.509	92	57	637	
8.25	8.5	4	2	3	3	93	26536	70	19409	0.0036	0.00352383	0.003	0.024	277.271	128.13	32	517	
8.25	8.5	4	3	2	3	75	26500	53	18645	0.0035283	0.00231719	0.003	0.017	351.792	94.344	49	533	
8.25	8.5	4	4	1	3	77	26504	57	19027	0.00373684	0.00253917	0.003	0.017	333.807	77.2291	49	434	
8.25	8.5	4	5	4	3	58	26470	59	27379	0.00964407	0.0069301	0.003	0.017	464.051	226.367	72	985	
8.25	8.5	2	6	4	3	62	26474	62	26474	0.00616129	0.00351201	0.003	0.01	427	193.21	26	945	
8.25	8.5	2	7	5	3	83	26516	63	21079	0.00311111	0.000881917	0.003	0.01	334.587	145.339	49	621	
8.25	8.5	2	8	2	3	86	26522	70	23208	0.004	0.00400362	0.003	0.024	331.543	139.694	57	597	
8.25	8.5	2	9	3	3	89	26528	73	23151	0.00328767	0.00245786	0.003	0.024	317.137	153.721	32	621	
8.25	8.5	2	10	1	3	66	26482	66	26589	0.00575757	0.00344656	0.003	0.01	402.864	159.278	39	839	
8.25	8.5	3	11	5	3	85	26520	65	21060	0.003	0	0.003	0.003	324	116.094	32	621	
8.25	8.5	3	12	3	3	83	26516	63	20631	0.00344444	0.00213101	0.003	0.017	327.476	146.735	17	839	
8.25	8.5	3	13	1	3	75	26500	75	26579	0.00729333	0.00639631	0.003	0.017	354.387	134.764	73	685	
8.25	8.5	3	14	4	3	76	26502	76	26659	0.00723684	0.00637258	0.003	0.017	350.776	144.199	73	693	
8.25	8.5	3	15	2	3	75	26500	75	26207	0.00729333	0.00639631	0.003	0.017	349.427	140	90	773	
8.25	8.5	1	16	3	3	74	26498	74	26359	0.00763513	0.00658261	0.003	0.017	356.203	121.039	42	685	
8.25	8.5	1	17	2	3	80	26510	57	19186	0.00312281	0.000927173	0.003	0.01	336.596	99.4583	32	517	
8.25	8.5	1	18	4	3	73	26496	73	26416	0.00779452	0.00679043	0.003	0.024	361.863	111.271	59	701	
8.25	8.5	1	19	5	3	75	26500	74	26410	0.00754054	0.00649592	0.003	0.017	356.892	131.004	90	865	
8.25	8.5	1	20	1	3	83	26516	64	20846	0.0034375	0.00275379	0.003	0.024	325.719	111.51	20	469	
8.5	8.75	4	1	5	3	68	26486	52	20205	0.00582692	0.0050477	0.003	0.017	388.558	130.592	55	701	
8.5	8.75	4	2	3	3	82	26514	60	19380	0.00381667	0.00366611	0.003	0.024	323	118.936	32	549	
8.5	8.75	4	3	2	3	77	26504	55	18626	0.00427273	0.00332474	0.003	0.017	338.655	119.747	49	654	
8.5	8.75	4	4	1	3	81	26512	61	19370	0.00345902	0.00251379	0.003	0.017	317.541	136.693	49	590	
8.5	8.75	4	5	4	3	57	26464	57	25928	0.00963158	0.00679977	0.003	0.017	454.877	203.25	73	1056	
8.5	8.75	2	6	4	3	62	26474	62	26706	0.00570968	0.00343744	0.003	0.01	430.742	176.389	122	1056	
8.5	8.75	2	7	5	3	86	26522	66	21944	0.00331818	0.00191479	0.003	0.017	332.485	166.327	8	839	
8.5	8.75	2	8	2	3	83	26516	69	23630	0.00442029	0.00517462	0.003	0.024	342.464	163.945	57	935	
8.5	8.75	2	9	3	3	91	26532	74	22772	0.00318919	0.00114288	0.003	0.01	307.73	148.583	12	597	
8.5	8.75	2	10	1	3	64	26478	64	26590	0.00540625	0.00335099	0.003	0.01	415.469	193.676	26	1056	
8.5	8.75	3	11	5	3	74	26500	53	20568	0.00379245	0.00326613	0.003	0.017	388.075	153.317	32	825	
8.5	8.75	3	12	3	3	73	26496	57	20875	0.00373684	0.0028631	0.003	0.017	366.228	182.692	15	839	
8.5	8.75	3	13	1	3	66	26482	66	26550	0.00830303	0.00684323	0.003	0.017	402.273	178.281	73	1056	
8.5	8.75	3	14	4	3	65	26480	65	26480	0.00816923	0.00680893	0.003	0.017	407.385	188.782	73	1056	
8.5	8.75	3	15	2	3	60	26470	60	26087	0.00836667	0.00686422	0.003	0.017	434.783	195.497	90	1056	
8.5	8.75	1	16	3	3	68	26486	68	26798	0.00814706	0.00646983	0.003	0.017	394.088	150.519	10	693	
8.5	8.75	1	17	2	3	84	26518	66	19901	0.00363636	0.00202778	0.003	0.01	301.53	160.751	32	693	
8.5	8.75	1	18	4	3	79	26508	80	26723	0.00685	0.00629064	0.003	0.017	334.038	141.34	8	701	
8.5	8.75	1	19	5	3	65	26480	66	26570	0.00766667	0.0061802	0.003	0.017	402.576	149.875	93	839	
8.5	8.75	1	20	1	3	80	26510	66	21969	0.00427273	0.0032275	0.003	0.017	332.864	156.828	7	839	
8.75	9	4	1	5	3	76	26502	54	18811	0.00351852	0.00229635	0.003	0.017	348.352	93.999	57	531	
8.75	9	4	2	3	3	84	26518	61	18995	0.00334426	0.00268877	0.003	0.024	311.393	114.963	32	549	
8.75	9	4	3	2	3	82	26514	60	19581	0.00335	0.00200698	0.003	0.017	326.35	114.67	49	469	
8.75	9	4	4	1	3	83	26516	60	19506	0.00323333	0.00126714	0.003	0.01	325.1	117.224	49	573	
8.75	9	4	5	4	3	50	26450	50	26378	0.01056	0.0070484	0.003	0.017	527.56	250.683	73	1056	
8.75	9	2	6	4	3	65	26480	65	26811	0.00612308	0.00350672	0.003	0.01	412.477	183.13	34	839	
8.75	9	2	7	5	3	86	26522	67	22028	0.003	0	0.003	0.003	328.776	131.082	49	573	
8.75	9	2	8	2	3	80	26510	67	22729	0.00446269	0.00480318	0.003	0.024	339.239	145.426	57	597	
8.75	9	2	9	3	3	88	26526	68	22722	0.00310294	0.000848875	0.003	0.01	334.147	145.876	20	621	
8.75	9	2	10	1	3	67	26484	67	26596	0.00592537	0.00347856	0.003	0.01	396.955	181.824	34	839	
8.75	9	3	11	5	3	79	26508	54	19763	0.003	0	0.003	0.003	365.981	94.2939	32	517	
8.75	9	3	12	3	3	82	26514	61	21240	0.00334426	0.00199069	0.003	0.017	348.197	106.241	49	533	
8.75	9	3	13	1	3	75	26500	75	26736	0.00766667	0.00664411	0.003	0.017	356.48	112.747	73	685	
8.75	9	3	14	4	3	79	26508	79	26348	0.00743038	0.00655291	0.003	0.017	333.519	137.888	73	614	
8.75	9	3	15	2	3	73	26496	73	27076	0.00769863	0.00660531	0.003	0.017	370.904	135.873	93	774	
8.75	9	1	16	3	3	68	26486	68	26026	0.00804412	0.00671695	0.003	0.017	382.735	121.695	149	685	
8.75	9	1	17	2	3	89	26528	68	20697	0.00310294	0.000848875	0.003	0.01	304.368	131.054	18	621	
8.75	9	1	18	4	3	75	26500	73	25591	0.00731507	0.00635058	0.003	0.017	350.562	139.205	57	701	
8.75	9	1	19	5	3	71	26492	70	25919	0.0077	0.00660555	0.003	0.017	370.271	126.798	93	669	
8.75	9	1	20	1	3	83	26516	64	20561	0.00321875	0.00122758	0.003	0.01	321.266	141.746	12	839	
9	9.25	4	1	5	3	76	26502	52	18749	0.00340385	0.00291218	0.003	0.024	360.558	87.9241	57	597	
9	9.25	4	2	3	3	85	26520	60	18675	0.003	0	0.003	0.003	311.25	106.45	32	437	
9	9.25	4	3	2	3	85	26520	61	18975	0.00311475	0.000896258	0.003	0.01	311.066	115.514	49	469	
9	9.25	4	4	1	3	77	26504	53	19023	0.00313207	0.000961524	0.003	0.01	358.925	77.2588	101	469	
9	9.25	4	5	4	3	48	26446	47	26225	0.0116383	0.00687916	0.003	0.017	557.979	323.399	72	1056	
9	9.25	2	6	4	3	65	26480	64	25576	0.00584375	0.0034651	0.003	0.01	399.625	174.996	113	839	
9	9.25	2	7	5	3	84	26518	67	22593	0.003	0	0.003	0.003	337.209	151.069	8	839	
9	9.25	2	8	2	3	74	26498	63	22275	0.00455555	0.00509832	0.003	0.024	353.571	146.463	57	717	
9	9.25	2	9	3	3	88	26526	72	23093	0.003	0	0.003	0.003	320.736	135.57	20	621	
9	9.25	2	10	1	3	63	26476	62	25683	0.00593548	0.00348237	0.003	0.01	414.242	186.513	34	839	
9	9.25	3	11	5	3	85	26520	62	21346	0.003	0	0.003	0.003	344.29	114.343	75	597	
9	9.25	3	12	3	3	80	26510	63	21761	0.00333333	0.00150269	0.003	0.01	345.413	106.701	49	573	
9	9.25	3	13	1	3	72	26494	72	26490	0.00776389	0.00662792	0.003	0.017	367.917	129.964	122	693	
9	9.25	3	14	4	3	75	26500	75	26660	0.00757333	0.00655986	0.003	0.017	355.467	134.713	3	685	
9	9.25	3	15	2	3	70	26490	70	26594	0.0077	0.00660555	0.003	0.017	379.914	117.701	90	669	
9	9.25	1	16	3	3	69	26488	69	26868	0.00797101	0.00669497	0.003	0.017	389.391	149.055	73	693	
9	9.25	1	17	2	3	88	26526	71	21237	0.003	0	0.003	0.003	299.113	130.316	32	621	
9	9.25	1	18	4	3	73	26496	73	26787	0.00779452	0.00658694	0.003	0.017	366.945	148.721	47	701	
9	9.25	1	19	5	3	68	26486	68	26868	0.00804412	0.00671695	0.003	0.017	395.118	138.967	90	669	
9	9.25	1	20	1	3	81	26512	60	20789	0.00311667	0.000903696	0.003	0.01	346.483	119.839	49	693	
9.25	9.5	4	1	5	3	79	26508	55	18980	0.00312727	0.00094388	0.003	0.01	345.091	76.7314	177	469	
9.25	9.5	4	2	3	3	85	26520	60	18762	0.003	0	0.003	0.003	312.7	125.986	32	549	
9.25	9.5	4	3	2	3	77	26504	53	18919	0.00313207	0.000961524	0.003	0.01	356.962	94.159	49	533	
9.25	9.5	4	4	1	3	79	26508	55	17376	0.00312727	0.00094388	0.003	0.01	315.927	116.47	49	533	
9.25	9.5	4	5	4	3	53	26456	54	26524	0.0105185	0.00704632	0.003	0.017	491.185	239.321	73	1056	
9.25	9.5	2	6	4	3	61	26472	62	27268	0.00616129	0.00351201	0.003	0.01	439.806	204.037	26	1056	
9.25	9.5	2	7	5	3	78	26506	60	20845	0.00335	0.00271109	0.003	0.024	347.417	142.39	3	693	
9.25	9.5	2	8	2	3	81	26512	65	21350	0.00375385	0.00330261	0.003	0.024	328.462	146.82	7	717	
9.25	9.5	2	9	3	3	92	26534	75	22127	0.00328	0.00242487	0.003	0.024	295.027	140.763	32	621	
9.25	9.5	2	10	1	3	62	26474	63	27275	0.00622222	0.00351698	0.003	0.01	432.937	196.146	34	1056	
9.25	9.5	3	11	5	3	85	26520	62	19712	0.003	0	0.003	0.003	317.935	132.945	32	621	
9.25	9.5	3	12	3	3	78	26506	56	19558	0.003	0	0.003	0.003	349.25	137.66	49	839	
9.25	9.5	3	13	1	3	75	26500	75	26281	0.00766667	0.00664411	0.003	0.017	350.413	128.238	7	605	
9.25	9.5	3	14	4	3	77	26504	77	26504	0.00754545	0.00659854	0.003	0.017	344.208	144.525	7	833	
9.25	9.5	3	15	2	3	74	26498	74	26306	0.00754054	0.00649592	0.003	0.017	355.486	130.039	90	669	
9.25	9.5	1	16	3	3	66	26482	66	26242	0.00830303	0.00684323	0.003	0.017	397.606	135.231	73	685	
9.25	9.5	1	17	2	3	85	26520	65	21299	0.003	0	0.003	0.003	327.677	121.352	32	517	
9.25	9.5	1	18	4	3	74	26498	74	26575	0.00772973	0.00666682	0.003	0.017	359.122	119.371	57	701	
9.25	9.5	1	19	5	3	71	26492	71	26497	0.00812676	0.00679271	0.003	0.017	373.197	134.82	28	839	
9.25	9.5	1	20	1	3	82	26514	64	21244	0.0034375	0.00170783	0.003	0.01	331.938	125.802	49	839	
9.5	9.75	4	1	5	3	77	26506	60	21149	0.00428333	0.00397062	0.003	0.024	352.483	94.6341	74	533	
9.5	9.75	4	2	3	3	86	26522	70	20934	0.0038	0.00386961	0.003	0.024	299.057	112.736	7	517	
9.5	9.75	4	3	2	3	83	26518	68	21171	0.00413235	0.00333639	0.003	0.017	311.338	122.876	28	533	
9.5	9.75	4	4	1	3	90	26532	76	20993	0.00373684	0.00269997	0.003	0.017	276.224	112.361	49	485	
9.5	9.75	4	5	4	3	66	26482	66	27014	0.00798485	0.00635245	0.003	0.017	409.303	253.985	3	1056	
9.5	9.75	2	6	4	3	66	26482	66	26478	0.00543939	0.00336099	0.003	0.01	401.182	166.002	7	839	
9.5	9.75	2	7	5	3	82	26514	65	22394	0.00321538	0.00121825	0.003	0.01	344.523	142.569	8	839	
9.5	9.75	2	8	2	3	80	26510	69	23946	0.00452174	0.00430666	0.003	0.024	347.043	163.833	57	839	
9.5	9.75	2	9	3	3	93	26536	76	22774	0.0030921	0.000802955	0.003	0.01	299.658	150.584	32	621	
9.5	9.75	2	10	1	3	67	26484	67	26476	0.00540298	0.00334872	0.003	0.01	395.164	162.623	34	839	
9.5	9.75	3	11	5	3	81	26512	65	21440	0.00429231	0.00477534	0.003	0.024	329.846	145.652	21	621	
9.5	9.75	3	12	3	3	86	26522	71	22723	0.00359155	0.00229021	0.003	0.017	320.042	145.629	49	839	
9.5	9.75	3	13	1	3	79	26508	79	27023	0.00663291	0.00591646	0.003	0.017	342.063	138.81	15	685	
9.5	9.75	3	14	4	3	77	26504	77	26504	0.00681818	0.00606701	0.003	0.017	344.208	123.193	31	597	
9.5	9.75	3	15	2	3	72	26494	72	26102	0.00688889	0.00609215	0.003	0.017	362.528	155.366	91	669	
9.5	9.75	1	16	3	3	76	26504	76	26372	0.00686842	0.00609118	0.003	0.017	347	136.345	73	833	
9.5	9.75	1	17	2	3	84	26518	65	21192	0.00343077	0.00209888	0.003	0.017	326.031	108.352	32	549	
9.5	9.75	1	18	4	3	76	26502	75	26288	0.00692	0.00611547	0.003	0.017	350.507	129.348	57	701	
9.5	9.75	1	19	5	3	71	26492	71	26001	0.00704225	0.00610956	0.003	0.017	366.211	147.102	7	669	
9.5	9.75	1	20	1	3	85	26520	71	22530	0.00359155	0.00283638	0.003	0.024	317.324	134.816	49	621	
9.75	10	4	1	5	3	79	26508	56	20166	0.0035	0.00294186	0.003	0.024	360.107	93.5643	57	533	
9.75	10	4	2	3	3	89	26528	65	18986	0.003	0	0.003	0.003	292.092	122.615	32	469	
9.75	10	4	3	2	3	78	26506	54	18164	0.00312963	0.000952579	0.003	0.01	336.37	98.1749	49	469	
9.75	10	4	4	1	3	76	26502	53	19497	0.00313207	0.000961524	0.003	0.01	367.868	91.8004	101	533	
9.75	10	4	5	4	3	48	26446	48	26142	0.01175	0.00684944	0.003	0.017	544.625	305.946	73	1056	
9.75	10	2	6	4	3	57	26408	56	25672	0.006375	0.00352942	0.003	0.01	458.429	218.027	113	1056	
9.75	10	2	7	5	3	86	26522	64	21230	0.003	0	0.003	0.003	331.719	146.995	32	839	
9.75	10	2	8	2	3	81	26512	63	21589	0.00422222	0.00462617	0.003	0.024	342.683	129.277	57	637	
9.75	10	2	9	3	3	87	26524	67	21975	0.003	0	0.003	0.003	327.985	135.902	12	597	
9.75	10	2	10	1	3	54	26458	53	25554	0.00656604	0.00353286	0.003	0.01	482.151	212.245	34	1056	
9.75	10	3	11	5	3	87	26524	67	21573	0.003	0	0.003	0.003	321.985	145.915	32	621	
9.75	10	3	12	3	3	76	26502	56	19604	0.003125	0.000935414	0.003	0.01	350.071	112.297	49	839	
9.75	10	3	13	1	3	73	26496	73	25821	0.00779452	0.00668946	0.003	0.017	353.712	110.417	73	605	
9.75	10	3	14	4	3	70	26490	69	25826	0.00807246	0.00677868	0.003	0.017	374.29	129.93	74	605	
9.75	10	3	15	2	3	74	26498	73	26210	0.00779452	0.00668946	0.003	0.017	359.041	123.618	90	669	
9.75	10	1	16	3	3	76	26502	76	26714	0.00760526	0.00662134	0.003	0.017	351.5	135.827	73	685	
9.75	10	1	17	2	3	82	26514	59	19771	0.003	0	0.003	0.003	335.102	117.883	75	621	
9.75	10	1	18	4	3	72	26494	72	26286	0.00805555	0.00707085	0.003	0.024	365.083	132.793	57	881	
9.75	10	1	19	5	3	70	26490	70	26981	0.0078	0.00669328	0.003	0.017	385.443	149.491	93	669	
9.75	10	1	20	1	3	78	26506	58	20678	0.00324138	0.00128841	0.003	0.01	356.517	120.071	101	693	
