% start	end	CellId	IMSI	RNTI	LCID	nTxPDUs	TxBytes	nRxPDUs	RxBytes	delay	stdDev	min	max	PduSize	stdDev	min	max
0.5	0.75	4	1	3	3	46	25388	44	24517	0.00872727	0.00645328	0.003	0.017	557.205	273.62	55	1056	
0.5	0.75	4	2	1	3	43	25382	41	24526	0.00931707	0.00602262	0.003	0.017	598.195	309.889	113	1056	
0.5	0.75	4	3	2	3	40	25380	40	25380	0.003	0	0.003	0.003	634.5	323.936	145	1095	
0.5	0.75	4	4	5	3	51	25398	49	24412	0.00985714	0.0061441	0.003	0.017	498.204	270.922	66	1056	
0.5	0.75	4	5	4	3	51	25398	47	22712	0.00910638	0.00662746	0.003	0.024	483.234	272.958	56	1056	
0.5	0.75	2	6	5	3	59	25414	58	24276	0.00746552	0.00566991	0.003	0.017	418.552	239.443	7	967	
0.5	0.75	2	7	1	3	68	25432	54	20614	0.00546296	0.00546589	0.003	0.024	381.741	197.552	32	839	
0.5	0.75	2	8	2	3	51	25398	51	25398	0.00629412	0.0040462	0.003	0.017	498	226.838	58	1056	
0.5	0.75	2	9	4	3	55	25406	55	25406	0.00630909	0.003527	0.003	0.01	461.927	224.217	10	903	
0.5	0.75	2	10	3	3	66	25428	56	21177	0.005	0.00494332	0.003	0.024	378.161	198.408	32	967	
0.5	0.75	3	11	5	3	40	25376	39	24537	0.00658974	0.00354459	0.003	0.01	629.154	370.775	52	1056	
0.5	0.75	3	12	1	3	35	25366	35	25366	0.003	0	0.003	0.003	724.743	343.033	219	1056	
0.5	0.75	3	13	3	3	40	25376	39	25067	0.00676923	0.00353525	0.003	0.01	642.744	388.279	27	1056	
0.5	0.75	3	14	2	3	39	25374	38	25065	0.0065	0.00354698	0.003	0.01	659.605	378.648	12	1056	
0.5	0.75	3	15	4	3	52	25400	47	22318	0.00538298	0.00490143	0.003	0.017	474.851	279.237	49	1056	
0.5	0.75	1	16	4	3	48	25392	46	23822	0.00954348	0.00615614	0.003	0.017	517.87	252.872	42	1056	
0.5	0.75	1	17	3	3	53	25402	52	25104	0.00973077	0.00603622	0.003	0.017	482.769	220.925	18	1056	
0.5	0.75	1	18	5	3	53	25402	44	21854	0.00856818	0.00576436	0.003	0.017	496.682	282.609	7	1056	
0.5	0.75	1	19	1	3	45	25386	43	24328	0.00837209	0.00299224	0.003	0.01	565.767	326.589	27	1056	
0.5	0.75	1	20	2	3	51	25398	50	25364	0.01	0.006	0.003	0.017	507.28	276.974	18	1056	
0.75	1	4	1	3	3	52	26454	52	26163	0.0101346	0.00686003	0.003	0.017	503.135	195.155	93	1056	
0.75	1	4	2	1	3	53	26456	53	26736	0.0101321	0.00693108	0.003	0.017	504.453	207.612	28	903	
0.75	1	4	3	2	3	41	26432	41	26432	0.003	0	0.003	0.003	644.683	332.827	219	1056	
0.75	1	4	4	5	3	52	26454	52	26550	0.01	0.00693103	0.003	0.017	510.577	156.093	155	903	
0.75	1	4	5	4	3	59	26468	53	24278	0.00867924	0.00727158	0.003	0.024	458.075	189.797	49	839	
0.75	1	2	6	5	3	59	26470	63	28678	0.00777778	0.00413656	0.003	0.017	455.206	185.552	18	839	
0.75	1	2	7	1	3	74	26498	74	26896	0.00706757	0.0055575	0.003	0.024	363.459	189.016	39	749	
0.75	1	2	8	2	3	65	26480	65	26955	0.00633846	0.00352348	0.003	0.01	414.692	182.314	10	749	
0.75	1	2	9	4	3	57	26464	57	26464	0.00692982	0.00350438	0.003	0.01	464.281	156.188	90	693	
0.75	1	2	10	3	3	72	26494	69	26014	0.00776811	0.00629459	0.003	0.024	377.014	183.767	32	749	
0.75	1	3	11	5	3	45	26440	45	26626	0.0058	0.00346804	0.003	0.01	591.689	340.751	59	1056	
0.75	1	3	12	1	3	39	26428	39	26428	0.003	0	0.003	0.003	677.641	346.5	219	1056	
0.75	1	3	13	3	3	46	26442	47	26751	0.00568085	0.00343958	0.003	0.01	569.17	351.227	10	1056	
0.75	1	3	14	2	3	49	26448	50	26757	0.00552	0.00339411	0.003	0.01	535.14	384.011	12	1056	
0.75	1	3	15	4	3	58	26466	52	23784	0.00569231	0.0062231	0.003	0.024	457.385	263.702	12	1056	
0.75	1	1	16	4	3	57	26464	57	27507	0.00754386	0.00568855	0.003	0.017	482.579	220.672	60	1056	
0.75	1	1	17	3	3	65	26480	63	25968	0.00877778	0.00569789	0.003	0.017	412.19	238.906	42	1056	
0.75	1	1	18	5	3	63	26476	61	25442	0.0085082	0.00543943	0.003	0.024	417.082	240.094	18	967	
0.75	1	1	19	1	3	53	26456	53	26456	0.00709434	0.00348218	0.003	0.01	499.17	225.624	74	871	
0.75	1	1	20	2	3	60	26470	58	25356	0.0077069	0.00562266	0.003	0.017	437.172	233.493	34	1056	
1	1.25	4	1	3	3	52	26454	52	26951	0.00959615	0.00698811	0.003	0.017	518.288	228.976	28	1056	
1	1.25	4	2	1	3	50	26450	50	26258	0.00986	0.0068542	0.003	0.017	525.16	222.384	93	1056	
1	1.25	4	3	2	3	44	26440	44	26440	0.003	0	0.003	0.003	600.909	318.938	219	1056	
1	1.25	4	4	5	3	53	26456	53	26424	0.00933962	0.00690023	0.003	0.017	498.566	212.078	73	985	
1	1.25	4	5	4	3	53	26456	46	22183	0.00923913	0.00770046	0.003	0.024	482.239	215.779	42	1056	
1	1.25	2	6	5	3	45	26440	44	24997	0.00968182	0.00639685	0.003	0.017	568.114	250.635	121	1056	
1	1.25	2	7	1	3	61	26472	46	16771	0.00665217	0.00655648	0.003	0.024	364.587	205.278	10	749	
1	1.25	2	8	2	3	51	26452	50	24462	0.0086	0.00583095	0.003	0.017	489.24	234.222	18	1056	
1	1.25	2	9	4	3	50	26450	48	25392	0.007375	0.00342472	0.003	0.01	529	236.974	58	1056	
1	1.25	2	10	3	3	61	26472	47	17210	0.00508511	0.00410636	0.003	0.024	366.17	199.807	28	903	
1	1.25	3	11	5	3	45	26440	45	27034	0.00611111	0.00351763	0.003	0.01	600.756	328.436	59	1056	
1	1.25	3	12	1	3	40	26430	40	26430	0.003	0	0.003	0.003	660.75	354.487	219	1056	
1	1.25	3	13	3	3	48	26446	47	26137	0.00582979	0.00347237	0.003	0.01	556.106	398.595	12	1056	
1	1.25	3	14	2	3	50	26450	50	26450	0.0058	0.0034641	0.003	0.01	529	335.149	27	1056	
1	1.25	3	15	4	3	63	26476	60	26005	0.00475	0.00457934	0.003	0.024	433.417	234.801	49	1056	
1	1.25	1	16	4	3	49	26448	49	25617	0.00942857	0.00667708	0.003	0.017	522.796	224.379	42	1056	
1	1.25	1	17	3	3	50	26450	51	26210	0.01	0.00671416	0.003	0.017	513.922	227.212	51	1056	
1	1.25	1	18	5	3	57	26464	44	19326	0.00761364	0.0067418	0.003	0.024	439.227	216.713	29	865	
1	1.25	1	19	1	3	49	26448	50	27197	0.00692	0.00350999	0.003	0.01	543.94	275.534	26	1056	
1	1.25	1	20	2	3	54	26458	54	26474	0.00961111	0.00671921	0.003	0.017	490.259	207.025	74	1056	
1.25	1.5	4	1	3	3	52	26454	52	26447	0.0101346	0.00699868	0.003	0.017	508.596	215.92	28	1056	
1.25	1.5	4	2	1	3	50	26450	50	26440	0.01014	0.00699857	0.003	0.017	528.8	164.692	91	967	
1.25	1.5	4	3	2	3	40	26430	40	26430	0.003	0	0.003	0.003	660.75	299.392	219	1056	
1.25	1.5	4	4	5	3	53	26456	53	26319	0.00973585	0.00699492	0.003	0.017	496.585	146.854	73	749	
1.25	1.5	4	5	4	3	56	26462	48	22788	0.00927083	0.00892937	0.003	0.024	474.75	144.72	101	693	
1.25	1.5	2	6	5	3	44	26438	44	27299	0.0128636	0.0064613	0.003	0.017	620.432	291.419	26	1056	
1.25	1.5	2	7	1	3	48	26446	25	11050	0.00468	0.00581464	0.003	0.024	442	198.739	75	1056	
1.25	1.5	2	8	2	3	52	26454	52	27883	0.00946154	0.00662574	0.003	0.017	536.212	281.807	93	1056	
1.25	1.5	2	9	4	3	44	26438	45	26440	0.00735555	0.00343217	0.003	0.01	587.556	247.193	58	1056	
1.25	1.5	2	10	3	3	53	26456	30	12145	0.00416667	0.00453403	0.003	0.024	404.833	164.135	32	621	
1.25	1.5	3	11	5	3	42	26434	43	26493	0.00576744	0.00346298	0.003	0.01	616.116	387.131	59	1056	
1.25	1.5	3	12	1	3	40	26430	40	26430	0.003	0	0.003	0.003	660.75	356.837	219	1056	
1.25	1.5	3	13	3	3	48	26446	48	26446	0.00591667	0.00348757	0.003	0.01	550.958	336.343	18	1056	
1.25	1.5	3	14	2	3	45	26440	44	25384	0.00554545	0.00340625	0.003	0.01	576.909	373.149	27	1056	
1.25	1.5	3	15	4	3	66	26482	62	25530	0.00412903	0.00288855	0.003	0.017	411.774	240.093	12	839	
1.25	1.5	1	16	4	3	48	26446	48	26143	0.0107292	0.00696111	0.003	0.017	544.646	215.101	58	1056	
1.25	1.5	1	17	3	3	48	26446	48	26606	0.0110208	0.00692356	0.003	0.017	554.292	213.532	73	1056	
1.25	1.5	1	18	5	3	58	26466	37	15531	0.00432432	0.00398646	0.003	0.024	419.757	167.595	42	839	
1.25	1.5	1	19	1	3	45	26440	45	26288	0.0072	0.00346804	0.003	0.01	584.178	244.951	155	1056	
1.25	1.5	1	20	2	3	47	26444	48	26294	0.0107292	0.00696111	0.003	0.017	547.792	217.525	58	1056	
1.5	1.75	4	1	3	3	52	26454	52	25688	0.00973077	0.0069257	0.003	0.017	494	187.028	113	1056	
1.5	1.75	4	2	1	3	49	26448	49	26466	0.00985714	0.00677618	0.003	0.017	540.122	198.363	35	1056	
1.5	1.75	4	3	2	3	47	26444	47	26444	0.003	0	0.003	0.003	562.638	274.774	219	1056	
1.5	1.75	4	4	5	3	52	26454	52	26836	0.00959615	0.00698811	0.003	0.017	516.077	193.543	74	1056	
1.5	1.75	4	5	4	3	63	26476	60	24829	0.00883333	0.00856514	0.003	0.024	413.817	200.969	49	957	
1.5	1.75	2	6	5	3	44	26438	44	26148	0.0115909	0.00689563	0.003	0.017	594.273	269.491	26	1056	
1.5	1.75	2	7	1	3	54	26458	30	11060	0.0037	0.00383406	0.003	0.024	368.667	169.073	28	621	
1.5	1.75	2	8	2	3	42	26434	42	25488	0.0106667	0.00633868	0.003	0.017	606.857	255.334	219	1056	
1.5	1.75	2	9	4	3	43	26436	43	26436	0.00739535	0.00342358	0.003	0.01	614.791	288.26	113	1056	
1.5	1.75	2	10	3	3	55	26460	34	14309	0.0052647	0.00564242	0.003	0.024	420.853	259.552	28	1026	
1.5	1.75	3	11	5	3	40	26430	39	25777	0.00605128	0.00351649	0.003	0.01	660.949	377.445	59	1056	
1.5	1.75	3	12	1	3	38	26426	38	26426	0.003	0	0.003	0.003	695.421	359.388	219	1056	
1.5	1.75	3	13	3	3	46	26442	46	26596	0.00513043	0.00325651	0.003	0.01	578.174	355.606	18	1056	
1.5	1.75	3	14	2	3	45	26440	46	27496	0.00558696	0.00341615	0.003	0.01	597.739	361.437	27	1056	
1.5	1.75	3	15	4	3	58	26466	56	25938	0.004625	0.00326726	0.003	0.017	463.179	229.252	23	901	
1.5	1.75	1	16	4	3	48	26446	48	26749	0.0110208	0.00677131	0.003	0.017	557.271	222.606	58	1056	
1.5	1.75	1	17	3	3	51	26452	51	26292	0.0104118	0.00691716	0.003	0.017	515.529	223.329	73	1056	
1.5	1.75	1	18	5	3	55	26460	34	14222	0.00588235	0.00691842	0.003	0.024	418.294	180.385	12	693	
1.5	1.75	1	19	1	3	45	26440	45	26592	0.00751111	0.00338863	0.003	0.01	590.933	265.102	145	1056	
1.5	1.75	1	20	2	3	51	26452	51	26604	0.0101373	0.00692826	0.003	0.017	521.647	136.865	225	833	
1.75	2	4	1	3	3	51	26452	51	27708	0.0102745	0.00699451	0.003	0.017	543.294	201.034	93	1031	
1.75	2	4	2	1	3	48	26446	47	25331	0.0107447	0.00688245	0.003	0.017	538.957	190.89	187	1056	
1.75	2	4	3	2	3	41	26432	41	26432	0.003	0	0.003	0.003	644.683	335.266	219	1056	
1.75	2	4	4	5	3	52	26454	52	26459	0.01	0.00706829	0.003	0.017	508.827	190.759	73	1056	
1.75	2	4	5	4	3	57	26464	49	22660	0.00871428	0.00853424	0.003	0.024	462.449	152.632	101	839	
1.75	2	2	6	5	3	44	26438	44	26238	0.0115909	0.00689563	0.003	0.017	596.318	271.857	93	1056	
1.75	2	2	7	1	3	54	26458	30	11139	0.0037	0.00383406	0.003	0.024	371.3	169.805	28	839	
1.75	2	2	8	2	3	45	26440	45	27462	0.0114	0.00626099	0.003	0.017	610.267	271.889	26	1056	
1.75	2	2	9	4	3	44	26438	44	26921	0.00745454	0.00340625	0.003	0.01	611.841	288.297	113	1056	
1.75	2	2	10	3	3	52	26454	31	13905	0.00503226	0.00577052	0.003	0.024	448.548	192.371	32	875	
1.75	2	3	11	5	3	41	26432	42	27085	0.006	0.00350609	0.003	0.01	644.881	335.719	59	1056	
1.75	2	3	12	1	3	38	26426	38	26426	0.003	0	0.003	0.003	695.421	356.928	219	1056	
1.75	2	3	13	3	3	43	26436	43	25535	0.00527907	0.00331896	0.003	0.01	593.837	396.27	12	1056	
1.75	2	3	14	2	3	46	26442	44	25384	0.00522727	0.00329809	0.003	0.01	576.909	411.116	12	1056	
1.75	2	3	15	4	3	57	26464	54	25097	0.00468518	0.00331278	0.003	0.017	464.759	244.628	17	849	
1.75	2	1	16	4	3	50	26450	49	26265	0.0104286	0.00691315	0.003	0.017	536.02	159.148	149	1056	
1.75	2	1	17	3	3	53	26456	53	26731	0.00960377	0.00705566	0.003	0.017	504.358	161.7	73	1056	
1.75	2	1	18	5	3	53	26456	32	13976	0.0051875	0.00484893	0.003	0.024	436.75	173.392	12	693	
1.75	2	1	19	1	3	43	26436	43	25689	0.00755814	0.0033757	0.003	0.01	597.419	275.647	58	1056	
1.75	2	1	20	2	3	50	26450	50	25951	0.01014	0.00699857	0.003	0.017	519.02	181.048	149	1056	
2	2.25	4	1	3	3	51	26452	51	25664	0.01	0.007	0.003	0.017	503.216	185.596	27	1056	
2	2.25	4	2	1	3	53	26456	54	27552	0.01	0.006799	0.003	0.017	510.222	174.699	90	965	
2	2.25	4	3	2	3	44	26438	44	26438	0.003	0	0.003	0.003	600.864	251.92	219	1056	
2	2.25	4	4	5	3	52	26454	52	26140	0.00973077	0.00706306	0.003	0.017	502.692	196.98	91	967	
2	2.25	4	5	4	3	57	26464	49	22957	0.00957143	0.00885532	0.003	0.024	468.51	147.788	101	693	
2	2.25	2	6	5	3	46	26442	44	25775	0.0122273	0.00671293	0.003	0.017	585.795	259.074	93	1056	
2	2.25	2	7	1	3	54	26458	30	12125	0.0037	0.00383406	0.003	0.024	404.167	165.418	28	749	
2	2.25	2	8	2	3	47	26444	45	24935	0.0106222	0.00664451	0.003	0.017	554.111	245.673	28	1056	
2	2.25	2	9	4	3	42	26434	42	26174	0.00766667	0.00333983	0.003	0.01	623.19	288.807	58	1056	
2	2.25	2	10	3	3	53	26456	30	11965	0.0037	0.00281805	0.003	0.017	398.833	191.395	32	719	
2	2.25	3	11	5	3	45	26440	45	26440	0.00657778	0.00353868	0.003	0.01	587.556	352.052	59	1056	
2	2.25	3	12	1	3	40	26430	40	26430	0.003	0	0.003	0.003	660.75	340.204	219	1056	
2	2.25	3	13	3	3	45	26440	45	27341	0.00626667	0.00353167	0.003	0.01	607.578	348.069	145	1056	
2	2.25	3	14	2	3	46	26442	48	27500	0.00577083	0.00345943	0.003	0.01	572.917	354.005	18	1056	
2	2.25	3	15	4	3	64	26478	63	26466	0.00488889	0.00360157	0.003	0.017	420.095	226.464	3	1056	
2	2.25	1	16	4	3	50	26450	51	26943	0.0104118	0.00691716	0.003	0.017	528.294	234.356	72	1056	
2	2.25	1	17	3	3	51	26452	51	25414	0.00986274	0.00706829	0.003	0.017	498.314	219.351	73	1056	
2	2.25	1	18	5	3	52	26454	35	16950	0.0066	0.00643611	0.003	0.024	484.286	174.312	49	839	
2	2.25	1	19	1	3	44	26438	44	26889	0.00729545	0.00344781	0.003	0.01	611.114	247.194	145	1056	
2	2.25	1	20	2	3	48	26446	48	26877	0.01	0.00692513	0.003	0.017	559.938	243.396	73	1056	
2.25	2.5	4	1	3	3	52	26454	52	26646	0.00986538	0.00699868	0.003	0.017	512.423	173.182	93	1056	
2.25	2.5	4	2	1	3	53	26456	53	26177	0.0101321	0.00679377	0.003	0.017	493.906	184.223	106	871	
2.25	2.5	4	3	2	3	44	26438	44	26438	0.003	0	0.003	0.003	600.864	281.714	219	1056	
2.25	2.5	4	4	5	3	51	26452	51	26548	0.00986274	0.00706829	0.003	0.017	520.549	164.872	73	985	
2.25	2.5	4	5	4	3	56	26462	48	22219	0.009125	0.00785947	0.003	0.024	462.896	185.219	49	901	
2.25	2.5	2	6	5	3	46	26442	47	26444	0.012234	0.00654487	0.003	0.017	562.638	264.354	26	1056	
2.25	2.5	2	7	1	3	51	26452	32	12602	0.005625	0.00705623	0.003	0.024	393.812	218.618	32	1056	
2.25	2.5	2	8	2	3	45	26440	47	27586	0.0104468	0.00659317	0.003	0.017	586.936	266.566	93	1056	
2.25	2.5	2	9	4	3	46	26442	45	26217	0.00751111	0.00338863	0.003	0.01	582.6	265.728	58	1056	
2.25	2.5	2	10	3	3	52	26454	32	13622	0.00475	0.00502895	0.003	0.024	425.688	163.816	75	865	
2.25	2.5	3	11	5	3	40	26430	40	26430	0.0065	0.00354459	0.003	0.01	660.75	394.092	20	1056	
2.25	2.5	3	12	1	3	43	26436	43	26436	0.003	0	0.003	0.003	614.791	322.258	219	1056	
2.25	2.5	3	13	3	3	44	26438	44	26284	0.00490909	0.00315357	0.003	0.01	597.364	353.24	18	1056	
2.25	2.5	3	14	2	3	48	26446	47	26137	0.00553191	0.00339981	0.003	0.01	556.106	353.554	70	1056	
2.25	2.5	3	15	4	3	57	26464	55	25250	0.00389091	0.00235445	0.003	0.01	459.091	241.14	49	1056	
2.25	2.5	1	16	4	3	47	26444	47	25977	0.0105957	0.00697405	0.003	0.017	552.702	198.231	93	1056	
2.25	2.5	1	17	3	3	48	26446	48	26742	0.0104375	0.00698602	0.003	0.017	557.125	187.563	149	1056	
2.25	2.5	1	18	5	3	57	26464	43	19899	0.00674419	0.00671917	0.003	0.024	462.767	206.95	101	1056	
2.25	2.5	1	19	1	3	45	26440	45	26879	0.00751111	0.00338863	0.003	0.01	597.311	287.339	26	1056	
2.25	2.5	1	20	2	3	53	26456	53	26372	0.0102641	0.00685888	0.003	0.017	497.585	248.077	73	1056	
2.5	2.75	4	1	3	3	51	26452	51	26454	0.0104118	0.006774	0.003	0.017	518.706	175.228	93	1056	
2.5	2.75	4	2	1	3	52	26454	52	26744	0.0105385	0.00690967	0.003	0.017	514.308	198.788	26	1056	
2.5	2.75	4	3	2	3	43	26436	43	26436	0.003	0	0.003	0.003	614.791	298.704	219	1056	
2.5	2.75	4	4	5	3	52	26454	52	25923	0.00973077	0.00706306	0.003	0.017	498.519	176.622	73	1056	
2.5	2.75	4	5	4	3	63	26476	59	25233	0.00976271	0.00871649	0.003	0.024	427.678	170.296	49	839	
2.5	2.75	2	6	5	3	47	26444	47	26253	0.0129787	0.00631936	0.003	0.017	558.574	301.506	26	1056	
2.5	2.75	2	7	1	3	59	26468	36	12719	0.00358333	0.0035	0.003	0.024	353.306	168.832	28	621	
2.5	2.75	2	8	2	3	44	26438	44	25958	0.0114318	0.00614703	0.003	0.017	589.955	272.554	93	1056	
2.5	2.75	2	9	4	3	41	26432	42	27125	0.00816667	0.003115	0.003	0.01	645.833	294.457	219	1056	
2.5	2.75	2	10	3	3	51	26452	31	13026	0.00525806	0.00553756	0.003	0.024	420.194	223.078	49	1056	
2.5	2.75	3	11	5	3	43	26436	42	25380	0.006	0.00350609	0.003	0.01	604.286	395.152	59	1056	
2.5	2.75	3	12	1	3	38	26426	38	26426	0.003	0	0.003	0.003	695.421	354.451	219	1056	
2.5	2.75	3	13	3	3	42	26434	43	26743	0.00544186	0.0033757	0.003	0.01	621.93	406.053	27	1056	
2.5	2.75	3	14	2	3	43	26436	44	26745	0.00538636	0.00335646	0.003	0.01	607.841	344.86	91	1056	
2.5	2.75	3	15	4	3	63	26476	62	26098	0.00480645	0.00357055	0.003	0.017	420.935	239.615	3	957	
2.5	2.75	1	16	4	3	51	26452	51	26903	0.0102745	0.00685297	0.003	0.017	527.51	175.56	149	1056	
2.5	2.75	1	17	3	3	50	26450	50	27148	0.01042	0.00684251	0.003	0.017	542.96	275.295	73	1056	
2.5	2.75	1	18	5	3	54	26458	39	18525	0.00676923	0.00678412	0.003	0.024	475	225.655	101	1056	
2.5	2.75	1	19	1	3	40	26430	40	25991	0.007725	0.00332039	0.003	0.01	649.775	300.166	145	1056	
2.5	2.75	1	20	2	3	49	26448	49	26600	0.0105714	0.00682825	0.003	0.017	542.857	198.234	219	1056	
2.75	3	4	1	3	3	53	26456	53	26280	0.0101321	0.00679377	0.003	0.017	495.849	225.308	93	1056	
2.75	3	4	2	1	3	52	26454	52	25588	0.00973077	0.0064962	0.003	0.017	492.077	193.442	93	1056	
2.75	3	4	3	2	3	47	26444	47	26444	0.003	0	0.003	0.003	562.638	294.375	219	1056	
2.75	3	4	4	5	3	54	26458	54	27505	0.00987037	0.00699878	0.003	0.017	509.352	182.394	149	1056	
2.75	3	4	5	4	3	59	26468	56	25551	0.00975	0.00800511	0.003	0.024	456.268	171.708	49	839	
2.75	3	2	6	5	3	46	26442	47	27485	0.0114894	0.0068362	0.003	0.017	584.787	308.099	26	1056	
2.75	3	2	7	1	3	53	26456	31	12191	0.00458064	0.00533401	0.003	0.024	393.258	211.116	32	871	
2.75	3	2	8	2	3	49	26448	49	25786	0.0101429	0.00630806	0.003	0.017	526.245	268.47	26	1056	
2.75	3	2	9	4	3	45	26440	45	26200	0.00735555	0.00343217	0.003	0.01	582.222	278.964	58	1056	
2.75	3	2	10	3	3	57	26464	35	13280	0.0046	0.00482762	0.003	0.024	379.429	165.066	32	741	
2.75	3	3	11	5	3	41	26432	42	27488	0.00566667	0.00344055	0.003	0.01	654.476	399.627	59	1056	
2.75	3	3	12	1	3	38	26426	38	26426	0.003	0	0.003	0.003	695.421	356.928	219	1056	
2.75	3	3	13	3	3	45	26440	44	26131	0.00602273	0.00350739	0.003	0.01	593.886	378.87	18	1056	
2.75	3	3	14	2	3	43	26436	42	26345	0.00566667	0.00344055	0.003	0.01	627.262	346.8	91	1056	
2.75	3	3	15	4	3	61	26472	61	26631	0.00644262	0.00566134	0.003	0.024	436.574	256.636	18	1056	
2.75	3	1	16	4	3	52	26454	52	26601	0.0106731	0.00654014	0.003	0.017	511.558	216.031	73	1056	
2.75	3	1	17	3	3	46	26442	46	25680	0.0115217	0.00641782	0.003	0.017	558.261	217.869	73	1056	
2.75	3	1	18	5	3	54	26458	40	18782	0.00755	0.00682736	0.003	0.024	469.55	179.712	49	775	
2.75	3	1	19	1	3	46	26442	46	26586	0.00786956	0.00325651	0.003	0.01	577.957	325.122	58	1056	
2.75	3	1	20	2	3	49	26448	49	26216	0.0117143	0.00631467	0.003	0.017	535.02	260.904	72	1056	
3	3.25	4	1	3	3	51	26452	51	26346	0.0101373	0.00706829	0.003	0.017	516.588	203.016	28	965	
3	3.25	4	2	1	3	52	26454	52	27313	0.01	0.00706829	0.003	0.017	525.25	208.792	26	1056	
3	3.25	4	3	2	3	42	26434	42	26434	0.003	0	0.003	0.003	629.381	309.937	219	1056	
3	3.25	4	4	5	3	57	26464	57	25852	0.00914035	0.00700877	0.003	0.017	453.544	218.652	73	1056	
3	3.25	4	5	4	3	51	26452	44	23339	0.01	0.0091829	0.003	0.024	530.432	203.095	49	1056	
3	3.25	2	6	5	3	43	26436	43	26545	0.0114651	0.00692597	0.003	0.017	617.326	274.074	93	1056	
3	3.25	2	7	1	3	53	26456	28	9435	0.003	0	0.003	0.003	336.964	180.177	32	621	
3	3.25	2	8	2	3	48	26446	48	27500	0.0107292	0.00680969	0.003	0.017	572.917	273.097	26	1056	
3	3.25	2	9	4	3	47	26444	46	25991	0.00756522	0.0033708	0.003	0.01	565.022	267.453	58	1056	
3	3.25	2	10	3	3	55	26460	33	12821	0.00384848	0.00339228	0.003	0.017	388.515	179.392	32	674	
3	3.25	3	11	5	3	45	26440	44	26189	0.00602273	0.00350739	0.003	0.01	595.205	349.206	59	1056	
3	3.25	3	12	1	3	45	26440	45	26440	0.003	0	0.003	0.003	587.556	328.212	219	1056	
3	3.25	3	13	3	3	45	26440	45	26440	0.00548889	0.00338863	0.003	0.01	587.556	397.046	18	1056	
3	3.25	3	14	2	3	48	26446	49	26537	0.00514286	0.0032596	0.003	0.01	541.571	322.287	91	1056	
3	3.25	3	15	4	3	65	26480	63	26069	0.00411111	0.00257852	0.003	0.01	413.794	230.096	49	839	
3	3.25	1	16	4	3	49	26448	49	26477	0.0104286	0.00705927	0.003	0.017	540.347	204.66	58	1056	
3	3.25	1	17	3	3	50	26450	50	26450	0.01028	0.00706541	0.003	0.017	529	241.711	58	1056	
3	3.25	1	18	5	3	55	26460	34	14917	0.00464706	0.00518671	0.003	0.024	438.735	177.296	42	775	
3	3.25	1	19	1	3	41	26432	41	26432	0.00726829	0.00345705	0.003	0.01	644.683	295.956	145	1056	
3	3.25	1	20	2	3	51	26452	51	26393	0.00986274	0.00706829	0.003	0.017	517.51	135.805	73	839	
3.25	3.5	4	1	3	3	51	26452	51	26742	0.00986274	0.00692826	0.003	0.017	524.353	218.355	34	1056	
3.25	3.5	4	2	1	3	52	26454	52	26355	0.00973077	0.0069257	0.003	0.017	506.827	197.679	26	1056	
3.25	3.5	4	3	2	3	42	26434	42	26434	0.003	0	0.003	0.003	629.381	327.805	219	1056	
3.25	3.5	4	4	5	3	52	26454	52	26310	0.01	0.00693103	0.003	0.017	505.962	201.473	73	967	
3.25	3.5	4	5	4	3	57	26464	45	20456	0.00751111	0.00791897	0.003	0.024	454.578	194.655	49	849	
3.25	3.5	2	6	5	3	43	26436	43	25857	0.013093	0.0063539	0.003	0.017	601.326	295.375	26	1056	
3.25	3.5	2	7	1	3	55	26460	34	13819	0.00402941	0.00426746	0.003	0.024	406.441	170.907	28	621	
3.25	3.5	2	8	2	3	46	26442	46	26354	0.010913	0.00669934	0.003	0.017	572.913	261.537	93	1056	
3.25	3.5	2	9	4	3	46	26442	47	26444	0.00717021	0.00347237	0.003	0.01	562.638	272.42	58	1056	
3.25	3.5	2	10	3	3	54	26458	30	9742	0.00346667	0.00255604	0.003	0.017	324.733	169.619	28	549	
3.25	3.5	3	11	5	3	41	26432	41	25627	0.00607317	0.00351703	0.003	0.01	625.049	316.661	27	1056	
3.25	3.5	3	12	1	3	34	26418	34	26418	0.003	0	0.003	0.003	777	343.376	219	1056	
3.25	3.5	3	13	3	3	52	26454	52	26608	0.00596154	0.00349207	0.003	0.01	511.692	320.412	18	1056	
3.25	3.5	3	14	2	3	47	26444	46	26353	0.0058913	0.00348475	0.003	0.01	572.891	326.242	91	1056	
3.25	3.5	3	15	4	3	61	26472	56	25807	0.00425	0.00301662	0.003	0.017	460.839	212.454	18	849	
3.25	3.5	1	16	4	3	51	26452	51	25825	0.01	0.00685857	0.003	0.017	506.373	181.422	121	1056	
3.25	3.5	1	17	3	3	48	26446	48	27444	0.01	0.00692513	0.003	0.017	571.75	234.35	149	1056	
3.25	3.5	1	18	5	3	56	26462	37	15773	0.00545946	0.00576674	0.003	0.024	426.297	204.344	49	839	
3.25	3.5	1	19	1	3	39	26428	39	25833	0.00802564	0.00319117	0.003	0.01	662.385	303.081	26	1056	
3.25	3.5	1	20	2	3	49	26448	49	26739	0.0101429	0.0069252	0.003	0.017	545.694	170.01	219	1056	
3.5	3.75	4	1	3	3	53	26456	53	26153	0.00960377	0.00705566	0.003	0.017	493.453	207.892	90	1056	
3.5	3.75	4	2	1	3	51	26452	51	25988	0.00986274	0.00706829	0.003	0.017	509.569	133.284	93	871	
3.5	3.75	4	3	2	3	43	26436	43	26436	0.003	0	0.003	0.003	614.791	291.829	219	1056	
3.5	3.75	4	4	5	3	54	26458	54	26698	0.00948148	0.00704632	0.003	0.017	494.407	145.59	225	757	
3.5	3.75	4	5	4	3	56	26462	42	19876	0.00666667	0.00745283	0.003	0.024	473.238	135.108	49	621	
3.5	3.75	2	6	5	3	47	26444	47	25873	0.0105957	0.00697405	0.003	0.017	550.489	235.502	26	1056	
3.5	3.75	2	7	1	3	57	26464	35	12800	0.0032	0.00118322	0.003	0.01	365.714	159.109	32	621	
3.5	3.75	2	8	2	3	41	26432	40	26237	0.011575	0.00681585	0.003	0.017	655.925	233.493	283	1056	
3.5	3.75	2	9	4	3	46	26442	46	26893	0.00741304	0.00341615	0.003	0.01	584.63	277.134	108	1056	
3.5	3.75	2	10	3	3	49	26448	27	11514	0.00403704	0.00319232	0.003	0.017	426.444	199.803	68	1056	
3.5	3.75	3	11	5	3	48	26446	48	27475	0.00591667	0.00348757	0.003	0.01	572.396	336.362	27	1056	
3.5	3.75	3	12	1	3	39	26428	39	26428	0.003	0	0.003	0.003	677.641	351.416	219	1056	
3.5	3.75	3	13	3	3	46	26442	46	26288	0.0065	0.00353868	0.003	0.01	571.478	343.341	27	1056	
3.5	3.75	3	14	2	3	48	26446	48	26228	0.00547917	0.00338325	0.003	0.01	546.417	316.679	91	1056	
3.5	3.75	3	15	4	3	65	26480	62	25823	0.00424193	0.00347679	0.003	0.017	416.5	250.948	18	1056	
3.5	3.75	1	16	4	3	46	26442	46	26761	0.010913	0.00701689	0.003	0.017	581.761	223.683	58	1056	
3.5	3.75	1	17	3	3	50	26450	50	25516	0.01028	0.00706541	0.003	0.017	510.32	216.62	58	1056	
3.5	3.75	1	18	5	3	52	26454	31	14881	0.00480645	0.00541245	0.003	0.024	480.032	179.046	49	901	
3.5	3.75	1	19	1	3	42	26434	42	26805	0.00716667	0.00347757	0.003	0.01	638.214	271.68	121	1056	
3.5	3.75	1	20	2	3	52	26454	52	26534	0.00973077	0.00706306	0.003	0.017	510.269	163.57	149	1056	
3.75	4	4	1	3	3	52	26454	52	26467	0.00986538	0.00686003	0.003	0.017	508.981	228.221	91	1056	
3.75	4	4	2	1	3	51	26452	51	26252	0.00958823	0.00691716	0.003	0.017	514.745	182.468	93	1056	
3.75	4	4	3	2	3	42	26434	42	26434	0.003	0	0.003	0.003	629.381	294.49	219	1056	
3.75	4	4	4	5	3	53	26456	53	26136	0.00960377	0.00692081	0.003	0.017	493.132	191.081	73	1056	
3.75	4	4	5	4	3	59	26468	46	20893	0.00741304	0.00743139	0.003	0.024	454.196	209.841	18	839	
3.75	4	2	6	5	3	45	26440	45	27678	0.0123333	0.00667424	0.003	0.017	615.067	266.108	219	1056	
3.75	4	2	7	1	3	54	26458	30	9680	0.00323333	0.00127802	0.003	0.01	322.667	175.387	28	621	
3.75	4	2	8	2	3	47	26444	48	26727	0.0116042	0.00680969	0.003	0.017	556.812	233.432	93	1056	
3.75	4	2	9	4	3	45	26440	45	26440	0.0072	0.00346804	0.003	0.01	587.556	253.603	113	1056	
3.75	4	2	10	3	3	57	26464	36	13479	0.00397222	0.00340995	0.003	0.017	374.417	217.402	64	1056	
3.75	4	3	11	5	3	47	26444	48	26471	0.00489583	0.00314365	0.003	0.01	551.479	330.446	27	1056	
3.75	4	3	12	1	3	42	26434	42	26434	0.003	0	0.003	0.003	629.381	344.661	219	1056	
3.75	4	3	13	3	3	47	26444	47	26726	0.00538298	0.00335283	0.003	0.01	568.638	330.722	12	1056	
3.75	4	3	14	2	3	46	26442	47	26751	0.00508511	0.00323587	0.003	0.01	569.17	352.257	70	1056	
3.75	4	3	15	4	3	58	26466	55	25179	0.00490909	0.00391707	0.003	0.017	457.8	260.131	12	1056	
3.75	4	1	16	4	3	49	26448	49	26676	0.0104286	0.00691315	0.003	0.017	544.408	215.439	149	1056	
3.75	4	1	17	3	3	49	26448	49	26755	0.011	0.00685262	0.003	0.017	546.02	259.754	58	1056	
3.75	4	1	18	5	3	50	26450	33	16740	0.0059697	0.00554236	0.003	0.024	507.273	165.915	49	1056	
3.75	4	1	19	1	3	40	26430	39	26057	0.00748718	0.00340179	0.003	0.01	668.128	296.462	90	1056	
3.75	4	1	20	2	3	50	26450	50	26770	0.01028	0.00692243	0.003	0.017	535.4	193.97	73	985	
4	4.25	4	1	3	3	53	26456	53	27029	0.00960377	0.00705566	0.003	0.017	509.981	187.288	93	965	
4	4.25	4	2	1	3	55	26460	55	26735	0.00936364	0.00703526	0.003	0.017	486.091	168.349	93	965	
4	4.25	4	3	2	3	42	26434	42	26434	0.003	0	0.003	0.003	629.381	288.158	219	1056	
4	4.25	4	4	5	3	53	26456	53	26680	0.00960377	0.00705566	0.003	0.017	503.396	140.685	149	749	
4	4.25	4	5	4	3	53	26456	40	19840	0.00825	0.00849962	0.003	0.024	496	120.471	101	839	
4	4.25	2	6	5	3	47	26444	47	25979	0.0108936	0.00662746	0.003	0.017	552.745	195.491	219	1056	
4	4.25	2	7	1	3	56	26464	35	12480	0.0044	0.00503634	0.003	0.024	356.571	166.312	27	621	
4	4.25	2	8	2	3	47	26444	47	26734	0.0107447	0.00640132	0.003	0.017	568.809	237.449	93	1056	
4	4.25	2	9	4	3	45	26440	45	26440	0.00735555	0.00343217	0.003	0.01	587.556	268.399	10	1056	
4	4.25	2	10	3	3	61	26472	43	14016	0.00495349	0.00490846	0.003	0.024	325.953	197.168	28	1026	
4	4.25	3	11	5	3	42	26434	42	26434	0.00583333	0.00347757	0.003	0.01	629.381	350.758	27	1056	
4	4.25	3	12	1	3	44	26438	44	26438	0.003	0	0.003	0.003	600.864	328.596	219	1056	
4	4.25	3	13	3	3	48	26446	48	26318	0.00533333	0.00333475	0.003	0.01	548.292	366.64	27	1056	
4	4.25	3	14	2	3	48	26446	48	26446	0.00489583	0.00314365	0.003	0.01	550.958	333.121	91	1056	
4	4.25	3	15	4	3	60	26470	54	23847	0.00468518	0.003581	0.003	0.017	441.611	226.51	49	901	
4	4.25	1	16	4	3	53	26456	53	26512	0.0094717	0.00697965	0.003	0.017	500.226	233.334	34	1056	
4	4.25	1	17	3	3	52	26454	52	26761	0.00973077	0.0069257	0.003	0.017	514.635	264.714	34	1056	
4	4.25	1	18	5	3	58	26466	38	14861	0.00373684	0.00217708	0.003	0.01	391.079	209.852	18	957	
4	4.25	1	19	1	3	43	26436	44	27057	0.00713636	0.00348145	0.003	0.01	614.932	294.61	121	1056	
4	4.25	1	20	2	3	50	26450	50	26114	0.00944	0.00690507	0.003	0.017	522.28	226.924	73	1056	
4.25	4.5	4	1	3	3	54	26458	54	25685	0.00948148	0.00691387	0.003	0.017	475.648	176.927	34	1056	
4.25	4.5	4	2	1	3	53	26456	53	26749	0.00986792	0.00693108	0.003	0.017	504.698	254.389	90	1056	
4.25	4.5	4	3	2	3	46	26442	46	26442	0.003	0	0.003	0.003	574.826	258.463	219	1056	
4.25	4.5	4	4	5	3	59	26468	59	26777	0.0089322	0.00685531	0.003	0.017	453.847	197.225	142	1056	
4.25	4.5	4	5	4	3	57	26464	47	21531	0.0083617	0.00853745	0.003	0.024	458.106	187.461	49	849	
4.25	4.5	2	6	5	3	43	26436	43	26234	0.0122791	0.00660925	0.003	0.017	610.093	282.757	122	1056	
4.25	4.5	2	7	1	3	52	26454	29	10598	0.0042069	0.00421205	0.003	0.024	365.448	198.707	32	839	
4.25	4.5	2	8	2	3	49	26448	49	25958	0.0105714	0.00667708	0.003	0.017	529.755	225.775	28	1056	
4.25	4.5	2	9	4	3	44	26438	43	25953	0.00755814	0.00370522	0.003	0.017	603.558	244.768	58	1056	
4.25	4.5	2	10	3	3	60	26470	38	13146	0.00392105	0.00404289	0.003	0.024	345.947	189.097	28	621	
4.25	4.5	3	11	5	3	46	26442	45	26255	0.00548889	0.00338863	0.003	0.01	583.444	332.763	27	1056	
4.25	4.5	3	12	1	3	41	26432	41	26432	0.003	0	0.003	0.003	644.683	340.708	219	1056	
4.25	4.5	3	13	3	3	46	26442	47	26597	0.00597872	0.00349838	0.003	0.01	565.894	366.077	27	1056	
4.25	4.5	3	14	2	3	44	26438	43	25382	0.00560465	0.00342358	0.003	0.01	590.279	330.758	91	1056	
4.25	4.5	3	15	4	3	60	26470	58	26408	0.00432759	0.00276816	0.003	0.01	455.31	237.851	49	1056	
4.25	4.5	1	16	4	3	49	26448	49	26312	0.0102857	0.00684653	0.003	0.017	536.98	240.144	73	1056	
4.25	4.5	1	17	3	3	48	26446	48	26203	0.0105833	0.00689999	0.003	0.017	545.896	201.188	73	1056	
4.25	4.5	1	18	5	3	53	26456	35	15299	0.005	0.00400735	0.003	0.017	437.114	225.868	42	1056	
4.25	4.5	1	19	1	3	46	26442	46	26570	0.00726087	0.00345405	0.003	0.01	577.609	272.668	121	1056	
4.25	4.5	1	20	2	3	51	26452	51	25705	0.0102745	0.00685297	0.003	0.017	504.02	168.115	149	839	
4.5	4.75	4	1	3	3	53	26456	53	26744	0.00973585	0.00699492	0.003	0.017	504.604	170.599	26	1056	
4.5	4.75	4	2	1	3	53	26456	53	26368	0.00960377	0.00692081	0.003	0.017	497.509	157.705	93	965	
4.5	4.75	4	3	2	3	47	26444	47	26444	0.003	0	0.003	0.003	562.638	269.735	219	1056	
4.5	4.75	4	4	5	3	53	26456	53	26083	0.00933962	0.00690023	0.003	0.017	492.132	128.022	149	833	
4.5	4.75	4	5	4	3	62	26474	52	22287	0.00878846	0.00906044	0.003	0.024	428.596	174.005	49	693	
4.5	4.75	2	6	5	3	46	26442	46	26354	0.0124348	0.00663543	0.003	0.017	572.913	300.142	26	1056	
4.5	4.75	2	7	1	3	53	26456	29	11563	0.003	0	0.003	0.003	398.724	185.526	32	621	
4.5	4.75	2	8	2	3	44	26438	44	26067	0.0112727	0.00662751	0.003	0.017	592.432	272.3	93	1056	
4.5	4.75	2	9	4	3	46	26442	46	26925	0.00832609	0.00336025	0.003	0.017	585.326	289.99	26	1056	
4.5	4.75	2	10	3	3	51	26452	27	11440	0.00325926	0.00134715	0.003	0.01	423.704	134.222	32	621	
4.5	4.75	3	11	5	3	46	26442	46	26442	0.0058913	0.00348475	0.003	0.01	574.826	350.046	18	1056	
4.5	4.75	3	12	1	3	42	26434	42	26434	0.003	0	0.003	0.003	629.381	349.244	219	1056	
4.5	4.75	3	13	3	3	43	26436	42	26281	0.00533333	0.00333983	0.003	0.01	625.738	347.678	12	1056	
4.5	4.75	3	14	2	3	46	26442	46	27279	0.00543478	0.0033708	0.003	0.01	593.022	356.916	91	1056	
4.5	4.75	3	15	4	3	61	26472	58	25988	0.00432759	0.00276816	0.003	0.01	448.069	245.293	66	1056	
4.5	4.75	1	16	4	3	50	26450	50	26676	0.01	0.0069282	0.003	0.017	533.52	164.948	149	1056	
4.5	4.75	1	17	3	3	48	26446	48	25779	0.0102917	0.00691886	0.003	0.017	537.062	194.812	73	1056	
4.5	4.75	1	18	5	3	56	26462	34	14166	0.00382353	0.00228924	0.003	0.01	416.647	171.022	42	693	
4.5	4.75	1	19	1	3	42	26434	42	26138	0.0075	0.00339476	0.003	0.01	622.333	256.388	155	1056	
4.5	4.75	1	20	2	3	51	26452	51	27279	0.00986274	0.00692826	0.003	0.017	534.882	202.3	149	1056	
4.75	5	4	1	3	3	49	26448	49	25877	0.0104286	0.00705927	0.003	0.017	528.102	179.761	28	1056	
4.75	5	4	2	1	3	49	26448	49	26834	0.0105714	0.00697615	0.003	0.017	547.633	261.024	91	1056	
4.75	5	4	3	2	3	43	26436	43	26436	0.003	0	0.003	0.003	614.791	257.757	219	1056	
4.75	5	4	4	5	3	54	26458	54	26217	0.00961111	0.00698899	0.003	0.017	485.5	207.195	73	1056	
4.75	5	4	5	4	3	61	26472	52	21463	0.00811538	0.00785569	0.003	0.024	412.75	218.144	49	1056	
4.75	5	2	6	5	3	49	26448	49	27115	0.00828571	0.00631467	0.003	0.017	553.367	245.648	26	1056	
4.75	5	2	7	1	3	56	26462	41	16000	0.00573171	0.00516248	0.003	0.024	390.244	170.889	26	693	
4.75	5	2	8	2	3	50	26450	50	26933	0.00874	0.00611392	0.003	0.017	538.66	250.596	10	1056	
4.75	5	2	9	4	3	54	26458	55	26814	0.00707273	0.00348465	0.003	0.01	487.527	268.923	34	1056	
4.75	5	2	10	3	3	66	26482	51	18289	0.00505882	0.00449182	0.003	0.024	358.608	180.984	26	749	
4.75	5	3	11	5	3	47	26444	47	26444	0.00553191	0.00339981	0.003	0.01	562.638	313.633	90	1056	
4.75	5	3	12	1	3	43	26436	43	26436	0.003	0	0.003	0.003	614.791	345.792	219	1056	
4.75	5	3	13	3	3	48	26446	49	26601	0.00542857	0.0033665	0.003	0.01	542.878	354.685	12	1056	
4.75	5	3	14	2	3	51	26452	51	26362	0.00519608	0.00328036	0.003	0.01	516.902	285.082	70	1056	
4.75	5	3	15	4	3	62	26474	57	24549	0.00521053	0.00497758	0.003	0.024	430.684	250.991	18	849	
4.75	5	1	16	4	3	55	26460	53	25168	0.00788679	0.00637803	0.003	0.017	474.868	223.17	10	1056	
4.75	5	1	17	3	3	57	26464	57	27131	0.00864912	0.00640449	0.003	0.017	475.982	217.147	42	1056	
4.75	5	1	18	5	3	60	26470	47	18671	0.00612766	0.00457126	0.003	0.017	397.255	201.983	3	775	
4.75	5	1	19	1	3	50	26450	50	25999	0.00608	0.00350999	0.003	0.01	519.98	228.069	10	1056	
4.75	5	1	20	2	3	57	26464	56	26027	0.007875	0.00624955	0.003	0.017	464.768	151.151	73	693	
5	5.25	4	1	3	3	51	26452	51	27322	0.00986274	0.00706829	0.003	0.017	535.725	191.642	93	1056	
5	5.25	4	2	1	3	50	26450	50	25677	0.01028	0.00706541	0.003	0.017	513.54	160.122	26	871	
5	5.25	4	3	2	3	41	26432	41	26432	0.003	0	0.003	0.003	644.683	311.187	219	1056	
5	5.25	4	4	5	3	54	26458	54	27075	0.00948148	0.00704632	0.003	0.017	501.389	172.363	66	833	
5	5.25	4	5	4	3	57	26464	49	22414	0.00914286	0.00910815	0.003	0.024	457.429	153.738	49	685	
5	5.25	2	6	5	3	51	26452	50	26450	0.01196	0.00663928	0.003	0.017	529	268.705	26	1056	
5	5.25	2	7	1	3	57	26464	35	12879	0.0038	0.0037085	0.003	0.024	367.971	166.634	32	825	
5	5.25	2	8	2	3	48	26446	48	26054	0.0113125	0.00656281	0.003	0.017	542.792	245.859	26	1056	
5	5.25	2	9	4	3	41	26434	41	25629	0.00795122	0.00391121	0.003	0.017	625.098	312.457	95	1095	
5	5.25	2	10	3	3	58	26466	38	12083	0.0048421	0.00579621	0.003	0.024	317.974	179.565	28	750	
5	5.25	3	11	5	3	47	26444	47	26266	0.00568085	0.00343958	0.003	0.01	558.851	348.485	26	1056	
5	5.25	3	12	1	3	43	26436	43	26436	0.003	0	0.003	0.003	614.791	349.54	219	1056	
5	5.25	3	13	3	3	49	26448	49	26448	0.00542857	0.0033665	0.003	0.01	539.755	319.81	18	1056	
5	5.25	3	14	2	3	51	26452	51	26691	0.00560784	0.00341806	0.003	0.01	523.353	313.539	70	1056	
5	5.25	3	15	4	3	61	26472	55	24261	0.0044	0.0031305	0.003	0.017	441.109	246.911	18	1009	
5	5.25	1	16	4	3	49	26448	51	27578	0.0104118	0.00705741	0.003	0.017	540.745	191.551	73	1056	
5	5.25	1	17	3	3	47	26444	47	25777	0.0104468	0.00706125	0.003	0.017	548.447	196.321	73	1056	
5	5.25	1	18	5	3	53	26456	34	15895	0.0052647	0.00564242	0.003	0.024	467.5	175.44	49	749	
5	5.25	1	19	1	3	44	26438	44	26729	0.00713636	0.00348145	0.003	0.01	607.477	274.654	145	1056	
5	5.25	1	20	2	3	50	26450	51	26887	0.0101373	0.00706829	0.003	0.017	527.196	209.851	73	1056	
5.25	5.5	4	1	3	3	50	26450	50	25775	0.01014	0.00699857	0.003	0.017	515.5	193.29	34	1056	
5.25	5.5	4	2	1	3	51	26452	51	26743	0.0102745	0.00685297	0.003	0.017	524.373	156.326	193	1056	
5.25	5.5	4	3	2	3	48	26446	48	26446	0.003	0	0.003	0.003	550.958	243.307	219	1056	
5.25	5.5	4	4	5	3	54	26458	54	26082	0.00974074	0.00679396	0.003	0.017	483	166.238	73	985	
5.25	5.5	4	5	4	3	63	26476	54	22436	0.00792592	0.00800201	0.003	0.024	415.481	200.307	49	839	
5.25	5.5	2	6	5	3	48	26446	48	25867	0.0114583	0.00691886	0.003	0.017	538.896	254.405	26	1056	
5.25	5.5	2	7	1	3	57	26464	33	11576	0.00342424	0.00169614	0.003	0.01	350.788	176.088	32	693	
5.25	5.5	2	8	2	3	41	26432	41	26341	0.0115366	0.00655018	0.003	0.017	642.463	304.752	93	1056	
5.25	5.5	2	9	4	3	47	26444	47	27015	0.00776596	0.00440461	0.003	0.017	574.787	226.253	58	1056	
5.25	5.5	2	10	3	3	58	26466	34	12034	0.00382353	0.00376161	0.003	0.024	353.941	147.378	68	589	
5.25	5.5	3	11	5	3	40	26430	41	26795	0.00607317	0.00351703	0.003	0.01	653.537	336.451	48	1056	
5.25	5.5	3	12	1	3	38	26426	38	26426	0.003	0	0.003	0.003	695.421	352.117	219	1056	
5.25	5.5	3	13	3	3	46	26442	45	25677	0.00611111	0.00351763	0.003	0.01	570.6	376.561	27	1056	
5.25	5.5	3	14	2	3	45	26440	46	26510	0.00604348	0.00350844	0.003	0.01	576.304	331.019	70	1056	
5.25	5.5	3	15	4	3	58	26466	56	26638	0.004375	0.00310754	0.003	0.017	475.679	237.624	49	957	
5.25	5.5	1	16	4	3	52	26454	52	26150	0.0105385	0.00690967	0.003	0.017	502.885	254.579	58	1056	
5.25	5.5	1	17	3	3	49	26448	49	26899	0.0107143	0.00703562	0.003	0.017	548.959	214.606	58	1056	
5.25	5.5	1	18	5	3	56	26462	39	16659	0.00623077	0.00678412	0.003	0.024	427.154	241.033	73	1056	
5.25	5.5	1	19	1	3	39	26428	39	27038	0.00802564	0.00319117	0.003	0.01	693.282	300.002	145	1056	
5.25	5.5	1	20	2	3	48	26446	48	26382	0.010875	0.00686844	0.003	0.017	549.625	244.278	73	1056	
5.5	5.75	4	1	3	3	51	26452	51	26924	0.0101373	0.00692826	0.003	0.017	527.922	185.486	113	1056	
5.5	5.75	4	2	1	3	54	26458	54	26650	0.00974074	0.00665649	0.003	0.017	493.519	172.178	90	775	
5.5	5.75	4	3	2	3	43	26436	43	26436	0.003	0	0.003	0.003	614.791	297.869	219	1056	
5.5	5.75	4	4	5	3	53	26456	53	26762	0.00973585	0.00699492	0.003	0.017	504.943	152.687	149	839	
5.5	5.75	4	5	4	3	55	26460	46	21118	0.00923913	0.00797826	0.003	0.024	459.087	161.558	49	749	
5.5	5.75	2	6	5	3	42	26434	43	25956	0.0121163	0.0067514	0.003	0.017	603.628	278.229	26	1056	
5.5	5.75	2	7	1	3	54	26458	31	11875	0.00390322	0.00393577	0.003	0.024	383.065	178.008	32	637	
5.5	5.75	2	8	2	3	47	26444	47	26444	0.0102979	0.00668195	0.003	0.017	562.638	229.038	28	1056	
5.5	5.75	2	9	4	3	47	26444	46	25871	0.00832609	0.00493538	0.003	0.017	562.413	234.003	58	1056	
5.5	5.75	2	10	3	3	56	26462	32	11132	0.00365625	0.00371231	0.003	0.024	347.875	187.757	28	637	
5.5	5.75	3	11	5	3	45	26440	44	26253	0.00538636	0.00335646	0.003	0.01	596.659	342.355	27	1056	
5.5	5.75	3	12	1	3	43	26436	43	26436	0.003	0	0.003	0.003	614.791	341.419	219	1056	
5.5	5.75	3	13	3	3	48	26446	48	26155	0.0060625	0.0035093	0.003	0.01	544.896	350.967	12	1056	
5.5	5.75	3	14	2	3	45	26440	45	26440	0.00533333	0.00333712	0.003	0.01	587.556	312.079	91	1056	
5.5	5.75	3	15	4	3	57	26464	57	26149	0.0047193	0.00380673	0.003	0.017	458.754	259.387	50	957	
5.5	5.75	1	16	4	3	50	26450	50	26302	0.0107	0.00667083	0.003	0.017	526.04	152.69	193	1056	
5.5	5.75	1	17	3	3	53	26456	53	27147	0.00960377	0.00705566	0.003	0.017	512.208	216.592	73	1056	
5.5	5.75	1	18	5	3	52	26454	36	17017	0.00708333	0.00634429	0.003	0.024	472.694	162.836	42	693	
5.5	5.75	1	19	1	3	44	26438	44	25537	0.00729545	0.00344781	0.003	0.01	580.386	266.456	155	1056	
5.5	5.75	1	20	2	3	52	26454	52	26454	0.0104038	0.0067075	0.003	0.017	508.731	189.739	73	1056	
5.75	6	4	1	3	3	50	26450	50	26468	0.01	0.00707107	0.003	0.017	529.36	161.084	193	1056	
5.75	6	4	2	1	3	51	26452	51	26260	0.0101373	0.00706829	0.003	0.017	514.902	127.71	26	871	
5.75	6	4	3	2	3	45	26440	45	26440	0.003	0	0.003	0.003	587.556	291.491	219	1056	
5.75	6	4	4	5	3	55	26460	55	26218	0.00910909	0.00700707	0.003	0.017	476.691	171.411	149	757	
5.75	6	4	5	4	3	58	26466	41	18194	0.00607317	0.00683151	0.003	0.024	443.756	177.773	49	839	
5.75	6	2	6	5	3	48	26446	47	26836	0.0119362	0.00664112	0.003	0.017	570.979	288.409	91	1056	
5.75	6	2	7	1	3	57	26464	33	11561	0.00321212	0.00121854	0.003	0.01	350.333	163.081	28	639	
5.75	6	2	8	2	3	43	26436	43	26817	0.0113023	0.006703	0.003	0.017	623.651	306.145	93	1056	
5.75	6	2	9	4	3	47	26444	48	27251	0.0086875	0.00471375	0.003	0.017	567.729	269.43	58	1056	
5.75	6	2	10	3	3	53	26456	28	10228	0.003	0	0.003	0.003	365.286	147.093	28	621	
5.75	6	3	11	5	3	45	26440	46	26627	0.00513043	0.00325651	0.003	0.01	578.848	355.79	27	1056	
5.75	6	3	12	1	3	42	26434	42	26434	0.003	0	0.003	0.003	629.381	340.166	219	1056	
5.75	6	3	13	3	3	48	26446	48	27347	0.00635417	0.00353397	0.003	0.01	569.729	384.412	18	1056	
5.75	6	3	14	2	3	51	26452	50	26015	0.00524	0.00329848	0.003	0.01	520.3	303.48	91	1056	
5.75	6	3	15	4	3	64	26478	60	25748	0.00498333	0.00429225	0.003	0.024	429.133	242.06	20	967	
5.75	6	1	16	4	3	48	26446	48	26898	0.0102917	0.00706793	0.003	0.017	560.375	215.273	73	1056	
5.75	6	1	17	3	3	51	26452	51	26073	0.00986274	0.00706829	0.003	0.017	511.235	182.357	149	1056	
5.75	6	1	18	5	3	52	26454	32	15106	0.00453125	0.0042577	0.003	0.024	472.062	175.85	101	775	
5.75	6	1	19	1	3	43	26436	43	26436	0.00706977	0.00349418	0.003	0.01	614.791	309.032	145	1056	
5.75	6	1	20	2	3	51	26452	51	26612	0.00986274	0.00706829	0.003	0.017	521.804	206.369	149	1056	
6	6.25	4	1	3	3	51	26452	51	26250	0.0102745	0.00685297	0.003	0.017	514.706	231.069	34	1056	
6	6.25	4	2	1	3	50	26450	50	26836	0.01084	0.00672904	0.003	0.017	536.72	176.466	193	1056	
6	6.25	4	3	2	3	48	26446	48	26446	0.003	0	0.003	0.003	550.958	268.993	219	1056	
6	6.25	4	4	5	3	55	26460	55	26380	0.00974545	0.00686434	0.003	0.017	479.636	206.879	73	1056	
6	6.25	4	5	4	3	58	26466	46	21048	0.00832609	0.00755147	0.003	0.024	457.565	178.805	101	839	
6	6.25	2	6	5	3	46	26442	46	26150	0.0116739	0.00679233	0.003	0.017	568.478	290.768	26	1056	
6	6.25	2	7	1	3	58	26466	35	12765	0.0038	0.0037085	0.003	0.024	364.714	172.52	28	637	
6	6.25	2	8	2	3	46	26442	46	26149	0.0112174	0.0063137	0.003	0.017	568.457	301.423	26	1056	
6	6.25	2	9	4	3	42	26434	40	25022	0.00965	0.00500026	0.003	0.017	625.55	332.226	108	1056	
6	6.25	2	10	3	3	55	26460	30	11831	0.003	0	0.003	0.003	394.367	197.925	32	621	
6	6.25	3	11	5	3	48	26446	46	25903	0.00558696	0.00341615	0.003	0.01	563.109	342.437	16	1056	
6	6.25	3	12	1	3	41	26432	41	26432	0.003	0	0.003	0.003	644.683	345.307	219	1056	
6	6.25	3	13	3	3	44	26438	44	26438	0.00538636	0.00335646	0.003	0.01	600.864	377.87	18	1056	
6	6.25	3	14	2	3	42	26434	43	26871	0.00544186	0.0033757	0.003	0.01	624.907	316.163	91	1056	
6	6.25	3	15	4	3	58	26466	54	24709	0.00494444	0.00459457	0.003	0.024	457.574	232.29	49	1056	
6	6.25	1	16	4	3	48	26446	48	26222	0.010875	0.00655784	0.003	0.017	546.292	196.301	91	1056	
6	6.25	1	17	3	3	49	26448	49	26512	0.0101429	0.00707107	0.003	0.017	541.061	236.137	73	1056	
6	6.25	1	18	5	3	51	26452	32	15984	0.00628125	0.00615517	0.003	0.024	499.5	158.22	101	1056	
6	6.25	1	19	1	3	48	26446	47	26895	0.00761702	0.00335283	0.003	0.01	572.234	314.73	76	1056	
6	6.25	1	20	2	3	50	26450	50	25759	0.01042	0.00669477	0.003	0.017	515.18	165.821	225	1056	
6.25	6.5	4	1	3	3	52	26454	52	26840	0.00959615	0.00698811	0.003	0.017	516.154	219.846	26	967	
6.25	6.5	4	2	1	3	52	26454	52	26164	0.00959615	0.00698811	0.003	0.017	503.154	163.869	92	1056	
6.25	6.5	4	3	2	3	40	26430	40	26430	0.003	0	0.003	0.003	660.75	304.924	219	1056	
6.25	6.5	4	4	5	3	52	26454	52	26677	0.00905769	0.00693503	0.003	0.017	513.019	183.019	73	1056	
6.25	6.5	4	5	4	3	57	26464	39	16311	0.00587179	0.00675971	0.003	0.024	418.231	181.813	42	741	
6.25	6.5	2	6	5	3	45	26440	46	26251	0.0118261	0.00667101	0.003	0.017	570.674	315.159	26	1056	
6.25	6.5	2	7	1	3	53	26456	30	11566	0.00323333	0.00127802	0.003	0.01	385.533	176.986	32	621	
6.25	6.5	2	8	2	3	46	26442	46	26735	0.0113696	0.00653659	0.003	0.017	581.196	318.659	18	1056	
6.25	6.5	2	9	4	3	43	26436	45	27614	0.0086	0.00508295	0.003	0.017	613.644	262.99	122	1056	
6.25	6.5	2	10	3	3	61	26472	38	12922	0.00318421	0.00113555	0.003	0.01	340.053	192.018	32	669	
6.25	6.5	3	11	5	3	45	26440	47	26983	0.00612766	0.00351776	0.003	0.01	574.106	343.359	27	1056	
6.25	6.5	3	12	1	3	42	26434	42	26434	0.003	0	0.003	0.003	629.381	346.224	219	1056	
6.25	6.5	3	13	3	3	49	26448	50	26603	0.00552	0.00339411	0.003	0.01	532.06	310.333	27	1056	
6.25	6.5	3	14	2	3	45	26440	44	26221	0.00570454	0.00344781	0.003	0.01	595.932	345.264	91	1056	
6.25	6.5	3	15	4	3	59	26468	54	23434	0.00416667	0.00296362	0.003	0.017	433.963	221.961	49	839	
6.25	6.5	1	16	4	3	48	26446	48	26446	0.0102917	0.00706793	0.003	0.017	550.958	186.737	149	1056	
6.25	6.5	1	17	3	3	47	26444	47	25769	0.0104468	0.00706125	0.003	0.017	548.277	234.774	58	1056	
6.25	6.5	1	18	5	3	56	26462	35	14104	0.0044	0.00408872	0.003	0.017	402.971	193.92	49	802	
6.25	6.5	1	19	1	3	42	26434	43	25985	0.00772093	0.00331896	0.003	0.01	604.302	304.99	58	1056	
6.25	6.5	1	20	2	3	51	26452	51	26983	0.00986274	0.00706829	0.003	0.017	529.078	205.571	73	1056	
6.5	6.75	4	1	3	3	50	26450	50	26152	0.01	0.00707107	0.003	0.017	523.04	187.509	93	1056	
6.5	6.75	4	2	1	3	53	26456	53	26827	0.01	0.007	0.003	0.017	506.17	200.13	28	965	
6.5	6.75	4	3	2	3	47	26444	47	26444	0.003	0	0.003	0.003	562.638	212.245	219	1056	
6.5	6.75	4	4	5	3	52	26454	52	26247	0.00986538	0.00699868	0.003	0.017	504.75	165.246	155	1056	
6.5	6.75	4	5	4	3	61	26472	51	21478	0.00780392	0.00760268	0.003	0.024	421.137	182.339	157	839	
6.5	6.75	2	6	5	3	47	26444	46	26925	0.0118261	0.00667101	0.003	0.017	585.326	275.745	26	1056	
6.5	6.75	2	7	1	3	51	26452	29	12532	0.00444827	0.0054155	0.003	0.024	432.138	183.774	117	1056	
6.5	6.75	2	8	2	3	44	26438	44	26057	0.0115909	0.00655679	0.003	0.017	592.205	285.578	93	1056	
6.5	6.75	2	9	4	3	42	26434	42	25863	0.00916667	0.00493824	0.003	0.017	615.786	278.61	113	1056	
6.5	6.75	2	10	3	3	55	26460	33	12392	0.00406061	0.00396027	0.003	0.024	375.515	171.3	28	597	
6.5	6.75	3	11	5	3	47	26444	47	26444	0.00568085	0.00343958	0.003	0.01	562.638	343.991	18	1056	
6.5	6.75	3	12	1	3	39	26428	39	26428	0.003	0	0.003	0.003	677.641	341.674	219	1056	
6.5	6.75	3	13	3	3	49	26448	49	26448	0.00528571	0.00331662	0.003	0.01	539.755	314.18	27	1056	
6.5	6.75	3	14	2	3	42	26434	42	25836	0.0055	0.00339476	0.003	0.01	615.143	299.05	91	1056	
6.5	6.75	3	15	4	3	62	26474	58	25299	0.00468965	0.00400091	0.003	0.017	436.19	252.953	49	1009	
6.5	6.75	1	16	4	3	51	26452	51	26532	0.01	0.007	0.003	0.017	520.235	149.664	73	1056	
6.5	6.75	1	17	3	3	49	26448	49	26519	0.0104286	0.00705927	0.003	0.017	541.204	178.179	73	1056	
6.5	6.75	1	18	5	3	55	26460	36	15542	0.00572222	0.00609736	0.003	0.024	431.722	180.708	42	839	
6.5	6.75	1	19	1	3	43	26436	43	26579	0.00706977	0.00349418	0.003	0.01	618.116	312.285	145	1056	
6.5	6.75	1	20	2	3	48	26446	48	26766	0.0102917	0.00706793	0.003	0.017	557.625	229.982	73	1056	
6.75	7	4	1	3	3	51	26452	51	26548	0.00972549	0.00699451	0.003	0.017	520.549	133.459	283	775	
6.75	7	4	2	1	3	55	26460	55	26369	0.00949091	0.00684991	0.003	0.017	479.436	190.999	93	1056	
6.75	7	4	3	2	3	38	26428	38	26428	0.003	0	0.003	0.003	695.474	298.465	219	1056	
6.75	7	4	4	5	3	56	26462	56	26622	0.009375	0.00684255	0.003	0.017	475.393	210.846	73	1056	
6.75	7	4	5	4	3	60	26470	45	19315	0.00626667	0.00709481	0.003	0.024	429.222	184.692	42	749	
6.75	7	2	6	5	3	43	26436	44	26526	0.0114318	0.00684852	0.003	0.017	602.864	283.535	26	1056	
6.75	7	2	7	1	3	57	26464	33	11836	0.003	0	0.003	0.003	358.667	165.385	28	597	
6.75	7	2	8	2	3	43	26436	43	26911	0.0111395	0.00664609	0.003	0.017	625.837	276.889	113	1056	
6.75	7	2	9	4	3	47	26444	47	26555	0.00940425	0.00616321	0.003	0.017	565	268.47	58	1056	
6.75	7	2	10	3	3	55	26460	32	12184	0.00365625	0.00371231	0.003	0.024	380.75	196.352	28	669	
6.75	7	3	11	5	3	47	26444	46	25903	0.00573913	0.00345405	0.003	0.01	563.109	343.521	27	1056	
6.75	7	3	12	1	3	40	26430	40	26430	0.003	0	0.003	0.003	660.75	347.496	219	1056	
6.75	7	3	13	3	3	47	26444	46	26289	0.00573913	0.00345405	0.003	0.01	571.5	357.749	27	1056	
6.75	7	3	14	2	3	51	26452	51	27050	0.0057451	0.00345163	0.003	0.01	530.392	325.374	70	1056	
6.75	7	3	15	4	3	64	26478	62	26047	0.00480645	0.00357055	0.003	0.017	420.113	248.233	18	849	
6.75	7	1	16	4	3	46	26442	46	26362	0.0107609	0.0069576	0.003	0.017	573.087	209.998	219	1056	
6.75	7	1	17	3	3	49	26448	49	26828	0.0101429	0.00707107	0.003	0.017	547.51	220.967	73	1056	
6.75	7	1	18	5	3	53	26456	35	16299	0.0046	0.00418822	0.003	0.024	465.686	219.112	49	1056	
6.75	7	1	19	1	3	40	26430	40	26287	0.00755	0.00338132	0.003	0.01	657.175	284.985	121	1056	
6.75	7	1	20	2	3	50	26450	50	26194	0.01042	0.00698713	0.003	0.017	523.88	200.036	58	1056	
7	7.25	4	1	3	3	53	26456	53	26651	0.00960377	0.00692081	0.003	0.017	502.849	227.93	187	1056	
7	7.25	4	2	1	3	53	26456	53	26360	0.00986792	0.00679377	0.003	0.017	497.358	181.363	26	871	
7	7.25	4	3	2	3	41	25378	41	25378	0.003	0	0.003	0.003	618.976	305.417	219	1056	
7	7.25	4	4	5	3	57	26464	57	26144	0.00877193	0.00676128	0.003	0.017	458.667	178.416	73	909	
7	7.25	4	5	4	3	59	26468	51	21942	0.0087647	0.00824764	0.003	0.024	430.235	219.974	49	1009	
7	7.25	2	6	5	3	49	26448	49	27414	0.0107143	0.00658597	0.003	0.017	559.469	216.14	34	1056	
7	7.25	2	7	1	3	60	26470	37	12418	0.00356757	0.0025445	0.003	0.017	335.622	179.372	33	621	
7	7.25	2	8	2	3	46	26442	46	26850	0.010913	0.00636597	0.003	0.017	583.696	298.584	26	1056	
7	7.25	2	9	4	3	49	26448	49	26876	0.00785714	0.00538516	0.003	0.017	548.49	266.255	108	1056	
7	7.25	2	10	3	3	61	26472	41	13544	0.00402439	0.00369112	0.003	0.024	330.341	191.582	28	905	
7	7.25	3	11	5	3	45	26440	46	26981	0.00528261	0.00331772	0.003	0.01	586.543	326.308	27	1056	
7	7.25	3	12	1	3	39	26428	39	26428	0.003	0	0.003	0.003	677.641	345.863	219	1056	
7	7.25	3	13	3	3	48	26446	48	25996	0.0051875	0.00327892	0.003	0.01	541.583	369.996	18	1056	
7	7.25	3	14	2	3	48	26446	48	25980	0.0051875	0.00327892	0.003	0.01	541.25	351.26	91	1056	
7	7.25	3	15	4	3	59	26468	56	25753	0.004375	0.00310754	0.003	0.017	459.875	233.823	58	1056	
7	7.25	1	16	4	3	52	26454	53	27203	0.00960377	0.00678329	0.003	0.017	513.264	199.069	73	1056	
7	7.25	1	17	3	3	51	26452	51	26604	0.00958823	0.00691716	0.003	0.017	521.647	200.753	73	1056	
7	7.25	1	18	5	3	54	26458	38	16435	0.00557895	0.0049953	0.003	0.024	432.5	218.089	49	1009	
7	7.25	1	19	1	3	48	26446	47	26444	0.00687234	0.00351776	0.003	0.01	562.638	255.831	10	1056	
7	7.25	1	20	2	3	47	26444	47	26671	0.0101489	0.00676622	0.003	0.017	567.468	262.585	34	1056	
7.25	7.5	4	1	3	3	53	26456	53	26165	0.00920755	0.00681728	0.003	0.017	493.679	230.929	26	1056	
7.25	7.5	4	2	1	3	53	26456	54	26523	0.00961111	0.00643814	0.003	0.017	491.167	223.466	34	1056	
7.25	7.5	4	3	2	3	45	27494	45	27494	0.003	0	0.003	0.003	610.978	282.267	219	1056	
7.25	7.5	4	4	5	3	54	26458	54	26458	0.00883333	0.00662685	0.003	0.017	489.963	195.746	73	1056	
7.25	7.5	4	5	4	3	59	26468	54	24623	0.00922222	0.00753023	0.003	0.024	455.981	212.143	73	1056	
7.25	7.5	2	6	5	3	51	26452	51	24915	0.00903921	0.0064186	0.003	0.017	488.529	256.072	28	1056	
7.25	7.5	2	7	1	3	61	26472	46	16671	0.00558696	0.00632307	0.003	0.024	362.413	180.967	32	839	
7.25	7.5	2	8	2	3	51	26452	50	25655	0.00902	0.00600167	0.003	0.017	513.1	245.561	10	1056	
7.25	7.5	2	9	4	3	48	26446	47	25425	0.00761702	0.00551501	0.003	0.017	540.957	276.057	58	1056	
7.25	7.5	2	10	3	3	58	26466	44	18507	0.00634091	0.00649129	0.003	0.024	420.614	182.83	49	839	
7.25	7.5	3	11	5	3	47	26444	47	26444	0.00582979	0.00347237	0.003	0.01	562.638	325.505	27	1056	
7.25	7.5	3	12	1	3	38	26426	38	26426	0.003	0	0.003	0.003	695.421	342.128	219	1056	
7.25	7.5	3	13	3	3	47	26444	47	26575	0.00597872	0.00349838	0.003	0.01	565.426	324.31	18	1056	
7.25	7.5	3	14	2	3	48	26446	48	26912	0.005625	0.00342472	0.003	0.01	560.667	306.691	91	1056	
7.25	7.5	3	15	4	3	55	26460	52	25022	0.00488461	0.00440879	0.003	0.017	481.192	237.509	24	1056	
7.25	7.5	1	16	4	3	53	26456	53	25909	0.0101321	0.00621424	0.003	0.017	488.849	230.882	72	1056	
7.25	7.5	1	17	3	3	54	26458	54	26306	0.00857407	0.00685043	0.003	0.017	487.148	183.027	73	1056	
7.25	7.5	1	18	5	3	55	26460	43	20417	0.00788372	0.00621139	0.003	0.024	474.814	212.502	101	1056	
7.25	7.5	1	19	1	3	45	26440	46	27061	0.00695652	0.00350844	0.003	0.01	588.283	255.876	121	1056	
7.25	7.5	1	20	2	3	49	26448	49	25989	0.0108571	0.006	0.003	0.017	530.388	267.278	42	1056	
7.5	7.75	4	1	3	3	54	26458	54	26741	0.00974074	0.00692871	0.003	0.017	495.204	195.377	90	1056	
7.5	7.75	4	2	1	3	50	26450	50	26362	0.01056	0.00690507	0.003	0.017	527.24	201.307	28	1056	
7.5	7.75	4	3	2	3	47	26444	47	26444	0.003	0	0.003	0.003	562.638	267.095	219	1056	
7.5	7.75	4	4	5	3	59	26468	59	26948	0.00905085	0.00693423	0.003	0.017	456.746	162.496	149	775	
7.5	7.75	4	5	4	3	52	26454	41	20381	0.00880488	0.00765251	0.003	0.024	497.098	133.035	49	775	
7.5	7.75	2	6	5	3	46	26442	46	27312	0.010913	0.00701689	0.003	0.017	593.739	246.093	202	1056	
7.5	7.75	2	7	1	3	55	26460	33	12195	0.00427273	0.00508842	0.003	0.024	369.545	171.192	32	621	
7.5	7.75	2	8	2	3	46	26442	47	27023	0.0110426	0.00652406	0.003	0.017	574.957	254.265	26	1056	
7.5	7.75	2	9	4	3	42	26434	42	26826	0.0103333	0.00597828	0.003	0.017	638.714	274.218	26	1056	
7.5	7.75	2	10	3	3	51	26452	27	10536	0.00325926	0.00134715	0.003	0.01	390.222	164.919	75	752	
7.5	7.75	3	11	5	3	44	26438	44	26438	0.00490909	0.00315357	0.003	0.01	600.864	389.41	16	1056	
7.5	7.75	3	12	1	3	40	26430	40	26430	0.003	0	0.003	0.003	660.75	349.893	219	1056	
7.5	7.75	3	13	3	3	48	26446	48	25864	0.00547917	0.00338325	0.003	0.01	538.833	346.504	10	1056	
7.5	7.75	3	14	2	3	45	26440	45	26568	0.0058	0.00346804	0.003	0.01	590.4	346.184	91	1056	
7.5	7.75	3	15	4	3	61	26472	55	25263	0.00427273	0.0035873	0.003	0.017	459.327	270.694	12	1056	
7.5	7.75	1	16	4	3	49	26448	49	26747	0.0107143	0.006889	0.003	0.017	545.857	212.342	219	1056	
7.5	7.75	1	17	3	3	51	26452	51	26372	0.0101373	0.00706829	0.003	0.017	517.098	156.635	73	1056	
7.5	7.75	1	18	5	3	52	26454	37	18107	0.00772973	0.00774829	0.003	0.024	489.378	205.996	101	1056	
7.5	7.75	1	19	1	3	47	26444	47	25825	0.00702128	0.00349838	0.003	0.01	549.468	222.093	26	1056	
7.5	7.75	1	20	2	3	52	26454	52	26462	0.0104038	0.00684924	0.003	0.017	508.885	226.922	73	985	
7.75	8	4	1	3	3	51	26452	51	25896	0.00986274	0.00706829	0.003	0.017	507.765	144.065	93	871	
7.75	8	4	2	1	3	52	26454	52	26066	0.00973077	0.00706306	0.003	0.017	501.269	175.863	93	1056	
7.75	8	4	3	2	3	43	26436	43	26436	0.003	0	0.003	0.003	614.791	288.297	219	1056	
7.75	8	4	4	5	3	51	26452	51	26052	0.00986274	0.00706829	0.003	0.017	510.824	182.437	73	1056	
7.75	8	4	5	4	3	57	26464	52	24440	0.0101346	0.00945169	0.003	0.024	470	157.884	49	839	
7.75	8	2	6	5	3	47	26444	47	26830	0.0111915	0.00689561	0.003	0.017	570.851	235.247	93	1056	
7.75	8	2	7	1	3	53	26456	29	11174	0.003	0	0.003	0.003	385.31	167.91	32	639	
7.75	8	2	8	2	3	42	26434	42	25284	0.0125	0.00634092	0.003	0.017	602	277.134	93	1056	
7.75	8	2	9	4	3	50	26450	50	26338	0.01056	0.00580345	0.003	0.017	526.76	296.637	26	1056	
7.75	8	2	10	3	3	48	26446	23	9498	0.003	0	0.003	0.003	412.957	183.457	42	621	
7.75	8	3	11	5	3	43	26436	43	26436	0.00609302	0.0035174	0.003	0.01	614.791	350.325	27	1056	
7.75	8	3	12	1	3	40	26430	40	26430	0.003	0	0.003	0.003	660.75	347.496	219	1056	
7.75	8	3	13	3	3	47	26444	47	27473	0.00523404	0.00329831	0.003	0.01	584.532	348.631	18	1056	
7.75	8	3	14	2	3	43	26436	44	26527	0.00459091	0.00296741	0.003	0.01	602.886	327.364	91	1056	
7.75	8	3	15	4	3	58	26466	56	25919	0.005375	0.00427918	0.003	0.024	462.839	218.165	66	1056	
7.75	8	1	16	4	3	48	26446	48	26147	0.0105833	0.00704947	0.003	0.017	544.729	234.52	73	1056	
7.75	8	1	17	3	3	50	26450	50	26522	0.01028	0.00706541	0.003	0.017	530.44	264.09	72	1056	
7.75	8	1	18	5	3	54	26458	36	16248	0.00630555	0.00738655	0.003	0.024	451.333	171.689	12	749	
7.75	8	1	19	1	3	48	26446	48	27065	0.0069375	0.0035093	0.003	0.01	563.854	272.95	26	1056	
7.75	8	1	20	2	3	50	26450	49	26528	0.0104286	0.00705927	0.003	0.017	541.388	170.776	138	1056	
8	8.25	4	1	3	3	53	26456	52	26068	0.00973077	0.0069257	0.003	0.017	501.308	205.92	93	1056	
8	8.25	4	2	1	3	52	26454	51	26357	0.0104118	0.006774	0.003	0.017	516.804	214.222	91	1056	
8	8.25	4	3	2	3	43	26436	43	26436	0.003	0	0.003	0.003	614.791	290.118	219	1056	
8	8.25	4	4	5	3	53	26456	53	26736	0.01	0.00686406	0.003	0.017	504.453	160.862	149	909	
8	8.25	4	5	4	3	61	26472	52	21207	0.00784615	0.00727441	0.003	0.024	407.827	159.831	49	693	
8	8.25	2	6	5	3	46	26442	45	25851	0.0104667	0.00690389	0.003	0.017	574.467	226.184	193	1056	
8	8.25	2	7	1	3	57	26464	36	13907	0.00436111	0.00496935	0.003	0.024	386.306	201.252	28	839	
8	8.25	2	8	2	3	46	26442	46	27496	0.0101522	0.00651483	0.003	0.017	597.739	271.747	26	1056	
8	8.25	2	9	4	3	47	26444	48	26646	0.0104375	0.00602444	0.003	0.017	555.125	310.545	15	1056	
8	8.25	2	10	3	3	55	26460	32	11870	0.003875	0.00387507	0.003	0.024	370.938	191.414	42	693	
8	8.25	3	11	5	3	41	26432	40	26245	0.00545	0.00338132	0.003	0.01	656.125	378.462	27	1056	
8	8.25	3	12	1	3	35	26420	35	26420	0.003	0	0.003	0.003	754.857	344.961	219	1056	
8	8.25	3	13	3	3	44	26438	44	26310	0.00554545	0.00340625	0.003	0.01	597.955	372.051	27	1056	
8	8.25	3	14	2	3	41	26432	40	25995	0.0058	0.00347297	0.003	0.01	649.875	339.712	91	1056	
8	8.25	3	15	4	3	60	26470	60	26685	0.0051	0.00520332	0.003	0.024	444.75	232.544	49	849	
8	8.25	1	16	4	3	50	26450	50	26737	0.01056	0.0067587	0.003	0.017	534.74	264.677	58	1056	
8	8.25	1	17	3	3	53	26456	52	25560	0.0105385	0.00662574	0.003	0.017	491.538	243.902	73	1056	
8	8.25	1	18	5	3	52	26454	32	14733	0.0060625	0.00500927	0.003	0.017	460.406	131.289	49	597	
8	8.25	1	19	1	3	47	26444	47	26420	0.00746808	0.00339981	0.003	0.01	562.128	284.782	26	1056	
8	8.25	1	20	2	3	50	26450	50	26597	0.01112	0.0066873	0.003	0.017	531.94	274.522	58	1056	
8.25	8.5	4	1	3	3	49	26448	50	26450	0.01028	0.00692243	0.003	0.017	529	189.673	187	1056	
8.25	8.5	4	2	1	3	53	26456	55	27222	0.00923636	0.00682578	0.003	0.017	494.945	165.208	93	903	
8.25	8.5	4	3	2	3	47	26444	47	26444	0.003	0	0.003	0.003	562.638	236.883	219	1056	
8.25	8.5	4	4	5	3	56	26462	56	26033	0.00925	0.00702269	0.003	0.017	464.875	196.498	73	985	
8.25	8.5	4	5	4	3	59	26468	46	19782	0.00710869	0.00788875	0.003	0.024	430.043	182.403	18	693	
8.25	8.5	2	6	5	3	44	26438	45	26923	0.0129556	0.00641715	0.003	0.017	598.289	307.862	28	1056	
8.25	8.5	2	7	1	3	54	26458	32	12829	0.00365625	0.00371231	0.003	0.024	400.906	158.548	32	621	
8.25	8.5	2	8	2	3	48	26446	48	26446	0.01	0.00677291	0.003	0.017	550.958	196.116	193	1056	
8.25	8.5	2	9	4	3	46	26442	45	26352	0.0107778	0.00654317	0.003	0.017	585.6	264.61	28	1056	
8.25	8.5	2	10	3	3	51	26452	29	10570	0.00372414	0.0038996	0.003	0.024	364.483	201.137	68	749	
8.25	8.5	3	11	5	3	43	26436	44	26623	0.00554545	0.00340625	0.003	0.01	605.068	356.498	27	1056	
8.25	8.5	3	12	1	3	42	26434	42	26434	0.003	0	0.003	0.003	629.381	349.244	219	1056	
8.25	8.5	3	13	3	3	48	26446	48	26292	0.00635417	0.00353397	0.003	0.01	547.75	358.695	18	1056	
8.25	8.5	3	14	2	3	43	26436	44	26873	0.00554545	0.00340625	0.003	0.01	610.75	327.637	91	1056	
8.25	8.5	3	15	4	3	58	26466	56	25144	0.005125	0.00420416	0.003	0.017	449	280.881	18	1009	
8.25	8.5	1	16	4	3	49	26448	49	26161	0.0105714	0.00697615	0.003	0.017	533.898	221.838	91	1056	
8.25	8.5	1	17	3	3	49	26448	50	27512	0.01014	0.00699857	0.003	0.017	550.24	166.106	301	1056	
8.25	8.5	1	18	5	3	56	26462	39	16475	0.00587179	0.00616091	0.003	0.024	422.436	158.715	12	749	
8.25	8.5	1	19	1	3	47	26444	47	26088	0.00717021	0.00347237	0.003	0.01	555.064	271.254	26	1056	
8.25	8.5	1	20	2	3	50	26450	51	26691	0.0104118	0.00691716	0.003	0.017	523.353	238.078	72	1056	
8.5	8.75	4	1	3	3	52	26454	52	26993	0.01	0.00693103	0.003	0.017	519.096	204.614	93	1056	
8.5	8.75	4	2	1	3	51	26452	50	26163	0.01056	0.0067587	0.003	0.017	523.26	227.661	93	1056	
8.5	8.75	4	3	2	3	47	26446	47	26446	0.003	0	0.003	0.003	562.681	247.626	219	1056	
8.5	8.75	4	4	5	3	52	26454	52	26958	0.0101346	0.00686003	0.003	0.017	518.423	192.33	73	1056	
8.5	8.75	4	5	4	3	60	26470	53	23839	0.00854717	0.00780918	0.003	0.024	449.792	239.152	49	1056	
8.5	8.75	2	6	5	3	39	26428	39	25849	0.0126923	0.00654601	0.003	0.017	662.795	292.967	93	1056	
8.5	8.75	2	7	1	3	52	26454	28	11228	0.00375	0.00396863	0.003	0.024	401	162.917	75	621	
8.5	8.75	2	8	2	3	46	26442	45	25386	0.0118667	0.00657336	0.003	0.017	564.133	263.948	26	1056	
8.5	8.75	2	9	4	3	45	26440	45	25757	0.0107778	0.00654317	0.003	0.017	572.378	219.745	219	1056	
8.5	8.75	2	10	3	3	55	26460	32	13064	0.00453125	0.0052547	0.003	0.024	408.25	182.345	32	839	
8.5	8.75	3	11	5	3	40	26430	39	25374	0.00587179	0.00348817	0.003	0.01	650.615	365.697	27	1056	
8.5	8.75	3	12	1	3	40	26430	40	26430	0.003	0	0.003	0.003	660.75	349.893	219	1056	
8.5	8.75	3	13	3	3	43	26436	44	26745	0.00522727	0.00329809	0.003	0.01	607.841	388.152	10	1056	
8.5	8.75	3	14	2	3	46	26442	45	26005	0.00548889	0.00338863	0.003	0.01	577.889	304.78	91	1056	
8.5	8.75	3	15	4	3	58	26466	56	25987	0.005375	0.00486383	0.003	0.024	464.054	235.727	12	957	
8.5	8.75	1	16	4	3	52	26454	52	26937	0.0101346	0.00686003	0.003	0.017	518.019	180.544	73	1056	
8.5	8.75	1	17	3	3	46	26442	46	26174	0.0110652	0.00675739	0.003	0.017	569	237.919	73	1056	
8.5	8.75	1	18	5	3	58	26466	38	16372	0.00576316	0.0050266	0.003	0.024	430.842	167.647	101	749	
8.5	8.75	1	19	1	3	49	26448	48	26207	0.0069375	0.0035093	0.003	0.01	545.979	223.225	121	1056	
8.5	8.75	1	20	2	3	48	26446	48	26100	0.010875	0.00671494	0.003	0.017	543.75	218.676	73	1056	
8.75	9	4	1	3	3	49	26448	49	26480	0.0101429	0.00707107	0.003	0.017	540.408	212.278	34	1056	
8.75	9	4	2	1	3	51	26452	52	27139	0.01	0.00706829	0.003	0.017	521.904	138.94	93	839	
8.75	9	4	3	2	3	47	26444	47	26444	0.003	0	0.003	0.003	562.638	272.349	219	1056	
8.75	9	4	4	5	3	53	26456	53	26245	0.00960377	0.00705566	0.003	0.017	495.189	200.578	73	909	
8.75	9	4	5	4	3	59	26468	47	20471	0.00806383	0.00859829	0.003	0.024	435.553	174.978	49	749	
8.75	9	2	6	5	3	44	26438	42	25863	0.0113333	0.00695514	0.003	0.017	615.786	232.335	93	1056	
8.75	9	2	7	1	3	53	26456	30	12960	0.0044	0.00532787	0.003	0.024	432	203.45	32	1056	
8.75	9	2	8	2	3	44	26438	45	26923	0.0114	0.00677361	0.003	0.017	598.289	225.234	219	1056	
8.75	9	2	9	4	3	40	26430	39	26145	0.0125128	0.0065207	0.003	0.017	670.385	269.297	219	1056	
8.75	9	2	10	3	3	53	26456	30	10212	0.0037	0.00383406	0.003	0.024	340.4	162.303	117	621	
8.75	9	3	11	5	3	44	26438	44	27129	0.00602273	0.00350739	0.003	0.01	616.568	384.733	27	1056	
8.75	9	3	12	1	3	37	26424	37	26424	0.003	0	0.003	0.003	714.162	359.333	219	1056	
8.75	9	3	13	3	3	48	26446	47	26419	0.0046383	0.00299583	0.003	0.01	562.106	345.488	10	1056	
8.75	9	3	14	2	3	48	26446	48	26066	0.005625	0.00342472	0.003	0.01	543.042	350.148	34	1056	
8.75	9	3	15	4	3	63	26476	63	26468	0.00444444	0.00312006	0.003	0.017	420.127	212.169	66	957	
8.75	9	1	16	4	3	52	26454	52	26793	0.00973077	0.00706306	0.003	0.017	515.25	195.066	73	1056	
8.75	9	1	17	3	3	48	26446	48	26103	0.0102917	0.00706793	0.003	0.017	543.812	153.293	301	1056	
8.75	9	1	18	5	3	55	26460	35	14830	0.0052	0.00606727	0.003	0.024	423.714	194.564	12	839	
8.75	9	1	19	1	3	44	26438	45	27187	0.00735555	0.00343217	0.003	0.01	604.156	297.266	91	1056	
8.75	9	1	20	2	3	50	26450	50	26330	0.01028	0.00706541	0.003	0.017	526.6	239.994	72	1056	
9	9.25	4	1	3	3	54	26458	53	26544	0.01	0.007	0.003	0.017	500.83	154.634	28	871	
9	9.25	4	2	1	3	52	26454	51	25887	0.01	0.007	0.003	0.017	507.588	171.016	93	965	
9	9.25	4	3	2	3	42	26434	42	26434	0.003	0	0.003	0.003	629.381	282.767	219	1056	
9	9.25	4	4	5	3	54	26458	54	26853	0.00961111	0.00698899	0.003	0.017	497.278	159.767	73	839	
9	9.25	4	5	4	3	57	26464	39	18102	0.00623077	0.00678412	0.003	0.024	464.154	149.064	49	693	
9	9.25	2	6	5	3	43	26436	45	26440	0.0123333	0.00615334	0.003	0.017	587.556	298.325	10	1056	
9	9.25	2	7	1	3	56	26462	37	13875	0.00413513	0.00421085	0.003	0.024	375	196.821	75	1056	
9	9.25	2	8	2	3	51	26452	52	27596	0.0112115	0.00615594	0.003	0.017	530.692	257.817	28	1056	
9	9.25	2	9	4	3	48	26446	49	27019	0.0117143	0.00615088	0.003	0.017	551.408	260.275	26	1056	
9	9.25	2	10	3	3	55	26460	33	11547	0.00427273	0.00369351	0.003	0.017	349.909	172.087	32	621	
9	9.25	3	11	5	3	46	26442	46	26442	0.00467391	0.00301886	0.003	0.01	574.826	359.753	27	1056	
9	9.25	3	12	1	3	42	26434	42	26434	0.003	0	0.003	0.003	629.381	344.809	219	1056	
9	9.25	3	13	3	3	45	26440	44	25409	0.00602273	0.00350739	0.003	0.01	577.477	351.519	27	1056	
9	9.25	3	14	2	3	47	26444	47	27170	0.00597872	0.00349838	0.003	0.01	578.085	308.557	91	1056	
9	9.25	3	15	4	3	66	26482	63	25811	0.00533333	0.00470415	0.003	0.017	409.698	263.022	3	854	
9	9.25	1	16	4	3	50	26450	48	25962	0.0107292	0.00696111	0.003	0.017	540.875	208.832	138	1056	
9	9.25	1	17	3	3	47	26444	47	26476	0.0108936	0.00694148	0.003	0.017	563.319	237.279	73	1056	
9	9.25	1	18	5	3	56	26462	34	14399	0.00485294	0.00525779	0.003	0.024	423.5	211.432	12	901	
9	9.25	1	19	1	3	43	26436	42	25687	0.0075	0.00339476	0.003	0.01	611.595	262.998	34	1056	
9	9.25	1	20	2	3	48	26446	48	25735	0.0104375	0.00698602	0.003	0.017	536.146	196.654	149	1056	
9.25	9.5	4	1	3	3	52	26454	53	26552	0.00973585	0.00699492	0.003	0.017	500.981	206.547	93	965	
9.25	9.5	4	2	1	3	50	26450	51	26999	0.0104118	0.00691716	0.003	0.017	529.392	208.579	26	1056	
9.25	9.5	4	3	2	3	43	26436	43	26436	0.003	0	0.003	0.003	614.791	288.297	219	1056	
9.25	9.5	4	4	5	3	52	26454	52	26219	0.0101346	0.00699868	0.003	0.017	504.212	180.039	73	909	
9.25	9.5	4	5	4	3	61	26472	55	23779	0.00783636	0.00760546	0.003	0.024	432.345	201.271	49	901	
9.25	9.5	2	6	5	3	44	26438	44	27404	0.0112727	0.0069629	0.003	0.017	622.818	285.217	26	1056	
9.25	9.5	2	7	1	3	49	26448	25	9186	0.00328	0.0014	0.003	0.01	367.44	182.672	28	621	
9.25	9.5	2	8	2	3	42	26434	41	25290	0.0113659	0.00686206	0.003	0.017	616.829	236.009	219	1056	
9.25	9.5	2	9	4	3	48	26446	48	26841	0.0105833	0.00689999	0.003	0.017	559.187	219.673	122	1056	
9.25	9.5	2	10	3	3	58	26466	35	11502	0.003	0	0.003	0.003	328.629	174.201	28	621	
9.25	9.5	3	11	5	3	47	26444	48	26809	0.00547917	0.00338325	0.003	0.01	558.521	352.672	27	1056	
9.25	9.5	3	12	1	3	40	26430	40	26430	0.003	0	0.003	0.003	660.75	356.084	219	1056	
9.25	9.5	3	13	3	3	46	26442	48	27500	0.00591667	0.00348757	0.003	0.01	572.917	351.448	12	1056	
9.25	9.5	3	14	2	3	48	26446	48	25481	0.00577083	0.00345943	0.003	0.01	530.854	315.373	91	1056	
9.25	9.5	3	15	4	3	61	26472	56	25523	0.004125	0.00291742	0.003	0.017	455.768	264.663	12	901	
9.25	9.5	1	16	4	3	50	26450	52	26647	0.0102692	0.00678555	0.003	0.017	512.442	220.926	93	1056	
9.25	9.5	1	17	3	3	49	26448	49	26867	0.0102857	0.00699405	0.003	0.017	548.306	232.713	73	1056	
9.25	9.5	1	18	5	3	54	26458	35	14505	0.0054	0.00561615	0.003	0.024	414.429	181.936	42	797	
9.25	9.5	1	19	1	3	43	26436	44	26921	0.00745454	0.00340625	0.003	0.01	611.841	278.679	121	1056	
9.25	9.5	1	20	2	3	51	26452	51	27163	0.0102745	0.00699451	0.003	0.017	532.608	190.338	58	1056	
9.5	9.75	4	1	3	3	53	26456	53	26594	0.00960377	0.00705566	0.003	0.017	501.774	187.912	93	1056	
9.5	9.75	4	2	1	3	52	26454	51	25785	0.00972549	0.00699451	0.003	0.017	505.588	151.759	90	871	
9.5	9.75	4	3	2	3	47	26444	47	26444	0.003	0	0.003	0.003	562.638	267.265	219	1056	
9.5	9.75	4	4	5	3	56	26462	55	25769	0.00936364	0.00703526	0.003	0.017	468.527	172.016	73	985	
9.5	9.75	4	5	4	3	56	26462	47	22156	0.00955319	0.00916232	0.003	0.024	471.404	152.705	49	693	
9.5	9.75	2	6	5	3	48	26446	48	26051	0.0111667	0.00697513	0.003	0.017	542.729	273.319	28	1056	
9.5	9.75	2	7	1	3	51	26452	27	9993	0.00377778	0.00404145	0.003	0.024	370.111	208.643	32	825	
9.5	9.75	2	8	2	3	43	26436	44	27009	0.0107955	0.00661773	0.003	0.017	613.841	238.096	219	1056	
9.5	9.75	2	9	4	3	45	26440	45	26979	0.0117111	0.00670014	0.003	0.017	599.533	282.957	26	1056	
9.5	9.75	2	10	3	3	57	26464	32	11380	0.003	0	0.003	0.003	355.625	189.64	32	621	
9.5	9.75	3	11	5	3	45	26440	45	26440	0.00595555	0.00349646	0.003	0.01	587.556	330.343	27	1056	
9.5	9.75	3	12	1	3	40	26430	40	26430	0.003	0	0.003	0.003	660.75	347.496	219	1056	
9.5	9.75	3	13	3	3	50	26450	48	25392	0.00577083	0.00345943	0.003	0.01	529	343.28	18	1056	
9.5	9.75	3	14	2	3	44	26438	43	26436	0.00576744	0.00346298	0.003	0.01	614.791	313.133	91	1056	
9.5	9.75	3	15	4	3	62	26474	59	25955	0.00418644	0.00322423	0.003	0.017	439.915	229.757	12	957	
9.5	9.75	1	16	4	3	47	26444	46	25911	0.010913	0.00701689	0.003	0.017	563.283	191.161	58	1056	
9.5	9.75	1	17	3	3	50	26450	49	25917	0.0101429	0.00707107	0.003	0.017	528.918	228.016	73	1056	
9.5	9.75	1	18	5	3	53	26456	32	14089	0.00453125	0.0042577	0.003	0.024	440.281	214.158	42	901	
9.5	9.75	1	19	1	3	46	26442	46	26554	0.00710869	0.00348475	0.003	0.01	577.261	289.374	26	1056	
9.5	9.75	1	20	2	3	49	26448	48	26075	0.0102917	0.00706793	0.003	0.017	543.229	244.973	73	1056	
9.75	10	4	1	3	3	52	26454	52	26220	0.01	0.00706829	0.003	0.017	504.231	196.282	26	1056	
9.75	10	4	2	1	3	51	26452	52	27033	0.00986538	0.00699868	0.003	0.017	519.865	192.311	92	1056	
9.75	10	4	3	2	3	40	26430	40	26430	0.003	0	0.003	0.003	660.75	317.998	219	1056	
9.75	10	4	4	5	3	57	26464	58	27384	0.00915517	0.00694793	0.003	0.017	472.138	179.486	142	775	
9.75	10	4	5	4	3	54	26458	48	22449	0.0095625	0.00906456	0.003	0.024	467.688	194.828	49	1056	
9.75	10	2	6	5	3	43	26436	43	26919	0.0114651	0.00692597	0.003	0.017	626.023	262.777	219	1056	
9.75	10	2	7	1	3	51	26452	26	8784	0.003	0	0.003	0.003	337.846	166.158	32	549	
9.75	10	2	8	2	3	47	26444	46	26354	0.0107609	0.0067993	0.003	0.017	572.913	273.648	28	1056	
9.75	10	2	9	4	3	46	26442	46	25508	0.0127391	0.00634362	0.003	0.017	554.522	296.725	28	1056	
9.75	10	2	10	3	3	53	26456	29	10603	0.00324138	0.00129987	0.003	0.01	365.621	191.979	12	621	
9.75	10	3	11	5	3	47	26444	46	26250	0.0058913	0.00348475	0.003	0.01	570.652	364.928	27	1056	
9.75	10	3	12	1	3	41	26432	41	26432	0.003	0	0.003	0.003	644.683	345.307	219	1056	
9.75	10	3	13	3	3	45	26440	46	27343	0.0065	0.00353868	0.003	0.01	594.413	394.882	27	1056	
9.75	10	3	14	2	3	47	26444	48	27283	0.0060625	0.0035093	0.003	0.01	568.396	321.576	91	1056	
9.75	10	3	15	4	3	70	26490	71	26668	0.00438028	0.00326613	0.003	0.017	375.606	236.465	12	901	
9.75	10	1	16	4	3	46	26442	47	26508	0.0108936	0.00694148	0.003	0.017	564	223.941	58	1056	
9.75	10	1	17	3	3	50	26450	51	27450	0.01	0.007	0.003	0.017	538.235	192.301	149	1056	
9.75	10	1	18	5	3	54	26458	35	15648	0.0042	0.00316971	0.003	0.017	447.086	151.758	42	693	
9.75	10	1	19	1	3	42	26434	42	25839	0.0075	0.00339476	0.003	0.01	615.214	298.462	26	1056	
9.75	10	1	20	2	3	52	26454	53	27067	0.01	0.007	0.003	0.017	510.698	234.138	58	1056	
