% start	end	CellId	IMSI	RNTI	LCID	nTxPDUs	TxBytes	nRxPDUs	RxBytes	delay	stdDev	min	max	PduSize	stdDev	min	max
0.5	0.75	4	1	3	3	68	25432	56	20870	0.00575	0.00561249	0.003	0.024	372.679	196.186	49	775	
0.5	0.75	4	2	1	3	62	25420	61	24935	0.00644262	0.00607872	0.003	0.017	408.77	190.073	90	839	
0.5	0.75	4	3	4	3	61	25418	60	25304	0.0065	0.00611334	0.003	0.017	421.733	193.759	7	839	
0.5	0.75	4	4	2	3	65	25428	56	21109	0.00525	0.00535724	0.003	0.024	376.946	196.097	18	839	
0.5	0.75	4	5	5	3	70	25436	52	18130	0.00367308	0.00317911	0.003	0.024	348.654	180.414	32	621	
0.5	0.75	2	6	3	3	65	25426	55	21605	0.00389091	0.0033148	0.003	0.017	392.818	218.613	49	775	
0.5	0.75	2	7	2	3	47	25392	45	23851	0.00533333	0.00516984	0.003	0.017	530.022	208.905	91	1056	
0.5	0.75	2	8	5	3	59	25414	57	23900	0.00496491	0.00490614	0.003	0.017	419.298	222.684	73	839	
0.5	0.75	2	9	1	3	56	25408	54	23963	0.00637037	0.00604167	0.003	0.017	443.759	237.188	91	967	
0.5	0.75	2	10	4	3	57	25410	55	24440	0.00503636	0.00498131	0.003	0.017	444.364	230.578	90	871	
0.5	0.75	3	11	1	3	62	25420	48	19887	0.00504167	0.00539487	0.003	0.024	414.312	180.955	11	839	
0.5	0.75	3	12	3	3	62	25420	52	20785	0.00609615	0.00610772	0.003	0.024	399.712	176.606	57	935	
0.5	0.75	3	13	2	3	81	25462	65	19237	0.00450769	0.00471077	0.003	0.024	295.954	145.441	23	590	
0.5	0.75	3	14	4	3	58	25414	56	24714	0.007125	0.00637056	0.003	0.017	441.321	187.51	28	839	
0.5	0.75	3	15	5	3	65	25428	63	24768	0.00744444	0.00619776	0.003	0.017	393.143	223.786	18	1056	
0.5	0.75	1	16	1	3	53	25402	52	24346	0.00623077	0.00352368	0.003	0.01	468.192	247.676	26	1056	
0.5	0.75	1	17	2	3	64	25424	61	23593	0.00747541	0.00586119	0.003	0.017	386.77	225.531	15	1056	
0.5	0.75	1	18	4	3	62	25420	48	19478	0.00489583	0.00426884	0.003	0.024	405.792	210.039	49	839	
0.5	0.75	1	19	5	3	66	25428	56	21587	0.005	0.00416042	0.003	0.017	385.482	207.046	15	839	
0.5	0.75	1	20	3	3	71	25438	62	20758	0.00548387	0.00508531	0.003	0.024	334.806	183.567	58	749	
0.75	1	4	1	3	3	64	26478	63	26048	0.00888889	0.0061856	0.003	0.024	413.46	217.738	3	1056	
0.75	1	4	2	1	3	65	26480	64	26697	0.00704687	0.00633566	0.003	0.017	417.141	165.205	93	839	
0.75	1	4	3	4	3	62	26474	61	25821	0.00736065	0.00653716	0.003	0.017	423.295	183.282	74	1056	
0.75	1	4	4	2	3	76	26502	69	23370	0.00624638	0.00607165	0.003	0.024	338.696	182.743	15	749	
0.75	1	4	5	5	3	81	26512	64	21230	0.00354687	0.00287258	0.003	0.024	331.719	139.799	18	621	
0.75	1	2	6	3	3	52	26454	52	26741	0.01	0.00706829	0.003	0.017	514.25	236.254	101	1056	
0.75	1	2	7	2	3	46	26442	48	28183	0.0111667	0.00697513	0.003	0.017	587.146	288.693	93	1056	
0.75	1	2	8	5	3	44	26438	44	26063	0.0112727	0.0069629	0.003	0.017	592.341	286.091	155	1056	
0.75	1	2	9	1	3	43	26436	43	26734	0.0111395	0.00698836	0.003	0.017	621.721	303.627	93	1056	
0.75	1	2	10	4	3	41	26432	43	27205	0.0114651	0.00692597	0.003	0.017	632.674	304.834	91	1056	
0.75	1	3	11	1	3	75	26500	51	17988	0.00313725	0.000980196	0.003	0.01	352.706	110.615	101	573	
0.75	1	3	12	3	3	71	26492	71	26595	0.00792958	0.0067344	0.003	0.017	374.577	153.169	57	701	
0.75	1	3	13	2	3	82	26514	58	17961	0.003	0	0.003	0.003	309.672	102.756	79	517	
0.75	1	3	14	4	3	69	26488	69	26540	0.00807246	0.00677868	0.003	0.017	384.638	134.445	93	685	
0.75	1	3	15	5	3	72	26494	72	26522	0.00795833	0.00669125	0.003	0.017	368.361	126.169	57	605	
0.75	1	1	16	1	3	51	26452	51	26452	0.00903921	0.00243278	0.003	0.01	518.667	228.655	10	1056	
0.75	1	1	17	2	3	58	26466	58	26754	0.0113276	0.00547847	0.003	0.017	461.276	168.239	52	839	
0.75	1	1	18	4	3	58	26466	39	17178	0.00838461	0.00566901	0.003	0.024	440.462	165.549	117	717	
0.75	1	1	19	5	3	60	26470	60	26199	0.01175	0.00492873	0.003	0.017	436.65	189.442	73	901	
0.75	1	1	20	3	3	63	26476	64	27036	0.010875	0.00536449	0.003	0.017	422.438	186.779	73	1056	
1	1.25	4	1	3	3	77	26504	77	26818	0.00827273	0.00580752	0.003	0.024	348.286	168.632	49	693	
1	1.25	4	2	1	3	78	26510	78	26203	0.00658974	0.00594222	0.003	0.017	335.936	143.581	11	621	
1	1.25	4	3	4	3	75	26500	76	27172	0.00631579	0.00599157	0.003	0.017	357.526	161.562	11	597	
1	1.25	4	4	2	3	73	26496	69	24953	0.00655072	0.0066433	0.003	0.024	361.638	156.814	39	597	
1	1.25	4	5	5	3	80	26510	62	20751	0.00390322	0.00268395	0.003	0.017	334.694	142.679	10	621	
1	1.25	2	6	3	3	51	26452	50	25641	0.00972	0.00706541	0.003	0.017	512.82	264.799	49	1056	
1	1.25	2	7	2	3	39	26428	39	26999	0.0119744	0.00680359	0.003	0.017	692.282	302.319	91	1056	
1	1.25	2	8	5	3	45	26440	45	26908	0.0107778	0.00703526	0.003	0.017	597.956	286.225	73	1056	
1	1.25	2	9	1	3	39	26428	38	26128	0.0114737	0.00693498	0.003	0.017	687.579	353.509	91	1056	
1	1.25	2	10	4	3	41	26432	40	26258	0.010525	0.00697978	0.003	0.017	656.45	316.375	8	1056	
1	1.25	3	11	1	3	83	26516	62	19349	0.00345161	0.00279741	0.003	0.024	312.081	141.55	15	693	
1	1.25	3	12	3	3	76	26502	76	26566	0.00769737	0.00670327	0.003	0.024	349.553	140.313	57	637	
1	1.25	3	13	2	3	84	26518	62	19037	0.00367742	0.00374067	0.003	0.024	307.048	117.962	26	469	
1	1.25	3	14	4	3	63	26476	63	26221	0.00844444	0.00682211	0.003	0.017	416.206	152.357	34	669	
1	1.25	3	15	5	3	69	26488	69	26361	0.00797101	0.00669497	0.003	0.017	382.043	142.586	57	757	
1	1.25	1	16	1	3	49	26448	48	26446	0.0095625	0.00171236	0.003	0.01	550.958	264.946	34	1056	
1	1.25	1	17	2	3	56	26462	57	27149	0.0115965	0.0052944	0.003	0.017	476.298	156.234	177	775	
1	1.25	1	18	4	3	63	26476	49	19520	0.00842857	0.00434933	0.003	0.024	398.367	189.346	18	871	
1	1.25	1	19	5	3	57	26464	58	26466	0.0110862	0.00537468	0.003	0.017	456.31	185.007	42	985	
1	1.25	1	20	3	3	56	26462	56	25907	0.011875	0.00508138	0.003	0.017	462.625	151.661	42	693	
1.25	1.5	4	1	3	3	78	26506	61	21569	0.00506557	0.00449024	0.003	0.017	353.59	116.584	49	573	
1.25	1.5	4	2	1	3	60	26470	61	26440	0.00839344	0.00680999	0.003	0.017	433.443	151.858	93	865	
1.25	1.5	4	3	4	3	64	26480	63	25935	0.00855555	0.00690436	0.003	0.017	411.667	195.467	51	839	
1.25	1.5	4	4	2	3	81	26512	66	21932	0.00512121	0.0056228	0.003	0.024	332.303	130.177	49	621	
1.25	1.5	4	5	5	3	83	26516	58	20553	0.003	0	0.003	0.003	354.362	118.96	32	621	
1.25	1.5	2	6	3	3	61	26472	54	24067	0.00494444	0.00479157	0.003	0.017	445.685	185.86	101	839	
1.25	1.5	2	7	2	3	54	26458	54	25975	0.00637037	0.00604167	0.003	0.017	481.019	225.82	93	1056	
1.25	1.5	2	8	5	3	58	26466	58	26669	0.00662069	0.00618381	0.003	0.017	459.81	190.904	73	1056	
1.25	1.5	2	9	1	3	58	26466	60	26953	0.00673333	0.00624328	0.003	0.017	449.217	212.155	26	967	
1.25	1.5	2	10	4	3	59	26468	59	26647	0.00608474	0.00585246	0.003	0.017	451.644	197.219	90	775	
1.25	1.5	3	11	1	3	78	26506	54	18248	0.00338889	0.00285774	0.003	0.024	337.926	106.564	101	533	
1.25	1.5	3	12	3	3	71	26492	60	22172	0.00661667	0.00675752	0.003	0.024	369.533	98.6721	117	637	
1.25	1.5	3	13	2	3	84	26518	60	18208	0.003	0	0.003	0.003	303.467	116.244	26	469	
1.25	1.5	3	14	4	3	66	26482	66	26685	0.00851515	0.00689312	0.003	0.017	404.318	187.893	73	839	
1.25	1.5	3	15	5	3	57	26464	57	26415	0.00938596	0.007035	0.003	0.017	463.421	210.57	117	1056	
1.25	1.5	1	16	1	3	53	26456	52	26454	0.00703846	0.00349207	0.003	0.01	508.731	180.151	113	1056	
1.25	1.5	1	17	2	3	67	26484	66	26176	0.00840909	0.00681396	0.003	0.024	396.606	168.295	57	825	
1.25	1.5	1	18	4	3	79	26508	59	22175	0.0040678	0.00253842	0.003	0.01	375.847	148.731	49	935	
1.25	1.5	1	19	5	3	74	26498	58	22799	0.0052931	0.00497364	0.003	0.024	393.086	178.315	49	1056	
1.25	1.5	1	20	3	3	73	26496	64	24511	0.00704687	0.00669382	0.003	0.024	382.984	175.694	49	1056	
1.5	1.75	4	1	3	3	78	26506	62	22413	0.00582258	0.00529622	0.003	0.024	361.5	132.55	49	621	
1.5	1.75	4	2	1	3	62	26474	61	25641	0.0085082	0.00689595	0.003	0.017	420.344	160.224	91	773	
1.5	1.75	4	3	4	3	65	26480	65	25526	0.00838461	0.00686406	0.003	0.017	392.708	185.789	67	833	
1.5	1.75	4	4	2	3	76	26502	61	21787	0.00495082	0.00480426	0.003	0.024	357.164	137.011	49	637	
1.5	1.75	4	5	5	3	85	26520	61	20700	0.00322951	0.00179252	0.003	0.017	339.344	126.819	32	549	
1.5	1.75	2	6	3	3	63	26476	53	23490	0.0045849	0.00426269	0.003	0.017	443.208	198.643	12	839	
1.5	1.75	2	7	2	3	55	26460	58	28574	0.00722414	0.00641556	0.003	0.017	492.655	229.555	90	1056	
1.5	1.75	2	8	5	3	63	26476	65	27694	0.00676923	0.00607189	0.003	0.017	426.062	236.844	58	1056	
1.5	1.75	2	9	1	3	56	26462	58	27907	0.00758621	0.00649706	0.003	0.017	481.155	224.434	26	1056	
1.5	1.75	2	10	4	3	58	26466	59	26661	0.00679661	0.00614138	0.003	0.017	451.881	234.252	90	1056	
1.5	1.75	3	11	1	3	75	26500	52	18320	0.00353846	0.00305159	0.003	0.024	352.308	150.867	49	839	
1.5	1.75	3	12	3	3	74	26498	68	25126	0.00763235	0.00770715	0.003	0.024	369.5	127.063	57	701	
1.5	1.75	3	13	2	3	84	26518	59	17336	0.003	0	0.003	0.003	293.831	103.598	26	437	
1.5	1.75	3	14	4	3	60	26470	60	25652	0.00883333	0.00696034	0.003	0.017	427.533	160.128	73	685	
1.5	1.75	3	15	5	3	61	26472	61	25587	0.0087377	0.00694239	0.003	0.017	419.459	168.086	57	765	
1.5	1.75	1	16	1	3	60	26470	62	27045	0.00683871	0.00351201	0.003	0.01	436.21	182.393	10	839	
1.5	1.75	1	17	2	3	70	26490	72	27064	0.00815278	0.00621597	0.003	0.017	375.889	158.763	18	839	
1.5	1.75	1	18	4	3	74	26498	56	21335	0.004625	0.00326726	0.003	0.017	380.982	156.565	42	597	
1.5	1.75	1	19	5	3	78	26506	65	23015	0.00547692	0.0041837	0.003	0.017	354.077	153.002	32	685	
1.5	1.75	1	20	3	3	76	26502	69	24985	0.00655072	0.0060768	0.003	0.024	362.101	160.915	15	901	
1.75	2	4	1	3	3	72	26494	58	21664	0.00577586	0.00453076	0.003	0.017	373.517	134.381	101	685	
1.75	2	4	2	1	3	68	26486	68	27025	0.00783823	0.00654174	0.003	0.017	397.426	172.13	39	865	
1.75	2	4	3	4	3	71	26492	71	27537	0.00743662	0.00639806	0.003	0.017	387.845	168.507	73	909	
1.75	2	4	4	2	3	78	26506	68	23933	0.0052647	0.00533257	0.003	0.024	351.956	131.074	49	637	
1.75	2	4	5	5	3	85	26520	65	21462	0.00353846	0.00225053	0.003	0.017	330.185	135.628	32	621	
1.75	2	2	6	3	3	68	26486	55	20790	0.00350909	0.00264486	0.003	0.017	378	189.455	20	839	
1.75	2	2	7	2	3	56	26462	53	25402	0.00643396	0.00608121	0.003	0.017	479.283	185.767	90	1056	
1.75	2	2	8	5	3	64	26478	62	25804	0.00616129	0.00590136	0.003	0.017	416.194	224.203	10	1056	
1.75	2	2	9	1	3	55	26460	54	25308	0.00662963	0.0061928	0.003	0.017	468.667	212.837	90	1056	
1.75	2	2	10	4	3	62	26474	61	25898	0.00598361	0.00578069	0.003	0.017	424.557	244.117	15	1056	
1.75	2	3	11	1	3	75	26500	57	21180	0.0048421	0.00521259	0.003	0.024	371.579	98.9722	49	638	
1.75	2	3	12	3	3	70	26490	61	23646	0.00701639	0.00705335	0.003	0.024	387.639	115.292	57	701	
1.75	2	3	13	2	3	82	26514	60	19234	0.0037	0.00380143	0.003	0.024	320.567	120.33	19	608	
1.75	2	3	14	4	3	62	26474	62	27532	0.00909677	0.00699815	0.003	0.017	444.065	232.792	73	1056	
1.75	2	3	15	5	3	63	26476	63	27214	0.00888889	0.0071349	0.003	0.024	431.968	277.956	10	1056	
1.75	2	1	16	1	3	66	26482	66	26370	0.00607576	0.00350082	0.003	0.01	399.545	186.567	10	833	
1.75	2	1	17	2	3	71	26492	71	26661	0.00812676	0.00625626	0.003	0.017	375.507	135.328	57	701	
1.75	2	1	18	4	3	81	26512	67	22825	0.0048806	0.00312624	0.003	0.01	340.672	154.919	7	621	
1.75	2	1	19	5	3	78	26506	66	24169	0.00575757	0.00489289	0.003	0.024	366.197	160.114	7	621	
1.75	2	1	20	3	3	80	26510	74	25436	0.0065	0.00626635	0.003	0.024	343.73	149.483	27	669	
2	2.25	4	1	3	3	70	26490	67	25585	0.00874627	0.00570577	0.003	0.024	381.866	157.241	49	693	
2	2.25	4	2	1	3	70	26490	71	27306	0.00743662	0.00639806	0.003	0.017	384.592	159.058	47	717	
2	2.25	4	3	4	3	70	26490	70	26571	0.0072	0.00646193	0.003	0.017	379.586	164.145	18	669	
2	2.25	4	4	2	3	79	26508	76	25281	0.0065	0.00631295	0.003	0.024	332.645	142.945	49	597	
2	2.25	4	5	5	3	82	26514	64	20279	0.0034375	0.00211476	0.003	0.017	316.859	143.991	42	597	
2	2.25	2	6	3	3	52	26454	37	18764	0.00583784	0.00507452	0.003	0.017	507.135	218.004	49	1009	
2	2.25	2	7	2	3	53	26456	55	26651	0.00961818	0.00692417	0.003	0.017	484.564	255.579	26	1056	
2	2.25	2	8	5	3	50	26450	51	26599	0.0101373	0.00692826	0.003	0.017	521.549	199.246	73	1056	
2	2.25	2	9	1	3	48	26446	50	27800	0.01056	0.00690507	0.003	0.017	556	265.644	26	1056	
2	2.25	2	10	4	3	49	26448	50	27319	0.01014	0.00699857	0.003	0.017	546.38	226.588	93	1056	
2	2.25	3	11	1	3	67	26484	55	21127	0.00618182	0.00614664	0.003	0.024	384.127	153.782	49	637	
2	2.25	3	12	3	3	72	26496	73	26871	0.00789041	0.00666992	0.003	0.017	368.096	165.485	57	701	
2	2.25	3	13	2	3	86	26522	67	20249	0.00362686	0.00291722	0.003	0.017	302.224	127.208	32	517	
2	2.25	3	14	4	3	61	26474	62	26311	0.00841935	0.00687487	0.003	0.017	424.371	178.982	27	1056	
2	2.25	3	15	5	3	67	26486	68	27016	0.00814706	0.00680049	0.003	0.017	397.294	153.795	103	701	
2	2.25	1	16	1	3	62	26474	62	26917	0.0065	0.00352857	0.003	0.01	434.145	196.461	10	839	
2	2.25	1	17	2	3	71	26492	73	27115	0.00808219	0.00562671	0.003	0.017	371.438	174.411	18	669	
2	2.25	1	18	4	3	77	26504	75	25435	0.00934667	0.00701638	0.003	0.024	339.133	187.435	10	839	
2	2.25	1	19	5	3	76	26502	76	26712	0.00788158	0.00626305	0.003	0.024	351.474	177.122	10	839	
2	2.25	1	20	3	3	72	26494	74	26331	0.00744594	0.00597287	0.003	0.024	355.824	189.266	3	749	
2.25	2.5	4	1	3	3	75	26500	62	22693	0.00570968	0.00512591	0.003	0.024	366.016	140.61	55	693	
2.25	2.5	4	2	1	3	69	26488	69	26444	0.00776811	0.00662914	0.003	0.017	383.246	184.396	93	1056	
2.25	2.5	4	3	4	3	69	26488	69	26531	0.00766667	0.00664801	0.003	0.017	384.507	166.597	71	1056	
2.25	2.5	4	4	2	3	79	26508	62	21484	0.00401613	0.00355053	0.003	0.017	346.516	129.662	101	533	
2.25	2.5	4	5	5	3	86	26522	68	21081	0.00392647	0.00340025	0.003	0.017	310.015	144.317	11	597	
2.25	2.5	2	6	3	3	68	26486	57	22966	0.00398246	0.00335672	0.003	0.017	402.912	198.126	18	839	
2.25	2.5	2	7	2	3	56	26462	56	26938	0.00625	0.00596429	0.003	0.017	481.036	220.282	92	1056	
2.25	2.5	2	8	5	3	63	26476	62	25335	0.00593548	0.00574562	0.003	0.017	408.629	203.181	73	749	
2.25	2.5	2	9	1	3	59	26468	57	24743	0.00594737	0.00575829	0.003	0.017	434.088	180.973	7	775	
2.25	2.5	2	10	4	3	56	26462	56	25598	0.006	0.00579655	0.003	0.017	457.107	176.112	90	865	
2.25	2.5	3	11	1	3	75	26367	52	18016	0.00340385	0.00215352	0.003	0.017	346.462	140.843	18	573	
2.25	2.5	3	12	3	3	71	26342	59	21538	0.00679661	0.00727485	0.003	0.024	365.051	125.806	57	765	
2.25	2.5	3	13	2	3	96	26542	78	20218	0.0036282	0.00322776	0.003	0.024	259.205	130.914	15	533	
2.25	2.5	3	14	4	3	58	26250	56	25813	0.00875	0.00694982	0.003	0.017	460.946	198.236	73	1056	
2.25	2.5	3	15	5	3	60	25947	59	25280	0.00916949	0.00688865	0.003	0.017	428.475	216.98	18	1056	
2.25	2.5	1	16	1	3	58	26466	57	26013	0.00705263	0.00348682	0.003	0.01	456.368	204.382	34	1056	
2.25	2.5	1	17	2	3	67	26484	65	25135	0.00827692	0.00643357	0.003	0.017	386.692	152.793	34	669	
2.25	2.5	1	18	4	3	86	26522	70	23387	0.0042	0.00265723	0.003	0.01	334.1	153.312	8	645	
2.25	2.5	1	19	5	3	77	26504	61	20894	0.00460656	0.0032315	0.003	0.017	342.525	150.797	49	621	
2.25	2.5	1	20	3	3	74	26498	63	23020	0.00611111	0.00625818	0.003	0.024	365.397	168.501	49	1056	
2.5	2.75	4	1	3	3	76	26502	64	22827	0.0051875	0.00481029	0.003	0.024	356.672	150.696	34	839	
2.5	2.75	4	2	1	3	65	26484	66	26814	0.00734848	0.00635245	0.003	0.017	406.273	177.338	93	1056	
2.5	2.75	4	3	4	3	69	26490	70	26756	0.007	0.00637022	0.003	0.017	382.229	164.514	15	1056	
2.5	2.75	4	4	2	3	78	26508	68	23711	0.00557353	0.00603551	0.003	0.024	348.691	112.645	73	637	
2.5	2.75	4	5	5	3	82	26514	65	22031	0.00321538	0.00173649	0.003	0.017	338.938	142.042	23	589	
2.5	2.75	2	6	3	3	66	26482	62	25818	0.00435484	0.00397573	0.003	0.017	416.419	182.497	7	1056	
2.5	2.75	2	7	2	3	57	26464	58	27315	0.00601724	0.00573231	0.003	0.017	470.948	210.591	90	1056	
2.5	2.75	2	8	5	3	62	26474	64	28140	0.00573437	0.00552409	0.003	0.017	439.688	257.919	73	1056	
2.5	2.75	2	9	1	3	61	26472	63	28197	0.00588889	0.00571108	0.003	0.017	447.571	210.522	90	1056	
2.5	2.75	2	10	4	3	59	26468	62	28387	0.00627419	0.00590684	0.003	0.017	457.855	199.36	90	1056	
2.5	2.75	3	11	1	3	85	26655	70	22067	0.0043	0.00343195	0.003	0.024	315.243	143.447	18	573	
2.5	2.75	3	12	3	3	72	26648	66	23980	0.0065	0.00675335	0.003	0.024	363.333	145.864	18	839	
2.5	2.75	3	13	2	3	93	26536	77	20140	0.00381818	0.0029988	0.003	0.017	261.558	137.794	6	621	
2.5	2.75	3	14	4	3	64	26696	66	27218	0.00766667	0.0061802	0.003	0.017	412.394	189.85	10	839	
2.5	2.75	3	15	5	3	68	27013	69	27468	0.00746377	0.00657218	0.003	0.024	398.087	209.202	31	1056	
2.5	2.75	1	16	1	3	53	26456	54	26578	0.00637037	0.00353044	0.003	0.01	492.185	221.57	34	1056	
2.5	2.75	1	17	2	3	68	26486	69	27601	0.00857971	0.00652913	0.003	0.017	400.014	166.208	57	775	
2.5	2.75	1	18	4	3	75	26500	63	22602	0.00444444	0.00438391	0.003	0.024	358.762	157.622	49	749	
2.5	2.75	1	19	5	3	75	26500	64	24707	0.00639062	0.00598044	0.003	0.024	386.047	152.801	49	749	
2.5	2.75	1	20	3	3	73	26496	65	24932	0.00784615	0.00772017	0.003	0.024	383.569	169.183	49	849	
2.75	3	4	1	3	3	82	26514	63	21223	0.00422222	0.00367399	0.003	0.024	336.873	151.144	49	903	
2.75	3	4	2	1	3	57	26464	56	25811	0.00925	0.00702269	0.003	0.017	460.911	184.274	93	1056	
2.75	3	4	3	4	3	61	26472	60	25999	0.00906667	0.00699604	0.003	0.017	433.317	184.386	138	1056	
2.75	3	4	4	2	3	76	26502	55	20660	0.00389091	0.00357809	0.003	0.024	375.636	131.95	49	573	
2.75	3	4	5	5	3	88	26526	67	20860	0.00331343	0.00256556	0.003	0.024	311.343	140.915	32	597	
2.75	3	2	6	3	3	80	26510	75	25604	0.00346667	0.0028961	0.003	0.024	341.387	194.385	49	839	
2.75	3	2	7	2	3	64	26478	63	25810	0.00411111	0.0038147	0.003	0.017	409.683	168.486	90	669	
2.75	3	2	8	5	3	66	26482	64	24741	0.00540625	0.00532356	0.003	0.017	386.578	213.02	7	1056	
2.75	3	2	9	1	3	63	26476	61	24935	0.00483606	0.00476508	0.003	0.017	408.77	191.01	90	1056	
2.75	3	2	10	4	3	60	26470	58	24449	0.00481034	0.00464704	0.003	0.017	421.534	187.659	90	775	
2.75	3	3	11	1	3	75	26500	52	19050	0.00326923	0.00194145	0.003	0.017	366.346	104.518	49	533	
2.75	3	3	12	3	3	72	26494	63	23912	0.00755555	0.00816321	0.003	0.024	379.556	136.661	57	839	
2.75	3	3	13	2	3	90	26530	68	18835	0.003	0	0.003	0.003	276.985	112.034	27	437	
2.75	3	3	14	4	3	53	26456	52	26027	0.00973077	0.00706306	0.003	0.017	500.519	265.704	73	1056	
2.75	3	3	15	5	3	53	26456	52	25947	0.0101346	0.00726806	0.003	0.024	498.981	265.724	57	1056	
2.75	3	1	16	1	3	60	26470	60	26494	0.00638333	0.00352757	0.003	0.01	441.567	175.402	113	839	
2.75	3	1	17	2	3	72	26494	71	25494	0.00802817	0.00701829	0.003	0.024	359.07	161.514	57	766	
2.75	3	1	18	4	3	79	26508	59	21996	0.00383051	0.00320642	0.003	0.024	372.814	97.0726	106	533	
2.75	3	1	19	5	3	78	26506	59	20567	0.00454237	0.00451557	0.003	0.024	348.593	150.007	11	589	
2.75	3	1	20	3	3	85	26520	75	24308	0.00617333	0.00712129	0.003	0.024	324.107	148.12	11	775	
3	3.25	4	1	3	3	80	26510	68	23568	0.00536765	0.0046228	0.003	0.017	346.588	147.142	49	685	
3	3.25	4	2	1	3	65	26480	65	26456	0.00816923	0.00669554	0.003	0.017	407.015	189.268	7	839	
3	3.25	4	3	4	3	65	26480	65	25813	0.00773846	0.00656048	0.003	0.017	397.123	182.11	43	1056	
3	3.25	4	4	2	3	78	26506	65	22412	0.00483077	0.00433579	0.003	0.017	344.8	136.308	15	597	
3	3.25	4	5	5	3	88	26526	69	22111	0.0032029	0.00118296	0.003	0.01	320.449	136.185	32	621	
3	3.25	2	6	3	3	70	26490	60	23603	0.00405	0.00382864	0.003	0.024	393.383	211.29	49	839	
3	3.25	2	7	2	3	60	26470	62	27249	0.00570968	0.00557626	0.003	0.017	439.5	207.507	15	1056	
3	3.25	2	8	5	3	65	26480	65	28201	0.00601538	0.00580003	0.003	0.017	433.862	223.385	10	1056	
3	3.25	2	9	1	3	59	26468	63	28481	0.00633333	0.00601074	0.003	0.017	452.079	197.794	90	1056	
3	3.25	2	10	4	3	61	26472	63	28493	0.00544444	0.00535747	0.003	0.017	452.27	240.842	7	1056	
3	3.25	3	11	1	3	73	26496	50	18204	0.0037	0.00353553	0.003	0.024	364.08	95.0454	101	469	
3	3.25	3	12	3	3	74	26498	64	23172	0.00671875	0.00694072	0.003	0.024	362.062	123.236	57	597	
3	3.25	3	13	2	3	84	26518	63	18413	0.00355555	0.00315604	0.003	0.024	292.27	122.526	26	602	
3	3.25	3	14	4	3	59	26468	59	25694	0.00916949	0.00701022	0.003	0.017	435.492	199.567	73	1056	
3	3.25	3	15	5	3	57	26464	57	25789	0.00938596	0.007035	0.003	0.017	452.439	219.546	106	1056	
3	3.25	1	16	1	3	55	26462	55	26438	0.00707273	0.00348465	0.003	0.01	480.691	217.55	82	1056	
3	3.25	1	17	2	3	67	26484	68	27193	0.00835294	0.00629799	0.003	0.017	399.897	157.395	59	765	
3	3.25	1	18	4	3	74	26498	56	22154	0.004625	0.00377341	0.003	0.024	395.607	127.648	42	597	
3	3.25	1	19	5	3	81	26512	69	25263	0.00513043	0.00469641	0.003	0.024	366.13	171.637	49	839	
3	3.25	1	20	3	3	80	26510	70	24606	0.0061	0.00603408	0.003	0.024	351.514	130.809	3	669	
3.25	3.5	4	1	3	3	80	26510	64	21145	0.00442187	0.00417021	0.003	0.024	330.391	119.864	49	533	
3.25	3.5	4	2	1	3	66	26482	66	26773	0.00830303	0.00684323	0.003	0.017	405.652	153.609	90	773	
3.25	3.5	4	3	4	3	68	26486	68	27093	0.00835294	0.00685405	0.003	0.017	398.426	170.781	72	839	
3.25	3.5	4	4	2	3	82	26514	63	21507	0.00433333	0.00468009	0.003	0.024	341.381	126.316	49	590	
3.25	3.5	4	5	5	3	81	26512	57	20354	0.00312281	0.000927173	0.003	0.01	357.088	125.453	32	621	
3.25	3.5	2	6	3	3	75	26500	70	25491	0.0033	0.00142798	0.003	0.01	364.157	181.909	49	693	
3.25	3.5	2	7	2	3	66	26482	65	26284	0.00493846	0.004873	0.003	0.017	404.369	181.719	90	775	
3.25	3.5	2	8	5	3	69	26488	71	26508	0.00576056	0.00548365	0.003	0.017	373.352	201.386	3	749	
3.25	3.5	2	9	1	3	64	26478	63	26372	0.00511111	0.00497124	0.003	0.017	418.603	196.435	93	1056	
3.25	3.5	2	10	4	3	65	26480	64	26390	0.00496875	0.00474415	0.003	0.017	412.344	185.391	90	775	
3.25	3.5	3	11	1	3	77	26504	56	21326	0.004125	0.00477136	0.003	0.024	380.821	113.783	12	533	
3.25	3.5	3	12	3	3	74	26498	57	21625	0.00521053	0.00579019	0.003	0.024	379.386	113.771	57	533	
3.25	3.5	3	13	2	3	78	26506	55	18004	0.00325454	0.00188776	0.003	0.017	327.345	102.039	26	469	
3.25	3.5	3	14	4	3	47	26446	47	26669	0.0104468	0.00690875	0.003	0.017	567.426	297.747	73	1056	
3.25	3.5	3	15	5	3	57	26466	56	26823	0.00925	0.00689466	0.003	0.017	478.982	277.386	57	1056	
3.25	3.5	1	16	1	3	62	26474	61	25901	0.00598361	0.00349042	0.003	0.01	424.607	244.09	26	1056	
3.25	3.5	1	17	2	3	77	26504	77	26683	0.00763636	0.00677633	0.003	0.024	346.532	134.806	42	701	
3.25	3.5	1	18	4	3	78	26506	56	21682	0.003375	0.00207638	0.003	0.017	387.179	113.285	90	597	
3.25	3.5	1	19	5	3	82	26514	66	23508	0.00427273	0.00386521	0.003	0.024	356.182	132.672	49	637	
3.25	3.5	1	20	3	3	75	26500	65	24371	0.0058	0.00675509	0.003	0.024	374.938	136.617	11	698	
3.5	3.75	4	1	3	3	73	26496	62	23626	0.0063871	0.00518622	0.003	0.017	381.065	131.051	18	621	
3.5	3.75	4	2	1	3	67	26484	69	27152	0.00837681	0.00669965	0.003	0.017	393.507	163.674	34	1056	
3.5	3.75	4	3	4	3	67	26484	69	27176	0.00786956	0.00671678	0.003	0.017	393.855	180.036	73	909	
3.5	3.75	4	4	2	3	81	26512	67	23194	0.00498507	0.0051419	0.003	0.024	346.179	141.8	18	645	
3.5	3.75	4	5	5	3	83	26516	62	21530	0.0031129	0.000889001	0.003	0.01	347.258	130.325	75	573	
3.5	3.75	2	6	3	3	68	26486	56	21411	0.003875	0.00328668	0.003	0.017	382.339	189.727	12	839	
3.5	3.75	2	7	2	3	59	26468	59	26192	0.0070339	0.00639495	0.003	0.017	443.932	194.414	90	1056	
3.5	3.75	2	8	5	3	56	26462	54	24881	0.00714815	0.00645275	0.003	0.017	460.759	187.502	3	1056	
3.5	3.75	2	9	1	3	55	26460	54	25510	0.00740741	0.00656324	0.003	0.017	472.407	218.063	26	1056	
3.5	3.75	2	10	4	3	58	26466	57	25015	0.00668421	0.00621966	0.003	0.017	438.86	202.727	90	965	
3.5	3.75	3	11	1	3	75	26500	54	18926	0.00403704	0.00394281	0.003	0.024	350.481	99.2384	49	469	
3.5	3.75	3	12	3	3	73	26496	64	23296	0.00671875	0.00671286	0.003	0.024	364	113.423	57	589	
3.5	3.75	3	13	2	3	91	26532	69	19801	0.003	0	0.003	0.003	286.971	122.14	26	437	
3.5	3.75	3	14	4	3	56	26462	56	26688	0.00975	0.00705884	0.003	0.017	476.571	227.234	73	1056	
3.5	3.75	3	15	5	3	55	26460	56	26757	0.0105	0.00704531	0.003	0.017	477.804	233.007	73	1056	
3.5	3.75	1	16	1	3	64	26478	64	26961	0.0060625	0.0035	0.003	0.01	421.266	196.764	10	839	
3.5	3.75	1	17	2	3	68	26486	69	26725	0.00827536	0.00639826	0.003	0.024	387.319	138.388	57	669	
3.5	3.75	1	18	4	3	81	26512	67	23258	0.00540298	0.00356353	0.003	0.017	347.134	154.794	3	597	
3.5	3.75	1	19	5	3	82	26514	69	23562	0.00553623	0.00464498	0.003	0.024	341.478	160.32	15	693	
3.5	3.75	1	20	3	3	79	26508	68	24461	0.00598529	0.0053154	0.003	0.024	359.721	139.778	66	685	
3.75	4	4	1	3	3	71	26492	67	24327	0.00749254	0.00605623	0.003	0.024	363.09	186.377	3	693	
3.75	4	4	2	1	3	65	26480	63	25102	0.00688889	0.0061306	0.003	0.017	398.444	178.317	11	839	
3.75	4	4	3	4	3	69	26488	67	26036	0.00644776	0.00601585	0.003	0.017	388.597	167.817	42	669	
3.75	4	4	4	2	3	69	26488	62	23393	0.0065	0.00630574	0.003	0.024	377.306	141.164	39	701	
3.75	4	4	5	5	3	80	26510	68	23366	0.00444118	0.0041118	0.003	0.024	343.618	168.12	32	751	
3.75	4	2	6	3	3	56	26462	50	22906	0.00636	0.00569912	0.003	0.017	458.12	265.345	49	1056	
3.75	4	2	7	2	3	55	26460	56	27026	0.00875	0.00682042	0.003	0.017	482.607	200.616	91	1056	
3.75	4	2	8	5	3	56	26462	58	28043	0.00806896	0.00678714	0.003	0.017	483.5	222.761	73	1056	
3.75	4	2	9	1	3	50	26450	51	27223	0.00862745	0.00686137	0.003	0.017	533.784	251.666	26	1056	
3.75	4	2	10	4	3	47	26444	48	27500	0.00927083	0.00696111	0.003	0.017	572.917	246.222	93	1056	
3.75	4	3	11	1	3	73	26496	59	20760	0.00501695	0.00504289	0.003	0.024	351.864	144.36	49	638	
3.75	4	3	12	3	3	73	26496	70	24507	0.0068	0.0062707	0.003	0.024	350.1	153.711	20	637	
3.75	4	3	13	2	3	84	26518	69	20613	0.00442029	0.00425788	0.003	0.017	298.739	131.842	26	553	
3.75	4	3	14	4	3	67	26484	67	26646	0.00780597	0.00647194	0.003	0.017	397.701	155.778	31	693	
3.75	4	3	15	5	3	73	26496	73	26421	0.00712329	0.00637257	0.003	0.017	361.932	170.729	57	701	
3.75	4	1	16	1	3	63	26476	64	27017	0.0060625	0.0035	0.003	0.01	422.141	217.435	3	1056	
3.75	4	1	17	2	3	68	26486	66	26066	0.00692424	0.00537032	0.003	0.017	394.939	157.509	57	701	
3.75	4	1	18	4	3	76	26502	66	23505	0.00660606	0.00552443	0.003	0.024	356.136	151.424	31	693	
3.75	4	1	19	5	3	74	26498	72	25925	0.00679167	0.00562674	0.003	0.024	360.069	172.311	42	749	
3.75	4	1	20	3	3	71	26492	67	25752	0.00759701	0.00591367	0.003	0.024	384.358	154.609	50	693	
4	4.25	4	1	3	3	80	26510	67	23622	0.00435821	0.00349762	0.003	0.017	352.567	147.265	49	693	
4	4.25	4	2	1	3	67	26484	68	27580	0.0065	0.00610725	0.003	0.017	405.588	156.545	91	865	
4	4.25	4	3	4	3	66	26482	66	25804	0.00681818	0.00628284	0.003	0.017	390.97	150.359	73	693	
4	4.25	4	4	2	3	82	26514	70	23344	0.0044	0.00455371	0.003	0.024	333.486	145.239	49	573	
4	4.25	4	5	5	3	85	26520	66	21286	0.00342424	0.00208334	0.003	0.017	322.515	146.407	32	621	
4	4.25	2	6	3	3	66	26482	61	23886	0.00403279	0.00357756	0.003	0.017	391.574	233.834	49	1056	
4	4.25	2	7	2	3	63	26476	64	26666	0.0065	0.0061101	0.003	0.017	416.656	212.599	90	775	
4	4.25	2	8	5	3	66	26482	65	26328	0.0058	0.00564358	0.003	0.017	405.046	212.129	10	833	
4	4.25	2	9	1	3	54	26458	54	26256	0.00572222	0.00550957	0.003	0.017	486.222	236.843	90	1056	
4	4.25	2	10	4	3	56	26462	57	26947	0.00570175	0.00541481	0.003	0.017	472.754	213.333	90	1056	
4	4.25	3	11	1	3	70	26490	49	18331	0.00357143	0.00279881	0.003	0.017	374.102	124.053	49	685	
4	4.25	3	12	3	3	70	26490	64	24175	0.0078125	0.00797392	0.003	0.024	377.734	149.283	57	637	
4	4.25	3	13	2	3	91	26532	72	20972	0.003	0	0.003	0.003	291.278	145.544	11	517	
4	4.25	3	14	4	3	60	26470	60	26086	0.0086	0.00691645	0.003	0.017	434.767	215.242	73	1056	
4	4.25	3	15	5	3	61	26472	61	26376	0.00885246	0.00690371	0.003	0.017	432.393	180.093	42	701	
4	4.25	1	16	1	3	59	26468	59	25897	0.00620339	0.00351734	0.003	0.01	438.932	202.01	10	839	
4	4.25	1	17	2	3	72	26494	73	26611	0.00721918	0.00614466	0.003	0.017	364.534	129.579	66	701	
4	4.25	1	18	4	3	79	26508	63	22713	0.00444444	0.00336384	0.003	0.017	360.524	146.122	49	693	
4	4.25	1	19	5	3	72	26494	57	22282	0.00521053	0.0042162	0.003	0.017	390.912	130.016	49	693	
4	4.25	1	20	3	3	73	26496	66	24087	0.0070303	0.00695252	0.003	0.024	364.955	136.689	23	621	
4.25	4.5	4	1	3	3	79	26508	60	21251	0.00335	0.00153849	0.003	0.01	354.183	108.883	49	621	
4.25	4.5	4	2	1	3	65	26480	65	26200	0.00838461	0.00686406	0.003	0.017	403.077	160.121	93	865	
4.25	4.5	4	3	4	3	64	26478	64	26238	0.00846875	0.00688446	0.003	0.017	409.969	152.521	73	1056	
4.25	4.5	4	4	2	3	78	26506	56	19377	0.0035	0.00294186	0.003	0.024	346.018	131.635	49	839	
4.25	4.5	4	5	5	3	85	26520	62	20338	0.003	0	0.003	0.003	328.032	125.777	32	597	
4.25	4.5	2	6	3	3	81	26512	74	26235	0.003	0	0.003	0.003	354.527	184.803	49	839	
4.25	4.5	2	7	2	3	65	26480	65	26405	0.00472308	0.00463515	0.003	0.017	406.231	189.077	15	775	
4.25	4.5	2	8	5	3	65	26480	65	26544	0.00515385	0.00509053	0.003	0.017	408.369	178.438	10	693	
4.25	4.5	2	9	1	3	65	26480	66	26965	0.00512121	0.00505817	0.003	0.017	408.561	179.62	90	775	
4.25	4.5	2	10	4	3	67	26484	67	26687	0.00467164	0.00457393	0.003	0.017	398.313	181.199	90	775	
4.25	4.5	3	11	1	3	74	26498	49	17786	0.003	0	0.003	0.003	362.98	107.854	32	533	
4.25	4.5	3	12	3	3	74	26498	57	20471	0.00570175	0.00684253	0.003	0.024	359.14	82.8379	170	533	
4.25	4.5	3	13	2	3	89	26528	67	18971	0.003	0	0.003	0.003	283.149	130.965	26	437	
4.25	4.5	3	14	4	3	48	26446	48	25919	0.0111667	0.00697513	0.003	0.017	539.979	280.954	73	1056	
4.25	4.5	3	15	5	3	47	26444	46	26023	0.0118261	0.00683229	0.003	0.017	565.717	262.206	57	1056	
4.25	4.5	1	16	1	3	52	26454	52	26342	0.00636538	0.00353153	0.003	0.01	506.577	187.796	113	945	
4.25	4.5	1	17	2	3	74	26498	74	26434	0.00772973	0.00666682	0.003	0.017	357.216	66.3034	171	701	
4.25	4.5	1	18	4	3	76	26502	52	21961	0.00340385	0.00291218	0.003	0.024	422.327	104.224	49	573	
4.25	4.5	1	19	5	3	76	26502	51	21807	0.003	0	0.003	0.003	427.588	87.2214	261	573	
4.25	4.5	1	20	3	3	76	26502	63	24634	0.00666667	0.00803621	0.003	0.024	391.016	123.911	106	685	
4.5	4.75	4	1	3	3	78	26506	69	24722	0.00563768	0.00551461	0.003	0.024	358.29	162.849	7	839	
4.5	4.75	4	2	1	3	69	26490	69	26351	0.00624638	0.00582945	0.003	0.017	381.899	167.394	33	1056	
4.5	4.75	4	3	4	3	71	26492	71	27546	0.00595775	0.00575559	0.003	0.017	387.972	165.779	7	833	
4.5	4.75	4	4	2	3	83	26516	72	23858	0.00445833	0.00483513	0.003	0.024	331.361	121.304	16	533	
4.5	4.75	4	5	5	3	94	26538	78	22162	0.00317949	0.00158519	0.003	0.017	284.128	131.312	10	549	
4.5	4.75	2	6	3	3	73	26496	67	24170	0.00404478	0.0037068	0.003	0.017	360.746	169.773	18	637	
4.5	4.75	2	7	2	3	64	26478	65	26205	0.00536923	0.00529023	0.003	0.017	403.154	171.751	90	871	
4.5	4.75	2	8	5	3	70	26490	70	25747	0.0057	0.00549928	0.003	0.017	367.814	189.776	10	762	
4.5	4.75	2	9	1	3	64	26478	62	25508	0.00570968	0.00543029	0.003	0.017	411.419	191.608	7	839	
4.5	4.75	2	10	4	3	62	26474	61	25693	0.00586885	0.00562576	0.003	0.017	421.197	188.806	26	839	
4.5	4.75	3	11	1	3	88	26526	71	19907	0.00309859	0.000830747	0.003	0.01	280.38	111.901	7	517	
4.5	4.75	3	12	3	3	84	26518	77	23843	0.00509091	0.00533406	0.003	0.024	309.649	120.502	43	533	
4.5	4.75	3	13	2	3	91	26532	76	19164	0.0030921	0.000802955	0.003	0.01	252.158	113.211	18	437	
4.5	4.75	3	14	4	3	72	26498	73	28241	0.00654794	0.006076	0.003	0.017	386.863	198.479	73	1056	
4.5	4.75	3	15	5	3	72	26498	73	27186	0.0070274	0.00627378	0.003	0.017	372.411	208.838	57	1056	
4.5	4.75	1	16	1	3	69	26490	69	26374	0.00584058	0.0034625	0.003	0.01	382.232	185.21	43	839	
4.5	4.75	1	17	2	3	76	26502	77	27131	0.00672727	0.00574373	0.003	0.017	352.351	124.117	57	935	
4.5	4.75	1	18	4	3	80	26510	64	22432	0.00409375	0.00284922	0.003	0.017	350.5	124.568	15	597	
4.5	4.75	1	19	5	3	77	26504	66	23077	0.00607576	0.00537032	0.003	0.024	349.652	143.574	49	685	
4.5	4.75	1	20	3	3	79	26510	72	24456	0.00620833	0.0062098	0.003	0.024	339.667	130.029	47	573	
4.75	5	4	1	3	3	74	26498	71	25737	0.00812676	0.00541672	0.003	0.024	362.493	164.841	7	839	
4.75	5	4	2	1	3	68	26486	70	27157	0.0065	0.00592893	0.003	0.017	387.957	144.094	11	669	
4.75	5	4	3	4	3	76	26502	76	26059	0.0065921	0.00610175	0.003	0.017	342.882	179.473	11	773	
4.75	5	4	4	2	3	78	26506	76	25870	0.00539474	0.00518222	0.003	0.017	340.395	140.129	7	637	
4.75	5	4	5	5	3	88	26526	77	23861	0.00363636	0.00282335	0.003	0.024	309.883	159.062	19	597	
4.75	5	2	6	3	3	53	26456	33	15191	0.00469697	0.00495911	0.003	0.024	460.333	207.234	42	957	
4.75	5	2	7	2	3	49	26448	51	27410	0.00986274	0.00706829	0.003	0.017	537.451	199.471	93	1056	
4.75	5	2	8	5	3	50	26450	51	27283	0.00931372	0.0070356	0.003	0.017	534.961	179.968	225	1056	
4.75	5	2	9	1	3	48	26446	50	27416	0.01028	0.00706541	0.003	0.017	548.32	250.892	93	1056	
4.75	5	2	10	4	3	53	26456	55	27423	0.00936364	0.00690508	0.003	0.017	498.6	251.957	26	1056	
4.75	5	3	11	1	3	82	26514	67	20850	0.00446269	0.00480318	0.003	0.024	311.194	144.758	32	637	
4.75	5	3	12	3	3	73	26496	72	25547	0.00727778	0.00680559	0.003	0.024	354.819	138.836	51	701	
4.75	5	3	13	2	3	87	26524	69	21338	0.00411594	0.00409281	0.003	0.024	309.246	125.136	26	621	
4.75	5	3	14	4	3	69	26488	68	25496	0.00732353	0.00651621	0.003	0.017	374.941	163.613	42	685	
4.75	5	3	15	5	3	75	26500	75	26168	0.00729333	0.00649901	0.003	0.017	348.907	157.229	42	701	
4.75	5	1	16	1	3	66	26482	66	26598	0.00586364	0.00346804	0.003	0.01	403	194.451	10	833	
4.75	5	1	17	2	3	75	26500	73	25406	0.00721918	0.00518343	0.003	0.017	348.027	174.788	42	775	
4.75	5	1	18	4	3	73	26496	69	25915	0.00786956	0.00540945	0.003	0.024	375.58	181.679	28	717	
4.75	5	1	19	5	3	80	26510	78	26941	0.00748718	0.00647822	0.003	0.024	345.397	183.731	7	839	
4.75	5	1	20	3	3	79	26508	79	27159	0.00778481	0.00649195	0.003	0.024	343.785	161.517	39	669	
5	5.25	4	1	3	3	82	26514	77	24015	0.00581818	0.0051112	0.003	0.024	311.883	169.266	34	839	
5	5.25	4	2	1	3	60	26470	60	25816	0.00685	0.00623773	0.003	0.017	430.267	186.15	31	1056	
5	5.25	4	3	4	3	68	26486	68	25887	0.00691176	0.00621201	0.003	0.017	380.691	182.506	10	839	
5	5.25	4	4	2	3	81	26512	70	24224	0.0045	0.0042792	0.003	0.017	346.057	177.496	7	1056	
5	5.25	4	5	5	3	84	26518	74	23206	0.00422973	0.00423471	0.003	0.024	313.595	151.679	32	839	
5	5.25	2	6	3	3	68	26486	52	20558	0.00461538	0.00492355	0.003	0.024	395.346	219.997	11	839	
5	5.25	2	7	2	3	60	26470	58	25982	0.00686207	0.00631192	0.003	0.017	447.966	211.688	7	965	
5	5.25	2	8	5	3	58	26466	57	26463	0.00668421	0.00607735	0.003	0.017	464.263	182.777	10	903	
5	5.25	2	9	1	3	53	26456	52	26446	0.00717308	0.00639154	0.003	0.017	508.577	239.546	66	1056	
5	5.25	2	10	4	3	55	26460	55	26460	0.00681818	0.00614664	0.003	0.017	481.091	260.308	90	1056	
5	5.25	3	11	1	3	82	26514	65	22200	0.00364615	0.00320854	0.003	0.024	341.538	134.073	10	621	
5	5.25	3	12	3	3	79	26508	73	22914	0.00673973	0.00700799	0.003	0.024	313.89	118.322	57	590	
5	5.25	3	13	2	3	97	26544	81	21918	0.00360494	0.00316891	0.003	0.024	270.593	136.168	26	606	
5	5.25	3	14	4	3	60	26470	60	26390	0.0086	0.00679531	0.003	0.017	439.833	172.59	55	1056	
5	5.25	3	15	5	3	65	26480	64	26124	0.00814062	0.00662814	0.003	0.017	408.188	168.796	43	766	
5	5.25	1	16	1	3	67	26484	66	26143	0.00543939	0.00336099	0.003	0.01	396.106	200.631	10	839	
5	5.25	1	17	2	3	74	26498	75	26979	0.00701333	0.00565803	0.003	0.017	359.72	138.969	15	637	
5	5.25	1	18	4	3	84	26518	68	23029	0.00454412	0.00292408	0.003	0.01	338.662	146.589	7	621	
5	5.25	1	19	5	3	78	26506	68	23665	0.00588235	0.00516454	0.003	0.024	348.015	147.111	42	637	
5	5.25	1	20	3	3	81	26512	75	24928	0.00608	0.0064321	0.003	0.024	332.373	158.945	7	839	
5.25	5.5	4	1	3	3	79	26508	61	22056	0.00334426	0.00268877	0.003	0.024	361.574	125.649	49	621	
5.25	5.5	4	2	1	3	62	26474	64	28693	0.00814062	0.00674447	0.003	0.017	448.328	191.32	91	1056	
5.25	5.5	4	3	4	3	62	26474	62	27204	0.00853226	0.00684181	0.003	0.017	438.774	207.057	73	1056	
5.25	5.5	4	4	2	3	84	26518	64	20866	0.00310937	0.000875	0.003	0.01	326.031	144.297	49	621	
5.25	5.5	4	5	5	3	88	26526	69	20451	0.003	0	0.003	0.003	296.391	133.103	32	621	
5.25	5.5	2	6	3	3	74	26498	67	25703	0.003	0	0.003	0.003	383.627	186.873	18	839	
5.25	5.5	2	7	2	3	63	26476	64	26575	0.0051875	0.00512348	0.003	0.017	415.234	164.082	90	669	
5.25	5.5	2	8	5	3	71	26492	70	26414	0.0054	0.00531446	0.003	0.017	377.343	205.511	3	903	
5.25	5.5	2	9	1	3	68	26486	69	26496	0.00523188	0.00516249	0.003	0.017	384	199.431	10	839	
5.25	5.5	2	10	4	3	64	26478	65	26680	0.00504615	0.00490673	0.003	0.017	410.462	168.151	90	775	
5.25	5.5	3	11	1	3	81	26512	62	18311	0.0031129	0.000889001	0.003	0.01	295.339	111.809	32	517	
5.25	5.5	3	12	3	3	77	26504	64	21113	0.00507812	0.00539048	0.003	0.024	329.891	135.341	39	839	
5.25	5.5	3	13	2	3	95	26540	76	19813	0.00355263	0.00190014	0.003	0.01	260.697	131.48	26	437	
5.25	5.5	3	14	4	3	61	26476	60	26103	0.00883333	0.00696034	0.003	0.017	435.05	221.718	73	1056	
5.25	5.5	3	15	5	3	56	26466	56	26111	0.0085	0.00663599	0.003	0.017	466.268	261.089	39	1056	
5.25	5.5	1	16	1	3	61	26472	62	26813	0.0063871	0.00352674	0.003	0.01	432.468	204.438	26	1056	
5.25	5.5	1	17	2	3	74	26498	75	26824	0.00738667	0.0062793	0.003	0.017	357.653	146.245	10	701	
5.25	5.5	1	18	4	3	86	26522	68	23071	0.00361765	0.00200022	0.003	0.01	339.279	132.839	3	573	
5.25	5.5	1	19	5	3	81	26512	64	22777	0.0034375	0.00170783	0.003	0.01	355.891	154.277	18	839	
5.25	5.5	1	20	3	3	82	26514	72	23256	0.00494444	0.00553831	0.003	0.024	323	154.061	49	749	
5.5	5.75	4	1	3	3	77	26504	57	20550	0.00349123	0.00223705	0.003	0.017	360.526	124.228	49	775	
5.5	5.75	4	2	1	3	66	26482	66	25612	0.00819697	0.00676011	0.003	0.017	388.061	141.083	93	773	
5.5	5.75	4	3	4	3	68	26486	68	25899	0.00814706	0.00669209	0.003	0.017	380.868	140.844	73	685	
5.5	5.75	4	4	2	3	84	26518	65	21103	0.00343077	0.00273273	0.003	0.024	324.662	124.195	49	533	
5.5	5.75	4	5	5	3	84	26518	61	19239	0.00311475	0.000896258	0.003	0.01	315.393	125.189	32	621	
5.5	5.75	2	6	3	3	82	26514	76	26141	0.0030921	0.000802955	0.003	0.01	343.961	145.918	7	839	
5.5	5.75	2	7	2	3	65	26480	66	26872	0.00554545	0.0054411	0.003	0.017	407.152	168.912	93	775	
5.5	5.75	2	8	5	3	74	26498	75	26425	0.00598667	0.00577388	0.003	0.017	352.333	199.451	3	693	
5.5	5.75	2	9	1	3	72	26494	70	26021	0.0052	0.00513188	0.003	0.017	371.729	199.777	3	693	
5.5	5.75	2	10	4	3	65	26480	65	26480	0.00526154	0.00511822	0.003	0.017	407.385	171.994	90	669	
5.5	5.75	3	11	1	3	81	26512	57	18227	0.00336842	0.00278152	0.003	0.024	319.772	124.41	32	517	
5.5	5.75	3	12	3	3	75	26500	59	19400	0.00584746	0.00664315	0.003	0.024	328.814	125.932	57	839	
5.5	5.75	3	13	2	3	84	26518	61	17965	0.00334426	0.00268877	0.003	0.024	294.508	121.159	79	608	
5.5	5.75	3	14	4	3	48	26446	49	26448	0.0118571	0.00681909	0.003	0.017	539.755	276.536	72	1056	
5.5	5.75	3	15	5	3	50	26450	51	27098	0.0106863	0.0070356	0.003	0.017	531.333	317.684	57	1056	
5.5	5.75	1	16	1	3	61	26472	61	27035	0.0057541	0.00344797	0.003	0.01	443.197	208.454	113	1056	
5.5	5.75	1	17	2	3	71	26492	70	26145	0.0073	0.00645014	0.003	0.017	373.5	152.539	57	701	
5.5	5.75	1	18	4	3	79	26508	59	20708	0.00323729	0.00127765	0.003	0.01	350.983	151.999	49	775	
5.5	5.75	1	19	5	3	86	26522	70	22931	0.0035	0.00274918	0.003	0.024	327.586	141.362	12	621	
5.5	5.75	1	20	3	3	77	26504	70	24515	0.0066	0.00751308	0.003	0.024	350.214	155.465	7	685	
5.75	6	4	1	3	3	83	26516	62	21089	0.00333871	0.002667	0.003	0.024	340.145	131.439	49	533	
5.75	6	4	2	1	3	61	26472	61	27129	0.0087377	0.00694239	0.003	0.017	444.738	162.539	93	773	
5.75	6	4	3	4	3	62	26474	62	27381	0.00887097	0.00696474	0.003	0.017	441.629	205.25	72	909	
5.75	6	4	4	2	3	81	26512	61	20875	0.00368852	0.00305255	0.003	0.024	342.213	120.386	49	621	
5.75	6	4	5	5	3	89	26528	66	20788	0.003	0	0.003	0.003	314.97	124.775	32	621	
5.75	6	2	6	3	3	75	26500	71	26052	0.00329577	0.00249224	0.003	0.024	366.93	180.953	18	839	
5.75	6	2	7	2	3	66	26482	69	27277	0.00573913	0.00552974	0.003	0.017	395.319	180.434	4	775	
5.75	6	2	8	5	3	72	26494	72	26334	0.00552778	0.00542288	0.003	0.017	365.75	171.963	3	693	
5.75	6	2	9	1	3	73	26496	73	26349	0.00587671	0.00569587	0.003	0.017	360.945	168.047	10	605	
5.75	6	2	10	4	3	65	26480	65	26480	0.00461538	0.00442186	0.003	0.017	407.385	162.702	11	669	
5.75	6	3	11	1	3	76	26502	52	17622	0.00313461	0.000970725	0.003	0.01	338.885	96.9768	32	469	
5.75	6	3	12	3	3	74	26498	64	21828	0.00682812	0.00768126	0.003	0.024	341.063	85.7136	117	534	
5.75	6	3	13	2	3	90	26530	68	18465	0.00320588	0.00169775	0.003	0.017	271.544	105.532	51	437	
5.75	6	3	14	4	3	50	26452	50	26451	0.01098	0.00692965	0.003	0.017	529.02	317.135	72	1056	
5.75	6	3	15	5	3	48	26448	48	26512	0.0123333	0.00682403	0.003	0.024	552.333	335.942	44	1095	
5.75	6	1	16	1	3	53	26456	53	25893	0.00643396	0.00353286	0.003	0.01	488.547	199.631	113	1056	
5.75	6	1	17	2	3	75	26500	75	26505	0.00766667	0.00664411	0.003	0.017	353.4	72.7775	57	701	
5.75	6	1	18	4	3	78	26506	55	21468	0.003	0	0.003	0.003	390.327	120.38	101	693	
5.75	6	1	19	5	3	79	26508	57	22296	0.00398246	0.00427405	0.003	0.024	391.158	108.874	49	573	
5.75	6	1	20	3	3	79	26508	68	24259	0.00722059	0.00839126	0.003	0.024	356.75	135.194	49	533	
6	6.25	4	1	3	3	80	26510	59	20037	0.00311864	0.000911322	0.003	0.01	339.61	111.029	101	533	
6	6.25	4	2	1	3	66	26482	66	26016	0.00819697	0.00664766	0.003	0.017	394.182	149.027	93	674	
6	6.25	4	3	4	3	66	26484	66	25729	0.00840909	0.00670242	0.003	0.017	389.833	156.145	73	839	
6	6.25	4	4	2	3	77	26504	55	20776	0.00325454	0.00132243	0.003	0.01	377.745	92.284	101	533	
6	6.25	4	5	5	3	85	26520	62	20821	0.003	0	0.003	0.003	335.823	108.803	32	597	
6	6.25	2	6	3	3	81	26512	69	25570	0.003	0	0.003	0.003	370.58	179.201	12	839	
6	6.25	2	7	2	3	67	26484	67	26484	0.00508955	0.00502639	0.003	0.017	395.284	179.373	90	1056	
6	6.25	2	8	5	3	78	26506	77	26579	0.00554545	0.00543513	0.003	0.017	345.182	171.095	10	693	
6	6.25	2	9	1	3	79	26508	80	26974	0.005625	0.00549885	0.003	0.017	337.175	183.972	3	693	
6	6.25	2	10	4	3	67	26484	66	26285	0.00618182	0.00578302	0.003	0.017	398.258	173.042	90	1056	
6	6.25	3	11	1	3	81	26512	58	18533	0.00348276	0.00289125	0.003	0.024	319.534	125.01	32	549	
6	6.25	3	12	3	3	78	26506	60	20554	0.00428333	0.00417455	0.003	0.024	342.567	119.13	57	701	
6	6.25	3	13	2	3	87	26524	66	19006	0.00321212	0.00172328	0.003	0.017	287.97	116.221	32	549	
6	6.25	3	14	4	3	64	26480	64	27239	0.00835937	0.00680188	0.003	0.017	425.609	203.088	73	1056	
6	6.25	3	15	5	3	63	26478	63	27185	0.009	0.00720663	0.003	0.024	431.508	217.696	57	1056	
6	6.25	1	16	1	3	54	26458	54	26801	0.00637037	0.00353044	0.003	0.01	496.315	205.643	113	1056	
6	6.25	1	17	2	3	75	26500	75	26740	0.00766667	0.00654369	0.003	0.017	356.533	107.995	18	637	
6	6.25	1	18	4	3	78	26506	60	22632	0.00405	0.00382864	0.003	0.024	377.2	118.763	49	573	
6	6.25	1	19	5	3	80	26510	61	22152	0.00345902	0.00282001	0.003	0.024	363.148	138.038	49	775	
6	6.25	1	20	3	3	80	26510	67	23036	0.00529851	0.00649245	0.003	0.024	343.821	133.051	49	573	
6.25	6.5	4	1	3	3	79	26508	61	21651	0.00495082	0.0042639	0.003	0.017	354.934	110.015	149	533	
6.25	6.5	4	2	1	3	63	26476	63	26867	0.00855555	0.00690436	0.003	0.017	426.46	171.673	93	965	
6.25	6.5	4	3	4	3	65	26480	65	26856	0.00838461	0.00686406	0.003	0.017	413.169	194.382	73	909	
6.25	6.5	4	4	2	3	83	26516	63	22034	0.00377778	0.00335263	0.003	0.024	349.746	149.105	49	741	
6.25	6.5	4	5	5	3	82	26514	58	19962	0.003	0	0.003	0.003	344.172	122.062	32	597	
6.25	6.5	2	6	3	3	70	26490	60	22914	0.00405	0.00382864	0.003	0.024	381.9	208.186	49	1056	
6.25	6.5	2	7	2	3	63	26476	60	24933	0.0051	0.00504119	0.003	0.017	415.55	167.514	90	669	
6.25	6.5	2	8	5	3	63	26476	63	25435	0.00566667	0.00554163	0.003	0.017	403.73	161.039	73	749	
6.25	6.5	2	9	1	3	63	26476	62	25660	0.00537097	0.00521735	0.003	0.017	413.871	187.007	10	749	
6.25	6.5	2	10	4	3	65	26480	64	26264	0.0060625	0.00569844	0.003	0.017	410.375	172.346	7	669	
6.25	6.5	3	11	1	3	78	26506	54	17822	0.00338889	0.00285774	0.003	0.024	330.037	123.249	32	621	
6.25	6.5	3	12	3	3	83	26516	71	22578	0.00585915	0.00632522	0.003	0.024	318	96.3798	117	469	
6.25	6.5	3	13	2	3	82	26514	57	19525	0.003	0	0.003	0.003	342.544	112.412	32	549	
6.25	6.5	3	14	4	3	61	26472	61	26787	0.0087377	0.00694239	0.003	0.017	439.131	181.364	73	838	
6.25	6.5	3	15	5	3	65	26480	65	26531	0.00849231	0.00705364	0.003	0.024	408.169	198.439	57	886	
6.25	6.5	1	16	1	3	58	26466	57	25782	0.00668421	0.00352622	0.003	0.01	452.316	189.355	113	1056	
6.25	6.5	1	17	2	3	71	26492	70	25748	0.0086	0.00659249	0.003	0.017	367.829	144.894	106	773	
6.25	6.5	1	18	4	3	82	26514	63	21147	0.00333333	0.00150269	0.003	0.01	335.667	128.779	49	573	
6.25	6.5	1	19	5	3	79	26508	59	21886	0.00466102	0.00375367	0.003	0.017	370.949	135.039	67	637	
6.25	6.5	1	20	3	3	79	26508	66	22294	0.00586364	0.00562381	0.003	0.024	337.788	142.833	7	621	
6.5	6.75	4	1	3	3	70	26490	66	25150	0.00724242	0.00574339	0.003	0.017	381.061	142.529	49	693	
6.5	6.75	4	2	1	3	64	26478	64	25992	0.00715625	0.0064469	0.003	0.017	406.125	148.017	27	669	
6.5	6.75	4	3	4	3	74	26498	74	26266	0.00716216	0.00644264	0.003	0.017	354.946	167.951	42	757	
6.5	6.75	4	4	2	3	75	26500	70	25555	0.0064	0.006163	0.003	0.024	365.071	144.352	49	637	
6.5	6.75	4	5	5	3	83	26516	62	20141	0.00345161	0.00214764	0.003	0.017	324.855	140.798	32	597	
6.5	6.75	2	6	3	3	57	26464	50	24225	0.00706	0.00601498	0.003	0.017	484.5	287.144	49	1056	
6.5	6.75	2	7	2	3	53	26456	55	27701	0.00872727	0.00674799	0.003	0.017	503.655	283.073	91	1056	
6.5	6.75	2	8	5	3	53	26456	54	27664	0.00844444	0.00675352	0.003	0.017	512.296	204.536	91	1056	
6.5	6.75	2	9	1	3	53	26456	55	27426	0.00872727	0.00674799	0.003	0.017	498.655	261.567	73	1056	
6.5	6.75	2	10	4	3	52	26454	53	27535	0.00828302	0.00657026	0.003	0.017	519.528	262.007	26	1056	
6.5	6.75	3	11	1	3	82	26514	62	18814	0.00424193	0.00448563	0.003	0.024	303.452	140.915	32	678	
6.5	6.75	3	12	3	3	74	26498	71	25109	0.00753521	0.00690927	0.003	0.024	353.648	99.35	57	589	
6.5	6.75	3	13	2	3	78	26506	54	17215	0.00338889	0.00285774	0.003	0.024	318.796	71.1441	75	437	
6.5	6.75	3	14	4	3	70	26490	70	25644	0.008	0.00675664	0.003	0.017	366.343	139.219	27	685	
6.5	6.75	3	15	5	3	69	26488	69	25858	0.00786956	0.00671678	0.003	0.017	374.754	132.769	42	685	
6.5	6.75	1	16	1	3	59	26468	60	26841	0.00696667	0.00349802	0.003	0.01	447.35	181.624	10	839	
6.5	6.75	1	17	2	3	70	26490	71	27298	0.00891549	0.00587427	0.003	0.017	384.479	191.005	42	935	
6.5	6.75	1	18	4	3	81	26512	65	20619	0.00396923	0.0024365	0.003	0.01	317.215	142.073	49	621	
6.5	6.75	1	19	5	3	71	26492	66	24890	0.00798485	0.00559531	0.003	0.024	377.121	162.775	31	685	
6.5	6.75	1	20	3	3	71	26492	70	26527	0.0083	0.0060105	0.003	0.024	378.957	172.245	49	775	
6.75	7	4	1	3	3	81	26512	61	20762	0.00322951	0.00125689	0.003	0.01	340.361	119.572	49	573	
6.75	7	4	2	1	3	60	26470	60	26753	0.00906667	0.00699604	0.003	0.017	445.883	172.535	93	1056	
6.75	7	4	3	4	3	60	26470	60	26402	0.00883333	0.00696034	0.003	0.017	440.033	199.101	73	1056	
6.75	7	4	4	2	3	83	26516	64	21503	0.00321875	0.00122758	0.003	0.01	335.984	125.202	49	573	
6.75	7	4	5	5	3	85	26520	62	21655	0.00333871	0.002667	0.003	0.024	349.274	127.997	32	621	
6.75	7	2	6	3	3	78	26506	66	25124	0.003	0	0.003	0.003	380.667	174.615	49	775	
6.75	7	2	7	2	3	63	26476	65	26768	0.0058	0.00564358	0.003	0.017	411.815	179.042	90	775	
6.75	7	2	8	5	3	69	26488	70	26562	0.0054	0.00531446	0.003	0.017	379.457	194.55	10	749	
6.75	7	2	9	1	3	80	26510	78	26336	0.00461538	0.00450175	0.003	0.017	337.641	186.204	10	749	
6.75	7	2	10	4	3	64	26478	66	26868	0.00512121	0.00505817	0.003	0.017	407.091	186.823	7	775	
6.75	7	3	11	1	3	84	26518	59	18889	0.003	0	0.003	0.003	320.153	111.192	75	517	
6.75	7	3	12	3	3	78	26506	65	21787	0.00623077	0.00711681	0.003	0.024	335.185	98.6373	117	533	
6.75	7	3	13	2	3	79	26508	54	18852	0.003	0	0.003	0.003	349.111	117.94	32	549	
6.75	7	3	14	4	3	53	26456	53	26831	0.00960377	0.00705566	0.003	0.017	506.245	195.08	73	985	
6.75	7	3	15	5	3	61	26472	61	26574	0.00896721	0.0073234	0.003	0.024	435.639	213.175	57	1056	
6.75	7	1	16	1	3	58	26466	57	26093	0.00619298	0.0035175	0.003	0.01	457.772	241.134	66	1056	
6.75	7	1	17	2	3	73	26496	73	26384	0.00779452	0.00668946	0.003	0.017	361.425	136.556	57	701	
6.75	7	1	18	4	3	80	26510	59	22550	0.00323729	0.00127765	0.003	0.01	382.203	129.141	49	685	
6.75	7	1	19	5	3	79	26508	58	21698	0.00312069	0.000919145	0.003	0.01	374.103	131.752	49	749	
6.75	7	1	20	3	3	78	26506	63	21716	0.00477778	0.00575703	0.003	0.024	344.698	146.722	49	693	
7	7.25	4	1	3	3	74	26498	58	22484	0.00565517	0.00504906	0.003	0.024	387.655	144.084	34	685	
7	7.25	4	2	1	3	65	26480	66	27341	0.00830303	0.00684323	0.003	0.017	414.258	165.033	93	773	
7	7.25	4	3	4	3	63	26476	64	26938	0.00846875	0.00688446	0.003	0.017	420.906	190.323	34	1056	
7	7.25	4	4	2	3	85	26520	71	23595	0.00438028	0.00436665	0.003	0.024	332.324	140.258	15	573	
7	7.25	4	5	5	3	87	26524	65	20679	0.003	0	0.003	0.003	318.138	125.99	47	621	
7	7.25	2	6	3	3	70	26490	59	23245	0.00442373	0.004065	0.003	0.017	393.983	170.07	18	849	
7	7.25	2	7	2	3	59	26468	59	26656	0.00655932	0.00600939	0.003	0.017	451.797	227.589	93	1056	
7	7.25	2	8	5	3	66	26482	65	26323	0.00687692	0.00619099	0.003	0.017	404.969	231.869	10	1056	
7	7.25	2	9	1	3	65	26480	66	26580	0.00618182	0.00591194	0.003	0.017	402.727	220.306	3	1056	
7	7.25	2	10	4	3	60	26470	59	25988	0.00549152	0.00499439	0.003	0.017	440.475	230.441	58	1056	
7	7.25	3	11	1	3	82	26514	60	19294	0.003	0	0.003	0.003	321.567	104.714	32	573	
7	7.25	3	12	3	3	80	26512	72	24611	0.00669444	0.00723964	0.003	0.024	341.819	107.102	51	637	
7	7.25	3	13	2	3	82	26514	60	20224	0.00323333	0.00180739	0.003	0.017	337.067	104.03	75	621	
7	7.25	3	14	4	3	65	26417	66	26935	0.00830303	0.00673217	0.003	0.017	408.106	191.334	73	985	
7	7.25	3	15	5	3	64	26478	65	27180	0.00816923	0.00680893	0.003	0.017	418.154	170.192	57	833	
7	7.25	1	16	1	3	60	26470	60	26953	0.00696667	0.00349802	0.003	0.01	449.217	178.778	83	839	
7	7.25	1	17	2	3	71	26494	71	26326	0.00822535	0.00622942	0.003	0.017	370.789	130.733	68	669	
7	7.25	1	18	4	3	80	26510	62	22618	0.00345161	0.00173373	0.003	0.01	364.806	144.496	49	839	
7	7.25	1	19	5	3	79	26508	64	23189	0.00529687	0.00395482	0.003	0.017	362.328	176.344	11	903	
7	7.25	1	20	3	3	78	26506	69	24214	0.00624638	0.00607165	0.003	0.024	350.928	146.424	49	741	
7.25	7.5	4	1	3	3	87	26524	68	22651	0.0035147	0.00278853	0.003	0.024	333.103	137.071	49	749	
7.25	7.5	4	2	1	3	65	26480	64	25427	0.00803125	0.00665468	0.003	0.017	397.297	170.627	93	839	
7.25	7.5	4	3	4	3	63	26476	62	25483	0.00796774	0.00663317	0.003	0.017	411.016	190.009	73	1056	
7.25	7.5	4	4	2	3	81	26512	60	20757	0.00346667	0.00284317	0.003	0.024	345.95	131.076	49	693	
7.25	7.5	4	5	5	3	81	26512	59	19809	0.003	0	0.003	0.003	335.746	135.026	75	597	
7.25	7.5	2	6	3	3	74	26498	65	24964	0.00321538	0.00173649	0.003	0.017	384.062	197.742	49	839	
7.25	7.5	2	7	2	3	59	26468	62	27337	0.00548387	0.00539199	0.003	0.017	440.919	174.489	90	775	
7.25	7.5	2	8	5	3	66	26482	67	26641	0.00529851	0.00522527	0.003	0.017	397.627	194.98	10	1056	
7.25	7.5	2	9	1	3	68	26486	69	26560	0.00523188	0.00516249	0.003	0.017	384.928	198.267	10	749	
7.25	7.5	2	10	4	3	64	26478	65	26960	0.00472308	0.00446692	0.003	0.017	414.769	193.376	90	871	
7.25	7.5	3	11	1	3	88	26526	67	18960	0.00310448	0.000855186	0.003	0.01	282.985	136.034	32	597	
7.25	7.5	3	12	3	3	82	26514	72	23085	0.00552778	0.00657347	0.003	0.024	320.625	143.431	42	597	
7.25	7.5	3	13	2	3	77	26504	55	19145	0.00389091	0.00382329	0.003	0.024	348.091	126.141	51	597	
7.25	7.5	3	14	4	3	57	26529	56	25480	0.00875	0.00682042	0.003	0.017	455	191.16	67	757	
7.25	7.5	3	15	5	3	57	26464	56	25635	0.009	0.00686228	0.003	0.017	457.768	189.992	117	1056	
7.25	7.5	1	16	1	3	55	26462	56	26100	0.0065	0.00353167	0.003	0.01	466.071	209.536	26	839	
7.25	7.5	1	17	2	3	70	26490	70	26175	0.008	0.00675664	0.003	0.017	373.929	153.96	31	701	
7.25	7.5	1	18	4	3	83	26516	64	21975	0.00321875	0.00122758	0.003	0.01	343.359	135.07	49	533	
7.25	7.5	1	19	5	3	81	26512	63	22666	0.00422222	0.00445205	0.003	0.024	359.778	147.003	49	839	
7.25	7.5	1	20	3	3	80	26510	65	23370	0.00504615	0.00615282	0.003	0.024	359.538	134.857	49	637	
7.5	7.75	4	1	3	3	83	26516	63	21890	0.00344444	0.00172063	0.003	0.01	347.46	131.305	43	573	
7.5	7.75	4	2	1	3	64	26480	64	26671	0.00835937	0.00656921	0.003	0.017	416.734	184.036	58	965	
7.5	7.75	4	3	4	3	59	26470	59	27081	0.00845763	0.00676278	0.003	0.017	459	194.604	149	1056	
7.5	7.75	4	4	2	3	85	26520	64	20868	0.00332812	0.00149129	0.003	0.01	326.062	114.204	49	533	
7.5	7.75	4	5	5	3	83	26516	62	21191	0.00322581	0.00124689	0.003	0.01	341.79	145.296	32	621	
7.5	7.75	2	6	3	3	73	26496	68	26078	0.003	0	0.003	0.003	383.5	166.894	15	839	
7.5	7.75	2	7	2	3	68	26486	66	25999	0.00469697	0.00460424	0.003	0.017	393.924	168.005	90	669	
7.5	7.75	2	8	5	3	69	26488	67	26036	0.00498507	0.00484453	0.003	0.017	388.597	192.438	10	693	
7.5	7.75	2	9	1	3	67	26484	67	26484	0.00477612	0.00461493	0.003	0.017	395.284	185.732	10	693	
7.5	7.75	2	10	4	3	70	26490	70	26598	0.005	0.00463759	0.003	0.017	379.971	168.699	90	775	
7.5	7.75	3	11	1	3	81	26512	57	18719	0.00336842	0.00278152	0.003	0.024	328.404	126.079	32	549	
7.5	7.75	3	12	3	3	81	26512	69	22766	0.00604348	0.00694608	0.003	0.024	329.942	112.66	117	701	
7.5	7.75	3	13	2	3	87	26524	65	20562	0.00332308	0.00260473	0.003	0.024	316.338	130.795	32	621	
7.5	7.75	3	14	4	3	53	26456	53	26385	0.00960377	0.00705566	0.003	0.017	497.83	188.118	73	1056	
7.5	7.75	3	15	5	3	61	26472	61	26360	0.00896721	0.00698085	0.003	0.017	432.131	212.874	57	839	
7.5	7.75	1	16	1	3	65	26480	65	26732	0.00590769	0.00347636	0.003	0.01	411.262	180.764	66	937	
7.5	7.75	1	17	2	3	80	26510	80	26801	0.007025	0.0062783	0.003	0.017	335.012	132	57	701	
7.5	7.75	1	18	4	3	79	26508	59	21025	0.00323729	0.00127765	0.003	0.01	356.356	145.401	49	839	
7.5	7.75	1	19	5	3	78	26506	58	21889	0.00348276	0.00221828	0.003	0.017	377.397	122.376	66	693	
7.5	7.75	1	20	3	3	78	26506	68	24030	0.00557353	0.00650216	0.003	0.024	353.382	135.754	7	749	
7.75	8	4	1	3	3	85	26520	63	20884	0.00322222	0.00123712	0.003	0.01	331.492	125.208	49	533	
7.75	8	4	2	1	3	59	26468	59	26090	0.0089322	0.00697746	0.003	0.017	442.203	179.095	93	965	
7.75	8	4	3	4	3	63	26476	63	26160	0.00855555	0.00690436	0.003	0.017	415.238	177.299	19	757	
7.75	8	4	4	2	3	84	26518	61	20913	0.003	0	0.003	0.003	342.836	120.128	49	573	
7.75	8	4	5	5	3	81	26512	57	21084	0.003	0	0.003	0.003	369.895	132.489	75	621	
7.75	8	2	6	3	3	80	26510	68	25101	0.00310294	0.000848875	0.003	0.01	369.132	154.821	18	693	
7.75	8	2	7	2	3	71	26492	71	26667	0.0053662	0.00528404	0.003	0.017	375.592	173.817	10	775	
7.75	8	2	8	5	3	73	26496	73	26711	0.00530137	0.00522463	0.003	0.017	365.904	164.486	15	693	
7.75	8	2	9	1	3	71	26492	70	26258	0.005	0.00493435	0.003	0.017	375.114	182.105	3	693	
7.75	8	2	10	4	3	69	26488	69	26576	0.00492754	0.00463147	0.003	0.017	385.159	174.604	7	669	
7.75	8	3	11	1	3	84	26518	61	19748	0.00311475	0.000896258	0.003	0.01	323.738	128.102	32	549	
7.75	8	3	12	3	3	82	26514	66	20935	0.00533333	0.0061802	0.003	0.024	317.197	116.491	55	469	
7.75	8	3	13	2	3	84	26518	59	19408	0.003	0	0.003	0.003	328.949	131.355	32	597	
7.75	8	3	14	4	3	58	26466	58	26689	0.00903448	0.00699365	0.003	0.017	460.155	246.822	73	1056	
7.75	8	3	15	5	3	55	26460	55	26469	0.00961818	0.007054	0.003	0.017	481.255	231.093	57	1056	
7.75	8	1	16	1	3	61	26472	61	26101	0.00621311	0.00351717	0.003	0.01	427.885	177.314	75	839	
7.75	8	1	17	2	3	74	26498	74	26562	0.00772973	0.00666682	0.003	0.017	358.946	96.496	57	646	
7.75	8	1	18	4	3	82	26514	61	22173	0.00334426	0.00152627	0.003	0.01	363.492	120.148	49	621	
7.75	8	1	19	5	3	82	26514	60	22239	0.00323333	0.00126714	0.003	0.01	370.65	127.364	49	573	
7.75	8	1	20	3	3	80	26510	64	22512	0.00573437	0.00701301	0.003	0.024	351.75	113.588	49	533	
8	8.25	4	1	3	3	79	26508	70	23741	0.0057	0.0046605	0.003	0.017	339.157	129.834	55	693	
8	8.25	4	2	1	3	70	26490	70	27488	0.0072	0.00612337	0.003	0.017	392.686	169.263	34	839	
8	8.25	4	3	4	3	71	26492	71	27446	0.00704225	0.00610956	0.003	0.017	386.563	183.287	7	909	
8	8.25	4	4	2	3	81	26512	70	23371	0.0044	0.00423033	0.003	0.024	333.871	151.186	10	685	
8	8.25	4	5	5	3	90	26530	75	21793	0.00374667	0.00246101	0.003	0.017	290.573	139.339	15	549	
8	8.25	2	6	3	3	65	26480	58	23803	0.00625862	0.00618022	0.003	0.024	410.397	246.982	12	1009	
8	8.25	2	7	2	3	63	26476	62	24674	0.00762903	0.00657924	0.003	0.017	397.968	219.355	3	1056	
8	8.25	2	8	5	3	61	26472	60	25190	0.00813333	0.00668027	0.003	0.017	419.833	212.021	72	903	
8	8.25	2	9	1	3	63	26476	61	25191	0.00759016	0.00650225	0.003	0.017	412.967	221.767	10	1056	
8	8.25	2	10	4	3	60	26470	59	25808	0.00715254	0.00611334	0.003	0.017	437.424	211.382	90	1056	
8	8.25	3	11	1	3	78	26506	57	18932	0.00373684	0.00315394	0.003	0.017	332.14	119.719	32	549	
8	8.25	3	12	3	3	77	26504	69	23497	0.00655072	0.0064227	0.003	0.024	340.536	116.064	51	646	
8	8.25	3	13	2	3	82	26514	60	20000	0.00346667	0.00253428	0.003	0.017	333.333	122.438	32	597	
8	8.25	3	14	4	3	67	26484	67	27167	0.00853731	0.00684311	0.003	0.017	405.478	174.947	73	1056	
8	8.25	3	15	5	3	67	26484	67	27457	0.00843283	0.00687381	0.003	0.017	409.806	202.337	57	1056	
8	8.25	1	16	1	3	58	26466	56	26462	0.006875	0.00351135	0.003	0.01	472.536	207.004	121	1056	
8	8.25	1	17	2	3	71	26494	70	25846	0.0086	0.00614652	0.003	0.017	369.229	136.111	27	669	
8	8.25	1	18	4	3	81	26512	63	22006	0.00355555	0.00289481	0.003	0.024	349.302	149.247	49	621	
8	8.25	1	19	5	3	74	26498	63	22947	0.00688889	0.00544803	0.003	0.024	364.238	172.848	49	967	
8	8.25	1	20	3	3	72	26496	62	22427	0.00706452	0.00545885	0.003	0.024	361.726	175.85	49	839	
8.25	8.5	4	1	3	3	79	26508	61	21680	0.00391803	0.00299051	0.003	0.017	355.41	128.598	101	693	
8.25	8.5	4	2	1	3	61	26472	61	25426	0.00862295	0.00674083	0.003	0.017	416.82	171.681	90	674	
8.25	8.5	4	3	4	3	58	26466	58	25309	0.0087931	0.00683068	0.003	0.017	436.362	180.6	42	1056	
8.25	8.5	4	4	2	3	81	26512	60	21446	0.00381667	0.00343211	0.003	0.024	357.433	138.06	47	573	
8.25	8.5	4	5	5	3	81	26512	61	21188	0.00311475	0.000896258	0.003	0.01	347.344	134.989	49	597	
8.25	8.5	2	6	3	3	78	26506	69	25209	0.00381159	0.00306918	0.003	0.017	365.348	224.251	8	1056	
8.25	8.5	2	7	2	3	59	26468	61	28097	0.00609836	0.00578995	0.003	0.017	460.607	201.785	90	1056	
8.25	8.5	2	8	5	3	69	26488	71	27482	0.00664789	0.00601688	0.003	0.017	387.07	203.232	10	839	
8.25	8.5	2	9	1	3	75	26500	77	27781	0.00609091	0.00573352	0.003	0.017	360.792	181.022	73	839	
8.25	8.5	2	10	4	3	61	26474	61	26473	0.00552459	0.00527449	0.003	0.017	433.984	204.861	92	1056	
8.25	8.5	3	11	1	3	80	26510	56	19062	0.003375	0.00280624	0.003	0.024	340.393	121.055	32	597	
8.25	8.5	3	12	3	3	75	26500	59	20184	0.00572881	0.00663021	0.003	0.024	342.102	118.285	57	701	
8.25	8.5	3	13	2	3	85	26520	61	19469	0.003	0	0.003	0.003	319.164	141.443	32	621	
8.25	8.5	3	14	4	3	54	26458	54	26238	0.00948148	0.00704632	0.003	0.017	485.889	184.613	90	1056	
8.25	8.5	3	15	5	3	61	26472	61	25741	0.0087377	0.00694239	0.003	0.017	421.984	200.749	57	1056	
8.25	8.5	1	16	1	3	53	26456	54	26458	0.00714815	0.00347176	0.003	0.01	489.963	254.22	26	1056	
8.25	8.5	1	17	2	3	71	26492	71	26492	0.00822535	0.00687064	0.003	0.024	373.127	144.84	42	701	
8.25	8.5	1	18	4	3	81	26512	60	22135	0.00323333	0.00126714	0.003	0.01	368.917	144.151	49	589	
8.25	8.5	1	19	5	3	77	26504	58	21703	0.00444827	0.00388055	0.003	0.017	374.19	122.871	49	685	
8.25	8.5	1	20	3	3	81	26512	70	25217	0.0059	0.00658093	0.003	0.024	360.243	152.18	12	839	
8.5	8.75	4	1	3	3	81	26512	73	24477	0.0059726	0.00605294	0.003	0.024	335.301	161.329	49	693	
8.5	8.75	4	2	1	3	69	26488	69	27366	0.00776811	0.00662914	0.003	0.017	396.609	188.69	43	1056	
8.5	8.75	4	3	4	3	68	26486	68	27172	0.00752941	0.00659821	0.003	0.017	399.588	158.264	73	757	
8.5	8.75	4	4	2	3	83	26516	72	24120	0.005625	0.00580781	0.003	0.024	335	130.835	49	685	
8.5	8.75	4	5	5	3	82	26514	63	20833	0.00344444	0.00213101	0.003	0.017	330.683	137.878	12	709	
8.5	8.75	2	6	3	3	66	26482	63	25509	0.00655555	0.00574394	0.003	0.024	404.905	178.453	11	693	
8.5	8.75	2	7	2	3	60	26470	61	27702	0.00759016	0.006246	0.003	0.017	454.131	236.321	82	1056	
8.5	8.75	2	8	5	3	60	26470	60	26841	0.00708333	0.00621996	0.003	0.017	447.35	208.055	11	1056	
8.5	8.75	2	9	1	3	63	26476	62	26326	0.00683871	0.00616759	0.003	0.017	424.613	202.36	7	909	
8.5	8.75	2	10	4	3	54	26458	54	26653	0.00857407	0.00598615	0.003	0.017	493.574	227.478	93	1056	
8.5	8.75	3	11	1	3	80	26512	65	20868	0.0058	0.00616239	0.003	0.024	321.046	148.786	23	701	
8.5	8.75	3	12	3	3	79	26510	78	25840	0.00685897	0.00593192	0.003	0.017	331.282	141.638	23	605	
8.5	8.75	3	13	2	3	82	26514	65	20290	0.00515385	0.00493783	0.003	0.024	312.154	152.955	8	839	
8.5	8.75	3	14	4	3	75	26500	76	27313	0.00668421	0.00620583	0.003	0.017	359.382	135.349	56	685	
8.5	8.75	3	15	5	3	72	26494	74	27654	0.00735135	0.00620745	0.003	0.017	373.703	159.106	57	1056	
8.5	8.75	1	16	1	3	54	26458	56	27516	0.006875	0.00351135	0.003	0.01	491.357	239.215	66	1056	
8.5	8.75	1	17	2	3	68	26486	68	27001	0.00835294	0.00593941	0.003	0.017	397.074	215.188	18	941	
8.5	8.75	1	18	4	3	74	26439	63	22404	0.00466667	0.00371136	0.003	0.017	355.619	187.559	16	964	
8.5	8.75	1	19	5	3	68	26486	66	24913	0.00756061	0.00595142	0.003	0.024	377.47	193.917	19	903	
8.5	8.75	1	20	3	3	71	26494	72	26715	0.00786111	0.00594886	0.003	0.024	371.042	200.153	36	1056	
8.75	9	4	1	3	3	81	26512	63	21528	0.00344444	0.00172063	0.003	0.01	341.714	111.333	101	693	
8.75	9	4	2	1	3	71	26492	71	26040	0.00743662	0.00650655	0.003	0.017	366.761	176.934	7	839	
8.75	9	4	3	4	3	64	26478	64	26088	0.0078125	0.00670199	0.003	0.017	407.625	183.7	11	1056	
8.75	9	4	4	2	3	76	26502	57	21523	0.00336842	0.00205836	0.003	0.017	377.596	121.323	49	621	
8.75	9	4	5	5	3	92	26534	72	20726	0.00309722	0.000824958	0.003	0.01	287.861	131.863	23	597	
8.75	9	2	6	3	3	78	26506	72	25680	0.00319444	0.00164992	0.003	0.017	356.667	190.148	7	839	
8.75	9	2	7	2	3	62	26474	63	26566	0.00566667	0.00554163	0.003	0.017	421.683	176.561	90	775	
8.75	9	2	8	5	3	73	26496	73	26496	0.00510959	0.00504304	0.003	0.017	362.959	180.643	10	749	
8.75	9	2	9	1	3	70	26490	71	26871	0.0053662	0.00528404	0.003	0.017	378.465	171.471	7	693	
8.75	9	2	10	4	3	60	26470	61	26850	0.00598361	0.00578069	0.003	0.017	440.164	176.897	7	775	
8.75	9	3	11	1	3	82	26514	63	20084	0.00333333	0.00264575	0.003	0.024	318.794	146.134	32	621	
8.75	9	3	12	3	3	79	26508	68	21346	0.00629412	0.00720294	0.003	0.024	313.912	122.921	44	582	
8.75	9	3	13	2	3	89	26528	67	19309	0.00320895	0.00171037	0.003	0.017	288.194	139.624	32	621	
8.75	9	3	14	4	3	62	26474	61	25354	0.00862295	0.00686091	0.003	0.017	415.639	199.938	73	909	
8.75	9	3	15	5	3	62	26474	60	24887	0.0079	0.00673393	0.003	0.017	414.783	209.377	57	1056	
8.75	9	1	16	1	3	61	26472	59	25414	0.00561017	0.00341405	0.003	0.01	430.746	188.087	75	1056	
8.75	9	1	17	2	3	71	26492	72	26573	0.00756944	0.00645205	0.003	0.017	369.069	130.675	106	637	
8.75	9	1	18	4	3	80	26571	59	20771	0.003	0	0.003	0.003	352.051	148.622	49	839	
8.75	9	1	19	5	3	81	26512	63	22776	0.00388889	0.00387345	0.003	0.024	361.524	135.417	49	586	
8.75	9	1	20	3	3	76	26502	70	25553	0.0062	0.00741248	0.003	0.024	365.043	139.911	66	693	
9	9.25	4	1	3	3	81	26512	62	21342	0.00379032	0.00337851	0.003	0.024	344.226	135.31	49	637	
9	9.25	4	2	1	3	62	26474	62	26471	0.00864516	0.0069237	0.003	0.017	426.952	132.176	186	773	
9	9.25	4	3	4	3	65	26480	65	26842	0.00838461	0.00686406	0.003	0.017	412.954	149.627	73	909	
9	9.25	4	4	2	3	75	26500	56	19907	0.003875	0.00328668	0.003	0.017	355.482	121.474	7	693	
9	9.25	4	5	5	3	83	26516	63	21182	0.00355555	0.00315604	0.003	0.024	336.222	123.13	32	621	
9	9.25	2	6	3	3	81	26512	74	26133	0.00347297	0.00291535	0.003	0.024	353.149	180.345	49	839	
9	9.25	2	7	2	3	61	26472	62	26936	0.00570968	0.00557626	0.003	0.017	434.452	209.327	11	1056	
9	9.25	2	8	5	3	69	26488	69	26639	0.00523188	0.00516249	0.003	0.017	386.072	191.416	3	839	
9	9.25	2	9	1	3	74	26498	75	26505	0.0058	0.00563771	0.003	0.017	353.4	206.372	7	693	
9	9.25	2	10	4	3	63	26476	63	26379	0.00555555	0.0053785	0.003	0.017	418.714	192.523	7	775	
9	9.25	3	11	1	3	80	26510	59	20290	0.00335593	0.00273397	0.003	0.024	343.898	136.543	32	597	
9	9.25	3	12	3	3	81	26512	66	21476	0.00469697	0.00521822	0.003	0.024	325.394	147.002	57	1001	
9	9.25	3	13	2	3	89	26528	71	19832	0.00309859	0.000830747	0.003	0.01	279.324	130.209	32	549	
9	9.25	3	14	4	3	62	26476	62	26396	0.00819355	0.0068181	0.003	0.017	425.742	166.811	73	839	
9	9.25	3	15	5	3	62	26476	62	26661	0.00819355	0.00669925	0.003	0.017	430.016	213.968	103	1056	
9	9.25	1	16	1	3	58	26466	59	27087	0.00620339	0.00351734	0.003	0.01	459.102	210.829	58	839	
9	9.25	1	17	2	3	76	26502	76	26362	0.00742105	0.00674737	0.003	0.024	346.868	125.194	42	701	
9	9.25	1	18	4	3	81	26512	63	22392	0.00322222	0.00123712	0.003	0.01	355.429	123.4	49	533	
9	9.25	1	19	5	3	77	26504	57	22054	0.00349123	0.00180399	0.003	0.01	386.912	102.478	101	573	
9	9.25	1	20	3	3	80	26510	67	23616	0.00519403	0.00647194	0.003	0.024	352.478	136.306	49	573	
9.25	9.5	4	1	3	3	85	26520	64	21994	0.00332812	0.00149129	0.003	0.01	343.656	131.461	49	573	
9.25	9.5	4	2	1	3	60	26470	59	25890	0.0089322	0.00697746	0.003	0.017	438.814	204.072	91	1056	
9.25	9.5	4	3	4	3	60	26470	59	25575	0.0089322	0.00697746	0.003	0.017	433.475	182.946	73	985	
9.25	9.5	4	4	2	3	80	26510	59	21359	0.00335593	0.001551	0.003	0.01	362.017	109.831	49	573	
9.25	9.5	4	5	5	3	85	26520	62	20611	0.003	0	0.003	0.003	332.435	130.563	32	549	
9.25	9.5	2	6	3	3	80	26510	70	24949	0.003	0	0.003	0.003	356.414	159.875	19	685	
9.25	9.5	2	7	2	3	65	26480	66	26663	0.00554545	0.0054411	0.003	0.017	403.985	170.106	90	775	
9.25	9.5	2	8	5	3	67	26484	68	26487	0.00485294	0.00477951	0.003	0.017	389.515	169.965	3	693	
9.25	9.5	2	9	1	3	76	26502	76	26502	0.00539474	0.0053068	0.003	0.017	348.711	182.109	10	693	
9.25	9.5	2	10	4	3	69	26488	70	26771	0.0048	0.00471999	0.003	0.017	382.443	151.773	7	669	
9.25	9.5	3	11	1	3	83	26516	58	19413	0.003	0	0.003	0.003	334.707	126.683	32	549	
9.25	9.5	3	12	3	3	83	26516	71	21803	0.00654929	0.00774742	0.003	0.024	307.085	122.301	51	646	
9.25	9.5	3	13	2	3	81	26512	57	19444	0.003	0	0.003	0.003	341.123	127.373	32	549	
9.25	9.5	3	14	4	3	60	26470	60	26622	0.00906667	0.00699604	0.003	0.017	443.7	222.238	72	839	
9.25	9.5	3	15	5	3	57	26464	57	26698	0.00938596	0.007035	0.003	0.017	468.386	223.51	57	881	
9.25	9.5	1	16	1	3	58	26466	58	26589	0.00601724	0.00349682	0.003	0.01	458.431	154.548	121	698	
9.25	9.5	1	17	2	3	78	26506	78	26881	0.00748718	0.00657572	0.003	0.017	344.628	111.179	57	701	
9.25	9.5	1	18	4	3	81	26512	59	21654	0.00359322	0.00325957	0.003	0.024	367.017	123.713	49	573	
9.25	9.5	1	19	5	3	81	26512	60	21581	0.00323333	0.00126714	0.003	0.01	359.683	143.84	49	839	
9.25	9.5	1	20	3	3	79	26508	66	23372	0.0059697	0.00727053	0.003	0.024	354.121	135.227	49	749	
9.5	9.75	4	1	3	3	81	26512	64	21082	0.00409375	0.00311024	0.003	0.017	329.406	134.654	49	775	
9.5	9.75	4	2	1	3	67	26484	68	27268	0.00814706	0.00680049	0.003	0.017	401	172.778	93	839	
9.5	9.75	4	3	4	3	73	26496	74	26944	0.00744594	0.00651056	0.003	0.017	364.108	167.963	8	839	
9.5	9.75	4	4	2	3	82	26514	70	23715	0.005	0.00478827	0.003	0.024	338.786	123.939	39	573	
9.5	9.75	4	5	5	3	83	26516	63	20351	0.00344444	0.00277534	0.003	0.024	323.032	131.71	7	549	
9.5	9.75	2	6	3	3	71	26492	64	24327	0.00398437	0.00326838	0.003	0.017	380.109	188.162	18	797	
9.5	9.75	2	7	2	3	60	26470	62	27066	0.00559677	0.00541237	0.003	0.017	436.548	196.707	90	1056	
9.5	9.75	2	8	5	3	67	26484	66	26023	0.00554545	0.0054411	0.003	0.017	394.288	177.482	10	757	
9.5	9.75	2	9	1	3	67	26484	65	26336	0.00558461	0.00547406	0.003	0.017	405.169	204.442	10	1056	
9.5	9.75	2	10	4	3	58	26466	60	26860	0.00568333	0.00516996	0.003	0.017	447.667	170.555	90	865	
9.5	9.75	3	11	1	3	89	26528	70	20132	0.0034	0.00263422	0.003	0.024	287.6	129.034	32	573	
9.5	9.75	3	12	3	3	81	26512	73	24009	0.00616438	0.00650003	0.003	0.024	328.89	130.326	51	765	
9.5	9.75	3	13	2	3	79	26508	58	19810	0.00360345	0.00328708	0.003	0.024	341.552	119.25	75	597	
9.5	9.75	3	14	4	3	62	26476	62	26247	0.00819355	0.0068181	0.003	0.017	423.339	187.458	73	839	
9.5	9.75	3	15	5	3	66	26482	66	26363	0.00798485	0.0070285	0.003	0.024	399.439	151.499	117	881	
9.5	9.75	1	16	1	3	57	26464	57	26341	0.0065614	0.00353057	0.003	0.01	462.123	179.76	138	839	
9.5	9.75	1	17	2	3	73	26496	73	25958	0.00789041	0.00646263	0.003	0.017	355.589	119.389	57	669	
9.5	9.75	1	18	4	3	81	26512	62	21410	0.003	0	0.003	0.003	345.323	139.88	12	573	
9.5	9.75	1	19	5	3	79	26508	60	22634	0.0044	0.00359943	0.003	0.017	377.233	140.235	49	839	
9.5	9.75	1	20	3	3	79	26508	68	23919	0.00567647	0.00580386	0.003	0.024	351.75	142.93	49	573	
9.75	10	4	1	3	3	84	26518	64	21573	0.00321875	0.00122758	0.003	0.01	337.078	128.314	49	573	
9.75	10	4	2	1	3	64	26478	66	27237	0.00830303	0.00684323	0.003	0.017	412.682	178.365	11	1056	
9.75	10	4	3	4	3	68	26488	69	27589	0.00807246	0.00677868	0.003	0.017	399.841	179.572	7	909	
9.75	10	4	4	2	3	81	26512	59	20604	0.003	0	0.003	0.003	349.22	111.704	101	573	
9.75	10	4	5	5	3	86	26522	63	20479	0.003	0	0.003	0.003	325.063	122.16	32	597	
9.75	10	2	6	3	3	83	26516	74	24911	0.003	0	0.003	0.003	336.635	159.418	49	839	
9.75	10	2	7	2	3	73	26496	72	26182	0.00533333	0.00525411	0.003	0.017	363.639	179.881	10	693	
9.75	10	2	8	5	3	71	26492	71	26638	0.00576056	0.00560985	0.003	0.017	375.183	177.23	7	693	
9.75	10	2	9	1	3	64	26478	66	26626	0.00618182	0.00591194	0.003	0.017	403.424	204.951	10	839	
9.75	10	2	10	4	3	67	26484	68	26383	0.00639706	0.0059854	0.003	0.017	387.985	171.131	34	693	
9.75	10	3	11	1	3	85	26520	63	21190	0.003	0	0.003	0.003	336.349	140.897	49	573	
9.75	10	3	12	3	3	79	26508	62	22216	0.00469355	0.00547899	0.003	0.024	358.323	100.978	122	533	
9.75	10	3	13	2	3	86	26522	62	21009	0.003	0	0.003	0.003	338.855	124.045	32	621	
9.75	10	3	14	4	3	62	26476	62	27688	0.00864516	0.0069237	0.003	0.017	446.581	183.636	73	985	
9.75	10	3	15	5	3	65	26480	66	27720	0.00830303	0.00684323	0.003	0.017	420	193.479	57	886	
9.75	10	1	16	1	3	59	26468	59	26612	0.0059661	0.00348873	0.003	0.01	451.051	187.3	23	817	
9.75	10	1	17	2	3	78	26506	77	27150	0.00754545	0.00669553	0.003	0.024	352.597	108.599	117	701	
9.75	10	1	18	4	3	80	26510	59	21965	0.00311864	0.000911322	0.003	0.01	372.288	141.932	49	573	
9.75	10	1	19	5	3	78	26506	58	21783	0.00324138	0.00128841	0.003	0.01	375.569	107.391	49	573	
9.75	10	1	20	3	3	78	26506	69	24151	0.00644927	0.00774509	0.003	0.024	350.014	132.045	49	637	
