% start	end	CellId	IMSI	RNTI	LCID	nTxPDUs	TxBytes	nRxPDUs	RxBytes	delay	stdDev	min	max	PduSize	stdDev	min	max
0.5	0.75	4	1	5	3	66	25428	56	21538	0.00375	0.00344964	0.003	0.024	384.607	231.95	18	839	
0.5	0.75	4	2	3	3	49	25394	48	24338	0.00591667	0.00348757	0.003	0.01	507.042	294.02	27	1056	
0.5	0.75	4	3	1	3	60	25416	58	24430	0.0065	0.00604443	0.003	0.017	421.207	247.04	3	1056	
0.5	0.75	4	4	4	3	47	25390	47	25390	0.003	0	0.003	0.003	540.213	276.747	219	1056	
0.5	0.75	4	5	2	3	60	25416	55	21476	0.00669091	0.00519213	0.003	0.024	390.473	217.092	7	839	
0.5	0.75	2	6	1	3	57	25410	56	25127	0.00675	0.00596429	0.003	0.017	448.696	213.311	3	839	
0.5	0.75	2	7	4	3	55	25408	54	24971	0.00546296	0.00337423	0.003	0.01	462.426	215.582	34	903	
0.5	0.75	2	8	5	3	69	25434	58	21252	0.00360345	0.00237634	0.003	0.017	366.414	187.267	32	749	
0.5	0.75	2	9	2	3	62	25420	53	21160	0.00498113	0.00502107	0.003	0.024	399.245	192.15	57	1056	
0.5	0.75	2	10	3	3	61	25418	60	25104	0.00615	0.00582463	0.003	0.017	418.4	211.643	34	1056	
0.5	0.75	3	11	1	3	47	25390	44	24997	0.00984091	0.00649129	0.003	0.017	568.114	326.284	44	1056	
0.5	0.75	3	12	3	3	41	25378	41	25378	0.00709756	0.00349145	0.003	0.01	618.976	331.966	59	1056	
0.5	0.75	3	13	5	3	50	25396	30	12574	0.00416667	0.00453403	0.003	0.024	419.133	211.872	32	839	
0.5	0.75	3	14	4	3	43	25382	42	25017	0.00733333	0.00344055	0.003	0.01	595.643	289.797	91	1056	
0.5	0.75	3	15	2	3	41	25378	40	24805	0.007725	0.00332039	0.003	0.01	620.125	332.23	91	1056	
0.5	0.75	1	16	5	3	67	25432	51	18842	0.00478431	0.00557248	0.003	0.024	369.451	193.677	18	1095	
0.5	0.75	1	17	4	3	54	25404	45	21174	0.00875555	0.00735513	0.003	0.024	470.533	205.239	18	1056	
0.5	0.75	1	18	3	3	52	25400	38	17055	0.00907895	0.00766311	0.003	0.024	448.816	216.95	28	1056	
0.5	0.75	1	19	2	3	55	25408	49	22019	0.009	0.00714435	0.003	0.024	449.367	268.237	32	1056	
0.5	0.75	1	20	1	3	58	25414	56	24420	0.0075	0.00659752	0.003	0.017	436.071	206.391	34	871	
0.75	1	4	1	5	3	51	26452	44	22254	0.00840909	0.00689563	0.003	0.017	505.773	230.271	49	1056	
0.75	1	4	2	3	3	41	26432	41	27476	0.00760976	0.00336064	0.003	0.01	670.146	322.011	145	1056	
0.75	1	4	3	1	3	47	26444	47	26444	0.0104468	0.00706125	0.003	0.017	562.638	233.627	149	1056	
0.75	1	4	4	4	3	39	26428	39	26428	0.003	0	0.003	0.003	677.641	318.795	219	1056	
0.75	1	4	5	2	3	61	26472	50	21930	0.00622	0.00586686	0.003	0.017	438.6	254.291	42	1056	
0.75	1	2	6	1	3	63	26476	62	25871	0.00966129	0.0055867	0.003	0.017	417.274	173.766	27	775	
0.75	1	2	7	4	3	56	26462	56	26745	0.006375	0.00352942	0.003	0.01	477.589	132.518	113	749	
0.75	1	2	8	5	3	84	26518	71	21835	0.00408451	0.00420797	0.003	0.024	307.535	154.995	11	621	
0.75	1	2	9	2	3	66	26482	67	27197	0.00885075	0.00566289	0.003	0.017	405.925	176.856	10	717	
0.75	1	2	10	3	3	74	26498	73	26662	0.0070274	0.00616435	0.003	0.017	365.233	156.214	34	573	
0.75	1	3	11	1	3	55	26460	58	26715	0.00782759	0.00527868	0.003	0.017	460.603	256.149	26	1056	
0.75	1	3	12	3	3	51	26452	50	26400	0.00622	0.0035242	0.003	0.01	528	223.452	186	1056	
0.75	1	3	13	5	3	77	26504	67	23988	0.0062388	0.00410133	0.003	0.017	358.03	204.172	23	935	
0.75	1	3	14	4	3	57	26464	57	26511	0.00447368	0.00287914	0.003	0.01	465.105	207.956	10	903	
0.75	1	3	15	2	3	54	26458	54	26346	0.00675926	0.00352316	0.003	0.01	487.889	262.103	26	1056	
0.75	1	1	16	5	3	80	26510	63	19484	0.00433333	0.00484602	0.003	0.024	309.27	132.893	23	621	
0.75	1	1	17	4	3	80	26510	73	24054	0.00654794	0.00596294	0.003	0.024	329.507	113.454	59	573	
0.75	1	1	18	3	3	75	26500	61	19543	0.00644262	0.00695587	0.003	0.024	320.377	125.745	15	517	
0.75	1	1	19	2	3	74	26498	72	25706	0.00766667	0.00643494	0.003	0.024	357.028	137.44	57	693	
0.75	1	1	20	1	3	72	26494	71	26279	0.00733803	0.00641192	0.003	0.017	370.127	171.802	15	965	
1	1.25	4	1	5	3	56	26462	41	18151	0.00436585	0.00420569	0.003	0.017	442.707	205.741	101	849	
1	1.25	4	2	3	3	47	26444	46	26267	0.00695652	0.00350844	0.003	0.01	571.022	301	12	1056	
1	1.25	4	3	1	3	50	26450	51	27202	0.00931372	0.0070356	0.003	0.017	533.373	272.137	10	1056	
1	1.25	4	4	4	3	42	26434	42	26434	0.003	0	0.003	0.003	629.381	285.386	219	1056	
1	1.25	4	5	2	3	58	26466	45	18784	0.00486667	0.0043254	0.003	0.017	417.422	207.47	42	839	
1	1.25	2	6	1	3	69	26488	70	27062	0.0079	0.0057588	0.003	0.017	386.6	179.825	34	903	
1	1.25	2	7	4	3	63	26476	63	26532	0.00544444	0.00336384	0.003	0.01	421.143	168.053	113	839	
1	1.25	2	8	5	3	83	26516	72	23330	0.00348611	0.00295503	0.003	0.024	324.028	171.401	32	693	
1	1.25	2	9	2	3	72	26494	70	26016	0.0083	0.00635507	0.003	0.024	371.657	170.957	12	765	
1	1.25	2	10	3	3	66	26482	67	26565	0.00738806	0.00642899	0.003	0.017	396.493	206.029	3	1056	
1	1.25	3	11	1	3	57	26464	58	25741	0.00734483	0.00553633	0.003	0.017	443.81	241.249	27	1031	
1	1.25	3	12	3	3	49	26448	49	25444	0.00628571	0.00352964	0.003	0.01	519.265	258.785	52	999	
1	1.25	3	13	5	3	75	26500	68	24521	0.00711765	0.00544039	0.003	0.024	360.603	212.111	11	839	
1	1.25	3	14	4	3	54	26458	54	26467	0.00494444	0.00316476	0.003	0.01	490.13	228.171	18	1031	
1	1.25	3	15	2	3	54	26458	54	26706	0.00688889	0.00351099	0.003	0.01	494.556	248.924	16	1056	
1	1.25	1	16	5	3	79	26508	67	22120	0.00477612	0.0047731	0.003	0.024	330.149	156.178	32	719	
1	1.25	1	17	4	3	76	26504	73	24985	0.00817808	0.00680552	0.003	0.024	342.26	151.214	47	741	
1	1.25	1	18	3	3	75	26500	64	21958	0.00770312	0.00759214	0.003	0.024	343.094	138.62	32	709	
1	1.25	1	19	2	3	78	26506	76	25827	0.00788158	0.00666727	0.003	0.024	339.829	162.336	7	701	
1	1.25	1	20	1	3	70	26490	71	26545	0.00723944	0.00597247	0.003	0.017	373.873	217.966	7	1056	
1.25	1.5	4	1	5	3	58	26466	51	23493	0.0045098	0.00427258	0.003	0.017	460.647	168.446	3	839	
1.25	1.5	4	2	3	3	51	26452	53	26641	0.00550943	0.00338902	0.003	0.01	502.66	200.149	16	1056	
1.25	1.5	4	3	1	3	59	26468	57	25489	0.00668421	0.00621966	0.003	0.017	447.175	195.502	10	909	
1.25	1.5	4	4	4	3	45	26440	45	26440	0.003	0	0.003	0.003	587.556	281.31	219	1056	
1.25	1.5	4	5	2	3	68	26486	61	23994	0.00506557	0.00466858	0.003	0.017	393.344	201.4	8	775	
1.25	1.5	2	6	1	3	72	26494	72	26506	0.00669444	0.005631	0.003	0.017	368.139	168.956	15	839	
1.25	1.5	2	7	4	3	63	26476	63	25969	0.00511111	0.00323843	0.003	0.01	412.206	209.025	98	1056	
1.25	1.5	2	8	5	3	81	26512	66	21606	0.00384848	0.00260911	0.003	0.017	327.364	160.334	4	621	
1.25	1.5	2	9	2	3	77	26504	74	25665	0.00621622	0.00545786	0.003	0.024	346.824	177.464	10	839	
1.25	1.5	2	10	3	3	69	26488	68	26247	0.00670588	0.00598271	0.003	0.017	385.985	174.155	34	669	
1.25	1.5	3	11	1	3	59	26468	61	27913	0.00667213	0.00536259	0.003	0.017	457.59	240.111	26	1056	
1.25	1.5	3	12	3	3	46	26442	46	27247	0.00558696	0.00341615	0.003	0.01	592.326	325.866	59	1056	
1.25	1.5	3	13	5	3	76	26502	72	24846	0.00581944	0.00520922	0.003	0.024	345.083	177.621	26	621	
1.25	1.5	3	14	4	3	53	26456	53	26546	0.00445283	0.00286602	0.003	0.01	500.868	256.641	27	1056	
1.25	1.5	3	15	2	3	56	26462	57	26899	0.00607017	0.00350438	0.003	0.01	471.912	256.646	16	967	
1.25	1.5	1	16	5	3	71	26492	53	17486	0.00524528	0.00594819	0.003	0.024	329.925	163.807	32	669	
1.25	1.5	1	17	4	3	73	26496	68	25188	0.00763235	0.00635494	0.003	0.024	370.412	172.634	15	685	
1.25	1.5	1	18	3	3	73	26496	58	19443	0.0065	0.0065888	0.003	0.024	335.224	162.924	32	685	
1.25	1.5	1	19	2	3	71	26492	70	25761	0.0083	0.0066819	0.003	0.024	368.014	157.627	18	701	
1.25	1.5	1	20	1	3	66	26482	66	26797	0.00798485	0.00669901	0.003	0.017	406.015	152.376	73	685	
1.5	1.75	4	1	5	3	70	26490	64	24658	0.003875	0.00292499	0.003	0.017	385.281	191.343	49	839	
1.5	1.75	4	2	3	3	54	26458	54	26458	0.00507407	0.00322638	0.003	0.01	489.963	182.713	18	903	
1.5	1.75	4	3	1	3	63	26476	65	27164	0.00536923	0.00514347	0.003	0.017	417.908	205.219	7	839	
1.5	1.75	4	4	4	3	52	26454	52	26454	0.003	0	0.003	0.003	508.731	210.376	219	1056	
1.5	1.75	4	5	2	3	65	26480	58	23637	0.00613793	0.00574135	0.003	0.024	407.534	224.466	7	1056	
1.5	1.75	2	6	1	3	73	26498	73	26566	0.00673973	0.00595825	0.003	0.017	363.918	164.809	73	693	
1.5	1.75	2	7	4	3	61	26472	61	26768	0.00563934	0.00342069	0.003	0.01	438.82	174.893	26	1056	
1.5	1.75	2	8	5	3	85	26520	76	25262	0.00447368	0.00475668	0.003	0.024	332.395	171.142	27	621	
1.5	1.75	2	9	2	3	78	26506	75	25775	0.00645333	0.00579677	0.003	0.024	343.667	169.03	4	775	
1.5	1.75	2	10	3	3	68	26488	68	26173	0.00732353	0.00628773	0.003	0.017	384.897	204.893	18	1056	
1.5	1.75	3	11	1	3	52	26454	50	24913	0.00692	0.00619032	0.003	0.017	498.26	166.614	93	871	
1.5	1.75	3	12	3	3	47	26444	47	26444	0.00553191	0.00339981	0.003	0.01	562.638	258.1	59	1056	
1.5	1.75	3	13	5	3	67	26484	53	20666	0.00418868	0.00405755	0.003	0.024	389.925	188.25	32	621	
1.5	1.75	3	14	4	3	46	26442	46	25605	0.00528261	0.00331772	0.003	0.01	556.63	247.5	91	1056	
1.5	1.75	3	15	2	3	51	26452	50	25396	0.00496	0.0031749	0.003	0.01	507.92	262.822	70	1056	
1.5	1.75	1	16	5	3	89	26528	78	23983	0.00479487	0.00522322	0.003	0.024	307.474	167.782	4	692	
1.5	1.75	1	17	4	3	72	26496	68	24594	0.00742647	0.00650216	0.003	0.024	361.676	154.751	18	797	
1.5	1.75	1	18	3	3	72	26494	60	21401	0.00661667	0.00554211	0.003	0.024	356.683	163.899	32	693	
1.5	1.75	1	19	2	3	75	26502	74	26130	0.00772973	0.00625113	0.003	0.024	353.108	173.233	8	1056	
1.5	1.75	1	20	1	3	66	26482	67	27146	0.00780597	0.0062383	0.003	0.017	405.164	179.138	11	833	
1.75	2	4	1	5	3	50	26450	39	19638	0.0071282	0.00656618	0.003	0.024	503.538	115.442	63	693	
1.75	2	4	2	3	3	45	26440	44	25384	0.00665909	0.0035368	0.003	0.01	576.909	272.084	145	1056	
1.75	2	4	3	1	3	56	26462	55	25397	0.0086	0.00692179	0.003	0.017	461.764	195.681	73	985	
1.75	2	4	4	4	3	48	26446	48	26446	0.003	0	0.003	0.003	550.958	270.737	219	1056	
1.75	2	4	5	2	3	58	26466	43	20082	0.00560465	0.00529663	0.003	0.017	467.023	197.903	49	839	
1.75	2	2	6	1	3	64	26478	62	25169	0.00830645	0.00562369	0.003	0.017	405.952	190.01	3	757	
1.75	2	2	7	4	3	59	26468	59	26468	0.00549152	0.00338033	0.003	0.01	448.61	173.953	11	749	
1.75	2	2	8	5	3	86	26522	81	24917	0.00446913	0.00452517	0.003	0.024	307.617	186.741	19	839	
1.75	2	2	9	2	3	64	26478	62	25652	0.00830645	0.00590245	0.003	0.024	413.742	212.345	42	901	
1.75	2	2	10	3	3	64	26478	64	26484	0.00639062	0.00571441	0.003	0.017	413.812	189.989	42	1056	
1.75	2	3	11	1	3	50	26450	53	28018	0.0094717	0.00579988	0.003	0.017	528.642	245.591	27	1056	
1.75	2	3	12	3	3	47	26444	46	26040	0.0065	0.00353868	0.003	0.01	566.087	280.894	59	1056	
1.75	2	3	13	5	3	77	26504	64	21433	0.00496875	0.00383786	0.003	0.024	334.891	189.578	27	749	
1.75	2	3	14	4	3	53	26456	54	27512	0.0052037	0.00328162	0.003	0.01	509.481	257.641	10	1056	
1.75	2	3	15	2	3	47	26444	47	26629	0.00746808	0.00339981	0.003	0.01	566.574	313.383	26	1056	
1.75	2	1	16	5	3	92	26534	83	23288	0.00443373	0.00405509	0.003	0.024	280.578	143.7	23	621	
1.75	2	1	17	4	3	79	26508	75	24860	0.00692	0.00632831	0.003	0.024	331.467	155.86	19	685	
1.75	2	1	18	3	3	87	26524	86	26136	0.00690698	0.00709039	0.003	0.024	303.907	135.925	7	621	
1.75	2	1	19	2	3	81	26463	83	27242	0.00822891	0.00740192	0.003	0.024	328.217	150.627	27	717	
1.75	2	1	20	1	3	68	26486	69	26944	0.00736232	0.00601462	0.003	0.017	390.493	211.423	73	1056	
2	2.25	4	1	5	3	58	26466	50	23890	0.00664	0.00620322	0.003	0.024	477.8	185.279	101	1056	
2	2.25	4	2	3	3	51	26452	51	27047	0.00601961	0.00350137	0.003	0.01	530.333	251.582	10	1056	
2	2.25	4	3	1	3	55	26460	55	26756	0.00783636	0.00671859	0.003	0.017	486.473	227.279	10	1056	
2	2.25	4	4	4	3	48	26446	48	26446	0.003	0	0.003	0.003	550.958	263.954	219	1056	
2	2.25	4	5	2	3	61	26472	47	18328	0.00493617	0.00430573	0.003	0.017	389.957	205.525	12	749	
2	2.25	2	6	1	3	60	26470	60	26801	0.00778333	0.00568999	0.003	0.017	446.683	172.339	42	871	
2	2.25	2	7	4	3	63	26476	62	26178	0.00548387	0.00337659	0.003	0.01	422.226	186.996	10	903	
2	2.25	2	8	5	3	80	26512	75	25006	0.00458667	0.00482419	0.003	0.024	333.413	184.513	7	685	
2	2.25	2	9	2	3	64	26478	65	26697	0.00752308	0.00572851	0.003	0.024	410.723	178.169	18	839	
2	2.25	2	10	3	3	65	26480	65	26378	0.00633846	0.00540913	0.003	0.017	405.815	165.251	73	693	
2	2.25	3	11	1	3	52	26454	49	25198	0.00842857	0.00627163	0.003	0.017	514.245	206.065	187	1056	
2	2.25	3	12	3	3	49	26448	49	26045	0.00628571	0.00352964	0.003	0.01	531.531	274.214	20	1056	
2	2.25	3	13	5	3	72	26494	60	22022	0.00556667	0.00445834	0.003	0.024	367.033	196.379	49	839	
2	2.25	3	14	4	3	49	26448	48	25875	0.0051875	0.00327892	0.003	0.01	539.062	240.587	36	1056	
2	2.25	3	15	2	3	49	26448	49	26263	0.007	0.0035	0.003	0.01	535.98	271.45	27	1056	
2	2.25	1	16	5	3	92	26534	89	25229	0.00504494	0.00508319	0.003	0.024	283.472	152.017	15	621	
2	2.25	1	17	4	3	85	26522	80	24654	0.00615	0.00532988	0.003	0.024	308.175	160.268	40	685	
2	2.25	1	18	3	3	85	26520	77	24791	0.006	0.00572621	0.003	0.024	321.961	153.764	15	669	
2	2.25	1	19	2	3	82	26563	79	25999	0.0064557	0.00512109	0.003	0.017	329.101	143.715	19	573	
2	2.25	1	20	1	3	78	26508	77	25465	0.00663636	0.00527883	0.003	0.017	330.714	152.533	15	614	
2.25	2.5	4	1	5	3	59	26468	46	20905	0.00482609	0.00453286	0.003	0.017	454.457	184.3	18	839	
2.25	2.5	4	2	3	3	43	26436	43	26588	0.00658139	0.00354046	0.003	0.01	618.326	230.025	219	1056	
2.25	2.5	4	3	1	3	54	26458	54	26242	0.00818518	0.00682414	0.003	0.017	485.963	195.922	73	1056	
2.25	2.5	4	4	4	3	46	26442	46	26442	0.003	0	0.003	0.003	574.826	263.832	219	1056	
2.25	2.5	4	5	2	3	59	26468	43	19058	0.0047907	0.00434554	0.003	0.017	443.209	169.445	49	839	
2.25	2.5	2	6	1	3	70	26490	70	27093	0.0077	0.00568076	0.003	0.017	387.043	215.294	10	1056	
2.25	2.5	2	7	4	3	60	26470	61	26504	0.0057541	0.00344797	0.003	0.01	434.492	209.133	10	1056	
2.25	2.5	2	8	5	3	76	26502	67	22998	0.00404478	0.00390195	0.003	0.024	343.254	178.24	49	642	
2.25	2.5	2	9	2	3	65	26480	64	26984	0.00748437	0.00519766	0.003	0.017	421.625	180.439	49	775	
2.25	2.5	2	10	3	3	75	26500	76	27148	0.00622368	0.00553437	0.003	0.017	357.211	195.974	10	693	
2.25	2.5	3	11	1	3	55	26460	55	26293	0.00949091	0.00644025	0.003	0.017	478.055	280.19	27	1031	
2.25	2.5	3	12	3	3	44	26438	45	26947	0.00657778	0.00353868	0.003	0.01	598.822	284.899	59	1056	
2.25	2.5	3	13	5	3	68	26486	49	19023	0.006	0.00534634	0.003	0.024	388.224	231.722	32	839	
2.25	2.5	3	14	4	3	48	26446	49	27019	0.00557143	0.00340955	0.003	0.01	551.408	263.817	91	1056	
2.25	2.5	3	15	2	3	45	26440	44	26438	0.00729545	0.00344781	0.003	0.01	600.864	331.573	18	1056	
2.25	2.5	1	16	5	3	88	26526	81	23833	0.00619753	0.00709123	0.003	0.024	294.235	146.801	23	621	
2.25	2.5	1	17	4	3	79	26510	79	26699	0.0076962	0.00706445	0.003	0.024	337.962	152.385	35	741	
2.25	2.5	1	18	3	3	89	26528	84	24850	0.00666667	0.00619236	0.003	0.024	295.833	148.587	32	709	
2.25	2.5	1	19	2	3	82	26514	82	25798	0.00803658	0.0071517	0.003	0.024	314.61	156.75	23	775	
2.25	2.5	1	20	1	3	68	26488	68	27286	0.00680882	0.0058546	0.003	0.017	401.265	146.373	42	621	
2.5	2.75	4	1	5	3	63	26476	54	22409	0.00442592	0.00438093	0.003	0.024	414.981	203.86	34	839	
2.5	2.75	4	2	3	3	54	26458	55	26767	0.00516364	0.00326465	0.003	0.01	486.673	234.957	10	1056	
2.5	2.75	4	3	1	3	59	26468	61	27978	0.00678688	0.00620515	0.003	0.017	458.656	215.661	10	985	
2.5	2.75	4	4	4	3	47	26444	47	26444	0.003	0	0.003	0.003	562.638	231.019	219	1056	
2.5	2.75	4	5	2	3	60	26470	48	20029	0.00504167	0.00432193	0.003	0.017	417.271	218.895	49	839	
2.5	2.75	2	6	1	3	66	26482	68	27012	0.00742647	0.00578809	0.003	0.017	397.235	189.163	10	749	
2.5	2.75	2	7	4	3	61	26472	61	26560	0.0057541	0.00344797	0.003	0.01	435.41	191.229	34	1056	
2.5	2.75	2	8	5	3	78	26506	74	26001	0.00413513	0.00401819	0.003	0.024	351.365	178.497	11	749	
2.5	2.75	2	9	2	3	77	26504	75	25144	0.00692	0.00578152	0.003	0.024	335.253	187.028	18	693	
2.5	2.75	2	10	3	3	68	26486	67	25643	0.00780597	0.00611813	0.003	0.017	382.731	195.676	11	903	
2.5	2.75	3	11	1	3	55	26460	56	27009	0.00875	0.00668852	0.003	0.017	482.304	193.658	50	967	
2.5	2.75	3	12	3	3	43	26436	43	25929	0.00658139	0.00354046	0.003	0.01	603	302.298	59	1056	
2.5	2.75	3	13	5	3	66	26482	50	18716	0.0044	0.00374166	0.003	0.017	374.32	183.474	19	621	
2.5	2.75	3	14	4	3	49	26448	48	26229	0.00620833	0.00352474	0.003	0.01	546.438	262.966	66	1056	
2.5	2.75	3	15	2	3	44	26438	45	27187	0.00704444	0.00349646	0.003	0.01	604.156	260.943	121	1056	
2.5	2.75	1	16	5	3	86	26522	80	24826	0.005625	0.0063373	0.003	0.024	310.325	120.377	15	558	
2.5	2.75	1	17	4	3	81	26512	78	25557	0.00784615	0.00716245	0.003	0.024	327.654	120.587	43	622	
2.5	2.75	1	18	3	3	89	26528	79	24269	0.00672152	0.00612254	0.003	0.024	307.203	144.005	32	621	
2.5	2.75	1	19	2	3	76	26502	74	25552	0.00791892	0.00692574	0.003	0.024	345.297	152.796	23	701	
2.5	2.75	1	20	1	3	70	26490	71	26831	0.00861972	0.00610472	0.003	0.017	377.901	159.974	34	757	
2.75	3	4	1	5	3	64	26478	52	21034	0.00380769	0.00299043	0.003	0.017	404.5	187.228	49	839	
2.75	3	4	2	3	3	48	26446	47	25985	0.00538298	0.00335283	0.003	0.01	552.872	243.04	138	1056	
2.75	3	4	3	1	3	60	26470	58	25402	0.00710345	0.00642825	0.003	0.017	437.966	222.51	73	1056	
2.75	3	4	4	4	3	52	26454	52	26454	0.003	0	0.003	0.003	508.731	241.662	219	1056	
2.75	3	4	5	2	3	58	26466	49	22441	0.00542857	0.0046413	0.003	0.017	457.98	167.924	119	839	
2.75	3	2	6	1	3	68	26486	68	26387	0.00639706	0.00547488	0.003	0.017	388.044	210.654	7	839	
2.75	3	2	7	4	3	58	26466	58	26625	0.00517241	0.00326673	0.003	0.01	459.052	185.121	86	839	
2.75	3	2	8	5	3	86	26522	79	24818	0.00362025	0.00300557	0.003	0.024	314.152	172.142	7	693	
2.75	3	2	9	2	3	66	26486	67	27500	0.00749254	0.00617761	0.003	0.024	410.448	222.994	42	909	
2.75	3	2	10	3	3	64	26478	64	26856	0.00671875	0.00571122	0.003	0.017	419.625	193.769	10	1056	
2.75	3	3	11	1	3	51	26452	52	26937	0.00865385	0.00650757	0.003	0.017	518.019	286.978	60	1056	
2.75	3	3	12	3	3	44	26438	45	27494	0.00626667	0.00353167	0.003	0.01	610.978	260.336	219	1056	
2.75	3	3	13	5	3	65	26480	49	19924	0.00457143	0.00357654	0.003	0.017	406.612	190.051	32	749	
2.75	3	3	14	4	3	47	26444	47	26226	0.00568085	0.00343958	0.003	0.01	558	231.052	121	1056	
2.75	3	3	15	2	3	42	26434	42	25687	0.00733333	0.00344055	0.003	0.01	611.595	310.98	27	1056	
2.75	3	1	16	5	3	89	26528	87	25801	0.00581609	0.00617483	0.003	0.024	296.563	143.742	23	573	
2.75	3	1	17	4	3	82	26514	82	26502	0.00735366	0.00701211	0.003	0.024	323.195	173.253	11	839	
2.75	3	1	18	3	3	88	26526	87	26206	0.00686207	0.00689822	0.003	0.024	301.218	166.043	23	669	
2.75	3	1	19	2	3	79	26508	77	25646	0.00845454	0.00741362	0.003	0.024	333.065	151.808	27	621	
2.75	3	1	20	1	3	68	26486	69	26560	0.00766667	0.0059623	0.003	0.017	384.928	174.876	34	909	
3	3.25	4	1	5	3	54	26458	48	24222	0.00810417	0.00673271	0.003	0.017	504.625	216.259	42	1056	
3	3.25	4	2	3	3	40	26430	40	26430	0.007375	0.00343203	0.003	0.01	660.75	310.705	18	1056	
3	3.25	4	3	1	3	52	26454	52	26536	0.01	0.00706829	0.003	0.017	510.308	261.392	73	1056	
3	3.25	4	4	4	3	38	26426	38	26426	0.003	0	0.003	0.003	695.421	334.483	219	1056	
3	3.25	4	5	2	3	56	26462	47	21676	0.00791489	0.00683288	0.003	0.024	461.191	228.969	49	1056	
3	3.25	2	6	1	3	61	26472	61	25965	0.00827869	0.00580842	0.003	0.017	425.656	200.09	10	1056	
3	3.25	2	7	4	3	58	26466	58	26187	0.00553448	0.00339357	0.003	0.01	451.5	152.395	26	749	
3	3.25	2	8	5	3	78	26506	63	23553	0.00377778	0.00379492	0.003	0.024	373.857	172.414	49	693	
3	3.25	2	9	2	3	74	26498	72	25923	0.00873611	0.00579459	0.003	0.024	360.042	196.502	27	778	
3	3.25	2	10	3	3	75	26500	74	26323	0.0064054	0.00593554	0.003	0.017	355.716	178.525	34	775	
3	3.25	3	11	1	3	52	26454	52	26560	0.00838461	0.00547778	0.003	0.017	510.769	249.935	60	1056	
3	3.25	3	12	3	3	48	26446	47	25390	0.00508511	0.00323587	0.003	0.01	540.213	246.38	186	1056	
3	3.25	3	13	5	3	76	26502	67	23629	0.00644776	0.00493068	0.003	0.024	352.672	215.595	19	839	
3	3.25	3	14	4	3	54	26458	53	25837	0.0045849	0.00295761	0.003	0.01	487.491	205.463	26	1056	
3	3.25	3	15	2	3	56	26462	55	26460	0.00758182	0.00335929	0.003	0.01	481.091	264.003	18	1056	
3	3.25	1	16	5	3	84	26518	68	19984	0.00413235	0.00354883	0.003	0.024	293.882	135.225	31	583	
3	3.25	1	17	4	3	78	26506	75	25403	0.0072	0.00690476	0.003	0.024	338.707	142.358	36	622	
3	3.25	1	18	3	3	81	26512	69	22579	0.00655072	0.0068568	0.003	0.024	327.232	169.656	35	1056	
3	3.25	1	19	2	3	69	26488	72	27908	0.00805555	0.00687287	0.003	0.024	387.611	173.995	7	935	
3	3.25	1	20	1	3	62	26474	62	26199	0.00841935	0.00626347	0.003	0.017	422.565	173.581	15	839	
3.25	3.5	4	1	5	3	59	26468	52	22166	0.00596154	0.00560449	0.003	0.017	426.269	189.921	18	839	
3.25	3.5	4	2	3	3	43	26436	43	25841	0.00658139	0.00354046	0.003	0.01	600.953	339.368	27	1056	
3.25	3.5	4	3	1	3	53	26456	53	26296	0.00854717	0.0069131	0.003	0.017	496.151	239.883	73	1056	
3.25	3.5	4	4	4	3	39	26428	39	26428	0.003	0	0.003	0.003	677.641	320.617	219	1056	
3.25	3.5	4	5	2	3	55	26460	42	20998	0.00616667	0.00561755	0.003	0.017	499.952	190.275	101	839	
3.25	3.5	2	6	1	3	61	26472	61	26971	0.0085082	0.00573185	0.003	0.017	442.148	186.94	42	807	
3.25	3.5	2	7	4	3	60	26470	60	26326	0.00603333	0.00349802	0.003	0.01	438.767	168.043	26	749	
3.25	3.5	2	8	5	3	89	26528	80	24055	0.004575	0.00458886	0.003	0.024	300.688	185.805	12	839	
3.25	3.5	2	9	2	3	69	26488	71	27030	0.00861972	0.0055016	0.003	0.017	380.704	187.602	10	765	
3.25	3.5	2	10	3	3	63	26476	64	26131	0.00770312	0.00598856	0.003	0.017	408.297	215.174	27	1031	
3.25	3.5	3	11	1	3	53	26456	52	26350	0.00784615	0.00612736	0.003	0.017	506.731	225.611	93	1056	
3.25	3.5	3	12	3	3	43	26436	43	27031	0.00690698	0.0035174	0.003	0.01	628.628	289.322	59	1056	
3.25	3.5	3	13	5	3	64	26478	49	19693	0.00557143	0.00488621	0.003	0.017	401.898	195.006	32	669	
3.25	3.5	3	14	4	3	55	26460	56	27200	0.005625	0.00341953	0.003	0.01	485.714	223.007	121	871	
3.25	3.5	3	15	2	3	48	26446	50	27504	0.00692	0.00350999	0.003	0.01	550.08	247.352	18	1056	
3.25	3.5	1	16	5	3	78	26508	68	22527	0.00444118	0.00428598	0.003	0.024	331.279	133.474	75	573	
3.25	3.5	1	17	4	3	70	26490	68	26286	0.00804412	0.0061485	0.003	0.024	386.559	171.778	7	1056	
3.25	3.5	1	18	3	3	75	26500	73	25016	0.00779452	0.00637695	0.003	0.024	342.685	168.116	32	775	
3.25	3.5	1	19	2	3	66	26482	63	25148	0.00788889	0.00598145	0.003	0.017	399.175	176.102	18	941	
3.25	3.5	1	20	1	3	63	26476	61	25805	0.00804918	0.00601228	0.003	0.017	423.033	187.514	34	833	
3.5	3.75	4	1	5	3	54	26458	46	22537	0.00741304	0.00665858	0.003	0.024	489.935	138.456	114	775	
3.5	3.75	4	2	3	3	48	26446	48	27041	0.00635417	0.00353397	0.003	0.01	563.354	227.942	155	1056	
3.5	3.75	4	3	1	3	59	26468	59	26564	0.00798305	0.00676067	0.003	0.017	450.237	208.799	73	909	
3.5	3.75	4	4	4	3	42	26434	42	26434	0.003	0	0.003	0.003	629.381	332.467	219	1056	
3.5	3.75	4	5	2	3	56	26462	40	18465	0.00475	0.00380115	0.003	0.017	461.625	197.481	49	839	
3.5	3.75	2	6	1	3	57	26466	56	26296	0.010875	0.0056731	0.003	0.017	469.571	204.521	73	903	
3.5	3.75	2	7	4	3	55	26460	56	26833	0.007625	0.00334426	0.003	0.01	479.161	173.881	154	1056	
3.5	3.75	2	8	5	3	83	26516	72	23212	0.003875	0.00388546	0.003	0.024	322.389	167.425	49	600	
3.5	3.75	2	9	2	3	66	26482	66	26534	0.00872727	0.00587706	0.003	0.017	402.03	202.595	18	1056	
3.5	3.75	2	10	3	3	59	26468	59	26999	0.00881356	0.00583531	0.003	0.017	457.61	160.2	113	839	
3.5	3.75	3	11	1	3	51	26452	52	26476	0.00959615	0.00684924	0.003	0.017	509.154	277.556	91	1056	
3.5	3.75	3	12	3	3	45	26440	45	26440	0.0072	0.00346804	0.003	0.01	587.556	325.46	20	1056	
3.5	3.75	3	13	5	3	64	26478	45	18100	0.00517778	0.00443278	0.003	0.017	402.222	198.815	26	749	
3.5	3.75	3	14	4	3	40	26430	40	25845	0.00685	0.00352682	0.003	0.01	646.125	330.958	10	1056	
3.5	3.75	3	15	2	3	45	26440	44	25747	0.00697727	0.00350739	0.003	0.01	585.159	311.669	66	1056	
3.5	3.75	1	16	5	3	76	26502	61	21061	0.00552459	0.00639429	0.003	0.024	345.262	154.352	23	642	
3.5	3.75	1	17	4	3	63	26476	64	26275	0.00978125	0.00571122	0.003	0.017	410.547	186.562	8	775	
3.5	3.75	1	18	3	3	66	26484	65	25829	0.00946154	0.00584454	0.003	0.017	397.369	179.5	26	775	
3.5	3.75	1	19	2	3	63	26476	64	27492	0.0103281	0.00590683	0.003	0.024	429.563	168.161	26	775	
3.5	3.75	1	20	1	3	59	26438	60	27107	0.0102333	0.0057589	0.003	0.017	451.783	204.452	73	1056	
3.75	4	4	1	5	3	53	26456	35	17599	0.0054	0.00507705	0.003	0.017	502.829	164.605	101	957	
3.75	4	4	2	3	3	45	26440	45	26440	0.00688889	0.00351763	0.003	0.01	587.556	248.542	10	1056	
3.75	4	4	3	1	3	55	26460	55	26366	0.00961818	0.007054	0.003	0.017	479.382	208.541	66	1056	
3.75	4	4	4	4	3	44	26438	44	26438	0.003	0	0.003	0.003	600.864	302.799	219	1056	
3.75	4	4	5	2	3	54	26458	37	18357	0.00508108	0.00491245	0.003	0.017	496.135	146.338	157	839	
3.75	4	2	6	1	3	51	26452	51	25598	0.00917647	0.00680795	0.003	0.017	501.922	182.702	74	1056	
3.75	4	2	7	4	3	44	26438	44	26638	0.00729545	0.00344781	0.003	0.01	605.409	270.232	113	1056	
3.75	4	2	8	5	3	59	26468	38	13704	0.00392105	0.00370085	0.003	0.024	360.632	163.092	49	693	
3.75	4	2	9	2	3	55	26462	36	14795	0.00455555	0.003783	0.003	0.017	410.972	163.785	57	645	
3.75	4	2	10	3	3	52	26454	52	25320	0.00932692	0.00696693	0.003	0.017	486.923	204.768	19	1056	
3.75	4	3	11	1	3	48	26446	47	26139	0.00940425	0.00697405	0.003	0.017	556.149	223.528	187	1056	
3.75	4	3	12	3	3	45	26440	45	26651	0.00673333	0.00353167	0.003	0.01	592.244	301.953	59	1056	
3.75	4	3	13	5	3	65	26480	45	16777	0.00393333	0.00240643	0.003	0.01	372.822	187.732	32	621	
3.75	4	3	14	4	3	48	26446	48	26293	0.00635417	0.00353397	0.003	0.01	547.771	262.757	66	1056	
3.75	4	3	15	2	3	45	26440	45	26696	0.0072	0.00346804	0.003	0.01	593.244	251.299	121	1056	
3.75	4	1	16	5	3	54	26458	33	12141	0.00321212	0.00121854	0.003	0.01	367.909	129.442	32	621	
3.75	4	1	17	4	3	56	26462	36	12058	0.00455555	0.00476562	0.003	0.024	334.944	158.745	49	621	
3.75	4	1	18	3	3	55	26462	35	11193	0.0046	0.00382868	0.003	0.017	319.8	196.605	28	839	
3.75	4	1	19	2	3	51	26452	32	12453	0.00540625	0.00521697	0.003	0.024	389.156	153.57	57	701	
3.75	4	1	20	1	3	46	26476	46	25757	0.010913	0.00685995	0.003	0.017	559.935	286.41	76	1056	
4	4.25	4	1	5	3	61	26472	45	19042	0.00424444	0.0037426	0.003	0.017	423.156	154.535	49	749	
4	4.25	4	2	3	3	51	26452	52	26913	0.00582692	0.00346818	0.003	0.01	517.558	117.856	293	765	
4	4.25	4	3	1	3	55	26460	57	27604	0.00840351	0.00674764	0.003	0.017	484.281	211.88	64	1056	
4	4.25	4	4	4	3	47	26444	47	26444	0.003	0	0.003	0.003	562.638	288.891	219	1056	
4	4.25	4	5	2	3	57	26464	42	19727	0.00466667	0.0040344	0.003	0.017	469.69	183.766	18	839	
4	4.25	2	6	1	3	63	26476	63	26850	0.00788889	0.00542726	0.003	0.017	426.19	193.77	18	1056	
4	4.25	2	7	4	3	62	26474	62	26386	0.00604839	0.00349907	0.003	0.01	425.581	190.48	34	1056	
4	4.25	2	8	5	3	85	26520	75	23716	0.00393333	0.00369928	0.003	0.024	316.213	174.104	32	621	
4	4.25	2	9	2	3	69	26488	66	24906	0.0070303	0.0050717	0.003	0.017	377.364	176.983	57	693	
4	4.25	2	10	3	3	68	26486	68	27344	0.00711765	0.0055732	0.003	0.017	402.118	202.742	34	1056	
4	4.25	3	11	1	3	53	26456	54	26355	0.00831481	0.00622176	0.003	0.017	488.056	227.555	92	1056	
4	4.25	3	12	3	3	47	26444	47	26233	0.00627659	0.00353062	0.003	0.01	558.149	297.131	59	1056	
4	4.25	3	13	5	3	69	26488	56	21771	0.0045	0.00345885	0.003	0.017	388.768	209.455	3	839	
4	4.25	3	14	4	3	44	26438	44	27275	0.00602273	0.00350739	0.003	0.01	619.886	295.901	66	1056	
4	4.25	3	15	2	3	51	26452	51	26452	0.00670588	0.00352871	0.003	0.01	518.667	280.428	16	1056	
4	4.25	1	16	5	3	83	26516	71	21911	0.00467606	0.00522022	0.003	0.024	308.606	148.26	27	775	
4	4.25	1	17	4	3	76	26504	67	22503	0.00602985	0.0058723	0.003	0.024	335.866	169.936	42	694	
4	4.25	1	18	3	3	72	26494	61	21528	0.00598361	0.00605665	0.003	0.024	352.918	154.649	28	621	
4	4.25	1	19	2	3	73	26498	67	24300	0.00655224	0.0062578	0.003	0.024	362.687	148.608	51	701	
4	4.25	1	20	1	3	65	26482	65	26630	0.0086	0.00633394	0.003	0.017	409.692	191.553	11	839	
4.25	4.5	4	1	5	3	62	26474	52	21251	0.00434615	0.0041675	0.003	0.024	408.673	180.014	3	749	
4.25	4.5	4	2	3	3	53	26456	53	26456	0.00537736	0.00334679	0.003	0.01	499.17	240.195	10	1056	
4.25	4.5	4	3	1	3	63	26476	61	26247	0.00586885	0.00562576	0.003	0.017	430.279	216.39	73	985	
4.25	4.5	4	4	4	3	50	26450	50	26450	0.003	0	0.003	0.003	529	246.59	219	1056	
4.25	4.5	4	5	2	3	67	26484	53	21413	0.00445283	0.00346169	0.003	0.017	404.019	217.556	18	839	
4.25	4.5	2	6	1	3	71	26492	72	27294	0.00708333	0.00572553	0.003	0.017	379.083	189.632	3	749	
4.25	4.5	2	7	4	3	65	26480	66	27053	0.00575757	0.00344656	0.003	0.01	409.894	195.01	10	817	
4.25	4.5	2	8	5	3	78	26506	70	25093	0.0045	0.00393332	0.003	0.017	358.471	186.069	18	839	
4.25	4.5	2	9	2	3	69	26488	66	25669	0.00586364	0.00490804	0.003	0.017	388.924	198.173	18	749	
4.25	4.5	2	10	3	3	70	26490	72	27293	0.00718055	0.00583415	0.003	0.017	379.069	185.976	10	749	
4.25	4.5	3	11	1	3	50	26450	50	26738	0.0093	0.00696419	0.003	0.017	534.76	237.097	91	1056	
4.25	4.5	3	12	3	3	45	26440	45	26650	0.00657778	0.00353868	0.003	0.01	592.222	268.805	59	1056	
4.25	4.5	3	13	5	3	64	26478	52	20532	0.00461538	0.00451644	0.003	0.017	394.846	180.035	32	621	
4.25	4.5	3	14	4	3	45	26440	45	26440	0.00704444	0.00349646	0.003	0.01	587.556	282.558	34	1056	
4.25	4.5	3	15	2	3	47	26444	47	26444	0.00702128	0.00349838	0.003	0.01	562.638	256.552	91	1056	
4.25	4.5	1	16	5	3	74	26498	62	23029	0.00570968	0.00625519	0.003	0.024	371.435	143.996	49	741	
4.25	4.5	1	17	4	3	77	26504	72	24890	0.00776389	0.00608506	0.003	0.024	345.694	159.198	49	669	
4.25	4.5	1	18	3	3	74	26498	67	23494	0.0081194	0.0065146	0.003	0.024	350.657	151.604	32	669	
4.25	4.5	1	19	2	3	71	26492	71	27079	0.00911268	0.00709235	0.003	0.024	381.394	152.37	39	775	
4.25	4.5	1	20	1	3	62	26474	62	27344	0.01	0.00620946	0.003	0.017	441.032	210.356	15	1056	
4.5	4.75	4	1	5	3	56	26462	44	18602	0.0065	0.00613226	0.003	0.017	422.773	183.501	101	839	
4.5	4.75	4	2	3	3	49	26448	48	25987	0.00664583	0.00353397	0.003	0.01	541.396	224.679	58	1056	
4.5	4.75	4	3	1	3	52	26454	52	26003	0.00946154	0.00704735	0.003	0.017	500.058	270.469	10	1056	
4.5	4.75	4	4	4	3	39	26428	39	26428	0.003	0	0.003	0.003	677.641	320.617	219	1056	
4.5	4.75	4	5	2	3	53	26456	39	19069	0.00676923	0.00597566	0.003	0.017	488.949	158.663	66	839	
4.5	4.75	2	6	1	3	66	26482	65	25877	0.00849231	0.00560168	0.003	0.017	398.108	193.742	34	807	
4.5	4.75	2	7	4	3	56	26462	55	25697	0.00669091	0.003527	0.003	0.01	467.218	207.169	122	903	
4.5	4.75	2	8	5	3	77	26504	69	23719	0.00502898	0.00510758	0.003	0.024	343.754	177.19	49	693	
4.5	4.75	2	9	2	3	63	26478	60	25157	0.00883333	0.00620324	0.003	0.024	419.283	221.109	49	1095	
4.5	4.75	2	10	3	3	63	26476	62	25959	0.00706452	0.00545885	0.003	0.017	418.694	187.05	34	775	
4.5	4.75	3	11	1	3	51	26452	51	26356	0.00917647	0.0062055	0.003	0.017	516.784	268.321	93	1056	
4.5	4.75	3	12	3	3	48	26446	48	25641	0.00679167	0.00352474	0.003	0.01	534.188	302.453	52	1056	
4.5	4.75	3	13	5	3	63	26476	48	19058	0.00489583	0.00401719	0.003	0.017	397.042	211.599	50	1056	
4.5	4.75	3	14	4	3	50	26450	50	25613	0.00594	0.00348999	0.003	0.01	512.26	253.824	91	1056	
4.5	4.75	3	15	2	3	45	26440	45	25821	0.00735555	0.00343217	0.003	0.01	573.8	296.567	26	1056	
4.5	4.75	1	16	5	3	86	26524	79	23548	0.0053924	0.0055917	0.003	0.024	298.076	148.786	23	630	
4.5	4.75	1	17	4	3	78	26506	77	25004	0.00672727	0.00607115	0.003	0.024	324.727	157.386	15	849	
4.5	4.75	1	18	3	3	86	26524	81	25071	0.00619753	0.00606717	0.003	0.024	309.519	153.386	23	781	
4.5	4.75	1	19	2	3	81	26512	78	25466	0.00667949	0.00655148	0.003	0.024	326.487	176.756	8	839	
4.5	4.75	1	20	1	3	73	26498	73	25716	0.00741096	0.00553483	0.003	0.017	352.274	183.261	7	717	
4.75	5	4	1	5	3	62	26474	47	19142	0.00478723	0.00449123	0.003	0.024	407.277	209.953	49	749	
4.75	5	4	2	3	3	48	26446	48	26598	0.00577083	0.00345943	0.003	0.01	554.125	274.513	10	1056	
4.75	5	4	3	1	3	61	26472	62	27037	0.00751613	0.00659792	0.003	0.017	436.081	191.203	10	909	
4.75	5	4	4	4	3	48	26446	48	26446	0.003	0	0.003	0.003	550.958	292.431	219	1056	
4.75	5	4	5	2	3	63	26476	47	20647	0.00508511	0.00435805	0.003	0.017	439.298	207.232	49	839	
4.75	5	2	6	1	3	62	26474	62	26725	0.00830645	0.00590245	0.003	0.017	431.048	213.996	10	1056	
4.75	5	2	7	4	3	56	26462	56	26973	0.00675	0.00352265	0.003	0.01	481.661	229.585	10	1056	
4.75	5	2	8	5	3	75	26500	73	27176	0.00578082	0.00580289	0.003	0.024	372.274	185.926	49	749	
4.75	5	2	9	2	3	66	26482	69	27803	0.00797101	0.00601462	0.003	0.024	402.942	233.604	11	1056	
4.75	5	2	10	3	3	60	26470	60	26813	0.00825	0.00599329	0.003	0.017	446.883	200.736	34	839	
4.75	5	3	11	1	3	52	26454	54	27222	0.00909259	0.00693982	0.003	0.017	504.111	229.224	91	967	
4.75	5	3	12	3	3	44	26438	45	27494	0.00657778	0.00353868	0.003	0.01	610.978	350.027	52	1056	
4.75	5	3	13	5	3	65	26480	41	16985	0.003	0	0.003	0.003	414.268	170.972	75	621	
4.75	5	3	14	4	3	42	26434	43	27490	0.00674419	0.00353279	0.003	0.01	639.302	318.186	70	1056	
4.75	5	3	15	2	3	41	26432	42	27488	0.00683333	0.00352632	0.003	0.01	654.476	304.643	198	1056	
4.75	5	1	16	5	3	91	26532	90	26562	0.0065	0.00640444	0.003	0.024	295.133	168.864	32	903	
4.75	5	1	17	4	3	79	26510	77	25780	0.008	0.00679977	0.003	0.024	334.805	143.188	39	741	
4.75	5	1	18	3	3	85	26522	81	25452	0.00688889	0.00626099	0.003	0.024	314.222	166.08	7	621	
4.75	5	1	19	2	3	81	26512	82	26637	0.00786585	0.00727037	0.003	0.024	324.841	168.387	11	637	
4.75	5	1	20	1	3	74	26498	75	26500	0.00776	0.00588594	0.003	0.017	353.333	152.23	42	669	
5	5.25	4	1	5	3	71	26492	67	25703	0.00362686	0.00316149	0.003	0.024	383.627	187.625	18	693	
5	5.25	4	2	3	3	58	26466	58	26377	0.0042069	0.00266727	0.003	0.01	454.776	187.988	10	749	
5	5.25	4	3	1	3	75	26500	76	26615	0.00438158	0.00412462	0.003	0.017	350.197	177.422	57	775	
5	5.25	4	4	4	3	50	26450	50	26450	0.003	0	0.003	0.003	529	267.622	219	1056	
5	5.25	4	5	2	3	69	26488	63	25035	0.00477778	0.00354894	0.003	0.017	397.381	219.246	18	839	
5	5.25	2	6	1	3	71	26492	73	26880	0.00645205	0.006076	0.003	0.017	368.219	186.944	3	693	
5	5.25	2	7	4	3	62	26474	62	26291	0.00469355	0.00302226	0.003	0.01	424.048	149.413	113	717	
5	5.25	2	8	5	3	78	26506	62	24331	0.0031129	0.000889001	0.003	0.01	392.435	169.377	49	839	
5	5.25	2	9	2	3	78	26506	71	25065	0.00546479	0.00604467	0.003	0.024	353.028	183.124	11	775	
5	5.25	2	10	3	3	69	26488	70	27220	0.0062	0.00592122	0.003	0.017	388.857	168.859	10	693	
5	5.25	3	11	1	3	51	26452	49	24431	0.00614286	0.00590198	0.003	0.017	498.592	240.505	92	1056	
5	5.25	3	12	3	3	46	26442	45	25386	0.0058	0.00346804	0.003	0.01	564.133	308.429	59	1056	
5	5.25	3	13	5	3	69	26488	64	24292	0.0051875	0.00556028	0.003	0.024	379.563	213.091	32	1056	
5	5.25	3	14	4	3	50	26450	48	25392	0.0051875	0.00327892	0.003	0.01	529	239.437	70	1056	
5	5.25	3	15	2	3	49	26448	48	25392	0.005625	0.00342472	0.003	0.01	529	251.782	66	1056	
5	5.25	1	16	5	3	83	26516	65	20762	0.00461538	0.0056394	0.003	0.024	319.415	140.734	32	685	
5	5.25	1	17	4	3	68	26488	62	23843	0.00909677	0.00744314	0.003	0.024	384.565	158.874	49	693	
5	5.25	1	18	3	3	77	26506	61	19651	0.00632787	0.0059406	0.003	0.024	322.148	161.06	16	839	
5	5.25	1	19	2	3	69	26490	62	22966	0.00853226	0.00648003	0.003	0.024	370.419	142.666	49	773	
5	5.25	1	20	1	3	59	26468	58	26749	0.00903448	0.00699365	0.003	0.017	461.19	185.483	93	1056	
5.25	5.5	4	1	5	3	81	26512	75	25219	0.00365333	0.00261747	0.003	0.017	336.253	183.51	7	693	
5.25	5.5	4	2	3	3	58	26466	59	26864	0.00430508	0.00274963	0.003	0.01	455.322	185.133	10	871	
5.25	5.5	4	3	1	3	75	26500	74	26314	0.00441892	0.00401028	0.003	0.017	355.595	171.173	57	717	
5.25	5.5	4	4	4	3	51	26452	51	26452	0.003	0	0.003	0.003	518.667	218.92	219	839	
5.25	5.5	4	5	2	3	72	26494	68	25431	0.00598529	0.00583989	0.003	0.024	373.985	218.866	34	901	
5.25	5.5	2	6	1	3	74	26498	72	26334	0.0065	0.0059906	0.003	0.017	365.75	180.009	10	605	
5.25	5.5	2	7	4	3	61	26472	61	26787	0.00540984	0.00335349	0.003	0.01	439.131	177.745	26	833	
5.25	5.5	2	8	5	3	81	26512	68	23967	0.00320588	0.00169775	0.003	0.017	352.456	154.369	18	839	
5.25	5.5	2	9	2	3	75	26500	72	26272	0.0065	0.00674902	0.003	0.024	364.889	164.896	57	693	
5.25	5.5	2	10	3	3	72	26494	72	26291	0.00679167	0.0062098	0.003	0.017	365.153	212.653	10	1056	
5.25	5.5	3	11	1	3	50	26450	51	27415	0.00752941	0.00654019	0.003	0.017	537.549	312.968	92	1056	
5.25	5.5	3	12	3	3	44	26438	44	26438	0.00586364	0.00348145	0.003	0.01	600.864	285.323	59	1056	
5.25	5.5	3	13	5	3	64	26480	59	25189	0.00620339	0.00627744	0.003	0.024	426.932	252.786	15	1095	
5.25	5.5	3	14	4	3	49	26448	50	26933	0.0051	0.00324037	0.003	0.01	538.66	278.576	91	1056	
5.25	5.5	3	15	2	3	48	26446	48	27193	0.005625	0.00342472	0.003	0.01	566.521	284.491	91	1056	
5.25	5.5	1	16	5	3	76	26502	56	18006	0.00425	0.0044487	0.003	0.024	321.536	141.197	49	597	
5.25	5.5	1	17	4	3	71	26492	69	25948	0.00898551	0.00752348	0.003	0.024	376.058	165.707	73	1056	
5.25	5.5	1	18	3	3	72	26494	65	23692	0.00881538	0.00738007	0.003	0.024	364.492	146.281	32	693	
5.25	5.5	1	19	2	3	70	26490	69	26040	0.00847826	0.00688265	0.003	0.024	377.391	158.31	50	839	
5.25	5.5	1	20	1	3	60	26470	60	26187	0.00848333	0.00683087	0.003	0.017	436.45	209.12	50	1056	
5.5	5.75	4	1	5	3	62	26474	48	19452	0.00372917	0.00297321	0.003	0.017	405.25	205.688	18	839	
5.5	5.75	4	2	3	3	50	26450	49	25394	0.00557143	0.00340955	0.003	0.01	518.245	246.409	10	1056	
5.5	5.75	4	3	1	3	62	26474	61	25434	0.00701639	0.00619002	0.003	0.017	416.951	229.833	57	1056	
5.5	5.75	4	4	4	3	49	26448	49	26448	0.003	0	0.003	0.003	539.755	243.262	219	1056	
5.5	5.75	4	5	2	3	65	26480	50	19145	0.00412	0.00295296	0.003	0.017	382.9	199.595	49	839	
5.5	5.75	2	6	1	3	66	26482	67	26257	0.00801492	0.00606903	0.003	0.017	391.896	190.025	3	749	
5.5	5.75	2	7	4	3	58	26466	60	26897	0.00603333	0.00349802	0.003	0.01	448.283	150.254	113	749	
5.5	5.75	2	8	5	3	81	26512	72	24798	0.00416667	0.00389655	0.003	0.017	344.417	172.889	32	839	
5.5	5.75	2	9	2	3	74	26498	72	26323	0.00669444	0.0059874	0.003	0.024	365.597	168.304	57	773	
5.5	5.75	2	10	3	3	64	26478	65	26696	0.00773846	0.00607576	0.003	0.017	410.708	194.076	34	1056	
5.5	5.75	3	11	1	3	49	26448	48	26364	0.009125	0.00671494	0.003	0.017	549.25	286.791	90	1056	
5.5	5.75	3	12	3	3	44	26438	44	26438	0.0065	0.00354046	0.003	0.01	600.864	324.928	20	1056	
5.5	5.75	3	13	5	3	66	26482	54	21005	0.00455555	0.00422779	0.003	0.017	388.981	177.702	75	621	
5.5	5.75	3	14	4	3	48	26446	47	25961	0.00627659	0.00353062	0.003	0.01	552.362	251.161	12	1056	
5.5	5.75	3	15	2	3	51	26452	50	25703	0.0065	0.00353553	0.003	0.01	514.06	250.856	66	1056	
5.5	5.75	1	16	5	3	84	26518	73	21806	0.00491781	0.00537937	0.003	0.024	298.712	153.516	23	626	
5.5	5.75	1	17	4	3	77	26504	73	25535	0.00750685	0.00673944	0.003	0.024	349.795	166.715	35	741	
5.5	5.75	1	18	3	3	83	26516	72	22544	0.00669444	0.00632375	0.003	0.024	313.111	173.004	15	839	
5.5	5.75	1	19	2	3	80	26510	80	26809	0.008075	0.00721597	0.003	0.024	335.113	168.014	11	669	
5.5	5.75	1	20	1	3	69	26488	69	26675	0.00837681	0.00636882	0.003	0.017	386.594	186.07	58	839	
5.75	6	4	1	5	3	55	26460	37	17733	0.00545946	0.0052736	0.003	0.017	479.27	171.963	101	775	
5.75	6	4	2	3	3	42	26434	41	26432	0.00743902	0.00341357	0.003	0.01	644.683	274.284	155	1056	
5.75	6	4	3	1	3	55	26460	55	26515	0.00936364	0.00703526	0.003	0.017	482.091	204.808	57	1056	
5.75	6	4	4	4	3	43	26436	43	26436	0.003	0	0.003	0.003	614.791	306.238	219	1056	
5.75	6	4	5	2	3	53	26456	37	18089	0.00527027	0.00468241	0.003	0.017	488.892	206.936	49	1056	
5.75	6	2	6	1	3	62	26474	60	25423	0.01	0.00531388	0.003	0.017	423.717	201.052	10	1056	
5.75	6	2	7	4	3	60	26470	60	25633	0.00755	0.00336696	0.003	0.01	427.217	232.842	10	1056	
5.75	6	2	8	5	3	87	26524	79	24148	0.00406329	0.00389721	0.003	0.024	305.671	164.342	48	637	
5.75	6	2	9	2	3	63	26476	63	25866	0.009	0.00574175	0.003	0.024	410.571	200.454	3	1056	
5.75	6	2	10	3	3	64	26478	62	25710	0.00841935	0.00572755	0.003	0.017	414.677	184.877	10	775	
5.75	6	3	11	1	3	48	26446	49	26717	0.00957143	0.00661123	0.003	0.017	545.245	262.874	27	1056	
5.75	6	3	12	3	3	42	26434	42	26651	0.00733333	0.00344055	0.003	0.01	634.548	360.79	59	1056	
5.75	6	3	13	5	3	60	26470	46	20320	0.00452174	0.00358849	0.003	0.017	441.739	185.363	75	839	
5.75	6	3	14	4	3	44	26438	46	27496	0.00695652	0.00350844	0.003	0.01	597.739	250.806	27	1056	
5.75	6	3	15	2	3	44	26438	45	27323	0.00766667	0.00333712	0.003	0.01	607.178	337.252	18	1056	
5.75	6	1	16	5	3	91	26532	82	22527	0.00445122	0.00450008	0.003	0.024	274.72	162.024	32	781	
5.75	6	1	17	4	3	76	26502	75	26827	0.00841333	0.0063631	0.003	0.024	357.693	179.443	15	871	
5.75	6	1	18	3	3	83	26516	78	25531	0.00721795	0.00578993	0.003	0.024	327.321	173.062	32	1056	
5.75	6	1	19	2	3	78	26508	76	26318	0.00797368	0.00602876	0.003	0.024	346.289	167.103	15	669	
5.75	6	1	20	1	3	70	26490	71	27322	0.00773239	0.00552128	0.003	0.017	384.817	187.57	18	839	
6	6.25	4	1	5	3	56	26462	53	25599	0.00749057	0.00645285	0.003	0.017	483	199.534	49	849	
6	6.25	4	2	3	3	46	26442	48	27500	0.00664583	0.00353397	0.003	0.01	572.917	254.91	10	1056	
6	6.25	4	3	1	3	56	26462	57	27450	0.00815789	0.0068133	0.003	0.017	481.579	228.853	57	1056	
6	6.25	4	4	4	3	42	26434	42	26434	0.003	0	0.003	0.003	629.381	308.288	219	1056	
6	6.25	4	5	2	3	57	26464	46	20838	0.0058913	0.00563414	0.003	0.017	453	213.668	49	1009	
6	6.25	2	6	1	3	70	26490	71	27837	0.0088169	0.00614657	0.003	0.017	392.07	184.291	7	903	
6	6.25	2	7	4	3	59	26468	59	27159	0.00608474	0.00350511	0.003	0.01	460.322	195.276	3	1056	
6	6.25	2	8	5	3	73	26496	57	21312	0.00422807	0.00399561	0.003	0.017	373.895	146.2	32	637	
6	6.25	2	9	2	3	67	26484	63	25863	0.00844444	0.00595623	0.003	0.017	410.524	170.285	51	693	
6	6.25	2	10	3	3	74	26498	74	26953	0.00791892	0.00662862	0.003	0.017	364.23	165.603	42	693	
6	6.25	3	11	1	3	57	26464	59	27616	0.00655932	0.00509655	0.003	0.017	468.068	260.012	91	967	
6	6.25	3	12	3	3	48	26446	49	27285	0.00557143	0.00340955	0.003	0.01	556.837	287.983	59	1056	
6	6.25	3	13	5	3	66	26482	59	23840	0.00644068	0.004928	0.003	0.024	404.068	218.824	32	839	
6	6.25	3	14	4	3	50	26450	50	26450	0.00622	0.0035242	0.003	0.01	529	296.02	27	1056	
6	6.25	3	15	2	3	51	26452	52	26625	0.00663461	0.00353153	0.003	0.01	512.019	245.899	27	1056	
6	6.25	1	16	5	3	74	26498	57	19436	0.00508772	0.00560701	0.003	0.024	340.982	139.153	7	685	
6	6.25	1	17	4	3	73	26496	68	24157	0.00722059	0.00696226	0.003	0.024	355.25	167.526	11	741	
6	6.25	1	18	3	3	73	26496	63	22054	0.00566667	0.00608541	0.003	0.024	350.063	132.809	117	825	
6	6.25	1	19	2	3	75	26500	71	24693	0.00753521	0.00670358	0.003	0.024	347.789	149.335	49	646	
6	6.25	1	20	1	3	67	26484	66	25304	0.00787879	0.00637668	0.003	0.017	383.394	198.4	11	909	
6.25	6.5	4	1	5	3	68	26486	58	21969	0.00372414	0.00312765	0.003	0.017	378.776	192.227	3	693	
6.25	6.5	4	2	3	3	52	26454	51	25849	0.00492157	0.00315495	0.003	0.01	506.843	237.404	10	1056	
6.25	6.5	4	3	1	3	62	26474	61	25543	0.00632787	0.0059406	0.003	0.017	418.738	179.254	58	775	
6.25	6.5	4	4	4	3	44	26438	44	26438	0.003	0	0.003	0.003	600.864	263.498	219	1056	
6.25	6.5	4	5	2	3	65	26480	51	19773	0.00382353	0.00267362	0.003	0.017	387.706	196.473	42	839	
6.25	6.5	2	6	1	3	67	26484	67	25519	0.00791045	0.00621516	0.003	0.017	380.881	186.599	3	693	
6.25	6.5	2	7	4	3	63	26476	62	25783	0.0065	0.00374932	0.003	0.017	415.855	181.822	10	749	
6.25	6.5	2	8	5	3	86	26522	78	24106	0.00344872	0.00235017	0.003	0.017	309.051	187.724	32	621	
6.25	6.5	2	9	2	3	71	26492	68	24797	0.00752941	0.00670814	0.003	0.024	364.662	173.761	3	775	
6.25	6.5	2	10	3	3	63	26476	63	26102	0.00811111	0.00605648	0.003	0.017	414.317	147.16	34	693	
6.25	6.5	3	11	1	3	51	26452	49	25780	0.00871428	0.00695222	0.003	0.017	526.122	255.534	91	967	
6.25	6.5	3	12	3	3	45	26440	44	26189	0.00634091	0.0035368	0.003	0.01	595.205	329.546	59	1056	
6.25	6.5	3	13	5	3	66	26482	52	19420	0.00380769	0.0032961	0.003	0.017	373.462	178.373	32	621	
6.25	6.5	3	14	4	3	46	26442	45	25386	0.00626667	0.00353167	0.003	0.01	564.133	287.316	66	1056	
6.25	6.5	3	15	2	3	50	26450	49	26013	0.00614286	0.00351781	0.003	0.01	530.878	245.652	66	1056	
6.25	6.5	1	16	5	3	93	26536	83	23522	0.00544578	0.0061292	0.003	0.024	283.398	134.818	32	621	
6.25	6.5	1	17	4	3	77	26504	72	24208	0.007375	0.00648169	0.003	0.024	336.222	145.103	15	669	
6.25	6.5	1	18	3	3	81	26512	71	22381	0.00615493	0.00512876	0.003	0.024	315.225	145.723	32	669	
6.25	6.5	1	19	2	3	80	26510	77	24990	0.00754545	0.00609043	0.003	0.024	324.545	143.306	7	573	
6.25	6.5	1	20	1	3	64	26478	63	26265	0.00866667	0.0062682	0.003	0.017	416.905	175.47	34	1056	
6.5	6.75	4	1	5	3	72	26494	62	22948	0.00390322	0.00322749	0.003	0.017	370.129	190.559	18	839	
6.5	6.75	4	2	3	3	51	26452	52	27057	0.00515385	0.00326229	0.003	0.01	520.327	241.635	10	1056	
6.5	6.75	4	3	1	3	71	26492	73	27606	0.00568493	0.00554997	0.003	0.017	378.164	198.905	10	839	
6.5	6.75	4	4	4	3	49	26448	49	26448	0.003	0	0.003	0.003	539.755	219.4	219	1056	
6.5	6.75	4	5	2	3	68	26486	58	22461	0.00710345	0.00508417	0.003	0.024	387.259	208.209	42	749	
6.5	6.75	2	6	1	3	64	26478	64	27452	0.00748437	0.00602901	0.003	0.017	428.938	178.194	10	807	
6.5	6.75	2	7	4	3	63	26476	64	27412	0.00617187	0.00351213	0.003	0.01	428.312	216.723	11	1056	
6.5	6.75	2	8	5	3	85	26520	75	24966	0.00430667	0.00410001	0.003	0.017	332.88	154.897	3	621	
6.5	6.75	2	9	2	3	74	26498	76	28065	0.00631579	0.00576937	0.003	0.024	369.276	189.309	15	839	
6.5	6.75	2	10	3	3	75	26500	75	26335	0.00626667	0.00555886	0.003	0.017	351.133	183.194	31	693	
6.5	6.75	3	11	1	3	47	26444	47	26242	0.0107447	0.00703553	0.003	0.017	558.34	285.367	91	1056	
6.5	6.75	3	12	3	3	42	26434	42	25629	0.0075	0.00339476	0.003	0.01	610.214	328.943	59	1056	
6.5	6.75	3	13	5	3	63	26476	39	16432	0.00335897	0.00224179	0.003	0.017	421.333	175.072	32	621	
6.5	6.75	3	14	4	3	42	26434	42	27053	0.00733333	0.00344055	0.003	0.01	644.119	281.251	219	1056	
6.5	6.75	3	15	2	3	44	26438	44	26438	0.00761364	0.00335646	0.003	0.01	600.864	319.506	91	1056	
6.5	6.75	1	16	5	3	97	26544	96	25627	0.00555208	0.00601904	0.003	0.024	266.948	140.628	4	669	
6.5	6.75	1	17	4	3	83	26516	84	27924	0.00766667	0.00681482	0.003	0.024	332.429	166.242	7	669	
6.5	6.75	1	18	3	3	81	26512	79	26521	0.0076962	0.00611084	0.003	0.024	335.709	174.198	12	669	
6.5	6.75	1	19	2	3	78	26506	80	27501	0.0083375	0.00688779	0.003	0.024	343.762	169.001	15	669	
6.5	6.75	1	20	1	3	73	26500	74	27472	0.00706757	0.00579402	0.003	0.017	371.243	151.232	73	621	
6.75	7	4	1	5	3	69	26488	66	25009	0.00554545	0.00584197	0.003	0.024	378.924	206.745	101	1056	
6.75	7	4	2	3	3	55	26460	54	26151	0.00546296	0.00337423	0.003	0.01	484.278	216.756	10	1056	
6.75	7	4	3	1	3	60	26470	58	25934	0.00637931	0.0060432	0.003	0.017	447.138	245.461	44	1056	
6.75	7	4	4	4	3	48	26446	48	26446	0.003	0	0.003	0.003	550.958	236.786	219	1056	
6.75	7	4	5	2	3	64	26478	57	23045	0.0065614	0.00514441	0.003	0.017	404.298	238.572	7	1056	
6.75	7	2	6	1	3	65	26480	65	25609	0.00773846	0.00632277	0.003	0.017	393.985	190.183	7	775	
6.75	7	2	7	4	3	53	26456	54	26578	0.00559259	0.00341207	0.003	0.01	492.185	172.319	122	1056	
6.75	7	2	8	5	3	86	26522	75	24210	0.00449333	0.0047856	0.003	0.024	322.8	169.017	7	669	
6.75	7	2	9	2	3	69	26488	67	25511	0.00770149	0.00625957	0.003	0.024	380.761	174.935	42	717	
6.75	7	2	10	3	3	67	26484	68	27038	0.00691176	0.00632865	0.003	0.017	397.618	157.247	74	773	
6.75	7	3	11	1	3	55	26460	56	26849	0.008125	0.00618815	0.003	0.017	479.446	232.586	8	1056	
6.75	7	3	12	3	3	49	26448	49	26665	0.00585714	0.00347611	0.003	0.01	544.184	315.656	52	1056	
6.75	7	3	13	5	3	70	26490	57	22091	0.00631579	0.00547122	0.003	0.024	387.561	209.864	32	839	
6.75	7	3	14	4	3	50	26450	50	26877	0.00538	0.00334963	0.003	0.01	537.54	299.994	66	1056	
6.75	7	3	15	2	3	47	26444	47	26726	0.00553191	0.00339981	0.003	0.01	568.638	264.249	121	1056	
6.75	7	1	16	5	3	90	26530	81	24146	0.00619753	0.00655252	0.003	0.024	298.099	155.454	24	669	
6.75	7	1	17	4	3	80	26510	76	25065	0.00705263	0.00639144	0.003	0.024	329.803	152.727	19	749	
6.75	7	1	18	3	3	87	26524	80	24463	0.0065	0.00677486	0.003	0.024	305.787	135.913	7	621	
6.75	7	1	19	2	3	78	26506	74	25301	0.00735135	0.00631465	0.003	0.024	341.905	166.185	49	693	
6.75	7	1	20	1	3	71	26492	72	26582	0.00805555	0.00612979	0.003	0.017	369.194	201.443	10	1056	
7	7.25	4	1	5	3	69	26488	59	21915	0.00394915	0.00303669	0.003	0.017	371.441	206.352	42	839	
7	7.25	4	2	3	3	52	26454	53	26763	0.00550943	0.00338902	0.003	0.01	504.962	266.017	10	1056	
7	7.25	4	3	1	3	63	26476	63	25954	0.00688889	0.00625818	0.003	0.017	411.968	196.965	35	941	
7	7.25	4	4	4	3	42	26434	42	26434	0.003	0	0.003	0.003	629.381	285.564	219	1056	
7	7.25	4	5	2	3	63	26476	53	21775	0.00471698	0.0040968	0.003	0.017	410.849	202.147	49	1056	
7	7.25	2	6	1	3	66	26482	66	26741	0.00830303	0.00614684	0.003	0.017	405.167	206.533	7	1056	
7	7.25	2	7	4	3	57	26464	56	26090	0.006625	0.00377341	0.003	0.017	465.893	185.283	113	1056	
7	7.25	2	8	5	3	78	26506	75	25761	0.00514667	0.00527025	0.003	0.024	343.48	165.383	32	636	
7	7.25	2	9	2	3	67	26484	66	26154	0.00734848	0.00598586	0.003	0.024	396.273	194.501	7	909	
7	7.25	2	10	3	3	64	26478	62	25851	0.00751613	0.00595817	0.003	0.017	416.952	191.635	27	1031	
7	7.25	3	11	1	3	49	26448	50	26933	0.00706	0.00601498	0.003	0.017	538.66	239.741	186	1056	
7	7.25	3	12	3	3	48	26446	48	27227	0.0060625	0.0035093	0.003	0.01	567.229	268.597	52	1056	
7	7.25	3	13	5	3	73	26496	62	21892	0.00480645	0.00455868	0.003	0.024	353.097	200.319	8	709	
7	7.25	3	14	4	3	52	26454	53	26464	0.00524528	0.00329863	0.003	0.01	499.321	234.883	10	1056	
7	7.25	3	15	2	3	53	26456	53	26302	0.00524528	0.00329863	0.003	0.01	496.264	280.327	3	1056	
7	7.25	1	16	5	3	89	26521	86	25489	0.00536046	0.00510574	0.003	0.024	296.384	138.897	32	621	
7	7.25	1	17	4	3	84	26518	83	26615	0.0073012	0.00635866	0.003	0.024	320.663	148.448	49	573	
7	7.25	1	18	3	3	90	26530	86	25016	0.00576744	0.00506818	0.003	0.024	290.884	155.404	23	839	
7	7.25	1	19	2	3	86	26522	83	25972	0.00679518	0.00516262	0.003	0.024	312.916	170.017	47	839	
7	7.25	1	20	1	3	82	26516	82	26361	0.00581707	0.00502372	0.003	0.017	321.476	156.793	7	669	
7.25	7.5	4	1	5	3	59	26468	38	15968	0.00336842	0.0022711	0.003	0.017	420.211	163	49	775	
7.25	7.5	4	2	3	3	46	26442	45	25386	0.00673333	0.00353167	0.003	0.01	564.133	193.398	58	1056	
7.25	7.5	4	3	1	3	53	26456	53	26160	0.00881132	0.00696435	0.003	0.017	493.585	235.757	3	1056	
7.25	7.5	4	4	4	3	45	26440	45	26440	0.003	0	0.003	0.003	587.556	290.674	219	1056	
7.25	7.5	4	5	2	3	61	26472	39	15292	0.003	0	0.003	0.003	392.103	181.229	49	749	
7.25	7.5	2	6	1	3	61	26472	61	26344	0.00793443	0.00547378	0.003	0.017	431.869	204.321	34	1056	
7.25	7.5	2	7	4	3	59	26468	58	25784	0.00637931	0.00352847	0.003	0.01	444.552	201.126	10	1056	
7.25	7.5	2	8	5	3	86	26522	77	22567	0.004	0.00388655	0.003	0.024	293.078	165.817	32	621	
7.25	7.5	2	9	2	3	75	26500	73	25629	0.00760274	0.00585885	0.003	0.024	351.082	199.514	15	839	
7.25	7.5	2	10	3	3	65	26480	65	26188	0.0072	0.00491871	0.003	0.017	402.892	199.601	10	833	
7.25	7.5	3	11	1	3	51	26452	49	24727	0.00885714	0.00675463	0.003	0.017	504.633	268.541	82	1056	
7.25	7.5	3	12	3	3	43	26436	43	26033	0.00674419	0.00353279	0.003	0.01	605.419	273.058	58	1056	
7.25	7.5	3	13	5	3	65	26480	46	17368	0.00467391	0.00515129	0.003	0.024	377.565	185.201	32	621	
7.25	7.5	3	14	4	3	48	26446	47	26009	0.00627659	0.00353062	0.003	0.01	553.383	232.167	26	1056	
7.25	7.5	3	15	2	3	47	26444	47	25697	0.00627659	0.00353062	0.003	0.01	546.745	282.906	121	1056	
7.25	7.5	1	16	5	3	92	26541	87	25076	0.00452873	0.00482445	0.003	0.024	288.23	154.918	9	621	
7.25	7.5	1	17	4	3	83	26516	81	25390	0.00706173	0.00604844	0.003	0.024	313.457	159.245	20	775	
7.25	7.5	1	18	3	3	91	26534	88	26313	0.00665909	0.00618654	0.003	0.024	299.011	176.036	7	839	
7.25	7.5	1	19	2	3	77	26504	77	26549	0.008	0.00640929	0.003	0.024	344.792	165.703	76	935	
7.25	7.5	1	20	1	3	81	26512	80	26510	0.00685	0.00521221	0.003	0.017	331.375	156.957	43	839	
7.5	7.75	4	1	5	3	60	26470	47	18944	0.00374468	0.00262487	0.003	0.017	403.064	196.358	49	749	
7.5	7.75	4	2	3	3	53	26456	54	27512	0.0052037	0.00328162	0.003	0.01	509.481	189.545	10	1056	
7.5	7.75	4	3	1	3	66	26482	66	27660	0.00766667	0.00665024	0.003	0.017	419.091	228.005	42	941	
7.5	7.75	4	4	4	3	43	26436	43	26436	0.003	0	0.003	0.003	614.791	293.462	219	1056	
7.5	7.75	4	5	2	3	56	26462	40	18706	0.00545	0.00405697	0.003	0.017	467.65	187.791	42	839	
7.5	7.75	2	6	1	3	62	26474	63	27288	0.00788889	0.00584783	0.003	0.017	433.143	208.97	34	1056	
7.5	7.75	2	7	4	3	56	26462	57	27422	0.00729824	0.00343805	0.003	0.01	481.088	230.327	10	1056	
7.5	7.75	2	8	5	3	66	26482	63	26212	0.00666667	0.00639304	0.003	0.024	416.063	168.874	49	775	
7.5	7.75	2	9	2	3	67	26484	67	26726	0.00843283	0.00607085	0.003	0.024	398.896	204.116	9	775	
7.5	7.75	2	10	3	3	56	26462	57	27162	0.00987719	0.00584035	0.003	0.017	476.526	213.345	10	945	
7.5	7.75	3	11	1	3	53	26456	53	27403	0.00960377	0.00705566	0.003	0.017	517.038	218.207	93	1056	
7.5	7.75	3	12	3	3	43	26436	43	26436	0.00706977	0.00349418	0.003	0.01	614.791	280.133	52	1056	
7.5	7.75	3	13	5	3	60	26470	35	13952	0.003	0	0.003	0.003	398.629	190.28	32	621	
7.5	7.75	3	14	4	3	45	26440	45	25821	0.00688889	0.00351763	0.003	0.01	573.8	260.739	121	1056	
7.5	7.75	3	15	2	3	47	26444	47	27191	0.0067234	0.00353062	0.003	0.01	578.532	257.489	90	1056	
7.5	7.75	1	16	5	3	91	26532	89	25499	0.00638202	0.0067664	0.003	0.024	286.506	154.731	19	621	
7.5	7.75	1	17	4	3	80	26510	80	25978	0.0079875	0.0071485	0.003	0.024	324.725	143.503	57	825	
7.5	7.75	1	18	3	3	89	26528	88	26239	0.00745454	0.00655816	0.003	0.024	298.17	159.628	5	775	
7.5	7.75	1	19	2	3	78	26508	81	27085	0.00818518	0.00740627	0.003	0.024	334.383	158.114	18	775	
7.5	7.75	1	20	1	3	70	26490	71	26647	0.00792958	0.00607882	0.003	0.017	375.31	178.613	42	1056	
7.75	8	4	1	5	3	67	26484	54	20778	0.00390741	0.00334364	0.003	0.017	384.778	214.375	11	839	
7.75	8	4	2	3	3	48	26446	47	25390	0.00538298	0.00335283	0.003	0.01	540.213	218.964	90	1056	
7.75	8	4	3	1	3	64	26478	64	25252	0.00628125	0.00597739	0.003	0.017	394.563	189.326	10	881	
7.75	8	4	4	4	3	46	26442	46	26442	0.003	0	0.003	0.003	574.826	238.622	219	1056	
7.75	8	4	5	2	3	59	26468	53	22859	0.00603773	0.00485546	0.003	0.017	431.302	206.305	18	839	
7.75	8	2	6	1	3	70	26490	68	25320	0.00711765	0.00595388	0.003	0.017	372.353	199.784	7	1056	
7.75	8	2	7	4	3	58	26466	59	26564	0.00572881	0.00344329	0.003	0.01	450.237	186.659	10	839	
7.75	8	2	8	5	3	80	26510	75	26045	0.00486667	0.00518921	0.003	0.024	347.267	167.526	23	621	
7.75	8	2	9	2	3	73	26496	69	25231	0.00705797	0.00580792	0.003	0.024	365.667	180.257	39	749	
7.75	8	2	10	3	3	67	26484	68	26759	0.00660294	0.00610637	0.003	0.017	393.515	180.429	34	807	
7.75	8	3	11	1	3	55	26460	54	26178	0.00896296	0.00657888	0.003	0.017	484.778	261.159	91	967	
7.75	8	3	12	3	3	44	26438	44	26648	0.00697727	0.00350739	0.003	0.01	605.636	345.066	52	1056	
7.75	8	3	13	5	3	64	26478	47	19458	0.00568085	0.00451137	0.003	0.017	414	202.502	50	839	
7.75	8	3	14	4	3	41	26432	42	27488	0.007	0.00350609	0.003	0.01	654.476	326.252	91	1056	
7.75	8	3	15	2	3	45	26440	45	26440	0.00688889	0.00351763	0.003	0.01	587.556	312.02	91	1056	
7.75	8	1	16	5	3	96	26544	92	25478	0.00528261	0.0055019	0.003	0.024	276.935	123.293	7	573	
7.75	8	1	17	4	3	86	26522	85	26204	0.00654118	0.00557322	0.003	0.024	308.282	142.07	23	597	
7.75	8	1	18	3	3	85	26520	83	25994	0.00620482	0.00591764	0.003	0.024	313.181	143.377	7	693	
7.75	8	1	19	2	3	83	26518	82	26059	0.00658536	0.00624589	0.003	0.024	317.793	152.005	3	693	
7.75	8	1	20	1	3	77	26506	76	25818	0.00622368	0.0051681	0.003	0.017	339.711	132.841	55	573	
8	8.25	4	1	5	3	61	26472	48	20645	0.00679167	0.0062873	0.003	0.017	430.104	202.453	12	839	
8	8.25	4	2	3	3	35	26420	35	26420	0.0082	0.00310408	0.003	0.01	754.857	298.069	145	1056	
8	8.25	4	3	1	3	50	26450	50	26690	0.01	0.00707107	0.003	0.017	533.8	231.629	170	1056	
8	8.25	4	4	4	3	41	26432	41	26432	0.003	0	0.003	0.003	644.683	340.708	219	1056	
8	8.25	4	5	2	3	55	26460	42	19416	0.007	0.00640122	0.003	0.017	462.286	193.696	101	901	
8	8.25	2	6	1	3	67	26484	68	27057	0.00835294	0.00542456	0.003	0.017	397.897	165.953	42	693	
8	8.25	2	7	4	3	60	26470	61	27043	0.00701639	0.00371704	0.003	0.017	443.328	188.756	10	833	
8	8.25	2	8	5	3	95	26540	87	24202	0.00364368	0.00313635	0.003	0.024	278.184	178.165	18	749	
8	8.25	2	9	2	3	66	26482	67	27339	0.00885075	0.00579251	0.003	0.024	408.045	199.7	15	1056	
8	8.25	2	10	3	3	65	26480	64	26035	0.0078125	0.00596518	0.003	0.017	406.797	193.309	15	807	
8	8.25	3	11	1	3	54	26458	56	27384	0.0095	0.0060962	0.003	0.017	489	271.112	26	1056	
8	8.25	3	12	3	3	49	26448	49	26640	0.00614286	0.00351781	0.003	0.01	543.673	293.647	20	1056	
8	8.25	3	13	5	3	66	26482	48	19538	0.00547917	0.00420734	0.003	0.024	407.042	223.229	10	839	
8	8.25	3	14	4	3	42	26434	42	26434	0.00733333	0.00344055	0.003	0.01	629.381	310.393	27	1056	
8	8.25	3	15	2	3	53	26456	53	26328	0.00683019	0.00351773	0.003	0.01	496.755	251.715	27	1031	
8	8.25	1	16	5	3	83	26516	71	22509	0.00487324	0.00515178	0.003	0.024	317.028	134.612	32	621	
8	8.25	1	17	4	3	79	26508	70	24159	0.0066	0.006163	0.003	0.024	345.129	120.54	49	638	
8	8.25	1	18	3	3	82	26516	68	21947	0.00598529	0.0059638	0.003	0.024	322.75	151.849	32	669	
8	8.25	1	19	2	3	78	26506	74	25208	0.00772973	0.00715254	0.003	0.024	340.649	140.031	18	597	
8	8.25	1	20	1	3	65	26480	64	26246	0.00857812	0.00600477	0.003	0.017	410.094	213.85	34	1056	
8.25	8.5	4	1	5	3	56	26462	35	15323	0.0042	0.00359575	0.003	0.017	437.8	192.349	101	839	
8.25	8.5	4	2	3	3	45	26440	45	27035	0.00704444	0.00349646	0.003	0.01	600.778	245.423	145	1056	
8.25	8.5	4	3	1	3	54	26458	54	26481	0.00948148	0.00704632	0.003	0.017	490.389	184.035	73	1056	
8.25	8.5	4	4	4	3	46	26442	46	26442	0.003	0	0.003	0.003	574.826	306.07	219	1056	
8.25	8.5	4	5	2	3	55	26460	33	14956	0.00342424	0.00243709	0.003	0.017	453.212	198.836	49	839	
8.25	8.5	2	6	1	3	63	26476	63	26328	0.00833333	0.00572206	0.003	0.017	417.905	196.152	18	833	
8.25	8.5	2	7	4	3	57	26464	56	25408	0.006875	0.00351135	0.003	0.01	453.714	229.191	10	1056	
8.25	8.5	2	8	5	3	80	26510	73	24640	0.00424657	0.00426152	0.003	0.024	337.534	191.443	20	749	
8.25	8.5	2	9	2	3	69	26490	65	25078	0.00827692	0.00539823	0.003	0.024	385.815	200.874	18	810	
8.25	8.5	2	10	3	3	65	26480	64	25727	0.00835937	0.00539949	0.003	0.017	401.984	205.779	11	903	
8.25	8.5	3	11	1	3	50	26450	50	25592	0.0093	0.00667083	0.003	0.017	511.84	242.269	34	1056	
8.25	8.5	3	12	3	3	47	26444	47	26445	0.00687234	0.00351776	0.003	0.01	562.66	286.045	59	1056	
8.25	8.5	3	13	5	3	62	26474	43	16939	0.00446512	0.00472253	0.003	0.024	393.93	170.998	32	621	
8.25	8.5	3	14	4	3	52	26454	51	26363	0.00629412	0.00352871	0.003	0.01	516.922	243.603	26	1056	
8.25	8.5	3	15	2	3	45	26440	45	26440	0.00688889	0.00351763	0.003	0.01	587.556	251.514	66	1056	
8.25	8.5	1	16	5	3	91	26534	85	24553	0.00538823	0.00606727	0.003	0.024	288.859	152.071	32	669	
8.25	8.5	1	17	4	3	79	26508	76	25204	0.00742105	0.00655085	0.003	0.024	331.632	151.767	39	685	
8.25	8.5	1	18	3	3	85	26520	79	25141	0.00610126	0.00621536	0.003	0.024	318.241	155.712	32	669	
8.25	8.5	1	19	2	3	79	26508	81	27419	0.00792592	0.00712527	0.003	0.024	338.506	170.991	16	693	
8.25	8.5	1	20	1	3	69	26488	71	27439	0.00792958	0.00596256	0.003	0.017	386.465	149.493	7	685	
8.5	8.75	4	1	5	3	53	26456	35	16957	0.0044	0.00408872	0.003	0.017	484.486	134.681	157	749	
8.5	8.75	4	2	3	3	47	26444	47	26444	0.00627659	0.00353062	0.003	0.01	562.638	202.102	170	1056	
8.5	8.75	4	3	1	3	56	26462	56	26615	0.00875	0.00694982	0.003	0.017	475.268	184.437	58	1056	
8.5	8.75	4	4	4	3	43	26436	43	26436	0.003	0	0.003	0.003	614.791	277.499	219	1056	
8.5	8.75	4	5	2	3	63	26476	49	19776	0.00557143	0.00528756	0.003	0.017	403.592	206.273	12	839	
8.5	8.75	2	6	1	3	68	26486	68	26601	0.00794118	0.00555	0.003	0.017	391.191	213.017	18	1056	
8.5	8.75	2	7	4	3	60	26470	59	26468	0.00561017	0.00341405	0.003	0.01	448.61	242.734	10	1056	
8.5	8.75	2	8	5	3	90	26530	85	25508	0.00431765	0.00396776	0.003	0.024	300.094	168.156	11	597	
8.5	8.75	2	9	2	3	66	26482	64	25825	0.00835937	0.00594783	0.003	0.024	403.516	183.342	27	839	
8.5	8.75	2	10	3	3	68	26486	69	27167	0.00726087	0.00614686	0.003	0.017	393.725	222.975	18	1056	
8.5	8.75	3	11	1	3	53	26456	52	26550	0.00865385	0.00588746	0.003	0.017	510.577	238.207	27	1056	
8.5	8.75	3	12	3	3	46	26444	46	26041	0.00604348	0.00350844	0.003	0.01	566.109	266.756	58	1056	
8.5	8.75	3	13	5	3	71	26492	65	24505	0.0072	0.0053654	0.003	0.024	377	246.374	12	941	
8.5	8.75	3	14	4	3	50	26450	50	26104	0.00608	0.00350999	0.003	0.01	522.08	220.212	90	1056	
8.5	8.75	3	15	2	3	50	26450	50	26314	0.0079	0.00324037	0.003	0.01	526.28	255.483	12	1056	
8.5	8.75	1	16	5	3	78	26506	71	25304	0.00556338	0.00570396	0.003	0.024	356.394	148.199	7	637	
8.5	8.75	1	17	4	3	79	26508	77	25468	0.00781818	0.00683783	0.003	0.024	330.753	163.382	42	669	
8.5	8.75	1	18	3	3	87	26526	80	24619	0.00615	0.00555775	0.003	0.024	307.737	149.824	15	621	
8.5	8.75	1	19	2	3	80	26510	78	25452	0.00775641	0.00643082	0.003	0.024	326.308	152.266	51	669	
8.5	8.75	1	20	1	3	67	26484	65	25613	0.00698461	0.00580003	0.003	0.017	394.046	165.11	7	685	
8.75	9	4	1	5	3	61	26472	55	25115	0.00618182	0.00584393	0.003	0.017	456.636	180.075	49	839	
8.75	9	4	2	3	3	50	26450	51	26911	0.00629412	0.00352871	0.003	0.01	527.667	263.176	27	1056	
8.75	9	4	3	1	3	58	26466	60	27452	0.00766667	0.00665536	0.003	0.017	457.533	221.307	10	1056	
8.75	9	4	4	4	3	49	26448	49	26448	0.003	0	0.003	0.003	539.755	292.202	219	1056	
8.75	9	4	5	2	3	55	26460	47	23353	0.00642553	0.0056289	0.003	0.017	496.872	210.946	49	1009	
8.75	9	2	6	1	3	66	26482	67	26517	0.00738806	0.00569411	0.003	0.017	395.776	174.742	7	749	
8.75	9	2	7	4	3	61	26472	62	26925	0.00593548	0.00391664	0.003	0.017	434.274	178.8	34	1056	
8.75	9	2	8	5	3	87	26524	74	23507	0.00404054	0.00360532	0.003	0.017	317.662	175.317	32	693	
8.75	9	2	9	2	3	72	26494	70	26588	0.0073	0.00562693	0.003	0.024	379.829	161.992	18	775	
8.75	9	2	10	3	3	71	26492	72	27217	0.00669444	0.0059874	0.003	0.017	378.014	152.741	34	693	
8.75	9	3	11	1	3	54	26458	54	26362	0.00935185	0.0061219	0.003	0.017	488.185	210.56	93	871	
8.75	9	3	12	3	3	51	26452	51	25857	0.0057451	0.00345163	0.003	0.01	507	249.761	20	1056	
8.75	9	3	13	5	3	69	26488	64	26188	0.00540625	0.00378686	0.003	0.017	409.187	226.994	15	839	
8.75	9	3	14	4	3	51	26452	51	25833	0.00601961	0.00350137	0.003	0.01	506.529	225.007	27	1056	
8.75	9	3	15	2	3	53	26456	53	25973	0.00683019	0.00351773	0.003	0.01	490.057	252.866	18	1031	
8.75	9	1	16	5	3	78	26506	62	20813	0.00435484	0.00520119	0.003	0.024	335.694	139.997	49	621	
8.75	9	1	17	4	3	77	26504	67	23298	0.0062388	0.00625249	0.003	0.024	347.731	147.178	49	638	
8.75	9	1	18	3	3	80	26510	68	21835	0.00670588	0.00730377	0.003	0.024	321.103	136.881	32	597	
8.75	9	1	19	2	3	75	26500	72	25981	0.00805555	0.00763404	0.003	0.024	360.847	153.463	42	773	
8.75	9	1	20	1	3	55	26460	56	26672	0.00875	0.00682042	0.003	0.017	476.286	252.847	34	1056	
9	9.25	4	1	5	3	63	26476	55	22989	0.0044	0.00413029	0.003	0.017	417.982	185.859	49	839	
9	9.25	4	2	3	3	53	26456	52	26147	0.00569231	0.00343876	0.003	0.01	502.827	303.002	10	1056	
9	9.25	4	3	1	3	61	26472	59	25038	0.00608474	0.00585246	0.003	0.017	424.373	209.623	73	1056	
9	9.25	4	4	4	3	43	26436	43	26436	0.003	0	0.003	0.003	614.791	274.869	219	1056	
9	9.25	4	5	2	3	65	26480	57	23584	0.00557895	0.00523023	0.003	0.024	413.754	227.917	42	839	
9	9.25	2	6	1	3	72	26494	72	27057	0.00688889	0.0058612	0.003	0.017	375.792	174.993	71	693	
9	9.25	2	7	4	3	63	26476	64	27081	0.00529687	0.00375301	0.003	0.017	423.141	173.491	10	621	
9	9.25	2	8	5	3	81	26512	71	23581	0.00378873	0.003251	0.003	0.017	332.127	158.999	11	621	
9	9.25	2	9	2	3	69	26488	66	25659	0.00681818	0.00537776	0.003	0.017	388.773	185.153	18	839	
9	9.25	2	10	3	3	69	26488	69	26408	0.00655072	0.00595704	0.003	0.017	382.725	202.229	7	757	
9	9.25	3	11	1	3	52	26454	54	27608	0.00766667	0.00623139	0.003	0.017	511.259	280.963	91	1056	
9	9.25	3	12	3	3	50	26450	50	27229	0.00538	0.00334963	0.003	0.01	544.58	274.225	58	1056	
9	9.25	3	13	5	3	74	26498	64	22504	0.00442187	0.00356707	0.003	0.017	351.625	207.753	27	818	
9	9.25	3	14	4	3	49	26448	50	27504	0.00552	0.00339411	0.003	0.01	550.08	231.642	70	1056	
9	9.25	3	15	2	3	51	26452	51	27481	0.00601961	0.00350137	0.003	0.01	538.843	270.5	18	1056	
9	9.25	1	16	5	3	77	26504	68	22831	0.00567647	0.00617032	0.003	0.024	335.75	166.573	18	797	
9	9.25	1	17	4	3	78	26506	76	26017	0.00668421	0.00609964	0.003	0.024	342.329	162.03	49	685	
9	9.25	1	18	3	3	78	26506	72	23713	0.00669444	0.00643196	0.003	0.024	329.347	147.638	7	669	
9	9.25	1	19	2	3	71	26492	69	25811	0.00715942	0.00567145	0.003	0.017	374.072	142.605	66	701	
9	9.25	1	20	1	3	72	26494	73	27359	0.00721918	0.00591901	0.003	0.017	374.781	170.705	3	773	
9.25	9.5	4	1	5	3	61	26472	52	23475	0.00501923	0.00486883	0.003	0.017	451.442	195.473	157	839	
9.25	9.5	4	2	3	3	47	26444	47	26444	0.00582979	0.00347237	0.003	0.01	562.638	254.072	10	1056	
9.25	9.5	4	3	1	3	58	26466	58	27074	0.00698276	0.00616581	0.003	0.017	466.793	229.696	73	1056	
9.25	9.5	4	4	4	3	45	26440	45	26440	0.003	0	0.003	0.003	587.556	304.492	219	1056	
9.25	9.5	4	5	2	3	57	26464	49	21914	0.005	0.00515186	0.003	0.024	447.224	208.543	49	839	
9.25	9.5	2	6	1	3	67	26484	67	26041	0.00759701	0.00591367	0.003	0.017	388.672	170.238	10	669	
9.25	9.5	2	7	4	3	61	26472	60	25899	0.00556667	0.00363769	0.003	0.017	431.65	178.055	58	1056	
9.25	9.5	2	8	5	3	77	26504	65	23878	0.00364615	0.00268928	0.003	0.017	367.354	162.886	49	685	
9.25	9.5	2	9	2	3	74	26498	68	23717	0.00722059	0.00630055	0.003	0.024	348.779	172.337	18	749	
9.25	9.5	2	10	3	3	71	26492	70	26362	0.0067	0.00604416	0.003	0.017	376.6	180.112	10	749	
9.25	9.5	3	11	1	3	56	26462	56	26078	0.0065	0.00516984	0.003	0.017	465.679	242.866	92	1056	
9.25	9.5	3	12	3	3	51	26452	51	26180	0.00547059	0.00337848	0.003	0.01	513.333	280.254	58	1056	
9.25	9.5	3	13	5	3	66	26482	61	24690	0.00678688	0.00565425	0.003	0.024	404.754	208.272	28	839	
9.25	9.5	3	14	4	3	53	26456	52	26147	0.00542308	0.00336269	0.003	0.01	502.827	239.644	18	967	
9.25	9.5	3	15	2	3	53	26456	52	25425	0.00569231	0.00343876	0.003	0.01	488.942	264.135	18	1056	
9.25	9.5	1	16	5	3	72	26494	55	20966	0.00490909	0.00546461	0.003	0.024	381.2	123.486	49	621	
9.25	9.5	1	17	4	3	74	26498	67	24387	0.00770149	0.00693479	0.003	0.024	363.985	125.683	42	693	
9.25	9.5	1	18	3	3	76	26502	63	21777	0.00655555	0.00675559	0.003	0.024	345.667	148.009	32	669	
9.25	9.5	1	19	2	3	67	26484	63	23846	0.00833333	0.00696767	0.003	0.024	378.508	132.869	117	701	
9.25	9.5	1	20	1	3	55	26460	54	25625	0.00935185	0.0066988	0.003	0.017	474.537	183.528	73	1056	
9.5	9.75	4	1	5	3	62	26474	53	23360	0.00511321	0.00487008	0.003	0.017	440.755	218.413	49	1009	
9.5	9.75	4	2	3	3	43	26436	43	26284	0.00625581	0.00353279	0.003	0.01	611.256	293.744	155	1056	
9.5	9.75	4	3	1	3	61	26472	61	25361	0.00713115	0.0064381	0.003	0.017	415.754	203.049	71	1056	
9.5	9.75	4	4	4	3	47	26444	47	26444	0.003	0	0.003	0.003	562.638	264.6	219	1056	
9.5	9.75	4	5	2	3	55	26460	46	21947	0.0065	0.00566765	0.003	0.024	477.109	243.98	17	1056	
9.5	9.75	2	6	1	3	64	26478	63	26276	0.00777778	0.00613673	0.003	0.017	417.079	217.644	10	1031	
9.5	9.75	2	7	4	3	66	26482	65	26448	0.00601538	0.00349326	0.003	0.01	406.892	182.058	10	749	
9.5	9.75	2	8	5	3	79	26508	70	24661	0.0041	0.00406523	0.003	0.024	352.3	172.755	15	685	
9.5	9.75	2	9	2	3	79	26508	77	26153	0.00654545	0.00551921	0.003	0.024	339.649	157.112	8	693	
9.5	9.75	2	10	3	3	71	26492	71	25749	0.00684507	0.00600868	0.003	0.017	362.662	188.515	34	693	
9.5	9.75	3	11	1	3	50	26450	50	26925	0.00888	0.00653605	0.003	0.017	538.5	321.227	92	1056	
9.5	9.75	3	12	3	3	50	26450	50	26538	0.0065	0.00353553	0.003	0.01	530.76	304.488	20	1056	
9.5	9.75	3	13	5	3	59	26468	43	17827	0.00625581	0.00536786	0.003	0.024	414.581	183.008	32	749	
9.5	9.75	3	14	4	3	47	26444	47	26444	0.00642553	0.00353704	0.003	0.01	562.638	291.244	91	1056	
9.5	9.75	3	15	2	3	54	26458	55	27079	0.00656364	0.00353167	0.003	0.01	492.345	316.186	27	1056	
9.5	9.75	1	16	5	3	85	26520	75	22527	0.00477333	0.00475785	0.003	0.024	300.36	167.374	7	849	
9.5	9.75	1	17	4	3	87	26524	81	25127	0.00619753	0.00564894	0.003	0.024	310.21	144.792	7	597	
9.5	9.75	1	18	3	3	81	26512	70	22833	0.0071	0.00647213	0.003	0.024	326.186	146.398	32	621	
9.5	9.75	1	19	2	3	80	26510	78	26493	0.00829487	0.00697139	0.003	0.024	339.654	168.063	7	637	
9.5	9.75	1	20	1	3	75	26500	75	26307	0.0072	0.00619721	0.003	0.017	350.76	179.714	16	839	
9.75	10	4	1	5	3	56	26462	42	19389	0.006	0.00560488	0.003	0.017	461.643	178.952	71	839	
9.75	10	4	2	3	3	42	26434	42	26885	0.00683333	0.00352632	0.003	0.01	640.119	275.898	155	1056	
9.75	10	4	3	1	3	57	26464	59	28401	0.00869491	0.0069363	0.003	0.017	481.373	211.593	57	1056	
9.75	10	4	4	4	3	48	26446	48	26446	0.003	0	0.003	0.003	550.958	282.064	219	1056	
9.75	10	4	5	2	3	59	26468	42	17418	0.00516667	0.00500691	0.003	0.017	414.714	174.898	49	839	
9.75	10	2	6	1	3	62	26474	62	26633	0.00875806	0.0056006	0.003	0.017	429.565	197.703	11	967	
9.75	10	2	7	4	3	57	26464	58	26697	0.00710345	0.0034777	0.003	0.01	460.293	239.559	34	1056	
9.75	10	2	8	5	3	79	26508	73	25417	0.00482192	0.00495351	0.003	0.024	348.178	163.979	49	621	
9.75	10	2	9	2	3	72	26494	71	26581	0.00812676	0.00625626	0.003	0.024	374.38	201.272	55	903	
9.75	10	2	10	3	3	65	26480	65	27159	0.00784615	0.00592461	0.003	0.017	417.831	193.755	34	693	
9.75	10	3	11	1	3	55	26460	58	28363	0.00891379	0.00639705	0.003	0.017	489.017	242.774	28	965	
9.75	10	3	12	3	3	45	26440	46	26901	0.00604348	0.00350844	0.003	0.01	584.804	265.729	59	1056	
9.75	10	3	13	5	3	65	26480	51	19713	0.00601961	0.00546805	0.003	0.024	386.529	190.917	18	693	
9.75	10	3	14	4	3	50	26450	51	26759	0.00588235	0.00347935	0.003	0.01	524.686	269.668	27	1056	
9.75	10	3	15	2	3	51	26452	52	26889	0.00636538	0.00353153	0.003	0.01	517.096	260.797	66	1056	
9.75	10	1	16	5	3	85	26522	79	24911	0.00548101	0.00549559	0.003	0.024	315.329	151.215	8	749	
9.75	10	1	17	4	3	84	26518	84	26748	0.00666667	0.00628698	0.003	0.024	318.429	164.506	7	741	
9.75	10	1	18	3	3	93	26536	89	25424	0.00606741	0.00614928	0.003	0.024	285.663	143.968	32	871	
9.75	10	1	19	2	3	74	26500	73	25758	0.0070274	0.00648711	0.003	0.024	352.849	149.876	10	765	
9.75	10	1	20	1	3	75	26500	77	27470	0.00745454	0.00543513	0.003	0.017	356.753	176.411	3	693	
