% start	end	CellId	IMSI	RNTI	LCID	nTxPDUs	TxBytes	nRxPDUs	RxBytes	delay	stdDev	min	max	PduSize	stdDev	min	max
0.5	0.75	4	1	3	3	47	25390	46	25025	0.00634783	0.00353533	0.003	0.01	544.022	291.241	26	1056	
0.5	0.75	4	2	5	3	72	25440	62	21917	0.00480645	0.00505977	0.003	0.024	353.5	200.424	3	797	
0.5	0.75	4	3	1	3	59	25414	53	22233	0.00603773	0.00606364	0.003	0.024	419.491	224.983	57	1056	
0.5	0.75	4	4	4	3	72	25440	60	22081	0.0051	0.00504119	0.003	0.024	368.017	173.907	49	839	
0.5	0.75	4	5	2	3	49	25394	49	25394	0.00614286	0.00351781	0.003	0.01	518.245	234.428	113	1056	
0.5	0.75	2	6	5	3	78	25452	64	20819	0.00398437	0.00371395	0.003	0.024	325.297	195.064	10	621	
0.5	0.75	2	7	1	3	48	25392	48	25392	0.00591667	0.00348757	0.003	0.01	529	227.268	10	1056	
0.5	0.75	2	8	3	3	60	25416	58	25031	0.00722414	0.00628014	0.003	0.017	431.569	222.526	42	1056	
0.5	0.75	2	9	2	3	56	25408	54	25220	0.00714815	0.00630785	0.003	0.017	467.037	212.609	90	1056	
0.5	0.75	2	10	4	3	64	25424	53	20493	0.00326415	0.00192305	0.003	0.017	386.66	189.276	49	839	
0.5	0.75	3	11	5	3	66	25428	59	21983	0.00454237	0.00391426	0.003	0.017	372.593	220.682	49	839	
0.5	0.75	3	12	4	3	56	25408	56	25408	0.005625	0.00341953	0.003	0.01	453.714	252.194	27	1056	
0.5	0.75	3	13	1	3	65	25426	64	25359	0.00682812	0.00635099	0.003	0.024	396.234	236.67	7	935	
0.5	0.75	3	14	3	3	55	25406	52	24240	0.00582692	0.00575895	0.003	0.024	466.154	227.271	50	1056	
0.5	0.75	3	15	2	3	47	25390	46	24953	0.00528261	0.00331772	0.003	0.01	542.457	230.805	66	1056	
0.5	0.75	1	16	2	3	53	25402	47	22112	0.00627659	0.00616689	0.003	0.024	470.468	227.047	57	1056	
0.5	0.75	1	17	1	3	51	25398	50	24944	0.00636	0.0035327	0.003	0.01	498.88	231.302	90	1056	
0.5	0.75	1	18	5	3	48	25392	47	24938	0.00582979	0.00347237	0.003	0.01	530.596	232.646	121	1056	
0.5	0.75	1	19	4	3	54	25404	48	21610	0.005625	0.00606218	0.003	0.024	450.208	261.679	42	1056	
0.5	0.75	1	20	3	3	82	25460	68	19126	0.00392647	0.00340025	0.003	0.024	281.265	156.706	27	621	
0.75	1	4	1	3	3	63	26476	63	26300	0.00544444	0.00336384	0.003	0.01	417.46	205.439	18	839	
0.75	1	4	2	5	3	84	26518	73	24106	0.00367123	0.00265128	0.003	0.017	330.219	150.076	7	621	
0.75	1	4	3	1	3	75	26500	68	25707	0.00392647	0.00380619	0.003	0.024	378.044	186.634	3	871	
0.75	1	4	4	4	3	77	26504	66	25051	0.00331818	0.00146927	0.003	0.01	379.561	176.345	47	693	
0.75	1	4	5	2	3	66	26482	65	26216	0.00515385	0.00325591	0.003	0.01	403.323	194.464	10	717	
0.75	1	2	6	5	3	84	26518	66	23733	0.00321212	0.00172328	0.003	0.017	359.591	157.755	32	621	
0.75	1	2	7	1	3	61	26472	60	25867	0.0058	0.00345823	0.003	0.01	431.117	206.311	10	1056	
0.75	1	2	8	3	3	74	26498	74	26479	0.00735135	0.00652379	0.003	0.017	357.824	159.02	10	693	
0.75	1	2	9	2	3	70	26490	71	26396	0.00694366	0.00634235	0.003	0.017	371.775	170.355	15	773	
0.75	1	2	10	4	3	80	26510	63	22894	0.00344444	0.00247424	0.003	0.017	363.397	167.473	49	839	
0.75	1	3	11	5	3	78	26506	68	24282	0.00320588	0.0011915	0.003	0.01	357.088	182.928	15	839	
0.75	1	3	12	4	3	68	26486	67	26443	0.00467164	0.00324452	0.003	0.017	394.672	190.156	34	693	
0.75	1	3	13	1	3	70	26490	66	24861	0.00448485	0.00451405	0.003	0.024	376.682	174.782	42	717	
0.75	1	3	14	3	3	71	26492	71	26492	0.00477465	0.00511914	0.003	0.024	373.127	169.563	42	717	
0.75	1	3	15	2	3	61	26472	61	26575	0.00518033	0.00326858	0.003	0.01	435.656	189.921	66	839	
0.75	1	1	16	2	3	72	26494	60	23818	0.00533333	0.00599906	0.003	0.024	396.967	170.175	90	935	
0.75	1	1	17	1	3	64	26478	63	26245	0.007	0.00349193	0.003	0.01	416.587	196.769	19	839	
0.75	1	1	18	5	3	64	26478	65	26932	0.00536923	0.00333808	0.003	0.01	414.338	176.541	26	839	
0.75	1	1	19	4	3	73	26496	69	25320	0.00726087	0.00770724	0.003	0.024	366.957	185.124	55	1056	
0.75	1	1	20	3	3	98	26548	85	23780	0.00374118	0.00341967	0.003	0.024	279.765	116.647	44	442	
1	1.25	4	1	3	3	65	26480	65	26656	0.00547692	0.00337318	0.003	0.01	410.092	209.096	23	709	
1	1.25	4	2	5	3	80	26510	71	25552	0.00428169	0.00431669	0.003	0.024	359.887	167.471	49	693	
1	1.25	4	3	1	3	76	26502	66	24748	0.00427273	0.00474113	0.003	0.024	374.97	151.576	57	717	
1	1.25	4	4	4	3	82	26514	69	23351	0.00371014	0.00297589	0.003	0.017	338.42	151.107	49	621	
1	1.25	4	5	2	3	64	26480	63	26139	0.00544444	0.00336384	0.003	0.01	414.905	190.099	34	751	
1	1.25	2	6	5	3	96	26542	80	23759	0.003	0	0.003	0.003	296.988	151.086	32	597	
1	1.25	2	7	1	3	66	26482	66	26482	0.00543939	0.00336099	0.003	0.01	401.242	194.083	10	1056	
1	1.25	2	8	3	3	74	26498	74	26143	0.00687838	0.00603631	0.003	0.017	353.284	165.715	10	669	
1	1.25	2	9	2	3	74	26498	74	26690	0.00621622	0.00569852	0.003	0.017	360.676	178.539	15	1056	
1	1.25	2	10	4	3	82	26514	69	23766	0.0034058	0.0016478	0.003	0.01	344.435	158.195	4	573	
1	1.25	3	11	5	3	75	26500	63	23928	0.00422222	0.00445205	0.003	0.024	379.81	180.26	49	839	
1	1.25	3	12	4	3	65	26482	64	26124	0.00507812	0.00322345	0.003	0.01	408.187	189.094	26	717	
1	1.25	3	13	1	3	73	26496	71	26803	0.00477465	0.00469102	0.003	0.017	377.507	185.858	4	935	
1	1.25	3	14	3	3	74	26498	73	25909	0.00539726	0.00549934	0.003	0.024	354.918	181.533	7	935	
1	1.25	3	15	2	3	65	26480	65	26612	0.00504615	0.00320854	0.003	0.01	409.415	177.439	66	685	
1	1.25	1	16	2	3	84	26518	71	22621	0.00428169	0.00415136	0.003	0.024	318.606	156.452	4	717	
1	1.25	1	17	1	3	70	26492	71	26977	0.00605634	0.00349648	0.003	0.01	379.958	172.655	26	839	
1	1.25	1	18	5	3	69	26490	68	26288	0.00557353	0.00340025	0.003	0.01	386.588	199.095	19	1056	
1	1.25	1	19	4	3	71	26494	67	23683	0.00707463	0.0073264	0.003	0.024	353.478	150.484	3	701	
1	1.25	1	20	3	3	113	26576	106	24754	0.00339623	0.0023327	0.003	0.017	233.528	109.463	14	437	
1.25	1.5	4	1	3	3	65	26480	65	26819	0.00515385	0.00325591	0.003	0.01	412.6	173.033	18	693	
1.25	1.5	4	2	5	3	81	26512	66	24075	0.00321212	0.00172328	0.003	0.017	364.773	150.94	49	749	
1.25	1.5	4	3	1	3	75	26500	69	25291	0.00502898	0.00577003	0.003	0.024	366.536	168.328	42	717	
1.25	1.5	4	4	4	3	78	26506	66	23790	0.003	0	0.003	0.003	360.455	167.221	49	839	
1.25	1.5	4	5	2	3	66	26482	67	27063	0.00508955	0.0032274	0.003	0.01	403.925	206.25	26	1056	
1.25	1.5	2	6	5	3	86	26522	69	23651	0.0032029	0.0016854	0.003	0.017	342.768	143.898	15	621	
1.25	1.5	2	7	1	3	59	26470	60	27075	0.00603333	0.00349802	0.003	0.01	451.25	181.548	10	605	
1.25	1.5	2	8	3	3	74	26500	76	27259	0.00668421	0.00620583	0.003	0.017	358.671	153.964	41	693	
1.25	1.5	2	9	2	3	73	26496	76	26958	0.00696053	0.00619126	0.003	0.017	354.711	142.058	7	669	
1.25	1.5	2	10	4	3	86	26522	70	23975	0.0034	0.00202449	0.003	0.017	342.5	139.16	49	621	
1.25	1.5	3	11	5	3	78	26506	73	25668	0.00386301	0.00307461	0.003	0.017	351.616	196.538	18	839	
1.25	1.5	3	12	4	3	67	26484	68	26851	0.00495588	0.00338757	0.003	0.017	394.868	185.21	34	693	
1.25	1.5	3	13	1	3	78	26506	74	25356	0.00489189	0.00495616	0.003	0.024	342.649	161.067	42	645	
1.25	1.5	3	14	3	3	73	26496	70	26097	0.0052	0.00553146	0.003	0.024	372.814	163.025	57	717	
1.25	1.5	3	15	2	3	63	26476	64	26678	0.00529687	0.0033127	0.003	0.01	416.844	180.71	66	749	
1.25	1.5	1	16	2	3	81	26512	73	24422	0.00539726	0.00574151	0.003	0.024	334.548	158.489	23	717	
1.25	1.5	1	17	1	3	69	26488	68	26122	0.00660294	0.0035245	0.003	0.01	384.147	161.446	26	749	
1.25	1.5	1	18	5	3	71	26492	72	26694	0.00436111	0.00278985	0.003	0.01	370.75	141.464	66	765	
1.25	1.5	1	19	4	3	80	26510	77	25699	0.00572727	0.00682803	0.003	0.024	333.753	144.567	7	765	
1.25	1.5	1	20	3	3	117	26584	106	24324	0.00319811	0.0015145	0.003	0.017	229.472	115.391	13	437	
1.5	1.75	4	1	3	3	65	26480	65	25797	0.00569231	0.00343203	0.003	0.01	396.877	185.336	18	693	
1.5	1.75	4	2	5	3	83	26516	73	23808	0.00338356	0.00198347	0.003	0.017	326.137	170.981	12	839	
1.5	1.75	4	3	1	3	82	26514	72	24949	0.00455555	0.00501516	0.003	0.024	346.514	151.386	3	597	
1.5	1.75	4	4	4	3	78	26506	66	24946	0.00363636	0.0036274	0.003	0.024	377.97	174.18	18	749	
1.5	1.75	4	5	2	3	67	26484	67	26356	0.00550746	0.00338165	0.003	0.01	393.373	179.923	26	693	
1.5	1.75	2	6	5	3	88	26526	72	23021	0.00319444	0.00164992	0.003	0.017	319.736	163.088	9	621	
1.5	1.75	2	7	1	3	64	26478	63	25713	0.00544444	0.00336384	0.003	0.01	408.143	172.563	10	765	
1.5	1.75	2	8	3	3	76	26502	74	26413	0.00621622	0.00592943	0.003	0.017	356.932	162.196	3	757	
1.5	1.75	2	9	2	3	68	26486	68	26011	0.00711765	0.00642646	0.003	0.017	382.515	161.243	90	669	
1.5	1.75	2	10	4	3	81	26512	65	23142	0.00332308	0.00192928	0.003	0.017	356.031	148.346	49	839	
1.5	1.75	3	11	5	3	77	26504	65	23552	0.00310769	0.000868243	0.003	0.01	362.338	180.95	18	749	
1.5	1.75	3	12	4	3	61	26472	62	26506	0.00469355	0.00302226	0.003	0.01	427.516	193.463	26	693	
1.5	1.75	3	13	1	3	78	26506	74	25360	0.00498649	0.00511911	0.003	0.024	342.703	166.978	3	645	
1.5	1.75	3	14	3	3	75	26500	72	25878	0.00475	0.00508727	0.003	0.024	359.417	171.888	3	645	
1.5	1.75	3	15	2	3	60	26470	59	25414	0.00466102	0.0030035	0.003	0.01	430.746	175.826	66	749	
1.5	1.75	1	16	2	3	75	26500	62	21858	0.00559677	0.00597662	0.003	0.024	352.548	164.714	42	775	
1.5	1.75	1	17	1	3	64	26478	64	25988	0.0065	0.00352767	0.003	0.01	406.062	176.346	26	839	
1.5	1.75	1	18	5	3	65	26480	63	25422	0.00533333	0.00332634	0.003	0.01	403.524	159.091	66	693	
1.5	1.75	1	19	4	3	68	26486	64	23731	0.00759375	0.00800738	0.003	0.024	370.797	159.859	55	765	
1.5	1.75	1	20	3	3	95	26540	84	23397	0.004	0.00422842	0.003	0.024	278.536	126.889	3	749	
1.75	2	4	1	3	3	65	26480	65	27163	0.00536923	0.00333808	0.003	0.01	417.892	164.572	26	709	
1.75	2	4	2	5	3	81	26512	70	25015	0.0035	0.00247743	0.003	0.017	357.357	180.055	49	839	
1.75	2	4	3	1	3	79	26508	70	25420	0.0039	0.00428394	0.003	0.024	363.143	136.033	57	717	
1.75	2	4	4	4	3	81	26512	66	22848	0.0035303	0.00282962	0.003	0.024	346.182	157.106	8	693	
1.75	2	4	5	2	3	68	26486	68	26606	0.0052647	0.0035138	0.003	0.017	391.265	203.57	34	833	
1.75	2	2	6	5	3	93	26536	80	24434	0.003875	0.00375643	0.003	0.024	305.425	157.255	4	621	
1.75	2	2	7	1	3	59	26468	59	26772	0.00608474	0.00350511	0.003	0.01	453.763	188.814	11	1056	
1.75	2	2	8	3	3	75	26500	75	26032	0.00673333	0.00612556	0.003	0.017	347.093	152.068	10	693	
1.75	2	2	9	2	3	70	26490	71	26783	0.00743662	0.00639806	0.003	0.017	377.225	149.714	90	669	
1.75	2	2	10	4	3	78	26506	61	22732	0.00403279	0.00420701	0.003	0.024	372.656	164.86	12	839	
1.75	2	3	11	5	3	78	26506	67	24264	0.00373134	0.00347538	0.003	0.024	362.149	169.733	49	749	
1.75	2	3	12	4	3	70	26490	69	26108	0.00533333	0.00332401	0.003	0.01	378.377	196.448	34	903	
1.75	2	3	13	1	3	77	26504	73	26225	0.00520548	0.0054568	0.003	0.024	359.247	185.142	42	935	
1.75	2	3	14	3	3	82	26514	80	26280	0.00545	0.0056901	0.003	0.024	328.5	146.124	42	717	
1.75	2	3	15	2	3	66	26482	67	27538	0.00467164	0.003007	0.003	0.01	411.015	184.195	66	1056	
1.75	2	1	16	2	3	86	26522	76	24401	0.0048421	0.00552582	0.003	0.024	321.066	151.364	7	701	
1.75	2	1	17	1	3	65	26482	66	27103	0.00607576	0.00350082	0.003	0.01	410.652	191.946	26	1056	
1.75	2	1	18	5	3	69	26488	71	27546	0.00566197	0.00342238	0.003	0.01	387.972	184.411	26	967	
1.75	2	1	19	4	3	74	26500	71	24628	0.00576056	0.00560985	0.003	0.024	346.873	149.422	23	839	
1.75	2	1	20	3	3	106	26562	95	22734	0.00373684	0.0034586	0.003	0.024	239.305	118.461	26	558	
2	2.25	4	1	3	3	60	26472	60	25957	0.0051	0.00323487	0.003	0.01	432.617	185.461	26	693	
2	2.25	4	2	5	3	80	26510	75	25659	0.00393333	0.00351573	0.003	0.024	342.12	174.212	11	749	
2	2.25	4	3	1	3	75	26502	69	24773	0.00431884	0.0038482	0.003	0.017	359.029	173.771	42	717	
2	2.25	4	4	4	3	74	26498	65	24419	0.00364615	0.00238767	0.003	0.017	375.677	165.083	18	693	
2	2.25	4	5	2	3	63	26476	63	26145	0.00511111	0.00323843	0.003	0.01	415	200.671	10	839	
2	2.25	2	6	5	3	88	26526	76	24165	0.00346053	0.00264041	0.003	0.024	317.961	152.859	32	621	
2	2.25	2	7	1	3	64	26478	64	26174	0.00540625	0.00335099	0.003	0.01	408.969	194.195	10	1056	
2	2.25	2	8	3	3	72	26494	72	26903	0.00630555	0.00587101	0.003	0.017	373.653	158.044	74	693	
2	2.25	2	9	2	3	68	26486	68	26470	0.00547059	0.00523898	0.003	0.017	389.265	148.979	31	669	
2	2.25	2	10	4	3	84	26518	71	24098	0.00369014	0.00316495	0.003	0.024	339.408	147.989	17	637	
2	2.25	3	11	5	3	79	26508	69	23071	0.00350725	0.00218702	0.003	0.017	334.362	185.522	18	749	
2	2.25	3	12	4	3	70	26490	70	26730	0.0048	0.0030815	0.003	0.01	381.857	195.595	26	1056	
2	2.25	3	13	1	3	75	26500	73	25905	0.00530137	0.00535331	0.003	0.024	354.863	200.575	3	935	
2	2.25	3	14	3	3	68	26486	65	25749	0.00590769	0.00578987	0.003	0.024	396.138	169.154	58	839	
2	2.25	3	15	2	3	66	26484	66	26484	0.00469697	0.00302283	0.003	0.01	401.273	190.975	26	967	
2	2.25	1	16	2	3	88	26526	79	23730	0.00565823	0.00563844	0.003	0.024	300.38	170.51	8	935	
2	2.25	1	17	1	3	66	26490	65	26352	0.00612308	0.00350672	0.003	0.01	405.415	183.415	26	871	
2	2.25	1	18	5	3	68	26488	67	26286	0.00592537	0.00347856	0.003	0.01	392.328	172.334	10	817	
2	2.25	1	19	4	3	77	26506	71	24886	0.00635211	0.00589939	0.003	0.024	350.507	143.179	55	701	
2	2.25	1	20	3	3	110	26570	99	24115	0.00349495	0.00206217	0.003	0.017	243.586	121.009	3	533	
2.25	2.5	4	1	3	3	65	26480	65	26827	0.00558461	0.00340447	0.003	0.01	412.723	188.856	18	839	
2.25	2.5	4	2	5	3	86	26522	76	24742	0.00355263	0.00297274	0.003	0.024	325.553	175.17	12	839	
2.25	2.5	4	3	1	3	73	26496	63	24655	0.00422222	0.00445205	0.003	0.024	391.349	145.492	42	717	
2.25	2.5	4	4	4	3	80	26510	69	24699	0.00350725	0.00301771	0.003	0.024	357.957	179.136	49	839	
2.25	2.5	4	5	2	3	66	26484	66	26815	0.00554545	0.00339312	0.003	0.01	406.288	188.231	34	717	
2.25	2.5	2	6	5	3	87	26526	67	23063	0.00331343	0.00145861	0.003	0.01	344.224	146.689	32	597	
2.25	2.5	2	7	1	3	55	26460	55	26620	0.00630909	0.003527	0.003	0.01	484	223.793	10	1056	
2.25	2.5	2	8	3	3	73	26496	74	26410	0.00744594	0.00651056	0.003	0.017	356.892	164.909	10	693	
2.25	2.5	2	9	2	3	74	26500	75	26110	0.00766667	0.00654369	0.003	0.017	348.133	162.74	90	669	
2.25	2.5	2	10	4	3	84	26518	69	23508	0.00350725	0.00218702	0.003	0.017	340.696	164.26	49	839	
2.25	2.5	3	11	5	3	81	26512	73	24882	0.00347945	0.00242733	0.003	0.017	340.849	192.473	3	839	
2.25	2.5	3	12	4	3	64	26478	64	26354	0.0051875	0.00327024	0.003	0.01	411.781	207.914	26	1056	
2.25	2.5	3	13	1	3	76	26502	73	25887	0.0050137	0.00514915	0.003	0.024	354.616	170.106	57	717	
2.25	2.5	3	14	3	3	75	26500	72	25744	0.00581944	0.00661055	0.003	0.024	357.556	199.278	42	935	
2.25	2.5	3	15	2	3	64	26478	64	26478	0.00507812	0.00322345	0.003	0.01	413.719	189.899	90	1056	
2.25	2.5	1	16	2	3	82	26516	70	22399	0.0052	0.00553146	0.003	0.024	319.986	161.49	57	935	
2.25	2.5	1	17	1	3	70	26490	70	26378	0.0069	0.00350217	0.003	0.01	376.829	183.701	19	749	
2.25	2.5	1	18	5	3	73	26496	73	26384	0.00482192	0.00309274	0.003	0.01	361.425	146.228	58	662	
2.25	2.5	1	19	4	3	79	26508	77	25382	0.008	0.00841052	0.003	0.024	329.636	143.475	42	597	
2.25	2.5	1	20	3	3	104	26525	93	23057	0.00412903	0.00429161	0.003	0.024	247.925	132.75	3	533	
2.5	2.75	4	1	3	3	62	26476	62	26647	0.00582258	0.00346185	0.003	0.01	429.79	203.074	18	1056	
2.5	2.75	4	2	5	3	86	26522	75	25221	0.00328	0.0017976	0.003	0.017	336.28	181.213	7	839	
2.5	2.75	4	3	1	3	77	26504	67	23577	0.0048806	0.00552823	0.003	0.024	351.896	155.54	4	597	
2.5	2.75	4	4	4	3	84	26518	73	24700	0.00328767	0.00245786	0.003	0.024	338.356	167.271	7	693	
2.5	2.75	4	5	2	3	64	26478	64	26250	0.00540625	0.00335099	0.003	0.01	410.156	200.84	34	1056	
2.5	2.75	2	6	5	3	92	26534	76	23066	0.0030921	0.000802955	0.003	0.01	303.5	169.141	10	621	
2.5	2.75	2	7	1	3	60	26470	59	26468	0.0059661	0.00348873	0.003	0.01	448.61	208.499	10	1056	
2.5	2.75	2	8	3	3	76	26502	76	26430	0.00686842	0.00609118	0.003	0.017	347.763	166.191	7	685	
2.5	2.75	2	9	2	3	71	26492	72	27270	0.00727778	0.00627811	0.003	0.017	378.75	164.688	67	839	
2.5	2.75	2	10	4	3	84	26518	68	23355	0.00341176	0.0016593	0.003	0.01	343.456	155.14	8	839	
2.5	2.75	3	11	5	3	86	26522	73	24261	0.00386301	0.00348933	0.003	0.024	332.342	147.903	18	621	
2.5	2.75	3	12	4	3	72	26494	72	26386	0.00513889	0.00345313	0.003	0.017	366.472	210.738	26	717	
2.5	2.75	3	13	1	3	77	26504	74	25930	0.00564865	0.0058741	0.003	0.024	350.405	155.201	57	645	
2.5	2.75	3	14	3	3	81	26512	78	26092	0.0050641	0.00587387	0.003	0.024	334.513	159.823	51	645	
2.5	2.75	3	15	2	3	68	26486	67	26172	0.00529851	0.00331212	0.003	0.01	390.627	167.17	66	685	
2.5	2.75	1	16	2	3	82	26514	68	22793	0.00454412	0.00510906	0.003	0.024	335.191	160.975	12	717	
2.5	2.75	1	17	1	3	66	26482	66	26482	0.00639394	0.0035252	0.003	0.01	401.242	197.586	26	1056	
2.5	2.75	1	18	5	3	67	26484	68	26798	0.00485294	0.0031112	0.003	0.01	394.088	147.373	26	839	
2.5	2.75	1	19	4	3	77	26506	77	25938	0.006	0.00666294	0.003	0.024	336.857	168.649	18	749	
2.5	2.75	1	20	3	3	106	26597	98	24863	0.00335714	0.00253735	0.003	0.024	253.704	119.426	26	437	
2.75	3	4	1	3	3	63	26476	64	26499	0.00453125	0.00291667	0.003	0.01	414.047	193.182	18	807	
2.75	3	4	2	5	3	74	26498	69	25153	0.00634783	0.0055805	0.003	0.024	364.536	173.684	42	839	
2.75	3	4	3	1	3	81	26512	78	25032	0.00542308	0.00489505	0.003	0.024	320.923	188.503	11	935	
2.75	3	4	4	4	3	81	26512	71	25000	0.00546479	0.00428229	0.003	0.024	352.113	176.081	15	717	
2.75	3	4	5	2	3	67	26484	66	26139	0.00543939	0.00336099	0.003	0.01	396.045	186.804	10	839	
2.75	3	2	6	5	3	92	26534	83	25273	0.00418072	0.00391415	0.003	0.024	304.494	159.112	15	621	
2.75	3	2	7	1	3	64	26478	66	27085	0.00522727	0.00328538	0.003	0.01	410.379	163.956	10	709	
2.75	3	2	8	3	3	78	26506	79	26812	0.00610126	0.00568758	0.003	0.017	339.392	168.576	10	685	
2.75	3	2	9	2	3	69	26488	70	26770	0.0059	0.00552504	0.003	0.017	382.429	162.257	90	775	
2.75	3	2	10	4	3	82	26514	79	25008	0.00477215	0.00494573	0.003	0.024	316.557	157.477	49	839	
2.75	3	3	11	5	3	62	26474	48	20346	0.00460417	0.00484105	0.003	0.024	423.875	204.253	49	1056	
2.75	3	3	12	4	3	54	26458	54	26115	0.00611111	0.00376512	0.003	0.017	483.611	250.63	34	1056	
2.75	3	3	13	1	3	67	26484	67	25774	0.00780597	0.00733245	0.003	0.024	384.687	182.58	3	941	
2.75	3	3	14	3	3	63	26476	63	25363	0.00766667	0.00722228	0.003	0.024	402.587	186.358	57	717	
2.75	3	3	15	2	3	55	26460	55	25718	0.00605454	0.00350353	0.003	0.01	467.6	229.928	66	1056	
2.75	3	1	16	2	3	78	26506	74	26059	0.00612162	0.00569295	0.003	0.024	352.149	171.18	31	775	
2.75	3	1	17	1	3	73	26496	74	26498	0.00545946	0.00336456	0.003	0.01	358.081	177.454	19	839	
2.75	3	1	18	5	3	72	26494	72	26494	0.00484722	0.00310683	0.003	0.01	367.972	164.059	90	1056	
2.75	3	1	19	4	3	81	26512	78	25713	0.00533333	0.00525126	0.003	0.024	329.654	148.158	3	701	
2.75	3	1	20	3	3	95	26540	87	24748	0.00525287	0.00433541	0.003	0.024	284.46	168.926	26	839	
3	3.25	4	1	3	3	57	26464	56	26099	0.005375	0.00334426	0.003	0.01	466.054	170.128	26	839	
3	3.25	4	2	5	3	78	26506	71	24130	0.00576056	0.00573327	0.003	0.024	339.859	198.913	12	839	
3	3.25	4	3	1	3	77	26504	73	26965	0.00721918	0.00591901	0.003	0.024	369.384	186.565	57	833	
3	3.25	4	4	4	3	73	26496	62	24133	0.0063871	0.00518622	0.003	0.024	389.242	154.445	42	693	
3	3.25	4	5	2	3	61	26472	62	26357	0.00706452	0.00348237	0.003	0.01	425.113	226.044	10	1056	
3	3.25	2	6	5	3	85	26520	73	24581	0.00367123	0.00265128	0.003	0.017	336.726	153.267	32	621	
3	3.25	2	7	1	3	66	26484	65	25879	0.00461538	0.00297223	0.003	0.01	398.138	179.272	10	749	
3	3.25	2	8	3	3	75	26500	73	26192	0.00539726	0.00511463	0.003	0.017	358.795	169.775	10	693	
3	3.25	2	9	2	3	67	26484	66	26194	0.00565151	0.00531903	0.003	0.017	396.879	174.825	7	775	
3	3.25	2	10	4	3	79	26510	70	24358	0.0041	0.00329316	0.003	0.017	347.971	157.558	18	693	
3	3.25	3	11	5	3	58	26466	46	21142	0.00634783	0.00621546	0.003	0.024	459.609	231.285	49	1056	
3	3.25	3	12	4	3	46	26442	47	27159	0.0067234	0.00353062	0.003	0.01	577.851	293.815	142	1056	
3	3.25	3	13	1	3	56	26462	56	26984	0.00875	0.00720164	0.003	0.024	481.857	235.469	57	1056	
3	3.25	3	14	3	3	61	26472	62	27527	0.00887097	0.00730256	0.003	0.024	443.984	261.798	42	1056	
3	3.25	3	15	2	3	52	26454	52	27201	0.00676923	0.00352368	0.003	0.01	523.096	262.74	26	1056	
3	3.25	1	16	2	3	75	26500	72	25503	0.00679167	0.00524589	0.003	0.024	354.208	167.472	43	775	
3	3.25	1	17	1	3	72	26494	71	26492	0.00576056	0.00344535	0.003	0.01	373.127	156.97	26	685	
3	3.25	1	18	5	3	67	26484	66	26282	0.00575757	0.00344656	0.003	0.01	398.212	146.341	90	693	
3	3.25	1	19	4	3	81	26512	79	25518	0.00636709	0.00632694	0.003	0.024	323.013	152.953	42	646	
3	3.25	1	20	3	3	92	26534	83	23486	0.00553012	0.00431486	0.003	0.017	282.964	135.338	18	573	
3.25	3.5	4	1	3	3	58	26470	58	26817	0.00517241	0.00326673	0.003	0.01	462.362	216.039	18	839	
3.25	3.5	4	2	5	3	78	26506	70	25576	0.0037	0.00340226	0.003	0.024	365.371	173.881	20	839	
3.25	3.5	4	3	1	3	79	26508	74	25310	0.0047027	0.00528562	0.003	0.024	342.027	168.025	3	701	
3.25	3.5	4	4	4	3	83	26516	76	25208	0.00382895	0.00342301	0.003	0.024	331.684	167.293	49	839	
3.25	3.5	4	5	2	3	65	26480	65	27168	0.00526154	0.00329904	0.003	0.01	417.969	197.02	34	1056	
3.25	3.5	2	6	5	3	83	26516	72	24181	0.00319444	0.00164992	0.003	0.017	335.847	159.105	32	621	
3.25	3.5	2	7	1	3	61	26472	61	26923	0.0057541	0.00344797	0.003	0.01	441.361	191.213	10	1056	
3.25	3.5	2	8	3	3	70	26490	70	26490	0.0069	0.00626504	0.003	0.017	378.429	166.899	10	693	
3.25	3.5	2	9	2	3	72	26494	73	27171	0.00664383	0.00618549	0.003	0.017	372.205	176.04	7	775	
3.25	3.5	2	10	4	3	79	26508	64	23096	0.003875	0.0031798	0.003	0.017	360.875	165.889	23	621	
3.25	3.5	3	11	5	3	78	26506	71	25028	0.00369014	0.00268643	0.003	0.017	352.507	182.62	24	839	
3.25	3.5	3	12	4	3	64	26480	63	26326	0.00444444	0.00336384	0.003	0.017	417.873	208.743	13	903	
3.25	3.5	3	13	1	3	69	26488	70	26610	0.0053	0.00568076	0.003	0.024	380.143	170.923	43	775	
3.25	3.5	3	14	3	3	80	26510	78	26058	0.00470513	0.0049415	0.003	0.024	334.077	170.37	55	717	
3.25	3.5	3	15	2	3	63	26478	63	26238	0.00466667	0.00300537	0.003	0.01	416.476	180.383	66	749	
3.25	3.5	1	16	2	3	78	26506	67	23358	0.00467164	0.00518269	0.003	0.024	348.627	155.675	50	717	
3.25	3.5	1	17	1	3	69	26490	70	26843	0.0057	0.00343195	0.003	0.01	383.471	196.563	26	1056	
3.25	3.5	1	18	5	3	69	26488	69	26244	0.00492754	0.00314978	0.003	0.01	380.348	192.431	19	1056	
3.25	3.5	1	19	4	3	71	26494	71	26300	0.00664789	0.00747013	0.003	0.024	370.423	171.872	7	839	
3.25	3.5	1	20	3	3	101	26552	91	22978	0.00376923	0.00382703	0.003	0.024	252.505	128.489	17	503	
3.5	3.75	4	1	3	3	60	26470	60	25947	0.00533333	0.00332768	0.003	0.01	432.45	185.557	18	693	
3.5	3.75	4	2	5	3	86	26522	76	24910	0.00392105	0.0036761	0.003	0.024	327.763	187.513	12	839	
3.5	3.75	4	3	1	3	80	26510	76	25296	0.00502631	0.00557847	0.003	0.024	332.842	160.087	57	717	
3.5	3.75	4	4	4	3	77	26504	64	24057	0.00376562	0.00332734	0.003	0.024	375.891	162.102	23	693	
3.5	3.75	4	5	2	3	68	26486	68	26059	0.00536765	0.00333639	0.003	0.01	383.221	196.402	34	693	
3.5	3.75	2	6	5	3	83	26516	71	21673	0.00388732	0.00372846	0.003	0.024	305.254	168.072	7	621	
3.5	3.75	2	7	1	3	65	26480	65	26029	0.0058	0.00345597	0.003	0.01	400.446	212.239	10	839	
3.5	3.75	2	8	3	3	72	26494	72	25650	0.00679167	0.00574809	0.003	0.017	356.25	219.916	11	1056	
3.5	3.75	2	9	2	3	61	26472	62	26474	0.0066129	0.00563175	0.003	0.017	427	190.601	26	1056	
3.5	3.75	2	10	4	3	79	26508	70	22693	0.0041	0.0028292	0.003	0.017	324.186	168.995	12	693	
3.5	3.75	3	11	5	3	76	26502	65	23815	0.00407692	0.00395801	0.003	0.024	366.385	184.908	49	749	
3.5	3.75	3	12	4	3	72	26494	71	26460	0.00487324	0.00391674	0.003	0.017	372.676	186.853	34	807	
3.5	3.75	3	13	1	3	76	26502	74	26050	0.00583784	0.00601147	0.003	0.024	352.027	158.797	3	597	
3.5	3.75	3	14	3	3	75	26500	73	26035	0.00520548	0.00533062	0.003	0.024	356.644	185.354	3	717	
3.5	3.75	3	15	2	3	63	26476	63	26823	0.005	0.00318768	0.003	0.01	425.762	147.203	90	749	
3.5	3.75	1	16	2	3	86	26522	78	24894	0.00542308	0.00527065	0.003	0.024	319.154	158.916	7	935	
3.5	3.75	1	17	1	3	65	26480	65	26368	0.00644615	0.00352682	0.003	0.01	405.662	157.823	26	839	
3.5	3.75	1	18	5	3	73	26496	72	26255	0.00572222	0.00343643	0.003	0.01	364.653	160.51	26	685	
3.5	3.75	1	19	4	3	80	26510	76	25215	0.00705263	0.00707087	0.003	0.024	331.776	147.37	3	717	
3.5	3.75	1	20	3	3	106	26562	95	22709	0.00403158	0.00408019	0.003	0.024	239.042	118.761	26	505	
3.75	4	4	1	3	3	60	26470	60	26646	0.00545	0.00336696	0.003	0.01	444.1	218.168	18	1056	
3.75	4	4	2	5	3	79	26508	69	25626	0.00360869	0.00311645	0.003	0.024	371.391	159.672	49	839	
3.75	4	4	3	1	3	85	26520	76	25126	0.00392105	0.00349385	0.003	0.024	330.605	147.412	8	645	
3.75	4	4	4	4	3	81	26512	70	24865	0.004	0.00363158	0.003	0.024	355.214	184.131	4	839	
3.75	4	4	5	2	3	65	26480	66	27053	0.00554545	0.00339312	0.003	0.01	409.894	192.359	26	693	
3.75	4	2	6	5	3	87	26524	74	22993	0.00328378	0.00180957	0.003	0.017	310.716	151.604	32	621	
3.75	4	2	7	1	3	60	26472	60	27009	0.00556667	0.00340173	0.003	0.01	450.15	159.307	10	749	
3.75	4	2	8	3	3	75	26500	77	27652	0.00645454	0.00585919	0.003	0.017	359.117	181.641	10	685	
3.75	4	2	9	2	3	72	26496	72	26857	0.00698611	0.00608506	0.003	0.017	373.014	168.053	90	773	
3.75	4	2	10	4	3	88	26526	76	23687	0.00355263	0.00221747	0.003	0.017	311.671	144.88	12	533	
3.75	4	3	11	5	3	77	26504	67	25081	0.00341791	0.00206815	0.003	0.017	374.343	154.144	49	749	
3.75	4	3	12	4	3	65	26480	67	26668	0.00592537	0.00519123	0.003	0.017	398.03	208.356	34	807	
3.75	4	3	13	1	3	78	26506	76	26230	0.00493421	0.00543405	0.003	0.024	345.132	166.768	51	717	
3.75	4	3	14	3	3	85	26520	83	26110	0.00510843	0.00532599	0.003	0.024	314.578	159.51	4	717	
3.75	4	3	15	2	3	60	26470	60	26235	0.00486667	0.00312164	0.003	0.01	437.25	194.483	66	1056	
3.75	4	1	16	2	3	84	26518	71	22241	0.00477465	0.00469102	0.003	0.024	313.254	170.91	8	935	
3.75	4	1	17	1	3	65	26482	64	26353	0.00671875	0.00352077	0.003	0.01	411.766	193.61	26	871	
3.75	4	1	18	5	3	70	26494	70	26574	0.0057	0.00343195	0.003	0.01	379.629	167.537	26	839	
3.75	4	1	19	4	3	79	26510	74	25098	0.00697297	0.00777945	0.003	0.024	339.162	173.818	57	1056	
3.75	4	1	20	3	3	110	26570	100	24687	0.00426	0.00414782	0.003	0.024	246.87	117.138	7	469	
4	4.25	4	1	3	3	55	26460	56	26825	0.005625	0.00341953	0.003	0.01	479.018	201.827	26	1056	
4	4.25	4	2	5	3	85	26520	81	25330	0.00395062	0.00345652	0.003	0.017	312.716	175.343	12	839	
4	4.25	4	3	1	3	71	26492	61	23974	0.00495082	0.0052897	0.003	0.024	393.016	190.116	3	775	
4	4.25	4	4	4	3	79	26508	68	24616	0.00372059	0.00345048	0.003	0.024	362	201.245	18	839	
4	4.25	4	5	2	3	69	26488	70	26522	0.0054	0.00334664	0.003	0.01	378.886	200.449	34	717	
4	4.25	2	6	5	3	84	26518	72	24369	0.00348611	0.00295503	0.003	0.024	338.458	153.093	32	621	
4	4.25	2	7	1	3	66	26482	66	25945	0.00565151	0.00342162	0.003	0.01	393.106	189.52	10	765	
4	4.25	2	8	3	3	77	26504	75	26196	0.00617333	0.00578762	0.003	0.017	349.28	150.235	42	605	
4	4.25	2	9	2	3	71	26492	70	26428	0.0061	0.00554337	0.003	0.017	377.543	167.092	7	693	
4	4.25	2	10	4	3	80	26510	66	23817	0.00427273	0.00405556	0.003	0.024	360.864	172.62	12	839	
4	4.25	3	11	5	3	78	26506	70	25199	0.0038	0.00280579	0.003	0.017	359.986	159.304	49	693	
4	4.25	3	12	4	3	67	26486	65	25735	0.00547692	0.00436287	0.003	0.017	395.923	194.061	34	839	
4	4.25	3	13	1	3	76	26502	71	25283	0.00438028	0.00436665	0.003	0.024	356.099	177.781	42	717	
4	4.25	3	14	3	3	81	26512	78	26363	0.00596154	0.00612943	0.003	0.024	337.987	164.456	3	645	
4	4.25	3	15	2	3	62	26474	62	26593	0.00458064	0.00295068	0.003	0.01	428.919	155.234	90	621	
4	4.25	1	16	2	3	82	26317	68	22423	0.00392647	0.00317789	0.003	0.024	329.75	167.391	4	871	
4	4.25	1	17	1	3	73	26496	74	26634	0.00517567	0.00326189	0.003	0.01	359.919	130.137	75	685	
4	4.25	1	18	5	3	68	26492	69	26043	0.00523188	0.00328609	0.003	0.01	377.435	163.061	26	693	
4	4.25	1	19	4	3	74	26500	75	26562	0.00636	0.00674565	0.003	0.024	354.16	146.892	3	775	
4	4.25	1	20	3	3	110	26570	103	24439	0.00361165	0.00326669	0.003	0.024	237.272	123.85	26	499	
4.25	4.5	4	1	3	3	57	26464	56	26003	0.004875	0.00312795	0.003	0.01	464.339	207.843	52	1056	
4.25	4.5	4	2	5	3	76	26502	69	24949	0.00431884	0.0038482	0.003	0.017	361.58	180.451	42	849	
4.25	4.5	4	3	1	3	70	26490	65	24841	0.00493846	0.00546545	0.003	0.024	382.169	181.666	3	781	
4.25	4.5	4	4	4	3	74	26498	64	23435	0.003875	0.0031798	0.003	0.024	366.172	181.476	49	1056	
4.25	4.5	4	5	2	3	60	26470	59	25753	0.00477966	0.00307419	0.003	0.01	436.492	179.418	26	693	
4.25	4.5	2	6	5	3	86	26522	74	22183	0.00366216	0.00263422	0.003	0.017	299.77	137.331	32	621	
4.25	4.5	2	7	1	3	59	26470	59	27065	0.00572881	0.00344329	0.003	0.01	458.729	193.69	10	1056	
4.25	4.5	2	8	3	3	72	26494	74	26802	0.00687838	0.00603631	0.003	0.017	362.189	178.797	10	1056	
4.25	4.5	2	9	2	3	69	26488	71	26764	0.00704225	0.00622308	0.003	0.017	376.958	190.296	28	967	
4.25	4.5	2	10	4	3	76	26502	64	23595	0.00420312	0.00385524	0.003	0.017	368.672	163.041	49	775	
4.25	4.5	3	11	5	3	83	26516	78	26308	0.00416667	0.0039753	0.003	0.024	337.282	160.189	18	621	
4.25	4.5	3	12	4	3	65	26480	66	27133	0.00618182	0.00493935	0.003	0.017	411.106	168.176	18	717	
4.25	4.5	3	13	1	3	77	26506	76	25993	0.00548684	0.00579539	0.003	0.024	342.013	169.744	3	645	
4.25	4.5	3	14	3	3	73	26496	70	26049	0.0051	0.00451455	0.003	0.017	372.129	171.983	3	717	
4.25	4.5	3	15	2	3	65	26480	65	26225	0.00504615	0.00320854	0.003	0.01	403.462	178.775	58	839	
4.25	4.5	1	16	2	3	77	26703	74	25880	0.00555405	0.00550502	0.003	0.024	349.73	172.971	55	839	
4.25	4.5	1	17	1	3	69	26492	69	26615	0.00502898	0.00319913	0.003	0.01	385.725	199.847	26	871	
4.25	4.5	1	18	5	3	67	26486	68	27542	0.00495588	0.00316432	0.003	0.01	405.029	201.537	58	1056	
4.25	4.5	1	19	4	3	78	26506	76	26085	0.00686842	0.00699017	0.003	0.024	343.224	191.799	42	935	
4.25	4.5	1	20	3	3	95	26540	84	23002	0.00408333	0.00384083	0.003	0.024	273.833	137.523	7	597	
4.5	4.75	4	1	3	3	53	26456	53	26456	0.00524528	0.00329863	0.003	0.01	499.17	216.128	52	1056	
4.5	4.75	4	2	5	3	78	26506	70	24320	0.0039	0.00393848	0.003	0.024	347.429	171.218	11	749	
4.5	4.75	4	3	1	3	79	26508	69	24518	0.00360869	0.00261341	0.003	0.017	355.333	178.211	56	935	
4.5	4.75	4	4	4	3	72	26494	61	24099	0.00322951	0.00125689	0.003	0.01	395.066	162.015	49	693	
4.5	4.75	4	5	2	3	60	26470	61	27187	0.00563934	0.00342069	0.003	0.01	445.689	207.509	26	807	
4.5	4.75	2	6	5	3	85	26520	69	23772	0.0034058	0.00265307	0.003	0.024	344.522	132.418	55	621	
4.5	4.75	2	7	1	3	59	26468	59	25422	0.00620339	0.00351734	0.003	0.01	430.881	183.112	10	839	
4.5	4.75	2	8	3	3	76	26502	74	26114	0.00612162	0.00580966	0.003	0.017	352.892	175.578	7	757	
4.5	4.75	2	9	2	3	70	26490	69	26392	0.00705797	0.00628463	0.003	0.017	382.493	169.48	90	669	
4.5	4.75	2	10	4	3	73	26496	58	23709	0.00360345	0.00328708	0.003	0.024	408.776	143.674	50	693	
4.5	4.75	3	11	5	3	81	26512	65	24420	0.003	0	0.003	0.003	375.692	162.687	11	621	
4.5	4.75	3	12	4	3	63	26476	65	26672	0.00623077	0.00554462	0.003	0.017	410.338	192.432	90	967	
4.5	4.75	3	13	1	3	83	26516	77	25533	0.00436364	0.00482294	0.003	0.024	331.597	137.969	3	597	
4.5	4.75	3	14	3	3	76	26502	70	25768	0.0053	0.00515654	0.003	0.024	368.114	171.186	42	717	
4.5	4.75	3	15	2	3	63	26476	62	25991	0.00559677	0.00340905	0.003	0.01	419.21	202.313	66	1056	
4.5	4.75	1	16	2	3	82	26514	70	23184	0.0052	0.00553146	0.003	0.024	331.2	156.439	7	645	
4.5	4.75	1	17	1	3	62	26474	61	26101	0.00655738	0.00352857	0.003	0.01	427.885	145.589	26	685	
4.5	4.75	1	18	5	3	70	26490	70	26490	0.0051	0.00323096	0.003	0.01	378.429	152.161	43	817	
4.5	4.75	1	19	4	3	76	26502	70	23770	0.006	0.00690515	0.003	0.024	339.571	160.745	57	871	
4.5	4.75	1	20	3	3	110	26570	95	23312	0.0034421	0.00246126	0.003	0.017	245.389	108.845	21	451	
4.75	5	4	1	3	3	63	26476	63	26879	0.00533333	0.00332634	0.003	0.01	426.651	200.128	58	999	
4.75	5	4	2	5	3	82	26514	74	25133	0.00356757	0.00301176	0.003	0.024	339.635	159.48	15	693	
4.75	5	4	3	1	3	81	26512	72	24657	0.00348611	0.00214274	0.003	0.017	342.458	179.291	4	645	
4.75	5	4	4	4	3	76	26502	63	23292	0.004	0.00414262	0.003	0.024	369.714	164.459	49	749	
4.75	5	4	5	2	3	66	26484	65	26441	0.00515385	0.00325591	0.003	0.01	406.785	192.982	34	717	
4.75	5	2	6	5	3	88	26526	71	23248	0.00309859	0.000830747	0.003	0.01	327.437	137.322	32	621	
4.75	5	2	7	1	3	60	26472	60	26923	0.00603333	0.00349802	0.003	0.01	448.717	198.097	10	1056	
4.75	5	2	8	3	3	78	26506	78	26295	0.00721795	0.00641558	0.003	0.017	337.115	159.064	20	597	
4.75	5	2	9	2	3	73	26496	74	26602	0.00763513	0.00658261	0.003	0.017	359.486	166.459	90	669	
4.75	5	2	10	4	3	85	26520	67	23590	0.00320895	0.00171037	0.003	0.017	352.09	146.073	12	573	
4.75	5	3	11	5	3	83	26516	70	24594	0.0033	0.00185995	0.003	0.017	351.343	159.464	49	749	
4.75	5	3	12	4	3	67	26484	65	25725	0.00601538	0.00566649	0.003	0.017	395.769	168.415	15	669	
4.75	5	3	13	1	3	84	26518	74	24929	0.00413513	0.00384752	0.003	0.024	336.878	167.188	42	645	
4.75	5	3	14	3	3	80	26510	71	24185	0.00428169	0.00431669	0.003	0.024	340.634	164.117	3	645	
4.75	5	3	15	2	3	64	26478	65	27470	0.00526154	0.00329904	0.003	0.01	422.615	179.685	66	839	
4.75	5	1	16	2	3	80	26510	65	21117	0.00536923	0.00570791	0.003	0.024	324.877	149.392	42	717	
4.75	5	1	17	1	3	72	26496	72	26496	0.00659722	0.0035232	0.003	0.01	368	175.821	19	871	
4.75	5	1	18	5	3	70	26490	69	26400	0.00553623	0.00338934	0.003	0.01	382.609	165.638	58	1056	
4.75	5	1	19	4	3	77	26506	77	26652	0.00745454	0.00785987	0.003	0.024	346.13	154.142	7	839	
4.75	5	1	20	3	3	105	26562	92	22508	0.00376087	0.00366261	0.003	0.024	244.652	123.375	7	437	
5	5.25	4	1	3	3	63	26476	63	26476	0.00533333	0.00332634	0.003	0.01	420.254	206.792	58	807	
5	5.25	4	2	5	3	80	26510	70	24826	0.0037	0.0031867	0.003	0.024	354.657	156.844	8	749	
5	5.25	4	3	1	3	79	26508	70	24864	0.004	0.00400362	0.003	0.024	355.2	191.335	51	935	
5	5.25	4	4	4	3	86	26522	77	25485	0.00363636	0.00282335	0.003	0.024	330.974	169.759	20	839	
5	5.25	4	5	2	3	67	26486	67	26375	0.00529851	0.00331212	0.003	0.01	393.657	172.186	34	693	
5	5.25	2	6	5	3	85	26520	71	23596	0.00359155	0.0034993	0.003	0.024	332.338	143.257	32	621	
5	5.25	2	7	1	3	64	26480	64	26480	0.00595312	0.00348434	0.003	0.01	413.75	203.791	10	839	
5	5.25	2	8	3	3	76	26502	76	26633	0.00705263	0.00618362	0.003	0.017	350.434	163.864	3	685	
5	5.25	2	9	2	3	73	26496	73	26192	0.00741096	0.00622904	0.003	0.017	358.795	166.37	67	669	
5	5.25	2	10	4	3	81	26512	68	24299	0.00392647	0.00340025	0.003	0.024	357.338	140.364	7	621	
5	5.25	3	11	5	3	78	26506	64	23975	0.00321875	0.00175	0.003	0.017	374.609	141.696	49	693	
5	5.25	3	12	4	3	65	26480	67	27143	0.00655224	0.00589114	0.003	0.017	405.119	157.18	90	669	
5	5.25	3	13	1	3	83	26516	77	25017	0.00445454	0.00486271	0.003	0.024	324.896	155.286	57	645	
5	5.25	3	14	3	3	82	26514	72	24333	0.00445833	0.00469023	0.003	0.024	337.958	163.036	57	645	
5	5.25	3	15	2	3	69	26490	69	26464	0.00502898	0.00319913	0.003	0.01	383.536	171.534	43	749	
5	5.25	1	16	2	3	74	26498	67	24385	0.00665672	0.00682365	0.003	0.024	363.955	190.883	39	935	
5	5.25	1	17	1	3	67	26484	68	26857	0.00670588	0.00351992	0.003	0.01	394.956	163.443	19	839	
5	5.25	1	18	5	3	72	26494	73	26584	0.00530137	0.00331111	0.003	0.01	364.164	147.654	66	685	
5	5.25	1	19	4	3	82	26514	79	25546	0.00636709	0.00680531	0.003	0.024	323.367	135.714	42	597	
5	5.25	1	20	3	3	108	26566	94	22288	0.00359574	0.00302079	0.003	0.024	237.106	131.626	7	560	
5.25	5.5	4	1	3	3	62	26474	62	26474	0.00548387	0.00337659	0.003	0.01	427	200.567	58	807	
5.25	5.5	4	2	5	3	82	26514	73	24146	0.00347945	0.00293499	0.003	0.024	330.767	175.876	7	693	
5.25	5.5	4	3	1	3	81	26512	74	25326	0.00356757	0.00342865	0.003	0.024	342.243	158.901	3	645	
5.25	5.5	4	4	4	3	75	26500	62	23142	0.00345161	0.00279741	0.003	0.024	373.258	160.488	49	839	
5.25	5.5	4	5	2	3	64	26478	64	26267	0.00540625	0.00335099	0.003	0.01	410.422	223.696	26	1056	
5.25	5.5	2	6	5	3	88	26526	72	24118	0.00319444	0.00115842	0.003	0.01	334.972	138.479	32	621	
5.25	5.5	2	7	1	3	58	26466	57	26013	0.00619298	0.0035175	0.003	0.01	456.368	195.511	10	1056	
5.25	5.5	2	8	3	3	72	26494	71	25750	0.0076338	0.00658188	0.003	0.017	362.676	154.765	7	685	
5.25	5.5	2	9	2	3	72	26494	72	26306	0.00708333	0.00629945	0.003	0.017	365.361	144.081	90	669	
5.25	5.5	2	10	4	3	84	26518	72	24058	0.00377778	0.00363172	0.003	0.024	334.139	164.135	49	839	
5.25	5.5	3	11	5	3	82	26514	71	24639	0.00319718	0.00166149	0.003	0.017	347.028	143.156	49	621	
5.25	5.5	3	12	4	3	70	26490	71	27546	0.00615493	0.00577098	0.003	0.017	387.972	161.5	11	773	
5.25	5.5	3	13	1	3	81	26512	71	25437	0.00378873	0.00345963	0.003	0.024	358.268	160.617	51	645	
5.25	5.5	3	14	3	3	75	26500	70	25174	0.005	0.00534871	0.003	0.024	359.629	167.78	42	935	
5.25	5.5	3	15	2	3	61	26472	61	26250	0.00506557	0.00321905	0.003	0.01	430.328	156.754	66	685	
5.25	5.5	1	16	2	3	78	26506	65	22712	0.00472308	0.00525449	0.003	0.024	349.415	157.452	42	775	
5.25	5.5	1	17	1	3	68	26486	67	25742	0.00665672	0.00352288	0.003	0.01	384.209	176.141	26	839	
5.25	5.5	1	18	5	3	68	26486	67	25913	0.00456716	0.00293992	0.003	0.01	386.761	132.102	66	685	
5.25	5.5	1	19	4	3	73	26496	69	24756	0.00655072	0.00716514	0.003	0.024	358.783	131.445	7	637	
5.25	5.5	1	20	3	3	104	26558	94	23111	0.00396808	0.00418253	0.003	0.024	245.862	127.327	7	437	
5.5	5.75	4	1	3	3	64	26478	65	26536	0.00504615	0.00320854	0.003	0.01	408.246	219.965	18	1056	
5.5	5.75	4	2	5	3	82	26514	73	24965	0.00357534	0.0027984	0.003	0.017	341.986	162.676	12	839	
5.5	5.75	4	3	1	3	81	26512	72	24722	0.00445833	0.00438608	0.003	0.024	343.361	170.588	7	597	
5.5	5.75	4	4	4	3	83	26516	70	24348	0.0035	0.00274918	0.003	0.024	347.829	159.263	8	839	
5.5	5.75	4	5	2	3	71	26492	71	26823	0.0052676	0.00329917	0.003	0.01	377.789	174.713	10	693	
5.5	5.75	2	6	5	3	92	26534	80	23623	0.003	0	0.003	0.003	295.288	133.408	32	597	
5.5	5.75	2	7	1	3	63	26476	64	26929	0.00595312	0.00348434	0.003	0.01	420.766	196.01	10	839	
5.5	5.75	2	8	3	3	76	26504	77	27024	0.00709091	0.00625591	0.003	0.017	350.961	177.178	10	839	
5.5	5.75	2	9	2	3	70	26490	73	28313	0.00673973	0.00618247	0.003	0.017	387.849	155.781	7	669	
5.5	5.75	2	10	4	3	85	26520	68	23593	0.00310294	0.000848875	0.003	0.01	346.956	158.698	49	749	
5.5	5.75	3	11	5	3	88	26526	75	24553	0.00318667	0.00113535	0.003	0.01	327.373	149.731	12	839	
5.5	5.75	3	12	4	3	64	26478	65	26760	0.00633846	0.00594842	0.003	0.017	411.692	143.688	98	669	
5.5	5.75	3	13	1	3	83	26516	77	25252	0.00427273	0.00491409	0.003	0.024	327.948	175.012	8	717	
5.5	5.75	3	14	3	3	82	26514	79	25706	0.00592405	0.00659404	0.003	0.024	325.392	178.4	3	717	
5.5	5.75	3	15	2	3	69	26488	68	26115	0.00516176	0.0032581	0.003	0.01	384.044	174.805	66	621	
5.5	5.75	1	16	2	3	85	26520	76	23825	0.00530263	0.00598224	0.003	0.024	313.487	158.811	4	825	
5.5	5.75	1	17	1	3	71	26492	72	27113	0.00601389	0.0034904	0.003	0.01	376.569	159.176	19	693	
5.5	5.75	1	18	5	3	71	26492	70	26378	0.0051	0.00323096	0.003	0.01	376.829	159.562	23	839	
5.5	5.75	1	19	4	3	81	26512	80	26153	0.00685	0.0067657	0.003	0.024	326.913	147.119	40	637	
5.5	5.75	1	20	3	3	113	26576	103	24259	0.00361165	0.00311616	0.003	0.024	235.524	115.975	19	437	
5.75	6	4	1	3	3	61	26474	60	25765	0.0058	0.00345823	0.003	0.01	429.417	200.074	26	839	
5.75	6	4	2	5	3	79	26508	69	24083	0.00391304	0.00337699	0.003	0.017	349.029	185.763	15	749	
5.75	6	4	3	1	3	77	26504	69	24327	0.00411594	0.00391279	0.003	0.024	352.565	174.873	51	645	
5.75	6	4	4	4	3	81	26512	73	24731	0.00347945	0.00242733	0.003	0.017	338.781	155.818	15	839	
5.75	6	4	5	2	3	62	26476	62	25905	0.00537097	0.00333994	0.003	0.01	417.823	199.518	10	693	
5.75	6	2	6	5	3	86	26522	75	24260	0.00346667	0.0028961	0.003	0.024	323.467	170.569	3	1056	
5.75	6	2	7	1	3	66	26486	66	27064	0.00543939	0.00336099	0.003	0.01	410.061	219.81	10	1095	
5.75	6	2	8	3	3	75	26500	76	26958	0.00705263	0.00628839	0.003	0.017	354.711	165.075	10	597	
5.75	6	2	9	2	3	69	26490	71	27814	0.00674648	0.0061289	0.003	0.017	391.746	187.39	28	839	
5.75	6	2	10	4	3	84	26518	69	23694	0.0034058	0.00236593	0.003	0.017	343.391	154.316	49	621	
5.75	6	3	11	5	3	85	26520	74	23804	0.00328378	0.00138999	0.003	0.01	321.676	173.999	7	749	
5.75	6	3	12	4	3	74	26498	73	26304	0.00578082	0.00518343	0.003	0.017	360.329	162.753	67	578	
5.75	6	3	13	1	3	75	26500	67	24229	0.00383582	0.00355731	0.003	0.024	361.627	161.991	42	839	
5.75	6	3	14	3	3	74	26500	69	25295	0.00472464	0.00455646	0.003	0.024	366.594	161.566	3	717	
5.75	6	3	15	2	3	63	26476	65	27163	0.00461538	0.00297223	0.003	0.01	417.892	179.391	58	1056	
5.75	6	1	16	2	3	85	26520	76	23222	0.00475	0.0047304	0.003	0.024	305.553	117.717	4	645	
5.75	6	1	17	1	3	71	26496	71	26731	0.00585915	0.00346532	0.003	0.01	376.493	153.889	26	749	
5.75	6	1	18	5	3	71	26494	73	27181	0.00530137	0.00331111	0.003	0.01	372.342	175.401	10	1056	
5.75	6	1	19	4	3	76	26502	75	25489	0.00710667	0.00764159	0.003	0.024	339.853	153.927	7	710	
5.75	6	1	20	3	3	109	26568	93	21939	0.00322581	0.0012435	0.003	0.01	235.903	115.379	3	573	
6	6.25	4	1	3	3	63	26476	63	27167	0.00533333	0.00332634	0.003	0.01	431.222	210.833	23	839	
6	6.25	4	2	5	3	81	26512	71	24834	0.00388732	0.00353573	0.003	0.024	349.775	156.94	49	749	
6	6.25	4	3	1	3	76	26502	67	25033	0.00373134	0.00347538	0.003	0.024	373.627	148.241	42	645	
6	6.25	4	4	4	3	77	26504	66	25027	0.00321212	0.00120913	0.003	0.01	379.197	153.952	49	693	
6	6.25	4	5	2	3	67	26484	67	26935	0.00508955	0.0032274	0.003	0.01	402.015	197.789	34	945	
6	6.25	2	6	5	3	89	26530	73	23523	0.003	0	0.003	0.003	322.233	155.131	32	621	
6	6.25	2	7	1	3	63	26476	63	26349	0.00566667	0.00342665	0.003	0.01	418.238	194.691	10	839	
6	6.25	2	8	3	3	72	26494	72	26654	0.00718055	0.00628955	0.003	0.017	370.194	175.552	7	839	
6	6.25	2	9	2	3	68	26486	68	26487	0.00722059	0.00630055	0.003	0.017	389.515	183.863	28	839	
6	6.25	2	10	4	3	81	26512	66	23143	0.00310606	0.00086164	0.003	0.01	350.652	155.617	8	621	
6	6.25	3	11	5	3	83	26516	70	24448	0.0036	0.00309464	0.003	0.024	349.257	156.237	15	621	
6	6.25	3	12	4	3	66	26482	68	26766	0.00608823	0.00584817	0.003	0.017	393.618	162.004	7	669	
6	6.25	3	13	1	3	76	26502	71	26172	0.0053662	0.00566755	0.003	0.024	368.62	163.16	42	717	
6	6.25	3	14	3	3	79	26508	76	26465	0.00585526	0.0059592	0.003	0.024	348.224	175.649	55	935	
6	6.25	3	15	2	3	61	26472	60	26270	0.0051	0.00323487	0.003	0.01	437.833	177.799	66	749	
6	6.25	1	16	2	3	85	26520	76	24944	0.00594737	0.00649286	0.003	0.024	328.211	141.101	51	717	
6	6.25	1	17	1	3	67	26484	67	26240	0.00665672	0.00352288	0.003	0.01	391.642	167.422	66	781	
6	6.25	1	18	5	3	71	26492	71	26492	0.00546479	0.0033672	0.003	0.01	373.127	173.25	23	749	
6	6.25	1	19	4	3	77	26504	72	24264	0.00630555	0.00684772	0.003	0.024	337	131.962	18	701	
6	6.25	1	20	3	3	107	26566	98	23661	0.00392857	0.0038456	0.003	0.024	241.439	107.928	30	437	
6.25	6.5	4	1	3	3	61	26472	61	26128	0.00563934	0.00342069	0.003	0.01	428.328	224.557	15	1056	
6.25	6.5	4	2	5	3	78	26506	69	24992	0.00401449	0.0038482	0.003	0.024	362.203	177.355	3	839	
6.25	6.5	4	3	1	3	77	26504	70	24932	0.0043	0.0046605	0.003	0.024	356.171	176.715	4	839	
6.25	6.5	4	4	4	3	85	26520	75	24797	0.00449333	0.00492202	0.003	0.024	330.627	162.251	19	693	
6.25	6.5	4	5	2	3	65	26480	65	26600	0.00547692	0.00337318	0.003	0.01	409.231	202.722	34	833	
6.25	6.5	2	6	5	3	85	26520	74	24438	0.00337838	0.00228577	0.003	0.017	330.243	158.236	7	621	
6.25	6.5	2	7	1	3	63	26476	63	26476	0.00566667	0.00342665	0.003	0.01	420.254	215.479	3	1056	
6.25	6.5	2	8	3	3	77	26504	78	26578	0.00614102	0.00560084	0.003	0.017	340.744	159.929	10	693	
6.25	6.5	2	9	2	3	73	26496	74	26493	0.00602703	0.00556647	0.003	0.017	358.014	161.192	7	669	
6.25	6.5	2	10	4	3	89	26528	79	23836	0.00317721	0.00110662	0.003	0.01	301.722	160.722	3	573	
6.25	6.5	3	11	5	3	74	26498	63	25037	0.00377778	0.00310797	0.003	0.017	397.413	158.111	18	693	
6.25	6.5	3	12	4	3	63	26476	63	26476	0.00566667	0.00554163	0.003	0.017	420.254	159.802	98	669	
6.25	6.5	3	13	1	3	86	26522	81	25661	0.00490123	0.0051928	0.003	0.024	316.802	140.271	55	597	
6.25	6.5	3	14	3	3	74	26498	74	26444	0.00545946	0.00536398	0.003	0.017	357.351	183.648	3	717	
6.25	6.5	3	15	2	3	58	26466	58	26354	0.00553448	0.00339357	0.003	0.01	454.379	159.226	66	817	
6.25	6.5	1	16	2	3	81	26512	74	24346	0.00593243	0.00602127	0.003	0.024	329	168.427	3	717	
6.25	6.5	1	17	1	3	70	26490	70	26490	0.0062	0.0035123	0.003	0.01	378.429	163.896	3	885	
6.25	6.5	1	18	5	3	71	26494	71	26494	0.00507042	0.00321747	0.003	0.01	373.155	170.244	26	839	
6.25	6.5	1	19	4	3	80	26510	75	25295	0.00570667	0.00585587	0.003	0.024	337.267	136.705	34	685	
6.25	6.5	1	20	3	3	114	26578	103	24446	0.00320388	0.00206919	0.003	0.024	237.34	114.907	26	526	
6.5	6.75	4	1	3	3	63	26476	62	25780	0.00548387	0.00337659	0.003	0.01	415.806	200.459	18	839	
6.5	6.75	4	2	5	3	82	26514	73	24797	0.0039589	0.00336418	0.003	0.017	339.685	155.021	18	717	
6.5	6.75	4	3	1	3	70	26490	63	23418	0.00455555	0.00443512	0.003	0.024	371.714	162.646	57	839	
6.5	6.75	4	4	4	3	80	26510	68	24010	0.00361765	0.00289637	0.003	0.024	353.088	143.559	3	749	
6.5	6.75	4	5	2	3	68	26486	67	25462	0.00519403	0.00327173	0.003	0.01	380.03	194.077	10	839	
6.5	6.75	2	6	5	3	95	26540	83	24550	0.00325301	0.00230505	0.003	0.024	295.783	147.346	32	621	
6.5	6.75	2	7	1	3	63	26476	63	26476	0.00566667	0.00342665	0.003	0.01	420.254	216.548	10	1056	
6.5	6.75	2	8	3	3	74	26498	73	26264	0.00645205	0.00596294	0.003	0.017	359.781	138.327	51	701	
6.5	6.75	2	9	2	3	74	26498	74	26407	0.00687838	0.00614651	0.003	0.017	356.851	167.629	7	669	
6.5	6.75	2	10	4	3	84	26518	71	23103	0.00359155	0.00283638	0.003	0.024	325.394	137.478	49	589	
6.5	6.75	3	11	5	3	77	26504	65	23122	0.00375385	0.00280084	0.003	0.017	355.723	156.128	49	693	
6.5	6.75	3	12	4	3	66	26482	66	26482	0.00681818	0.00603811	0.003	0.017	401.242	184.04	90	1056	
6.5	6.75	3	13	1	3	72	26494	73	25997	0.0059726	0.00627378	0.003	0.024	356.123	199.099	42	1056	
6.5	6.75	3	14	3	3	71	26494	67	25375	0.00665672	0.00671397	0.003	0.024	378.731	194.766	51	935	
6.5	6.75	3	15	2	3	59	26468	60	26782	0.00545	0.00336696	0.003	0.01	446.367	178.218	66	839	
6.5	6.75	1	16	2	3	80	26510	69	24146	0.00543478	0.00547851	0.003	0.024	349.942	177.566	4	775	
6.5	6.75	1	17	1	3	70	26492	71	26938	0.00625352	0.00351616	0.003	0.01	379.408	170.937	19	1031	
6.5	6.75	1	18	5	3	70	26490	69	26288	0.00523188	0.00328609	0.003	0.01	380.986	163.369	66	1056	
6.5	6.75	1	19	4	3	70	26490	67	24669	0.00592537	0.00623119	0.003	0.024	368.194	145.716	57	765	
6.5	6.75	1	20	3	3	109	26568	96	23418	0.00358333	0.00262244	0.003	0.024	243.937	124.322	26	533	
6.75	7	4	1	3	3	63	26476	64	27508	0.00540625	0.00335099	0.003	0.01	429.812	207.188	18	871	
6.75	7	4	2	5	3	84	26518	71	24716	0.00359155	0.00283638	0.003	0.017	348.113	164.564	12	775	
6.75	7	4	3	1	3	79	26508	72	26016	0.00465278	0.00477127	0.003	0.024	361.333	190.344	52	1056	
6.75	7	4	4	4	3	79	26508	69	24361	0.00381159	0.00329561	0.003	0.024	353.058	179.034	11	839	
6.75	7	4	5	2	3	63	26476	65	27534	0.00536923	0.00333808	0.003	0.01	423.6	200.778	34	1056	
6.75	7	2	6	5	3	82	26514	65	22264	0.00332308	0.00260473	0.003	0.024	342.523	140.686	32	621	
6.75	7	2	7	1	3	63	26476	63	26311	0.00588889	0.00347392	0.003	0.01	417.635	184.278	10	1056	
6.75	7	2	8	3	3	78	26506	77	26228	0.00690909	0.00616694	0.003	0.017	340.623	160.844	57	839	
6.75	7	2	9	2	3	75	26500	74	26394	0.00697297	0.00624823	0.003	0.017	356.676	182.95	28	1056	
6.75	7	2	10	4	3	82	26514	65	22307	0.00332308	0.00260473	0.003	0.024	343.185	134.93	49	621	
6.75	7	3	11	5	3	79	26508	67	25332	0.00352239	0.0022181	0.003	0.017	378.09	162.159	18	693	
6.75	7	3	12	4	3	61	26472	61	26472	0.00495082	0.00480426	0.003	0.017	433.967	156.622	90	775	
6.75	7	3	13	1	3	79	26508	77	26588	0.00518182	0.00559306	0.003	0.024	345.299	176.128	57	839	
6.75	7	3	14	3	3	68	26486	67	26735	0.00529851	0.00576566	0.003	0.024	399.03	156.713	57	717	
6.75	7	3	15	2	3	63	26476	63	26476	0.00477778	0.00307143	0.003	0.01	420.254	193.08	66	1056	
6.75	7	1	16	2	3	80	26510	72	23611	0.00581944	0.00583415	0.003	0.024	327.931	144.986	7	717	
6.75	7	1	17	1	3	66	26484	65	25911	0.00623077	0.00351679	0.003	0.01	398.631	157.507	26	839	
6.75	7	1	18	5	3	66	26486	65	25630	0.00536923	0.00333808	0.003	0.01	394.308	143.632	26	685	
6.75	7	1	19	4	3	77	26504	71	24270	0.00546479	0.00604467	0.003	0.024	341.831	133.005	57	549	
6.75	7	1	20	3	3	108	26566	99	24123	0.00342424	0.00261116	0.003	0.024	243.667	122.883	11	437	
7	7.25	4	1	3	3	60	26472	60	26133	0.00545	0.00336696	0.003	0.01	435.55	194.114	18	709	
7	7.25	4	2	5	3	88	26526	79	25013	0.00424051	0.00415783	0.003	0.024	316.62	158.633	7	693	
7	7.25	4	3	1	3	75	26500	67	24533	0.00435821	0.00443369	0.003	0.024	366.164	192.599	42	935	
7	7.25	4	4	4	3	83	26516	71	24315	0.00378873	0.003251	0.003	0.024	342.465	162.244	49	693	
7	7.25	4	5	2	3	68	26488	67	26342	0.00550746	0.00338165	0.003	0.01	393.164	186.249	10	693	
7	7.25	2	6	5	3	95	26540	79	21833	0.00326582	0.00236268	0.003	0.024	276.367	157.391	32	621	
7	7.25	2	7	1	3	55	26460	55	26174	0.00630909	0.003527	0.003	0.01	475.891	227.518	10	1056	
7	7.25	2	8	3	3	76	26502	76	26317	0.00668421	0.00609964	0.003	0.017	346.276	146.369	42	637	
7	7.25	2	9	2	3	77	26506	77	26714	0.00654545	0.00607529	0.003	0.017	346.935	144.136	90	573	
7	7.25	2	10	4	3	83	26516	64	22071	0.00354687	0.00313166	0.003	0.024	344.859	140.785	49	775	
7	7.25	3	11	5	3	83	26516	71	24721	0.00378873	0.00345963	0.003	0.024	348.183	164.415	18	693	
7	7.25	3	12	4	3	67	26484	67	26484	0.00613433	0.00575219	0.003	0.017	395.284	183.967	10	775	
7	7.25	3	13	1	3	78	26506	74	25334	0.00451351	0.00437691	0.003	0.017	342.351	183.126	3	935	
7	7.25	3	14	3	3	74	26498	68	24950	0.00475	0.00489403	0.003	0.024	366.912	168.66	57	935	
7	7.25	3	15	2	3	60	26470	59	26156	0.00501695	0.00319747	0.003	0.01	443.322	166.58	66	817	
7	7.25	1	16	2	3	84	26518	75	23792	0.0058	0.00586792	0.003	0.024	317.227	147.799	42	597	
7	7.25	1	17	1	3	70	26490	70	26378	0.0063	0.00351951	0.003	0.01	376.829	168.592	26	839	
7	7.25	1	18	5	3	68	26486	69	26971	0.00543478	0.00335839	0.003	0.01	390.884	160.947	39	781	
7	7.25	1	19	4	3	76	26502	73	25282	0.00721918	0.0078903	0.003	0.024	346.329	137.691	57	645	
7	7.25	1	20	3	3	107	26564	94	23211	0.00404255	0.00369514	0.003	0.017	246.926	127.058	23	611	
7.25	7.5	4	1	3	3	56	26462	56	26286	0.0055	0.00338446	0.003	0.01	469.393	193.77	26	871	
7.25	7.5	4	2	5	3	83	26516	75	25547	0.00346667	0.00210105	0.003	0.017	340.627	180.126	18	839	
7.25	7.5	4	3	1	3	75	26500	66	24674	0.00427273	0.00405556	0.003	0.024	373.848	158.714	42	717	
7.25	7.5	4	4	4	3	84	26518	73	24755	0.00338356	0.00160408	0.003	0.01	339.11	163.722	49	749	
7.25	7.5	4	5	2	3	61	26472	61	26133	0.00529508	0.00331333	0.003	0.01	428.41	181.908	26	839	
7.25	7.5	2	6	5	3	86	26522	72	22656	0.003875	0.0042258	0.003	0.024	314.667	158.654	32	666	
7.25	7.5	2	7	1	3	55	26460	55	26603	0.00643636	0.00353167	0.003	0.01	483.691	229.579	10	1056	
7.25	7.5	2	8	3	3	80	26510	80	26979	0.007025	0.0062783	0.003	0.017	337.237	146.906	55	710	
7.25	7.5	2	9	2	3	70	26490	70	26102	0.007	0.00625775	0.003	0.017	372.886	154.829	90	669	
7.25	7.5	2	10	4	3	80	26510	63	22470	0.00377778	0.00358061	0.003	0.024	356.667	137.682	49	637	
7.25	7.5	3	11	5	3	73	26496	62	24055	0.00435484	0.0045416	0.003	0.024	387.984	180.495	18	839	
7.25	7.5	3	12	4	3	63	26476	62	26290	0.00559677	0.00526186	0.003	0.017	424.032	163.388	90	773	
7.25	7.5	3	13	1	3	79	26508	75	25365	0.00449333	0.0047856	0.003	0.024	338.2	159.297	43	645	
7.25	7.5	3	14	3	3	81	26512	79	26147	0.00610126	0.00611345	0.003	0.024	330.975	157.174	3	717	
7.25	7.5	3	15	2	3	62	26474	62	26722	0.00514516	0.00325348	0.003	0.01	431	145.603	66	685	
7.25	7.5	1	16	2	3	79	26508	73	24053	0.00491781	0.00537937	0.003	0.024	329.493	151.861	57	839	
7.25	7.5	1	17	1	3	69	26488	69	26488	0.00614493	0.00350745	0.003	0.01	383.884	166.05	26	781	
7.25	7.5	1	18	5	3	64	26478	65	27051	0.00536923	0.00333808	0.003	0.01	416.169	181.257	19	1056	
7.25	7.5	1	19	4	3	71	25438	68	24336	0.00557353	0.00650216	0.003	0.024	357.882	168.116	3	935	
7.25	7.5	1	20	3	3	102	26554	90	22748	0.00323333	0.00164248	0.003	0.017	252.756	120.586	38	529	
7.5	7.75	4	1	3	3	62	26476	62	26324	0.00537097	0.00333994	0.003	0.01	424.581	195.037	18	693	
7.5	7.75	4	2	5	3	74	26498	69	25622	0.00452174	0.00462922	0.003	0.024	371.333	181.837	49	839	
7.5	7.75	4	3	1	3	81	26512	75	25418	0.00486667	0.00555886	0.003	0.024	338.907	179.865	51	717	
7.5	7.75	4	4	4	3	79	26508	69	24386	0.00442029	0.00408514	0.003	0.024	353.42	186.77	49	839	
7.5	7.75	4	5	2	3	69	26488	68	26486	0.0052647	0.00329911	0.003	0.01	389.5	178.533	34	621	
7.5	7.75	2	6	5	3	84	26520	75	23692	0.00384	0.00414285	0.003	0.024	315.893	151.184	32	621	
7.5	7.75	2	7	1	3	62	26476	62	26629	0.00570968	0.00343744	0.003	0.01	429.5	235.395	10	1056	
7.5	7.75	2	8	3	3	69	26488	70	26633	0.0069	0.00626504	0.003	0.017	380.471	148.306	11	685	
7.5	7.75	2	9	2	3	67	26486	69	27054	0.00675362	0.00607165	0.003	0.017	392.087	174.459	34	839	
7.5	7.75	2	10	4	3	79	26508	69	23664	0.00371014	0.00244409	0.003	0.017	342.957	148.036	7	749	
7.5	7.75	3	11	5	3	71	26492	60	20252	0.00323333	0.00180739	0.003	0.017	337.533	153.34	49	693	
7.5	7.75	3	12	4	3	59	26468	59	26265	0.00667797	0.00586468	0.003	0.017	445.169	196.312	7	1056	
7.5	7.75	3	13	1	3	73	26496	72	25467	0.00591667	0.00640807	0.003	0.024	353.708	198.451	42	1056	
7.5	7.75	3	14	3	3	70	26490	70	25652	0.0061	0.00579392	0.003	0.017	366.457	187.173	42	1056	
7.5	7.75	3	15	2	3	54	26458	54	25839	0.0052037	0.00328162	0.003	0.01	478.5	193.548	66	1056	
7.5	7.75	1	16	2	3	77	26504	70	23770	0.0062	0.00670842	0.003	0.024	339.571	172.324	57	1056	
7.5	7.75	1	17	1	3	70	26492	69	26490	0.00614493	0.00350745	0.003	0.01	383.913	181.335	26	839	
7.5	7.75	1	18	5	3	71	26496	71	26496	0.0053662	0.00333484	0.003	0.01	373.183	166.53	26	839	
7.5	7.75	1	19	4	3	78	27562	74	25924	0.00631081	0.00626345	0.003	0.024	350.324	157.467	66	839	
7.5	7.75	1	20	3	3	103	26556	97	24909	0.00379381	0.00264944	0.003	0.017	256.794	123.377	15	517	
7.75	8	4	1	3	3	64	26480	64	26922	0.00496875	0.00317214	0.003	0.01	420.656	217.445	18	839	
7.75	8	4	2	5	3	76	26502	66	24804	0.00406061	0.00306784	0.003	0.017	375.818	173.764	49	839	
7.75	8	4	3	1	3	82	26514	75	25079	0.0044	0.004457	0.003	0.024	334.387	156.63	3	645	
7.75	8	4	4	4	3	82	26514	72	25103	0.00358333	0.00256053	0.003	0.017	348.653	174.446	49	839	
7.75	8	4	5	2	3	66	26482	67	26934	0.00529851	0.00331212	0.003	0.01	402	208.134	34	1056	
7.75	8	2	6	5	3	84	26518	72	23376	0.00475	0.0048083	0.003	0.024	324.667	149.672	32	621	
7.75	8	2	7	1	3	57	26456	58	26765	0.00565517	0.00342617	0.003	0.01	461.466	172.564	10	839	
7.75	8	2	8	3	3	70	26490	70	26184	0.0067	0.00604416	0.003	0.017	374.057	163.057	74	685	
7.75	8	2	9	2	3	66	26482	64	26187	0.0069375	0.00622049	0.003	0.017	409.172	168.444	93	839	
7.75	8	2	10	4	3	85	26520	72	23978	0.00416667	0.00389655	0.003	0.024	333.028	154.335	7	621	
7.75	8	3	11	5	3	79	26508	71	25166	0.00408451	0.00347952	0.003	0.024	354.451	184.216	18	839	
7.75	8	3	12	4	3	65	26482	66	26871	0.00543939	0.00467441	0.003	0.017	407.136	204.826	11	1095	
7.75	8	3	13	1	3	79	26508	77	26769	0.00554545	0.00519247	0.003	0.024	347.649	178.045	43	701	
7.75	8	3	14	3	3	68	26486	67	27266	0.00550746	0.00540867	0.003	0.024	406.955	215.08	42	1056	
7.75	8	3	15	2	3	63	26476	63	26834	0.00511111	0.00323843	0.003	0.01	425.937	202.885	66	839	
7.75	8	1	16	2	3	74	26498	69	25766	0.00573913	0.00565855	0.003	0.024	373.42	176.139	57	839	
7.75	8	1	17	1	3	64	26478	64	26590	0.00671875	0.00352077	0.003	0.01	415.469	200.711	3	1056	
7.75	8	1	18	5	3	70	26490	69	26268	0.00502898	0.00319913	0.003	0.01	380.696	156.021	26	817	
7.75	8	1	19	4	3	77	26506	72	24450	0.00620833	0.00674263	0.003	0.024	339.583	163.808	3	717	
7.75	8	1	20	3	3	103	26556	92	24335	0.00398913	0.00409635	0.003	0.024	264.511	144.517	26	621	
8	8.25	4	1	3	3	58	26466	59	26717	0.00561017	0.00341405	0.003	0.01	452.831	203.11	58	1056	
8	8.25	4	2	5	3	82	26514	73	24723	0.00443836	0.00466067	0.003	0.024	338.671	183.57	7	839	
8	8.25	4	3	1	3	76	26502	71	24786	0.00467606	0.00522022	0.003	0.024	349.099	154.023	8	717	
8	8.25	4	4	4	3	82	26514	73	25012	0.00328767	0.00182178	0.003	0.017	342.63	179.684	3	839	
8	8.25	4	5	2	3	64	26478	64	26479	0.0051875	0.00327024	0.003	0.01	413.734	198.848	34	1056	
8	8.25	2	6	5	3	90	26530	78	24715	0.00335897	0.00249662	0.003	0.024	316.859	165.265	16	621	
8	8.25	2	7	1	3	66	26490	65	25868	0.00558461	0.00340447	0.003	0.01	397.969	211.557	10	1056	
8	8.25	2	8	3	3	76	26502	75	26583	0.00608	0.00554773	0.003	0.017	354.44	152.007	11	693	
8	8.25	2	9	2	3	72	26494	76	26966	0.00631579	0.00565499	0.003	0.017	354.816	164.998	90	669	
8	8.25	2	10	4	3	79	26508	64	22526	0.00332812	0.002625	0.003	0.024	351.969	141.523	49	839	
8	8.25	3	11	5	3	81	26512	72	25049	0.00416667	0.00406981	0.003	0.024	347.903	151.011	11	693	
8	8.25	3	12	4	3	63	26476	62	26278	0.00616129	0.00576363	0.003	0.017	423.839	162.509	7	669	
8	8.25	3	13	1	3	74	26498	71	25753	0.00566197	0.00584061	0.003	0.024	362.718	175.036	42	645	
8	8.25	3	14	3	3	83	26516	83	26212	0.00553012	0.00584419	0.003	0.024	315.807	162.404	57	775	
8	8.25	3	15	2	3	62	26474	63	26801	0.00555555	0.00339724	0.003	0.01	425.413	216.511	66	1056	
8	8.25	1	16	2	3	84	26518	75	22868	0.00533333	0.00555886	0.003	0.024	304.907	151.103	8	717	
8	8.25	1	17	1	3	73	26496	74	26757	0.00668919	0.00351874	0.003	0.01	361.581	177.039	19	749	
8	8.25	1	18	5	3	66	26484	67	26706	0.00550746	0.00338165	0.003	0.01	398.597	151.832	66	765	
8	8.25	1	19	4	3	71	26492	70	25334	0.0074	0.00764692	0.003	0.024	361.914	121.395	52	637	
8	8.25	1	20	3	3	100	26552	90	22784	0.00471111	0.0050664	0.003	0.024	253.156	117.443	26	531	
8.25	8.5	4	1	3	3	62	26474	61	26013	0.00540984	0.00335349	0.003	0.01	426.443	210.971	58	1056	
8.25	8.5	4	2	5	3	81	26512	72	25243	0.00436111	0.00400811	0.003	0.024	350.597	159.508	15	839	
8.25	8.5	4	3	1	3	79	26508	71	25687	0.00428169	0.00431669	0.003	0.024	361.789	181.88	57	839	
8.25	8.5	4	4	4	3	78	26506	67	24778	0.00352239	0.00253077	0.003	0.017	369.821	161.461	49	749	
8.25	8.5	4	5	2	3	71	26492	71	26161	0.00516901	0.00326009	0.003	0.01	368.465	191.027	34	839	
8.25	8.5	2	6	5	3	83	26516	73	22315	0.00367123	0.00353182	0.003	0.024	305.685	162.295	32	621	
8.25	8.5	2	7	1	3	61	26472	61	26633	0.00563934	0.00342069	0.003	0.01	436.607	184.864	10	913	
8.25	8.5	2	8	3	3	75	26502	76	26656	0.00686842	0.00598296	0.003	0.017	350.737	187.511	7	839	
8.25	8.5	2	9	2	3	67	26486	69	27344	0.00705797	0.00593069	0.003	0.017	396.29	182.996	18	839	
8.25	8.5	2	10	4	3	81	26512	72	24206	0.00445833	0.00438608	0.003	0.024	336.194	174.022	8	839	
8.25	8.5	3	11	5	3	78	26506	64	23614	0.00310937	0.000875	0.003	0.01	368.969	167.983	49	839	
8.25	8.5	3	12	4	3	67	26484	69	26868	0.00584058	0.00554294	0.003	0.017	389.391	170.366	18	669	
8.25	8.5	3	13	1	3	79	26508	76	25491	0.00548684	0.00568153	0.003	0.024	335.408	177.903	7	717	
8.25	8.5	3	14	3	3	80	26510	76	25603	0.00530263	0.00516145	0.003	0.017	336.882	161.752	51	645	
8.25	8.5	3	15	2	3	66	26482	66	26482	0.00490909	0.00314142	0.003	0.01	401.242	182.767	66	749	
8.25	8.5	1	16	2	3	76	26502	63	21525	0.00455555	0.00460987	0.003	0.024	341.667	140.63	57	775	
8.25	8.5	1	17	1	3	64	26478	63	25734	0.00666667	0.00352411	0.003	0.01	408.476	167.174	63	839	
8.25	8.5	1	18	5	3	72	26496	71	26050	0.00546479	0.0033672	0.003	0.01	366.901	177.286	58	1095	
8.25	8.5	1	19	4	3	80	26510	75	24928	0.00673333	0.00693665	0.003	0.024	332.373	175.737	34	775	
8.25	8.5	1	20	3	3	106	26562	99	24608	0.00455555	0.00474927	0.003	0.024	248.566	120.257	10	437	
8.5	8.75	4	1	3	3	56	26462	57	26923	0.00594737	0.00348682	0.003	0.01	472.333	206.402	10	903	
8.5	8.75	4	2	5	3	82	26514	77	24943	0.00490909	0.00490215	0.003	0.024	323.935	162.844	7	775	
8.5	8.75	4	3	1	3	71	26492	67	25596	0.00467164	0.0050374	0.003	0.024	382.03	171.78	42	775	
8.5	8.75	4	4	4	3	78	26506	70	25361	0.0045	0.00374843	0.003	0.017	362.3	159.816	49	749	
8.5	8.75	4	5	2	3	58	26466	58	26677	0.0052931	0.00331402	0.003	0.01	459.948	170.938	34	1056	
8.5	8.75	2	6	5	3	79	26510	66	23710	0.00395454	0.00386078	0.003	0.024	359.242	161.308	32	634	
8.5	8.75	2	7	1	3	56	26464	56	26607	0.00575	0.00344964	0.003	0.01	475.125	199.505	10	1056	
8.5	8.75	2	8	3	3	69	26488	68	26414	0.00691176	0.00632865	0.003	0.017	388.441	185.706	10	1056	
8.5	8.75	2	9	2	3	63	26476	62	26186	0.0066129	0.00617598	0.003	0.017	422.355	188.061	90	839	
8.5	8.75	2	10	4	3	68	26486	54	23331	0.00403704	0.00370091	0.003	0.017	432.056	191.869	50	1056	
8.5	8.75	3	11	5	3	80	26510	73	24964	0.00386301	0.00307461	0.003	0.024	341.973	189.535	10	839	
8.5	8.75	3	12	4	3	64	26478	63	26188	0.00544444	0.00505383	0.003	0.017	415.683	156.839	11	669	
8.5	8.75	3	13	1	3	72	26494	72	26871	0.00630555	0.00643196	0.003	0.024	373.208	205.356	18	935	
8.5	8.75	3	14	3	3	81	26512	80	26144	0.005975	0.00576321	0.003	0.024	326.8	167.191	3	717	
8.5	8.75	3	15	2	3	64	26478	63	25905	0.00522222	0.00328459	0.003	0.01	411.19	187.418	58	1056	
8.5	8.75	1	16	2	3	84	26518	80	26016	0.0057125	0.00625046	0.003	0.024	325.2	143.819	32	710	
8.5	8.75	1	17	1	3	64	26478	65	27222	0.00623077	0.00351679	0.003	0.01	418.8	152.479	103	839	
8.5	8.75	1	18	5	3	66	26482	67	26928	0.00634328	0.00352288	0.003	0.01	401.91	166.41	10	839	
8.5	8.75	1	19	4	3	72	26494	66	24259	0.0065	0.00617003	0.003	0.024	367.561	178.483	7	935	
8.5	8.75	1	20	3	3	110	26570	99	23612	0.00370707	0.00353482	0.003	0.024	238.505	123.663	16	549	
8.75	9	4	1	3	3	62	26474	61	26013	0.00518033	0.00326858	0.003	0.01	426.443	186.15	58	807	
8.75	9	4	2	5	3	79	26508	68	23311	0.0035147	0.00220239	0.003	0.017	342.809	171.231	49	693	
8.75	9	4	3	1	3	71	26492	64	24128	0.00453125	0.00535996	0.003	0.024	377	159.872	57	645	
8.75	9	4	4	4	3	74	26498	65	25422	0.00396923	0.00324504	0.003	0.017	391.108	157.33	18	693	
8.75	9	4	5	2	3	66	26482	66	26151	0.00512121	0.00324163	0.003	0.01	396.227	204.243	34	717	
8.75	9	2	6	5	3	93	26536	80	24484	0.0034375	0.0023213	0.003	0.017	306.05	145.927	32	621	
8.75	9	2	7	1	3	57	26466	56	26177	0.006125	0.00351135	0.003	0.01	467.446	191.369	10	1056	
8.75	9	2	8	3	3	75	26500	76	26494	0.00742105	0.00634826	0.003	0.017	348.605	181.592	7	1056	
8.75	9	2	9	2	3	68	26486	70	27445	0.0077	0.00649716	0.003	0.017	392.071	199.512	90	1056	
8.75	9	2	10	4	3	73	26496	56	21770	0.004375	0.00430882	0.003	0.024	388.75	151.481	26	749	
8.75	9	3	11	5	3	84	26518	70	25211	0.0038	0.00348329	0.003	0.024	360.157	182.652	49	839	
8.75	9	3	12	4	3	70	26490	72	26966	0.00659722	0.0059898	0.003	0.017	374.528	183.647	34	693	
8.75	9	3	13	1	3	77	26504	74	26249	0.0065	0.00687909	0.003	0.024	354.716	159.915	42	645	
8.75	9	3	14	3	3	72	26494	73	26734	0.00616438	0.00639447	0.003	0.024	366.219	160.574	3	645	
8.75	9	3	15	2	3	65	26480	65	26616	0.0058	0.00345597	0.003	0.01	409.477	190.675	66	839	
8.75	9	1	16	2	3	77	26504	66	22858	0.00501515	0.00517536	0.003	0.024	346.333	145.93	55	717	
8.75	9	1	17	1	3	64	26478	64	26478	0.00660937	0.00352595	0.003	0.01	413.719	190.157	26	839	
8.75	9	1	18	5	3	71	26494	71	26494	0.00477465	0.00306686	0.003	0.01	373.155	134.64	58	708	
8.75	9	1	19	4	3	77	26504	75	26124	0.00617333	0.00712129	0.003	0.024	348.32	161.27	3	935	
8.75	9	1	20	3	3	108	26566	97	23771	0.00357732	0.00330036	0.003	0.024	245.062	124.524	15	533	
9	9.25	4	1	3	3	59	26468	59	26871	0.00501695	0.00319747	0.003	0.01	455.441	165.546	58	839	
9	9.25	4	2	5	3	84	26518	77	25680	0.00409091	0.00394429	0.003	0.024	333.506	165.602	18	637	
9	9.25	4	3	1	3	77	26504	71	25210	0.0041831	0.0048765	0.003	0.024	355.07	165.748	57	935	
9	9.25	4	4	4	3	77	26504	70	25248	0.0041	0.00455927	0.003	0.024	360.686	173.653	12	839	
9	9.25	4	5	2	3	62	26474	62	26925	0.00514516	0.00325348	0.003	0.01	434.274	177.163	34	717	
9	9.25	2	6	5	3	87	26524	75	23576	0.00318667	0.00113535	0.003	0.01	314.347	157.913	7	621	
9	9.25	2	7	1	3	69	26488	69	26488	0.00543478	0.00335839	0.003	0.01	383.884	188.735	10	765	
9	9.25	2	8	3	3	77	26504	76	26041	0.0065	0.00588444	0.003	0.017	342.645	175.742	10	693	
9	9.25	2	9	2	3	72	26496	71	26406	0.0064507	0.00565885	0.003	0.017	371.915	158.865	11	749	
9	9.25	2	10	4	3	81	26514	67	23691	0.00362686	0.00265053	0.003	0.017	353.597	151.962	11	839	
9	9.25	3	11	5	3	86	26522	77	25178	0.00427273	0.00464428	0.003	0.024	326.987	156.434	11	693	
9	9.25	3	12	4	3	66	26482	66	26583	0.0059697	0.0057672	0.003	0.017	402.773	159.105	90	775	
9	9.25	3	13	1	3	78	26506	78	26023	0.00524359	0.00535053	0.003	0.024	333.628	180.462	4	717	
9	9.25	3	14	3	3	79	26508	74	25602	0.00489189	0.00495616	0.003	0.024	345.973	167.385	42	871	
9	9.25	3	15	2	3	63	26476	63	26459	0.00488889	0.0031321	0.003	0.01	419.984	159.012	79	749	
9	9.25	1	16	2	3	81	26512	70	23439	0.0055	0.00584275	0.003	0.024	334.843	176.653	11	839	
9	9.25	1	17	1	3	67	26484	67	26596	0.0062388	0.00351658	0.003	0.01	396.955	169.097	26	1056	
9	9.25	1	18	5	3	70	26490	70	26490	0.0052	0.00327308	0.003	0.01	378.429	152.301	59	857	
9	9.25	1	19	4	3	77	26504	73	25028	0.00731507	0.0077062	0.003	0.024	342.849	148.893	57	717	
9	9.25	1	20	3	3	112	26574	102	24145	0.00361765	0.00313095	0.003	0.024	236.716	118.773	26	437	
9.25	9.5	4	1	3	3	60	26470	60	26334	0.00568333	0.00343211	0.003	0.01	438.9	223.03	18	839	
9.25	9.5	4	2	5	3	72	26494	62	24231	0.00401613	0.00397736	0.003	0.024	390.823	184.111	50	1056	
9.25	9.5	4	3	1	3	75	26500	66	25032	0.00395454	0.00386078	0.003	0.024	379.273	174.844	57	935	
9.25	9.5	4	4	4	3	75	26500	65	24328	0.00386154	0.00360935	0.003	0.024	374.277	174.014	23	749	
9.25	9.5	4	5	2	3	61	26472	61	26472	0.00495082	0.00316452	0.003	0.01	433.967	187.981	34	807	
9.25	9.5	2	6	5	3	95	26540	79	23130	0.003	0	0.003	0.003	292.785	136.05	11	621	
9.25	9.5	2	7	1	3	63	26476	64	26622	0.00617187	0.00351213	0.003	0.01	415.969	191.186	10	839	
9.25	9.5	2	8	3	3	72	26494	74	27191	0.00706757	0.00624024	0.003	0.017	367.446	158.168	10	685	
9.25	9.5	2	9	2	3	69	26488	72	27145	0.00747222	0.00636003	0.003	0.017	377.014	160.518	90	669	
9.25	9.5	2	10	4	3	84	26518	65	21948	0.00332308	0.00148016	0.003	0.01	337.662	139.709	49	621	
9.25	9.5	3	11	5	3	78	26506	63	23675	0.00322222	0.00123712	0.003	0.01	375.794	175.042	49	839	
9.25	9.5	3	12	4	3	64	26478	64	25995	0.005625	0.00536449	0.003	0.017	406.172	170.232	90	749	
9.25	9.5	3	13	1	3	82	26514	81	26880	0.00507407	0.00512537	0.003	0.024	331.852	159.592	57	717	
9.25	9.5	3	14	3	3	76	26502	73	25216	0.00539726	0.00608673	0.003	0.024	345.425	158.615	3	645	
9.25	9.5	3	15	2	3	60	26470	61	26924	0.00483606	0.00310473	0.003	0.01	441.377	168.509	66	749	
9.25	9.5	1	16	2	3	83	26516	69	22790	0.00502898	0.00551461	0.003	0.024	330.29	153.292	43	645	
9.25	9.5	1	17	1	3	66	26482	65	25626	0.0072	0.00345597	0.003	0.01	394.246	177.523	26	839	
9.25	9.5	1	18	5	3	70	26490	69	25805	0.00513043	0.00324451	0.003	0.01	373.986	180.009	10	1056	
9.25	9.5	1	19	4	3	82	26514	78	25160	0.00757692	0.00819965	0.003	0.024	322.564	149.159	42	549	
9.25	9.5	1	20	3	3	114	26578	102	23944	0.00313725	0.00138621	0.003	0.017	234.745	119.752	26	437	
9.5	9.75	4	1	3	3	62	26478	62	26646	0.00469355	0.00302226	0.003	0.01	429.774	204.319	18	839	
9.5	9.75	4	2	5	3	83	26518	70	24088	0.0036	0.00309464	0.003	0.024	344.114	178.009	8	839	
9.5	9.75	4	3	1	3	79	26508	77	25807	0.00490909	0.00574956	0.003	0.024	335.156	163.288	42	717	
9.5	9.75	4	4	4	3	76	26502	70	25899	0.0045	0.00504114	0.003	0.024	369.986	159.35	50	839	
9.5	9.75	4	5	2	3	67	26484	67	26492	0.0048806	0.00312624	0.003	0.01	395.403	193.413	34	903	
9.5	9.75	2	6	5	3	84	26518	78	25180	0.00344872	0.00235017	0.003	0.017	322.821	159.703	32	669	
9.5	9.75	2	7	1	3	68	26486	68	26793	0.00505882	0.00321323	0.003	0.01	394.015	181.762	10	749	
9.5	9.75	2	8	3	3	82	26514	80	26126	0.0057125	0.00516364	0.003	0.017	326.575	157.441	34	685	
9.5	9.75	2	9	2	3	78	26506	78	26514	0.00569231	0.00519817	0.003	0.017	339.923	169.099	7	682	
9.5	9.75	2	10	4	3	81	26512	69	23935	0.00381159	0.00329561	0.003	0.024	346.884	141.824	49	839	
9.5	9.75	3	11	5	3	80	26510	73	24045	0.00424657	0.00426152	0.003	0.024	329.384	179.648	7	839	
9.5	9.75	3	12	4	3	60	26470	62	27149	0.00582258	0.00559134	0.003	0.017	437.887	167.743	93	775	
9.5	9.75	3	13	1	3	73	26496	71	26097	0.0053662	0.0054149	0.003	0.024	367.563	166.4	42	645	
9.5	9.75	3	14	3	3	71	26494	72	26737	0.00552778	0.00579211	0.003	0.024	371.347	181.285	57	1056	
9.5	9.75	3	15	2	3	67	26484	67	26484	0.00446269	0.00286742	0.003	0.01	395.284	171.909	66	749	
9.5	9.75	1	16	2	3	84	26518	76	24834	0.00567105	0.00547817	0.003	0.024	326.763	155.843	7	637	
9.5	9.75	1	17	1	3	71	26494	72	27354	0.00591667	0.00347526	0.003	0.01	379.917	157.837	26	693	
9.5	9.75	1	18	5	3	66	26484	67	27169	0.00529851	0.00331212	0.003	0.01	405.507	174.15	3	839	
9.5	9.75	1	19	4	3	74	26498	73	25414	0.00750685	0.00794447	0.003	0.024	348.137	172.431	42	935	
9.5	9.75	1	20	3	3	114	26578	104	23081	0.00340385	0.00235458	0.003	0.017	221.933	112.535	26	437	
9.75	10	4	1	3	3	63	26476	63	26137	0.00566667	0.00342665	0.003	0.01	414.873	202.126	26	839	
9.75	10	4	2	5	3	84	26518	73	24375	0.00376712	0.00320815	0.003	0.017	333.904	172.208	18	839	
9.75	10	4	3	1	3	77	26504	72	25953	0.00523611	0.00608506	0.003	0.024	360.458	171.908	3	717	
9.75	10	4	4	4	3	83	26516	70	23785	0.0034	0.00263422	0.003	0.024	339.786	159.526	18	621	
9.75	10	4	5	2	3	67	26484	67	26476	0.00498507	0.00317897	0.003	0.01	395.164	172.1	26	717	
9.75	10	2	6	5	3	92	26534	81	23470	0.00334568	0.00245031	0.003	0.024	289.753	149.808	3	621	
9.75	10	2	7	1	3	66	26484	67	26638	0.00540298	0.00334872	0.003	0.01	397.582	187.265	10	749	
9.75	10	2	8	3	3	77	26504	79	26892	0.0065443	0.00591781	0.003	0.017	340.405	174.691	7	839	
9.75	10	2	9	2	3	66	26482	68	27057	0.00722059	0.00618338	0.003	0.017	397.897	175.822	28	839	
9.75	10	2	10	4	3	84	26518	73	24821	0.00405479	0.00381113	0.003	0.024	340.014	152.655	23	573	
9.75	10	3	11	5	3	83	26516	72	24963	0.00368055	0.00314363	0.003	0.024	346.708	187.835	8	839	
9.75	10	3	12	4	3	69	26488	69	26787	0.00594203	0.00555424	0.003	0.017	388.217	159.255	7	669	
9.75	10	3	13	1	3	76	26502	75	26153	0.00561333	0.00595454	0.003	0.024	348.707	180.755	7	717	
9.75	10	3	14	3	3	77	26504	77	26504	0.00518182	0.0051112	0.003	0.017	344.208	156.52	3	645	
9.75	10	3	15	2	3	63	26476	63	26476	0.005	0.00318768	0.003	0.01	420.254	173.473	66	685	
9.75	10	1	16	2	3	85	26520	76	23841	0.00475	0.00512803	0.003	0.024	313.697	154.394	18	717	
9.75	10	1	17	1	3	68	26488	69	26686	0.00614493	0.00350745	0.003	0.01	386.754	163.041	26	685	
9.75	10	1	18	5	3	72	26496	71	26294	0.00507042	0.00321747	0.003	0.01	370.338	160.357	58	839	
9.75	10	1	19	4	3	74	26500	69	24482	0.00594203	0.00639826	0.003	0.024	354.812	154.704	57	717	
9.75	10	1	20	3	3	102	26554	90	23538	0.00354444	0.00300995	0.003	0.024	261.533	114.996	7	471	
