% start	end	CellId	IMSI	RNTI	LCID	nTxPDUs	TxBytes	nRxPDUs	RxBytes	delay	stdDev	min	max	PduSize	stdDev	min	max
0.5	0.75	4	1	5	3	126	25548	117	21303	0.00425641	0.00326463	0.003	0.024	182.077	65.3826	9	467	
0.5	0.75	4	2	3	3	133	25566	119	19148	0.00570588	0.00638636	0.003	0.024	160.908	96.2096	6	722	
0.5	0.75	4	3	2	3	122	25542	115	21704	0.00683478	0.0050989	0.003	0.024	188.73	92.097	5	658	
0.5	0.75	4	4	1	3	123	25544	116	21686	0.00547414	0.00507759	0.003	0.024	186.948	88.7419	25	726	
0.5	0.75	4	5	4	3	110	25516	109	25352	0.00499082	0.00382123	0.003	0.017	232.587	133.77	17	839	
0.5	0.75	2	6	4	3	84	25464	84	25464	0.00366667	0.00206715	0.003	0.01	303.143	148.882	7	839	
0.5	0.75	2	7	5	3	114	25524	103	20136	0.00469903	0.00464597	0.003	0.024	195.495	78.2661	28	539	
0.5	0.75	2	8	2	3	113	25522	110	24926	0.00554545	0.00525608	0.003	0.017	226.6	127.853	9	839	
0.5	0.75	2	9	3	3	115	25526	102	18925	0.00464706	0.00474216	0.003	0.024	185.539	112.768	28	619	
0.5	0.75	2	10	1	3	80	25456	80	25456	0.0036125	0.00199044	0.003	0.01	318.2	131.768	28	839	
0.5	0.75	3	11	5	3	135	25570	124	19784	0.00446774	0.00466162	0.003	0.024	159.548	107.109	27	675	
0.5	0.75	3	12	3	3	110	25516	104	21790	0.00730769	0.00500306	0.003	0.024	209.519	129.535	28	693	
0.5	0.75	3	13	1	3	106	25508	106	25508	0.00438679	0.00353909	0.003	0.017	240.642	125.648	16	839	
0.5	0.75	3	14	4	3	110	25516	110	25516	0.00459091	0.00375217	0.003	0.017	231.964	125.737	5	839	
0.5	0.75	3	15	2	3	90	25476	90	25476	0.00416667	0.00351961	0.003	0.017	283.067	130.787	20	839	
0.5	0.75	1	16	3	3	106	25508	105	25268	0.0048	0.00400577	0.003	0.017	240.648	126.17	16	839	
0.5	0.75	1	17	2	3	130	25556	120	20386	0.00451667	0.00464357	0.003	0.024	169.883	75.6669	26	591	
0.5	0.75	1	18	4	3	110	25516	108	24983	0.00565741	0.004758	0.003	0.024	231.324	131.733	28	839	
0.5	0.75	1	19	5	3	91	25478	90	25462	0.00424444	0.00357051	0.003	0.017	282.911	130.066	28	839	
0.5	0.75	1	20	1	3	113	25522	107	21686	0.00692523	0.00545427	0.003	0.024	202.673	115.716	28	881	
0.75	1	4	1	5	3	145	26640	143	25697	0.00446853	0.00309203	0.003	0.017	179.699	50.9333	9	517	
0.75	1	4	2	3	3	159	26672	158	25542	0.00592405	0.00694248	0.003	0.024	161.658	95.7242	6	590	
0.75	1	4	3	2	3	140	26630	138	25528	0.00584058	0.00428245	0.003	0.024	184.986	70.1953	5	376	
0.75	1	4	4	1	3	147	26644	146	25619	0.00482192	0.00403209	0.003	0.024	175.473	65.9449	25	436	
0.75	1	4	5	4	3	129	26608	128	26444	0.00436719	0.00305042	0.003	0.017	206.594	73.8148	8	373	
0.75	1	2	6	4	3	95	26540	95	26540	0.00336842	0.00157137	0.003	0.01	279.368	125.451	7	373	
0.75	1	2	7	5	3	133	26616	123	23295	0.00413821	0.0038418	0.003	0.024	189.39	70.1477	73	492	
0.75	1	2	8	2	3	126	26602	126	26674	0.00527778	0.00514997	0.003	0.024	211.698	60.6638	9	531	
0.75	1	2	9	3	3	134	26618	120	19878	0.00416667	0.00428861	0.003	0.024	165.65	79.4075	75	520	
0.75	1	2	10	1	3	91	26532	91	26532	0.003	0	0.003	0.003	291.56	104.558	75	373	
0.75	1	3	11	5	3	143	26636	137	22954	0.00540146	0.00559472	0.003	0.024	167.547	112.352	32	675	
0.75	1	3	12	3	3	123	26596	121	24925	0.0077438	0.00488455	0.003	0.024	205.992	113.6	49	669	
0.75	1	3	13	1	3	128	26606	126	26263	0.004	0.00261381	0.003	0.017	208.437	83.4606	17	419	
0.75	1	3	14	4	3	128	26606	126	26202	0.00433333	0.00315721	0.003	0.017	207.952	80.4907	33	517	
0.75	1	3	15	2	3	110	26570	110	26570	0.00382727	0.00246017	0.003	0.017	241.545	117.235	7	453	
0.75	1	1	16	3	3	125	26600	124	26512	0.00435484	0.00395954	0.003	0.017	213.806	47.8136	73	387	
0.75	1	1	17	2	3	138	26626	130	22752	0.00391538	0.00330617	0.003	0.024	175.015	68.177	26	544	
0.75	1	1	18	4	3	127	26604	126	26182	0.00527778	0.00450002	0.003	0.017	207.794	76.9756	9	706	
0.75	1	1	19	5	3	102	26554	103	26570	0.00347573	0.00245287	0.003	0.017	257.961	95.5209	4	341	
0.75	1	1	20	1	3	116	26582	111	24233	0.00672072	0.00488815	0.003	0.024	218.315	122.832	53	839	
1	1.25	4	1	5	3	134	26618	130	24844	0.00477692	0.00503055	0.003	0.024	191.108	61.9613	25	453	
1	1.25	4	2	3	3	142	26634	127	18450	0.00437795	0.00450032	0.003	0.024	145.276	83.5853	32	596	
1	1.25	4	3	2	3	126	26606	122	24646	0.00781967	0.00624039	0.003	0.024	202.016	87.6991	57	571	
1	1.25	4	4	1	3	132	26614	127	24118	0.00553543	0.00595991	0.003	0.024	189.906	89.4751	6	492	
1	1.25	4	5	4	3	123	26596	124	26608	0.00480645	0.00366632	0.003	0.017	214.581	50.1079	73	610	
1	1.25	2	6	4	3	91	26532	90	26159	0.00307778	0.000737865	0.003	0.01	290.656	111.448	7	373	
1	1.25	2	7	5	3	126	26602	112	21591	0.004375	0.00458773	0.003	0.024	192.777	63.0163	73	384	
1	1.25	2	8	2	3	125	26600	125	26424	0.00608	0.00631128	0.003	0.024	211.392	46.9624	117	300	
1	1.25	2	9	3	3	126	26602	111	19404	0.00457658	0.00478359	0.003	0.024	174.811	88.8726	75	520	
1	1.25	2	10	1	3	91	26532	91	26532	0.003	0	0.003	0.003	291.56	103.969	75	373	
1	1.25	3	11	5	3	154	26658	146	21926	0.00343151	0.00275408	0.003	0.024	150.178	84.5134	58	487	
1	1.25	3	12	3	3	126	26606	120	24708	0.00714167	0.00501141	0.003	0.024	205.9	100.375	56	746	
1	1.25	3	13	1	3	120	26590	122	26933	0.00391803	0.00311114	0.003	0.017	220.762	80.8475	16	327	
1	1.25	3	14	4	3	125	26600	126	26840	0.00377778	0.00296618	0.003	0.017	213.016	30.2282	88	301	
1	1.25	3	15	2	3	100	26550	100	26550	0.003	0	0.003	0.003	265.5	116.838	39	341	
1	1.25	1	16	3	3	122	26594	123	26682	0.00487805	0.00411432	0.003	0.017	216.927	57.2962	12	387	
1	1.25	1	17	2	3	136	26622	128	22824	0.00436719	0.00383492	0.003	0.024	178.312	80.9963	22	544	
1	1.25	1	18	4	3	121	26592	120	26383	0.00550833	0.00486972	0.003	0.024	219.858	68.5207	48	483	
1	1.25	1	19	5	3	100	26550	100	26550	0.00342	0.00194459	0.003	0.017	265.5	96.083	39	453	
1	1.25	1	20	1	3	132	26616	128	24943	0.00644531	0.00447884	0.003	0.024	194.867	91.0979	9	571	
1.25	1.5	4	1	5	3	134	26618	132	25846	0.0052803	0.00589775	0.003	0.024	195.803	72.3258	17	531	
1.25	1.5	4	2	3	3	145	26644	131	19039	0.00433588	0.00452108	0.003	0.024	145.336	84.6577	75	596	
1.25	1.5	4	3	2	3	130	26616	124	24449	0.00768548	0.00603562	0.003	0.024	197.169	83.2113	36	597	
1.25	1.5	4	4	1	3	134	26618	130	24725	0.00547692	0.00609259	0.003	0.024	190.192	92.2257	6	597	
1.25	1.5	4	5	4	3	125	26600	125	26752	0.004568	0.00354086	0.003	0.017	214.016	32.9763	93	387	
1.25	1.5	2	6	4	3	88	26526	89	26899	0.00347191	0.00176513	0.003	0.01	302.236	99.9295	7	373	
1.25	1.5	2	7	5	3	128	26606	113	21574	0.00411504	0.0041377	0.003	0.024	190.92	60.7288	73	384	
1.25	1.5	2	8	2	3	125	26600	125	26776	0.005576	0.00558983	0.003	0.024	214.208	50.6164	144	416	
1.25	1.5	2	9	3	3	128	26606	115	20686	0.00446087	0.00468159	0.003	0.024	179.878	84.0159	117	520	
1.25	1.5	2	10	1	3	86	26522	86	26522	0.003	0	0.003	0.003	308.395	93.1071	121	373	
1.25	1.5	3	11	5	3	148	26646	141	22547	0.00404255	0.0045777	0.003	0.024	159.908	112.805	58	596	
1.25	1.5	3	12	3	3	125	26604	124	26021	0.00796774	0.00623384	0.003	0.024	209.847	94.2449	65	746	
1.25	1.5	3	13	1	3	121	26592	120	26488	0.00410833	0.00300922	0.003	0.017	220.733	77.4173	44	285	
1.25	1.5	3	14	4	3	125	26600	125	26600	0.00384	0.00289438	0.003	0.017	212.8	26.9976	149	240	
1.25	1.5	3	15	2	3	101	26552	101	26552	0.003	0	0.003	0.003	262.891	116.884	4	341	
1.25	1.5	1	16	3	3	125	26600	124	26512	0.0048629	0.00410103	0.003	0.017	213.806	37.7117	88	301	
1.25	1.5	1	17	2	3	138	26626	130	23444	0.00429231	0.00406811	0.003	0.024	180.338	79.2019	49	591	
1.25	1.5	1	18	4	3	126	26602	122	25605	0.00512295	0.00430563	0.003	0.024	209.877	40.7467	73	320	
1.25	1.5	1	19	5	3	100	26550	100	26550	0.003	0	0.003	0.003	265.5	96.046	39	341	
1.25	1.5	1	20	1	3	136	26622	128	23654	0.00567969	0.00505549	0.003	0.024	184.797	70.1102	9	396	
1.5	1.75	4	1	5	3	135	26620	131	25255	0.00492366	0.00521332	0.003	0.024	192.786	70.971	16	531	
1.5	1.75	4	2	3	3	146	26644	132	19805	0.00453788	0.00476214	0.003	0.024	150.038	92.7087	75	596	
1.5	1.75	4	3	2	3	133	26618	130	25047	0.00746923	0.00597565	0.003	0.024	192.669	86.5649	14	551	
1.5	1.75	4	4	1	3	136	26622	132	25049	0.00543939	0.006115	0.003	0.024	189.765	95.1729	49	591	
1.5	1.75	4	5	4	3	124	26598	124	26299	0.00452419	0.00340603	0.003	0.017	212.089	36.8918	73	387	
1.5	1.75	2	6	4	3	90	26530	89	26289	0.00323595	0.00127049	0.003	0.01	295.382	104.96	7	373	
1.5	1.75	2	7	5	3	129	26608	117	22412	0.00425641	0.00446665	0.003	0.024	191.556	61.2466	73	332	
1.5	1.75	2	8	2	3	123	26596	123	26305	0.00590244	0.00607388	0.003	0.024	213.862	61.1642	48	531	
1.5	1.75	2	9	3	3	131	26612	116	20186	0.00396552	0.00368057	0.003	0.024	174.017	77.1979	82	440	
1.5	1.75	2	10	1	3	90	26530	90	26530	0.003	0	0.003	0.003	294.778	103.647	75	373	
1.5	1.75	3	11	5	3	153	26656	150	24795	0.00416667	0.00475778	0.003	0.024	165.3	108.177	26	596	
1.5	1.75	3	12	3	3	129	26610	127	26109	0.00790551	0.00573687	0.003	0.024	205.583	80.6506	9	571	
1.5	1.75	3	13	1	3	115	26580	115	26491	0.00366956	0.00226616	0.003	0.017	230.357	73.2051	44	285	
1.5	1.75	3	14	4	3	125	26600	126	26764	0.00366667	0.0024133	0.003	0.017	212.413	37.2836	88	301	
1.5	1.75	3	15	2	3	100	26550	100	26550	0.003	0	0.003	0.003	265.5	112.442	39	341	
1.5	1.75	1	16	3	3	121	26592	121	26592	0.00508264	0.00439429	0.003	0.017	219.769	42.9587	88	387	
1.5	1.75	1	17	2	3	134	26618	127	23411	0.00487401	0.00525084	0.003	0.024	184.339	84.6624	26	436	
1.5	1.75	1	18	4	3	120	26590	120	26157	0.005975	0.00549478	0.003	0.024	217.975	49.9209	48	435	
1.5	1.75	1	19	5	3	100	26550	100	26550	0.00314	0.0014	0.003	0.017	265.5	105.848	39	341	
1.5	1.75	1	20	1	3	123	26596	118	23403	0.00679661	0.00554016	0.003	0.024	198.331	98.4889	9	706	
1.75	2	4	1	5	3	134	26618	132	26201	0.00543939	0.00599142	0.003	0.024	198.492	83.2913	16	597	
1.75	2	4	2	3	3	146	26644	132	18694	0.00432576	0.00450529	0.003	0.024	141.621	85.3315	7	596	
1.75	2	4	3	2	3	137	26515	129	23761	0.00674419	0.00593754	0.003	0.024	184.194	86.4596	7	597	
1.75	2	4	4	1	3	137	26624	130	23624	0.00515385	0.00577144	0.003	0.024	181.723	91.7022	6	597	
1.75	2	4	5	4	3	127	26604	127	26903	0.00448819	0.00359644	0.003	0.017	211.835	59.0589	17	539	
1.75	2	2	6	4	3	89	26528	90	26769	0.00346667	0.00175589	0.003	0.01	297.433	105.577	7	373	
1.75	2	2	7	5	3	132	26614	118	22173	0.00388983	0.00383369	0.003	0.024	187.907	64.341	73	492	
1.75	2	2	8	2	3	127	26604	126	26655	0.00544444	0.00575994	0.003	0.024	211.548	59.4766	9	531	
1.75	2	2	9	3	3	135	26620	121	19893	0.00392562	0.00337433	0.003	0.024	164.405	64.0278	14	520	
1.75	2	2	10	1	3	89	26528	89	26528	0.003	0	0.003	0.003	298.067	101.372	75	373	
1.75	2	3	11	5	3	144	26638	134	20711	0.00420149	0.00466434	0.003	0.024	154.56	99.4183	12	596	
1.75	2	3	12	3	3	130	26529	126	24650	0.00727778	0.00531058	0.003	0.024	195.635	99.9853	9	746	
1.75	2	3	13	1	3	119	26588	119	26496	0.00423529	0.00324091	0.003	0.017	222.655	77.9478	44	459	
1.75	2	3	14	4	3	127	26604	126	26516	0.004	0.00315721	0.003	0.017	210.444	63.9914	17	610	
1.75	2	3	15	2	3	101	26552	101	26552	0.00320792	0.00155124	0.003	0.017	262.891	112.351	39	341	
1.75	2	1	16	3	3	125	26600	126	26764	0.00477778	0.004332	0.003	0.017	212.413	40.6885	17	387	
1.75	2	1	17	2	3	137	26624	129	23415	0.00451938	0.00470887	0.003	0.024	181.512	71.1884	49	436	
1.75	2	1	18	4	3	123	26596	124	27175	0.00565322	0.00517349	0.003	0.024	219.153	68.5588	57	706	
1.75	2	1	19	5	3	100	26550	100	26550	0.00314	0.0014	0.003	0.017	265.5	101.453	39	341	
1.75	2	1	20	1	3	122	26598	109	21148	0.00678899	0.00462095	0.003	0.024	194.018	79.0186	49	597	
2	2.25	4	1	5	3	150	26650	153	27364	0.00405229	0.00318878	0.003	0.024	178.85	68.2091	9	531	
2	2.25	4	2	3	3	165	26682	162	25265	0.00503086	0.00521515	0.003	0.024	155.957	78.6958	25	606	
2	2.25	4	3	2	3	138	26741	139	26823	0.0061223	0.00431119	0.003	0.024	192.971	78.6334	17	551	
2	2.25	4	4	1	3	142	26634	142	26479	0.00507042	0.00455019	0.003	0.024	186.472	68.961	69	517	
2	2.25	4	5	4	3	124	26598	124	26598	0.00441129	0.00295773	0.003	0.017	214.5	39.8818	17	387	
2	2.25	2	6	4	3	93	26536	93	26536	0.00307527	0.000725866	0.003	0.01	285.333	117.709	7	373	
2	2.25	2	7	5	3	127	26604	121	24508	0.00514049	0.00493678	0.003	0.024	202.545	72.2805	41	384	
2	2.25	2	8	2	3	125	26600	125	26480	0.005744	0.00539998	0.003	0.017	211.84	48.5992	117	416	
2	2.25	2	9	3	3	129	26608	118	21128	0.00477966	0.00450097	0.003	0.024	179.051	91.4346	75	520	
2	2.25	2	10	1	3	92	26534	92	26534	0.003	0	0.003	0.003	288.413	104.767	75	373	
2	2.25	3	11	5	3	158	26666	155	25449	0.00449032	0.00436837	0.003	0.024	164.187	99.8202	9	572	
2	2.25	3	12	3	3	134	26703	133	26598	0.0068421	0.00426196	0.003	0.024	199.985	88.2415	9	504	
2	2.25	3	13	1	3	119	26588	120	26873	0.003525	0.00185147	0.003	0.01	223.942	81.2902	5	389	
2	2.25	3	14	4	3	127	26604	128	26692	0.00365625	0.00239566	0.003	0.017	208.531	56.0731	17	387	
2	2.25	3	15	2	3	101	26552	101	26552	0.00320792	0.00119429	0.003	0.01	262.891	113.621	7	373	
2	2.25	1	16	3	3	124	26598	122	26389	0.00529508	0.00435736	0.003	0.017	216.303	62.4297	44	389	
2	2.25	1	17	2	3	147	26644	142	24854	0.00487324	0.00526713	0.003	0.024	175.028	51.3586	22	436	
2	2.25	1	18	4	3	127	26604	124	26320	0.00554032	0.00440325	0.003	0.017	212.258	62.3612	21	387	
2	2.25	1	19	5	3	101	26552	99	26116	0.00420202	0.00265338	0.003	0.01	263.798	100.526	31	453	
2	2.25	1	20	1	3	132	26614	127	25061	0.00669291	0.00535192	0.003	0.024	197.331	89.2668	57	746	
2.25	2.5	4	1	5	3	147	26644	145	25932	0.00401379	0.00297206	0.003	0.017	178.841	45.6141	9	356	
2.25	2.5	4	2	3	3	155	26668	156	25649	0.00600641	0.0067523	0.003	0.024	164.417	86.1277	75	549	
2.25	2.5	4	3	2	3	138	26626	137	26039	0.00611679	0.00440432	0.003	0.024	190.066	67.323	54	423	
2.25	2.5	4	4	1	3	145	26640	145	26206	0.00502759	0.00411796	0.003	0.024	180.731	67.648	22	591	
2.25	2.5	4	5	4	3	128	26606	127	26442	0.00404724	0.00250668	0.003	0.01	208.205	50.6529	17	341	
2.25	2.5	2	6	4	3	93	26536	93	26536	0.00330107	0.00142787	0.003	0.01	285.333	120.912	7	373	
2.25	2.5	2	7	5	3	130	26610	124	24482	0.00497581	0.00485307	0.003	0.024	197.435	70.6411	73	384	
2.25	2.5	2	8	2	3	126	26602	126	26722	0.0055	0.00527295	0.003	0.017	212.079	54.0765	9	373	
2.25	2.5	2	9	3	3	131	26612	118	20296	0.00424576	0.00415704	0.003	0.024	172	85.073	101	560	
2.25	2.5	2	10	1	3	91	26532	91	26532	0.003	0	0.003	0.003	291.56	103.378	75	373	
2.25	2.5	3	11	5	3	159	26668	158	25575	0.00481645	0.00494536	0.003	0.024	161.867	87.8011	62	487	
2.25	2.5	3	12	3	3	132	26614	131	25807	0.00679389	0.00453316	0.003	0.024	197	98.7105	8	504	
2.25	2.5	3	13	1	3	119	26588	118	26544	0.00341525	0.00166064	0.003	0.01	224.949	71.8193	16	285	
2.25	2.5	3	14	4	3	127	26604	126	26440	0.0035	0.00180997	0.003	0.01	209.841	63.55	16	389	
2.25	2.5	3	15	2	3	101	26552	101	26552	0.00355445	0.00189987	0.003	0.01	262.891	114.853	39	373	
2.25	2.5	1	16	3	3	125	26600	127	26809	0.00531496	0.00475378	0.003	0.017	211.094	61.1479	17	389	
2.25	2.5	1	17	2	3	139	26628	129	22726	0.00468217	0.0054486	0.003	0.024	176.171	52.0278	101	436	
2.25	2.5	1	18	4	3	128	26606	129	26405	0.0058217	0.00491244	0.003	0.024	204.69	74.6599	29	531	
2.25	2.5	1	19	5	3	102	26554	104	26990	0.00353846	0.00187432	0.003	0.01	259.519	91.9108	16	373	
2.25	2.5	1	20	1	3	125	26600	123	24766	0.0067561	0.00609803	0.003	0.024	201.35	89.6636	49	706	
2.5	2.75	4	1	5	3	137	26624	136	26670	0.0052647	0.00510372	0.003	0.024	196.103	74.1456	9	531	
2.5	2.75	4	2	3	3	153	26658	141	20494	0.0046383	0.00506427	0.003	0.024	145.348	85.7734	5	596	
2.5	2.75	4	3	2	3	134	26618	129	24586	0.00690698	0.00559637	0.003	0.024	190.589	79.6276	21	517	
2.5	2.75	4	4	1	3	139	26628	135	25266	0.00528148	0.00559671	0.003	0.024	187.156	86.2191	17	517	
2.5	2.75	4	5	4	3	125	26600	127	26928	0.00465354	0.00357766	0.003	0.017	212.031	38.1865	17	387	
2.5	2.75	2	6	4	3	89	26528	89	26528	0.00331461	0.00145848	0.003	0.01	298.067	109.233	7	373	
2.5	2.75	2	7	5	3	128	26606	116	22466	0.00456896	0.00489227	0.003	0.024	193.672	61.4626	73	384	
2.5	2.75	2	8	2	3	127	26604	129	27084	0.0058217	0.00603175	0.003	0.024	209.953	50.8001	9	300	
2.5	2.75	2	9	3	3	130	26610	115	20220	0.0044	0.00465437	0.003	0.024	175.826	83.4562	49	520	
2.5	2.75	2	10	1	3	89	26528	89	26528	0.003	0	0.003	0.003	298.067	99.4986	121	373	
2.5	2.75	3	11	5	3	155	26660	150	23638	0.00374667	0.00345476	0.003	0.024	157.587	96.7423	32	596	
2.5	2.75	3	12	3	3	124	26600	127	27470	0.00746457	0.00480376	0.003	0.024	216.299	116.883	9	746	
2.5	2.75	3	13	1	3	120	26590	121	26634	0.00421488	0.00321768	0.003	0.017	220.116	76.122	44	285	
2.5	2.75	3	14	4	3	127	26604	128	26768	0.00376562	0.00281023	0.003	0.017	209.125	46.1506	17	316	
2.5	2.75	3	15	2	3	100	26550	100	26550	0.003	0	0.003	0.003	265.5	113.421	39	341	
2.5	2.75	1	16	3	3	123	26596	124	26760	0.0046371	0.00346958	0.003	0.017	215.806	56.8714	16	387	
2.5	2.75	1	17	2	3	141	26632	136	24990	0.00490441	0.0047794	0.003	0.024	183.75	82.0774	26	453	
2.5	2.75	1	18	4	3	123	26596	123	26758	0.00544715	0.00420227	0.003	0.024	217.545	70.7102	37	483	
2.5	2.75	1	19	5	3	101	26552	101	26552	0.00341584	0.00193529	0.003	0.017	262.891	89.2484	93	341	
2.5	2.75	1	20	1	3	137	26624	133	25880	0.00689474	0.00505465	0.003	0.024	194.586	91.1054	9	591	
2.75	3	4	1	5	3	128	26606	127	25896	0.00570079	0.00558103	0.003	0.024	203.906	98.8077	9	693	
2.75	3	4	2	3	3	144	26642	136	21861	0.00572794	0.0068253	0.003	0.024	160.743	101.234	40	597	
2.75	3	4	3	2	3	127	26604	123	24877	0.00743902	0.00629096	0.003	0.024	202.252	104.139	4	597	
2.75	3	4	4	1	3	131	26612	128	24787	0.00589844	0.00624417	0.003	0.024	193.648	99.3635	49	597	
2.75	3	4	5	4	3	125	26600	124	26436	0.00458064	0.00319831	0.003	0.017	213.194	67.5648	33	539	
2.75	3	2	6	4	3	94	26538	94	26538	0.00307447	0.000721995	0.003	0.01	282.319	124.314	7	373	
2.75	3	2	7	5	3	129	26608	112	20548	0.003625	0.00274805	0.003	0.017	183.464	55.7785	73	384	
2.75	3	2	8	2	3	124	26598	122	26118	0.00552459	0.00562493	0.003	0.024	214.082	65.0176	9	531	
2.75	3	2	9	3	3	130	26610	112	17496	0.003625	0.00274805	0.003	0.024	156.214	64.097	40	520	
2.75	3	2	10	1	3	92	26534	92	26534	0.003	0	0.003	0.003	288.413	105.344	75	373	
2.75	3	3	11	5	3	152	26654	146	23229	0.00415068	0.00411279	0.003	0.024	159.103	106.269	31	597	
2.75	3	3	12	3	3	117	26577	109	23254	0.00743119	0.00491853	0.003	0.024	213.339	127.8	13	746	
2.75	3	3	13	1	3	119	26588	119	26588	0.00423529	0.0033666	0.003	0.017	223.429	79.0527	44	490	
2.75	3	3	14	4	3	126	26602	126	26602	0.0045	0.00360832	0.003	0.017	211.127	54.0641	73	316	
2.75	3	3	15	2	3	101	26552	101	26552	0.00306931	0.000696526	0.003	0.01	262.891	100.722	39	341	
2.75	3	1	16	3	3	125	26600	124	26436	0.00497581	0.00442363	0.003	0.017	213.194	55.8936	73	392	
2.75	3	1	17	2	3	126	26602	120	23130	0.00539167	0.00517313	0.003	0.024	192.75	96.5006	29	591	
2.75	3	1	18	4	3	118	26586	119	26776	0.00594118	0.00486477	0.003	0.017	225.008	94.3178	45	706	
2.75	3	1	19	5	3	101	26552	101	26552	0.00355445	0.00214231	0.003	0.017	262.891	101.962	16	434	
2.75	3	1	20	1	3	111	26572	108	24350	0.00766667	0.00541372	0.003	0.024	225.463	129.064	49	706	
3	3.25	4	1	5	3	145	26640	147	27352	0.0047619	0.00400057	0.003	0.024	186.068	73.7663	9	517	
3	3.25	4	2	3	3	155	26662	150	24702	0.00594	0.00645088	0.003	0.024	164.68	81.3488	5	428	
3	3.25	4	3	2	3	140	26632	141	27199	0.00632624	0.00492007	0.003	0.024	192.901	83.3846	5	517	
3	3.25	4	4	1	3	144	26638	144	27216	0.00523611	0.00465748	0.003	0.024	189	82.7699	25	517	
3	3.25	4	5	4	3	124	26598	124	26745	0.00435484	0.00277677	0.003	0.01	215.685	43.2103	48	387	
3	3.25	2	6	4	3	96	26542	96	26542	0.00307292	0.000714435	0.003	0.01	276.479	125.521	7	373	
3	3.25	2	7	5	3	129	26608	120	23479	0.00469167	0.00453705	0.003	0.017	195.658	70.9573	73	384	
3	3.25	2	8	2	3	125	26600	125	26528	0.005688	0.00546457	0.003	0.017	212.224	46.0363	177	300	
3	3.25	2	9	3	3	128	26606	113	19352	0.00423894	0.00388282	0.003	0.017	171.257	95.222	101	560	
3	3.25	2	10	1	3	94	26538	94	26538	0.003	0	0.003	0.003	282.319	107.692	75	373	
3	3.25	3	11	5	3	158	26666	153	24705	0.00437255	0.00454637	0.003	0.024	161.471	97.2723	12	596	
3	3.25	3	12	3	3	127	26613	127	26862	0.00735433	0.00457656	0.003	0.024	211.512	99.7218	49	524	
3	3.25	3	13	1	3	121	26592	120	26307	0.00340833	0.00188089	0.003	0.017	219.225	80.8969	5	389	
3	3.25	3	14	4	3	130	26610	130	26610	0.00359231	0.00247059	0.003	0.017	204.692	68.9934	17	387	
3	3.25	3	15	2	3	104	26558	104	26558	0.00333654	0.00150475	0.003	0.01	255.365	104.72	4	373	
3	3.25	1	16	3	3	123	26596	123	26475	0.00465041	0.00359413	0.003	0.017	215.244	61.6185	16	387	
3	3.25	1	17	2	3	146	26642	138	24087	0.00421739	0.00347827	0.003	0.024	174.543	68.258	22	517	
3	3.25	1	18	4	3	124	26598	123	26373	0.00561789	0.00433537	0.003	0.017	214.415	70.4395	36	435	
3	3.25	1	19	5	3	105	26560	104	26187	0.00380769	0.00224723	0.003	0.01	251.798	93.0263	8	373	
3	3.25	1	20	1	3	135	26622	135	26797	0.00678518	0.00539262	0.003	0.024	198.496	90.6761	9	591	
3.25	3.5	4	1	5	3	149	26648	148	26292	0.00380405	0.00351413	0.003	0.024	177.649	54.0568	10	416	
3.25	3.5	4	2	3	3	160	26674	154	23432	0.00518182	0.00521869	0.003	0.024	152.156	67.5915	41	459	
3.25	3.5	4	3	2	3	132	26388	126	24210	0.00622222	0.0038239	0.003	0.024	192.143	67.4737	57	463	
3.25	3.5	4	4	1	3	145	26640	141	24597	0.00429078	0.00308577	0.003	0.024	174.447	44.1377	69	436	
3.25	3.5	4	5	4	3	127	26604	127	26457	0.00454331	0.00340577	0.003	0.017	208.323	40.6702	17	285	
3.25	3.5	2	6	4	3	90	26530	90	26530	0.00315555	0.00103762	0.003	0.01	294.778	108.561	7	373	
3.25	3.5	2	7	5	3	128	26606	120	23950	0.00486667	0.00469209	0.003	0.017	199.583	67.5853	73	384	
3.25	3.5	2	8	2	3	127	26604	126	26436	0.00566667	0.00579655	0.003	0.024	209.81	53.8635	9	300	
3.25	3.5	2	9	3	3	129	26608	121	22928	0.00490909	0.00469574	0.003	0.017	189.488	92.9951	117	520	
3.25	3.5	2	10	1	3	89	26528	89	26528	0.003	0	0.003	0.003	298.067	99.4986	121	373	
3.25	3.5	3	11	5	3	158	26666	154	24625	0.00459091	0.00496736	0.003	0.024	159.903	84.1366	62	477	
3.25	3.5	3	12	3	3	125	26602	121	25259	0.00733884	0.00528922	0.003	0.024	208.752	76.5595	28	469	
3.25	3.5	3	13	1	3	109	26568	110	26853	0.00338182	0.00159691	0.003	0.01	244.118	61.997	16	359	
3.25	3.5	3	14	4	3	128	26606	128	26606	0.00354687	0.00257749	0.003	0.017	207.859	51.3729	17	301	
3.25	3.5	3	15	2	3	99	26548	99	26548	0.00328283	0.00138535	0.003	0.01	268.162	113.389	7	373	
3.25	3.5	1	16	3	3	120	26590	120	26711	0.00550833	0.00451886	0.003	0.017	222.592	68.9452	33	387	
3.25	3.5	1	17	2	3	148	26646	139	24016	0.00441007	0.00470555	0.003	0.024	172.777	56.2726	22	492	
3.25	3.5	1	18	4	3	117	26584	117	26518	0.00623077	0.00507934	0.003	0.024	226.65	61.4081	36	389	
3.25	3.5	1	19	5	3	102	26554	103	26927	0.00415534	0.00261128	0.003	0.01	261.427	113.445	7	453	
3.25	3.5	1	20	1	3	120	26592	110	22690	0.00739091	0.00567805	0.003	0.024	206.273	109.711	15	746	
3.5	3.75	4	1	5	3	137	26624	137	26624	0.00524817	0.0050886	0.003	0.024	194.336	74.9582	10	531	
3.5	3.75	4	2	3	3	152	26660	146	22863	0.00525342	0.0058094	0.003	0.024	156.596	87.1639	75	517	
3.5	3.75	4	3	2	3	133	26848	134	26751	0.00723134	0.00536196	0.003	0.024	199.634	90.7989	5	551	
3.5	3.75	4	4	1	3	138	26626	138	26403	0.00533333	0.00530436	0.003	0.024	191.326	94.1836	17	591	
3.5	3.75	4	5	4	3	124	26598	124	26522	0.00441129	0.00308948	0.003	0.017	213.887	46.7116	33	387	
3.5	3.75	2	6	4	3	90	26530	90	26530	0.00307778	0.000737865	0.003	0.01	294.778	111.645	7	373	
3.5	3.75	2	7	5	3	127	26604	115	22205	0.00427826	0.00399681	0.003	0.017	193.087	61.4058	73	384	
3.5	3.75	2	8	2	3	125	26600	125	26540	0.0058	0.00576138	0.003	0.024	212.32	56.4642	9	531	
3.5	3.75	2	9	3	3	128	26606	115	20335	0.00433913	0.0043385	0.003	0.024	176.826	82.4917	69	480	
3.5	3.75	2	10	1	3	89	26528	89	26528	0.003	0	0.003	0.003	298.067	99.4986	121	373	
3.5	3.75	3	11	5	3	158	26666	154	23972	0.00409091	0.00409106	0.003	0.024	155.662	93.8639	18	596	
3.5	3.75	3	12	3	3	129	26608	129	26055	0.00696124	0.00493774	0.003	0.024	201.977	86.8397	9	551	
3.5	3.75	3	13	1	3	119	26588	119	26588	0.00423529	0.00297363	0.003	0.017	223.429	75.1126	44	389	
3.5	3.75	3	14	4	3	127	26604	126	26587	0.00366667	0.0024133	0.003	0.017	211.008	43.9677	73	387	
3.5	3.75	3	15	2	3	102	26554	102	26554	0.00320588	0.00118854	0.003	0.01	260.333	113.302	4	341	
3.5	3.75	1	16	3	3	124	26598	124	26375	0.0048629	0.00400271	0.003	0.017	212.702	59.3883	5	389	
3.5	3.75	1	17	2	3	143	26636	134	22778	0.00404478	0.00338032	0.003	0.024	169.985	66.7914	22	436	
3.5	3.75	1	18	4	3	128	26606	128	26625	0.00507812	0.00442365	0.003	0.024	208.008	63.2779	21	483	
3.5	3.75	1	19	5	3	100	26550	100	26550	0.00328	0.00170015	0.003	0.017	265.5	87.7229	39	341	
3.5	3.75	1	20	1	3	134	26618	133	25740	0.00626316	0.00476238	0.003	0.024	193.534	83.1009	9	517	
3.75	4	4	1	5	3	137	26624	133	25431	0.00442105	0.00428742	0.003	0.024	191.211	63.6479	22	531	
3.75	4	4	2	3	3	148	26646	137	20406	0.00504379	0.00582953	0.003	0.024	148.949	78.0035	32	596	
3.75	4	4	3	2	3	133	26620	124	23387	0.00700806	0.00551494	0.003	0.024	188.605	77.0052	29	517	
3.75	4	4	4	1	3	137	26624	131	24076	0.00519084	0.00528731	0.003	0.024	183.786	76.9414	29	492	
3.75	4	4	5	4	3	124	26598	124	26674	0.00480645	0.00377341	0.003	0.017	215.113	32.3138	73	387	
3.75	4	2	6	4	3	90	26530	89	26409	0.00331461	0.00145848	0.003	0.01	296.73	107.353	7	373	
3.75	4	2	7	5	3	125	26600	112	22124	0.004625	0.00478949	0.003	0.024	197.536	66.0715	101	384	
3.75	4	2	8	2	3	125	26600	124	26420	0.00587903	0.00585404	0.003	0.024	213.065	50.1464	117	368	
3.75	4	2	9	3	3	124	26598	107	18687	0.00417757	0.00402073	0.003	0.024	174.645	83.8056	117	520	
3.75	4	2	10	1	3	90	26530	90	26530	0.003	0	0.003	0.003	294.778	101.836	75	373	
3.75	4	3	11	5	3	150	26650	142	22555	0.00364084	0.00332483	0.003	0.024	158.838	103.908	68	638	
3.75	4	3	12	3	3	131	26614	129	26014	0.00723256	0.00505827	0.003	0.024	201.659	96.5347	9	746	
3.75	4	3	13	1	3	119	26588	118	26395	0.00388983	0.00297219	0.003	0.017	223.686	78.3734	33	285	
3.75	4	3	14	4	3	127	26604	128	26621	0.00392969	0.00308969	0.003	0.017	207.977	48.0894	17	387	
3.75	4	3	15	2	3	101	26552	101	26552	0.00306931	0.000696526	0.003	0.01	262.891	119.521	39	373	
3.75	4	1	16	3	3	123	26596	123	26895	0.00465041	0.00348059	0.003	0.017	218.659	57.1602	33	463	
3.75	4	1	17	2	3	141	26632	136	24297	0.00464706	0.0048374	0.003	0.024	178.654	84.9955	49	597	
3.75	4	1	18	4	3	122	26594	120	26273	0.00556667	0.00462135	0.003	0.024	218.942	62.9579	33	463	
3.75	4	1	19	5	3	100	26550	100	26550	0.00328	0.00137862	0.003	0.01	265.5	97.097	39	373	
3.75	4	1	20	1	3	129	26608	124	24736	0.00734677	0.00554515	0.003	0.024	199.484	92.5179	9	597	
4	4.25	4	1	5	3	146	26642	145	26226	0.00444827	0.00367977	0.003	0.024	180.869	49.2614	57	476	
4	4.25	4	2	3	3	154	26662	147	23628	0.00523809	0.00623878	0.003	0.024	160.735	90.9215	32	517	
4	4.25	4	3	2	3	138	26628	134	24849	0.00597761	0.00377858	0.003	0.024	185.44	61.0737	36	517	
4	4.25	4	4	1	3	139	26628	137	25266	0.00504379	0.00408525	0.003	0.024	184.423	64.7063	49	517	
4	4.25	4	5	4	3	127	26604	127	26528	0.00443307	0.00322094	0.003	0.017	208.882	40.2182	33	316	
4	4.25	2	6	4	3	94	26538	95	26659	0.0034421	0.00171176	0.003	0.01	280.621	115.504	7	373	
4	4.25	2	7	5	3	131	26612	115	21238	0.00373043	0.00298629	0.003	0.017	184.678	53.5099	101	332	
4	4.25	2	8	2	3	123	26596	122	26356	0.00569672	0.00543312	0.003	0.024	216.033	56.7916	177	483	
4	4.25	2	9	3	3	131	26612	115	18991	0.00385217	0.00336192	0.003	0.024	165.139	70.3531	101	440	
4	4.25	2	10	1	3	92	26534	92	26534	0.003	0	0.003	0.003	288.413	106.49	75	373	
4	4.25	3	11	5	3	155	26660	150	24522	0.00444667	0.00474948	0.003	0.024	163.48	97.9807	75	529	
4	4.25	3	12	3	3	139	26630	136	25322	0.00686029	0.00369619	0.003	0.017	186.191	113.227	9	485	
4	4.25	3	13	1	3	127	26604	128	26797	0.00360156	0.00248884	0.003	0.017	209.352	84.2273	16	389	
4	4.25	3	14	4	3	135	26620	135	26620	0.00377778	0.00265888	0.003	0.017	197.185	75.906	5	389	
4	4.25	3	15	2	3	109	26568	109	26568	0.0033211	0.00147121	0.003	0.01	243.743	119.015	4	453	
4	4.25	1	16	3	3	125	26600	125	26600	0.005184	0.00473897	0.003	0.017	212.8	44.7608	73	387	
4	4.25	1	17	2	3	139	26628	128	22190	0.003875	0.00351375	0.003	0.024	173.359	65.3099	49	436	
4	4.25	1	18	4	3	128	26606	129	26831	0.00560465	0.00495514	0.003	0.024	207.992	57.5399	29	389	
4	4.25	1	19	5	3	101	26552	101	26552	0.00306931	0.000696526	0.003	0.01	262.891	89.5817	39	389	
4	4.25	1	20	1	3	132	26616	128	24109	0.00611719	0.00446266	0.003	0.017	188.352	75.027	9	531	
4.25	4.5	4	1	5	3	132	26614	130	25906	0.00536923	0.00588275	0.003	0.024	199.277	76.8249	57	531	
4.25	4.5	4	2	3	3	145	26503	134	19693	0.00477612	0.00526963	0.003	0.024	146.963	91.2166	32	597	
4.25	4.5	4	3	2	3	125	26604	123	25334	0.00806504	0.00596539	0.003	0.024	205.967	100.56	36	571	
4.25	4.5	4	4	1	3	132	26614	126	24508	0.0055	0.00616409	0.003	0.024	194.508	99.1922	74	591	
4.25	4.5	4	5	4	3	121	26592	122	26832	0.0044918	0.00339481	0.003	0.017	219.934	41.6752	73	387	
4.25	4.5	2	6	4	3	88	26526	88	26526	0.00347727	0.00177451	0.003	0.01	301.432	96.9797	75	373	
4.25	4.5	2	7	5	3	133	26616	120	22498	0.00399167	0.00366335	0.003	0.024	187.483	61.3014	73	332	
4.25	4.5	2	8	2	3	126	26602	125	26302	0.005296	0.00531738	0.003	0.024	210.416	49.5812	9	293	
4.25	4.5	2	9	3	3	135	26620	124	22051	0.00435484	0.00443415	0.003	0.024	177.831	79.4264	73	480	
4.25	4.5	2	10	1	3	87	26524	87	26524	0.003	0	0.003	0.003	304.874	97.4586	75	373	
4.25	4.5	3	11	5	3	152	26654	145	22402	0.00377241	0.00370012	0.003	0.024	154.497	96.5845	75	596	
4.25	4.5	3	12	3	3	129	26616	124	24742	0.00729032	0.00525879	0.003	0.024	199.532	81.09	36	551	
4.25	4.5	3	13	1	3	119	26588	119	26588	0.00388235	0.00281695	0.003	0.017	223.429	76.4299	44	301	
4.25	4.5	3	14	4	3	125	26600	125	26600	0.00384	0.00275447	0.003	0.017	212.8	36.4882	88	301	
4.25	4.5	3	15	2	3	100	26550	100	26550	0.00307	0.0007	0.003	0.01	265.5	113.805	39	341	
4.25	4.5	1	16	3	3	125	26600	126	26688	0.00461111	0.00377353	0.003	0.017	211.81	45.0175	73	387	
4.25	4.5	1	17	2	3	143	26636	136	23584	0.00402941	0.00335756	0.003	0.024	173.412	67.8637	17	436	
4.25	4.5	1	18	4	3	126	26602	124	26244	0.00508871	0.00398985	0.003	0.017	211.645	37.9429	29	387	
4.25	4.5	1	19	5	3	101	26552	101	26552	0.003	0	0.003	0.003	262.891	99.364	4	341	
4.25	4.5	1	20	1	3	137	26626	131	24469	0.0058855	0.00441613	0.003	0.024	186.786	69.2633	9	404	
4.5	4.75	4	1	5	3	144	26638	145	26994	0.00541379	0.00490689	0.003	0.024	186.166	57.1205	9	356	
4.5	4.75	4	2	3	3	156	26772	150	24448	0.0058	0.00692917	0.003	0.024	162.987	93.5595	74	596	
4.5	4.75	4	3	2	3	146	26644	143	26000	0.00564336	0.00461077	0.003	0.024	181.818	67.2712	5	416	
4.5	4.75	4	4	1	3	150	26650	148	25902	0.00512838	0.00459411	0.003	0.024	175.014	71.0518	25	436	
4.5	4.75	4	5	4	3	128	26606	127	26442	0.00437795	0.00306006	0.003	0.017	208.205	67.8873	17	341	
4.5	4.75	2	6	4	3	96	26542	96	26542	0.00321875	0.00122434	0.003	0.01	276.479	125.207	7	373	
4.5	4.75	2	7	5	3	136	26622	124	22779	0.00395968	0.0039249	0.003	0.024	183.702	57.5033	73	384	
4.5	4.75	2	8	2	3	126	26602	126	26662	0.00533333	0.00508645	0.003	0.024	211.603	71.8437	9	485	
4.5	4.75	2	9	3	3	136	26622	121	19493	0.00409917	0.00414207	0.003	0.024	161.099	75.979	40	631	
4.5	4.75	2	10	1	3	93	26536	93	26536	0.003	0	0.003	0.003	285.333	106.034	75	373	
4.5	4.75	3	11	5	3	154	26658	146	23239	0.0044863	0.00451852	0.003	0.024	159.171	97.3376	75	560	
4.5	4.75	3	12	3	3	133	26616	134	26731	0.00681343	0.0043445	0.003	0.017	199.485	102.613	49	485	
4.5	4.75	3	13	1	3	125	26600	125	26600	0.003896	0.00280789	0.003	0.017	212.8	83.172	44	341	
4.5	4.75	3	14	4	3	129	26608	129	26608	0.00413953	0.00300454	0.003	0.017	206.264	75.2511	17	403	
4.5	4.75	3	15	2	3	108	26566	108	26566	0.0034537	0.00173143	0.003	0.01	245.981	113.05	7	373	
4.5	4.75	1	16	3	3	127	26604	126	26440	0.00472222	0.00439934	0.003	0.017	209.841	37.0743	17	301	
4.5	4.75	1	17	2	3	138	26626	128	22417	0.00392969	0.00366121	0.003	0.024	175.133	65.4723	49	436	
4.5	4.75	1	18	4	3	126	26602	127	26631	0.00553543	0.00496303	0.003	0.024	209.693	59.4582	10	483	
4.5	4.75	1	19	5	3	102	26554	102	26554	0.003	0	0.003	0.003	260.333	100.108	16	341	
4.5	4.75	1	20	1	3	123	26596	121	25359	0.00670248	0.00519719	0.003	0.024	209.579	105.992	9	706	
4.75	5	4	1	5	3	135	26620	132	25377	0.00496212	0.00549171	0.003	0.024	192.25	81.8611	10	591	
4.75	5	4	2	3	3	142	26673	130	18958	0.00466923	0.00499207	0.003	0.024	145.831	77.9183	74	520	
4.75	5	4	3	2	3	129	26612	125	24516	0.007704	0.00588194	0.003	0.024	196.128	93.133	16	597	
4.75	5	4	4	1	3	134	26618	131	24442	0.00524427	0.00557755	0.003	0.024	186.58	93.4905	6	597	
4.75	5	4	5	4	3	124	26598	124	26598	0.00446774	0.00348851	0.003	0.017	214.5	41.2747	73	392	
4.75	5	2	6	4	3	91	26532	91	26532	0.00323077	0.00125678	0.003	0.01	291.56	114.977	7	373	
4.75	5	2	7	5	3	131	26612	118	22079	0.00394915	0.00353456	0.003	0.024	187.11	62.3539	73	384	
4.75	5	2	8	2	3	125	26600	123	26120	0.00550406	0.00553435	0.003	0.024	212.358	47.6218	177	300	
4.75	5	2	9	3	3	134	26618	121	20721	0.00392562	0.00349324	0.003	0.024	171.248	75.1977	69	520	
4.75	5	2	10	1	3	92	26534	92	26534	0.003	0	0.003	0.003	288.413	106.49	75	373	
4.75	5	3	11	5	3	145	26640	135	20369	0.00382963	0.0040159	0.003	0.024	150.881	96.0883	32	596	
4.75	5	3	12	3	3	124	26591	118	24182	0.00750847	0.00560638	0.003	0.024	204.932	106.41	49	746	
4.75	5	3	13	1	3	120	26590	120	26590	0.00428333	0.00351272	0.003	0.017	221.583	79.3801	5	301	
4.75	5	3	14	4	3	126	26602	125	26438	0.00412	0.00337352	0.003	0.017	211.504	38.2875	73	316	
4.75	5	3	15	2	3	101	26552	101	26552	0.003	0	0.003	0.003	262.891	116.084	39	341	
4.75	5	1	16	3	3	125	26600	124	26436	0.00469355	0.00402871	0.003	0.017	213.194	55.4981	24	517	
4.75	5	1	17	2	3	136	26622	122	21074	0.00414754	0.00415937	0.003	0.024	172.738	67.8235	26	647	
4.75	5	1	18	4	3	124	26598	121	25783	0.00479339	0.00378356	0.003	0.017	213.083	68.8516	32	531	
4.75	5	1	19	5	3	101	26552	101	26552	0.00313861	0.000980099	0.003	0.01	262.891	97.7335	39	343	
4.75	5	1	20	1	3	129	26608	121	22991	0.00647107	0.00495996	0.003	0.024	190.008	75.6851	29	519	
5	5.25	4	1	5	3	136	26622	135	26497	0.00512592	0.00515061	0.003	0.024	196.274	61.9647	77	517	
5	5.25	4	2	3	3	144	26642	138	22630	0.0056884	0.00640347	0.003	0.024	163.986	107.477	30	517	
5	5.25	4	3	2	3	133	26620	129	25016	0.00690698	0.00566436	0.003	0.024	193.922	80.0178	34	517	
5	5.25	4	4	1	3	132	26614	128	24870	0.00535156	0.00543478	0.003	0.024	194.297	86.2412	22	517	
5	5.25	4	5	4	3	125	26600	125	26600	0.004568	0.00342744	0.003	0.017	212.8	54.9156	17	597	
5	5.25	2	6	4	3	93	26536	93	26536	0.00352688	0.00185678	0.003	0.01	285.333	105.925	7	373	
5	5.25	2	7	5	3	130	26610	117	21931	0.00419658	0.0041403	0.003	0.024	187.444	65.4034	41	492	
5	5.25	2	8	2	3	121	26592	120	26292	0.00556667	0.00528631	0.003	0.024	219.1	71.6102	177	531	
5	5.25	2	9	3	3	131	26612	118	20597	0.00418644	0.00391567	0.003	0.024	174.551	82.6346	101	532	
5	5.25	2	10	1	3	88	26526	88	26526	0.003	0	0.003	0.003	301.432	100.152	75	373	
5	5.25	3	11	5	3	151	26652	147	24183	0.00433333	0.00451229	0.003	0.024	164.51	108.857	43	597	
5	5.25	3	12	3	3	135	26629	134	26350	0.00712686	0.00479571	0.003	0.024	196.642	107.415	9	746	
5	5.25	3	13	1	3	119	26588	119	26588	0.00358823	0.00195028	0.003	0.01	223.429	75.2174	5	341	
5	5.25	3	14	4	3	125	26600	126	26764	0.00394444	0.00270793	0.003	0.017	212.413	62.981	5	389	
5	5.25	3	15	2	3	104	26558	104	26558	0.00320192	0.00117729	0.003	0.01	255.365	108.978	28	341	
5	5.25	1	16	3	3	124	26598	124	26674	0.00475	0.00395426	0.003	0.017	215.113	43.8425	88	387	
5	5.25	1	17	2	3	141	26632	134	23547	0.00388806	0.00347853	0.003	0.024	175.724	65.0077	49	436	
5	5.25	1	18	4	3	125	26600	125	26656	0.005352	0.00452815	0.003	0.024	213.248	43.5078	88	387	
5	5.25	1	19	5	3	101	26552	101	26552	0.003	0	0.003	0.003	262.891	93.8556	39	341	
5	5.25	1	20	1	3	126	26602	123	25005	0.00652845	0.00509954	0.003	0.024	203.293	88.8115	9	571	
5.25	5.5	4	1	5	3	136	26622	136	26391	0.0052647	0.00564405	0.003	0.024	194.051	73.9328	17	476	
5.25	5.5	4	2	3	3	148	26652	135	19344	0.00465926	0.00542268	0.003	0.024	143.289	73.3375	32	517	
5.25	5.5	4	3	2	3	131	26618	128	25649	0.00775781	0.00633046	0.003	0.024	200.383	89.2189	36	571	
5.25	5.5	4	4	1	3	137	26624	135	25752	0.00559259	0.00603138	0.003	0.024	190.756	92.1563	6	591	
5.25	5.5	4	5	4	3	126	26602	125	26438	0.004568	0.00318853	0.003	0.017	211.504	53.2292	12	453	
5.25	5.5	2	6	4	3	90	26530	90	26530	0.00323333	0.00126358	0.003	0.01	294.778	107.077	7	373	
5.25	5.5	2	7	5	3	126	26602	113	21871	0.00442478	0.00459776	0.003	0.024	193.549	62.6133	73	384	
5.25	5.5	2	8	2	3	125	26600	125	26600	0.005464	0.00557	0.003	0.024	212.8	50.8505	117	416	
5.25	5.5	2	9	3	3	128	26606	112	18975	0.0040625	0.00366449	0.003	0.024	169.42	70.4366	117	480	
5.25	5.5	2	10	1	3	87	26524	87	26524	0.003	0	0.003	0.003	304.874	96.1324	75	373	
5.25	5.5	3	11	5	3	151	26652	144	22480	0.00368055	0.00363867	0.003	0.024	156.111	99.4498	75	596	
5.25	5.5	3	12	3	3	126	26606	123	24789	0.00692683	0.0046697	0.003	0.024	201.537	79.6269	117	591	
5.25	5.5	3	13	1	3	119	26588	118	26544	0.00424576	0.00350076	0.003	0.017	224.949	74.7473	44	387	
5.25	5.5	3	14	4	3	125	26600	124	26436	0.00379032	0.00311898	0.003	0.017	213.194	26.7447	149	240	
5.25	5.5	3	15	2	3	100	26550	100	26550	0.003	0	0.003	0.003	265.5	118.085	39	341	
5.25	5.5	1	16	3	3	120	26590	121	26754	0.00519835	0.00424189	0.003	0.017	221.107	64.5507	73	485	
5.25	5.5	1	17	2	3	137	26624	132	24548	0.00475	0.00435693	0.003	0.024	185.97	93.4345	26	591	
5.25	5.5	1	18	4	3	123	26596	123	26596	0.00527642	0.00452552	0.003	0.024	216.228	69.8569	48	483	
5.25	5.5	1	19	5	3	102	26554	102	26554	0.00334314	0.00181028	0.003	0.017	260.333	97.482	64	341	
5.25	5.5	1	20	1	3	132	26616	132	26449	0.00665909	0.00492823	0.003	0.024	200.371	96.2027	9	551	
5.5	5.75	4	1	5	3	133	26616	128	24776	0.00485937	0.00523275	0.003	0.024	193.562	66.7639	16	517	
5.5	5.75	4	2	3	3	142	26636	126	17526	0.00422222	0.00434491	0.003	0.024	139.095	76.8043	32	596	
5.5	5.75	4	3	2	3	127	26606	120	23170	0.00743333	0.00608308	0.003	0.024	193.083	79.7533	57	551	
5.5	5.75	4	4	1	3	131	26612	125	23841	0.005576	0.00631979	0.003	0.024	190.728	91.8791	6	571	
5.5	5.75	4	5	4	3	124	26598	124	26598	0.00480645	0.00387755	0.003	0.017	214.5	32.7371	73	387	
5.5	5.75	2	6	4	3	88	26526	87	26153	0.00324138	0.00128466	0.003	0.01	300.609	101.23	7	373	
5.5	5.75	2	7	5	3	125	26600	108	20852	0.00423148	0.00447131	0.003	0.024	193.074	57.8938	157	332	
5.5	5.75	2	8	2	3	125	26600	124	26420	0.00593548	0.0061904	0.003	0.024	213.065	47.8629	177	300	
5.5	5.75	2	9	3	3	125	26600	107	18548	0.00404673	0.00382243	0.003	0.024	173.346	76.244	117	440	
5.5	5.75	2	10	1	3	89	26528	89	26528	0.003	0	0.003	0.003	298.067	99.4986	121	373	
5.5	5.75	3	11	5	3	149	26648	140	21320	0.0036	0.00351113	0.003	0.024	152.286	90.8419	75	596	
5.5	5.75	3	12	3	3	123	26600	117	24209	0.00754701	0.00530533	0.003	0.024	206.915	85.7318	117	746	
5.5	5.75	3	13	1	3	119	26588	118	26560	0.00388983	0.00297219	0.003	0.017	225.085	75.4841	16	301	
5.5	5.75	3	14	4	3	125	26600	124	26512	0.00412903	0.00338569	0.003	0.017	213.806	39.5897	88	301	
5.5	5.75	3	15	2	3	100	26550	100	26550	0.003	0	0.003	0.003	265.5	113.254	39	341	
5.5	5.75	1	16	3	3	124	26598	123	26358	0.00482114	0.00418826	0.003	0.017	214.293	54.4913	73	539	
5.5	5.75	1	17	2	3	135	26620	123	21078	0.00402439	0.00366074	0.003	0.024	171.366	63.1981	26	436	
5.5	5.75	1	18	4	3	122	26594	121	26374	0.00589256	0.00516527	0.003	0.024	217.967	65.854	48	587	
5.5	5.75	1	19	5	3	100	26550	100	26550	0.00314	0.0014	0.003	0.017	265.5	107.503	39	341	
5.5	5.75	1	20	1	3	125	26600	119	23727	0.0067647	0.00545196	0.003	0.024	199.387	101.689	9	726	
5.75	6	4	1	5	3	141	26632	138	25918	0.00472464	0.00484469	0.003	0.024	187.812	61.0374	9	531	
5.75	6	4	2	3	3	153	26068	142	21524	0.00511972	0.0060112	0.003	0.024	151.577	92.9918	41	597	
5.75	6	4	3	2	3	135	26626	133	25865	0.00710526	0.00545819	0.003	0.024	194.474	89.5131	32	591	
5.75	6	4	4	1	3	142	26634	138	25578	0.00507971	0.00517301	0.003	0.024	185.348	86.9919	6	591	
5.75	6	4	5	4	3	129	26608	130	26919	0.00461538	0.00354459	0.003	0.017	207.069	49.0881	17	387	
5.75	6	2	6	4	3	90	26530	91	26903	0.00323077	0.00125678	0.003	0.01	295.637	102.848	7	373	
5.75	6	2	7	5	3	131	26612	116	21647	0.00402586	0.00360546	0.003	0.024	186.612	57.1326	73	332	
5.75	6	2	8	2	3	125	26600	126	26595	0.00583333	0.00595147	0.003	0.024	211.071	48.4372	48	300	
5.75	6	2	9	3	3	130	26610	114	19525	0.00398246	0.00371074	0.003	0.024	171.272	71.5379	101	480	
5.75	6	2	10	1	3	88	26526	88	26526	0.003	0	0.003	0.003	301.432	98.8764	75	373	
5.75	6	3	11	5	3	156	26662	148	23833	0.00408784	0.00414028	0.003	0.024	161.034	97.9211	75	596	
5.75	6	3	12	3	3	134	26622	132	25996	0.00724242	0.00479682	0.003	0.024	196.939	96.3821	9	519	
5.75	6	3	13	1	3	122	26594	124	26666	0.00390322	0.0029561	0.003	0.017	215.048	88.8748	5	453	
5.75	6	3	14	4	3	133	26616	134	26583	0.0039403	0.00307001	0.003	0.017	198.381	66.858	5	389	
5.75	6	3	15	2	3	104	26558	103	26458	0.00306796	0.00068973	0.003	0.01	256.874	111.323	12	373	
5.75	6	1	16	3	3	127	26604	128	26768	0.00491406	0.00418664	0.003	0.017	209.125	47.2545	33	301	
5.75	6	1	17	2	3	141	26632	132	22859	0.00374242	0.00290202	0.003	0.024	173.174	62.9981	22	436	
5.75	6	1	18	4	3	133	26616	132	26550	0.00506818	0.00438804	0.003	0.024	201.136	51.1784	9	356	
5.75	6	1	19	5	3	102	26554	102	26554	0.00306863	0.000693103	0.003	0.01	260.333	102.771	4	341	
5.75	6	1	20	1	3	130	26614	128	25130	0.00677344	0.00518965	0.003	0.024	196.328	83.9285	49	551	
6	6.25	4	1	5	3	132	26614	128	24661	0.00496875	0.00526605	0.003	0.024	192.664	73.9107	16	531	
6	6.25	4	2	3	3	142	27234	132	20862	0.00512121	0.00566768	0.003	0.024	158.045	104.983	32	775	
6	6.25	4	3	2	3	130	26616	124	23899	0.00723387	0.00563253	0.003	0.024	192.734	86.1886	28	551	
6	6.25	4	4	1	3	133	26616	129	24049	0.00533333	0.00562546	0.003	0.024	186.426	90.4859	6	591	
6	6.25	4	5	4	3	123	26596	123	26449	0.00453658	0.00341715	0.003	0.017	215.033	48.3115	17	387	
6	6.25	2	6	4	3	91	26532	91	26532	0.00307692	0.000733799	0.003	0.01	291.56	107.416	7	373	
6	6.25	2	7	5	3	130	26610	117	22143	0.00419658	0.00433955	0.003	0.024	189.256	59.698	73	384	
6	6.25	2	8	2	3	125	26600	123	26305	0.00544715	0.00566728	0.003	0.024	213.862	61.5545	9	485	
6	6.25	2	9	3	3	129	26608	113	19364	0.00380531	0.00320674	0.003	0.017	171.363	80.2166	75	496	
6	6.25	2	10	1	3	89	26528	89	26528	0.003	0	0.003	0.003	298.067	101.372	75	373	
6	6.25	3	11	5	3	151	26652	146	22896	0.00386301	0.00366649	0.003	0.024	156.822	98.9839	5	596	
6	6.25	3	12	3	3	133	26609	129	25014	0.00679845	0.00479319	0.003	0.024	193.907	95.4554	29	746	
6	6.25	3	13	1	3	121	26592	120	26488	0.00335	0.00178061	0.003	0.017	220.733	74.8598	28	301	
6	6.25	3	14	4	3	128	26606	128	26727	0.00392969	0.00296219	0.003	0.017	208.805	52.0357	73	301	
6	6.25	3	15	2	3	102	26554	103	26654	0.00306796	0.00068973	0.003	0.01	258.777	102.915	39	341	
6	6.25	1	16	3	3	124	26598	124	26598	0.00497581	0.0042397	0.003	0.017	214.5	44.1548	73	387	
6	6.25	1	17	2	3	138	26626	130	22880	0.00423846	0.00374539	0.003	0.024	176	78.9982	13	533	
6	6.25	1	18	4	3	120	26590	118	25807	0.00555085	0.00472599	0.003	0.024	218.703	63.6442	57	483	
6	6.25	1	19	5	3	101	26552	101	26552	0.00327723	0.00169186	0.003	0.017	262.891	99.5899	39	341	
6	6.25	1	20	1	3	126	26602	121	23815	0.00681818	0.00503157	0.003	0.024	196.818	95.5682	9	531	
6.25	6.5	4	1	5	3	137	26624	137	26624	0.00519708	0.00580421	0.003	0.024	194.336	64.3413	57	531	
6.25	6.5	4	2	3	3	146	26646	132	20167	0.00469697	0.00534024	0.003	0.024	152.78	104.762	66	596	
6.25	6.5	4	3	2	3	130	26618	123	23777	0.00738211	0.00597196	0.003	0.024	193.309	70.2475	49	416	
6.25	6.5	4	4	1	3	135	26620	130	24285	0.00531538	0.00600004	0.003	0.024	186.808	83.1013	6	436	
6.25	6.5	4	5	4	3	127	26604	127	26604	0.00448819	0.00359644	0.003	0.017	209.48	41.0578	17	387	
6.25	6.5	2	6	4	3	89	26528	89	26528	0.00331461	0.00145848	0.003	0.01	298.067	106.85	7	373	
6.25	6.5	2	7	5	3	128	26606	113	21569	0.00430088	0.00463466	0.003	0.024	190.876	59.7813	73	332	
6.25	6.5	2	8	2	3	126	26602	126	26602	0.00572222	0.00593786	0.003	0.024	211.127	48.3565	117	300	
6.25	6.5	2	9	3	3	127	26604	109	18444	0.00402752	0.0039074	0.003	0.024	169.211	65.9484	117	440	
6.25	6.5	2	10	1	3	89	26528	89	26528	0.003	0	0.003	0.003	298.067	100.127	75	373	
6.25	6.5	3	11	5	3	150	26650	141	21587	0.00364539	0.00300508	0.003	0.024	153.099	88.9191	68	517	
6.25	6.5	3	12	3	3	132	26627	128	24920	0.00721094	0.00499551	0.003	0.024	194.688	84.1823	9	536	
6.25	6.5	3	13	1	3	118	26586	119	26690	0.00429412	0.00340576	0.003	0.017	224.286	79.7524	5	296	
6.25	6.5	3	14	4	3	126	26602	126	26602	0.00388889	0.00293455	0.003	0.017	211.127	41.1561	73	387	
6.25	6.5	3	15	2	3	101	26552	101	26552	0.00320792	0.00155124	0.003	0.017	262.891	120.449	39	341	
6.25	6.5	1	16	3	3	125	26600	124	26436	0.00480645	0.00426877	0.003	0.017	213.194	38.8095	73	316	
6.25	6.5	1	17	2	3	141	26632	132	23293	0.00437879	0.0048497	0.003	0.024	176.462	64.7479	49	436	
6.25	6.5	1	18	4	3	125	26600	123	26136	0.00550406	0.00500061	0.003	0.024	212.488	35.0698	73	320	
6.25	6.5	1	19	5	3	100	26550	100	26550	0.003	0	0.003	0.003	265.5	98.55	39	341	
6.25	6.5	1	20	1	3	133	26620	126	24418	0.00638889	0.00543908	0.003	0.024	193.794	85.8403	57	591	
6.5	6.75	4	1	5	3	140	26630	137	25442	0.00458394	0.00424375	0.003	0.024	185.708	53.0423	37	476	
6.5	6.75	4	2	3	3	148	26646	139	20731	0.00486331	0.00530136	0.003	0.024	149.144	75.4655	32	517	
6.5	6.75	4	3	2	3	136	26624	131	24367	0.00652672	0.00486325	0.003	0.024	186.008	73.1207	9	551	
6.5	6.75	4	4	1	3	137	26624	132	24134	0.00496212	0.00460236	0.003	0.024	182.833	75.5761	5	591	
6.5	6.75	4	5	4	3	125	26600	124	26436	0.00418548	0.00318372	0.003	0.017	213.194	36.0473	48	341	
6.5	6.75	2	6	4	3	92	26534	91	26161	0.00315385	0.00103197	0.003	0.01	287.484	111.565	7	373	
6.5	6.75	2	7	5	3	129	26608	115	21851	0.00409565	0.00410386	0.003	0.024	190.009	60.8469	73	384	
6.5	6.75	2	8	2	3	124	26598	123	26298	0.0056748	0.00563434	0.003	0.024	213.805	52.4791	177	483	
6.5	6.75	2	9	3	3	130	26610	115	19749	0.00415652	0.003815	0.003	0.024	171.73	89.9172	75	560	
6.5	6.75	2	10	1	3	92	26534	92	26534	0.003	0	0.003	0.003	288.413	105.919	75	373	
6.5	6.75	3	11	5	3	152	26654	148	24040	0.00460811	0.0049729	0.003	0.024	162.432	105.015	32	596	
6.5	6.75	3	12	3	3	126	26604	125	25559	0.00748	0.00498158	0.003	0.024	204.472	106.298	6	550	
6.5	6.75	3	13	1	3	122	26594	120	26446	0.00405	0.00281905	0.003	0.017	220.383	83.3024	5	463	
6.5	6.75	3	14	4	3	132	26614	131	26450	0.00380153	0.00255228	0.003	0.017	201.908	68.9631	17	392	
6.5	6.75	3	15	2	3	107	26564	107	26564	0.00326168	0.00164452	0.003	0.017	248.262	112.9	4	341	
6.5	6.75	1	16	3	3	127	26604	127	26604	0.0048189	0.0041565	0.003	0.017	209.48	52.0753	33	387	
6.5	6.75	1	17	2	3	142	26634	135	23657	0.00388148	0.0035703	0.003	0.024	175.237	70.4902	17	492	
6.5	6.75	1	18	4	3	126	26602	127	26604	0.00548031	0.00495191	0.003	0.024	209.48	61.8054	21	531	
6.5	6.75	1	19	5	3	102	26554	102	26554	0.00306863	0.000693103	0.003	0.01	260.333	95.0369	16	341	
6.5	6.75	1	20	1	3	129	26612	125	24543	0.006416	0.00467178	0.003	0.024	196.344	88.3327	30	706	
6.75	7	4	1	5	3	140	26630	139	26449	0.00491367	0.00538312	0.003	0.024	190.281	51.8368	117	416	
6.75	7	4	2	3	3	152	26660	139	19692	0.00420863	0.00437297	0.003	0.024	141.669	66.3001	75	517	
6.75	7	4	3	2	3	136	26624	134	25633	0.00697015	0.00572285	0.003	0.024	191.291	68.6215	57	416	
6.75	7	4	4	1	3	139	26628	136	25320	0.00505882	0.00546337	0.003	0.024	186.176	76.6997	6	436	
6.75	7	4	5	4	3	125	26600	125	26600	0.004344	0.00304033	0.003	0.017	212.8	27.1228	104	285	
6.75	7	2	6	4	3	90	26530	91	26903	0.00323077	0.00125678	0.003	0.01	295.637	112.801	7	373	
6.75	7	2	7	5	3	129	26608	116	22032	0.00426724	0.00448448	0.003	0.024	189.931	64.6265	73	492	
6.75	7	2	8	2	3	126	26602	125	26422	0.005296	0.00531738	0.003	0.024	211.376	54.5176	9	416	
6.75	7	2	9	3	3	129	26608	116	20448	0.00444827	0.00475366	0.003	0.024	176.276	89.8385	70	711	
6.75	7	2	10	1	3	89	26528	89	26528	0.003	0	0.003	0.003	298.067	100.127	75	373	
6.75	7	3	11	5	3	156	26662	151	23925	0.00397351	0.00396307	0.003	0.024	158.444	100.015	31	596	
6.75	7	3	12	3	3	130	26616	129	26220	0.00744961	0.00531795	0.003	0.024	203.256	100.557	9	604	
6.75	7	3	13	1	3	121	26592	121	26652	0.00398347	0.00275676	0.003	0.017	220.264	77.5763	5	343	
6.75	7	3	14	4	3	129	26608	129	26608	0.00381395	0.00257016	0.003	0.017	206.264	58.7159	17	468	
6.75	7	3	15	2	3	102	26554	102	26554	0.00306863	0.000693103	0.003	0.01	260.333	111.465	4	341	
6.75	7	1	16	3	3	123	26596	123	26596	0.00482114	0.00418826	0.003	0.017	216.228	48.9112	12	387	
6.75	7	1	17	2	3	139	26628	131	22985	0.00401527	0.0034862	0.003	0.024	175.458	64.5646	22	436	
6.75	7	1	18	4	3	127	26604	127	26827	0.00537008	0.00442899	0.003	0.017	211.236	62.0778	21	483	
6.75	7	1	19	5	3	101	26552	101	26552	0.00320792	0.00155124	0.003	0.017	262.891	97.1926	16	453	
6.75	7	1	20	1	3	131	26612	127	25008	0.00630709	0.00489657	0.003	0.024	196.913	96.4521	9	726	
7	7.25	4	1	5	3	141	26632	142	26988	0.00482394	0.00504912	0.003	0.024	190.056	57.5463	16	517	
7	7.25	4	2	3	3	158	26670	144	19855	0.00392361	0.00381583	0.003	0.024	137.882	67.4604	43	460	
7	7.25	4	3	2	3	138	26630	138	26650	0.00731159	0.00599976	0.003	0.024	193.116	81.5419	10	551	
7	7.25	4	4	1	3	145	26640	143	26492	0.00505594	0.00568514	0.003	0.024	185.259	86.6767	6	591	
7	7.25	4	5	4	3	126	26602	128	26930	0.00420312	0.0029279	0.003	0.017	210.391	37.6553	17	387	
7	7.25	2	6	4	3	88	26526	87	26285	0.00356322	0.00191506	0.003	0.01	302.126	100.135	7	373	
7	7.25	2	7	5	3	135	26620	123	22834	0.00385366	0.00365002	0.003	0.024	185.642	60.0258	73	332	
7	7.25	2	8	2	3	126	26602	126	26766	0.00527778	0.00530002	0.003	0.024	212.429	63.9039	9	485	
7	7.25	2	9	3	3	139	26628	126	20956	0.00394444	0.00358063	0.003	0.024	166.317	64.4272	30	440	
7	7.25	2	10	1	3	89	26528	89	26528	0.003	0	0.003	0.003	298.067	101.989	75	373	
7	7.25	3	11	5	3	153	26656	149	24674	0.00431544	0.00477053	0.003	0.024	165.597	116.125	26	596	
7	7.25	3	12	3	3	135	26628	134	26575	0.00723134	0.0051517	0.003	0.024	198.321	81.7472	8	504	
7	7.25	3	13	1	3	116	26582	117	26403	0.00401709	0.00279773	0.003	0.017	225.667	77.2764	44	312	
7	7.25	3	14	4	3	130	26610	131	26774	0.00364122	0.0023699	0.003	0.017	204.382	51.5826	17	389	
7	7.25	3	15	2	3	102	26554	102	26554	0.00306863	0.000693103	0.003	0.01	260.333	118.09	4	341	
7	7.25	1	16	3	3	124	26598	126	26926	0.00477778	0.00414707	0.003	0.017	213.698	44.5242	73	387	
7	7.25	1	17	2	3	141	26632	134	23731	0.00378358	0.0030543	0.003	0.024	177.097	71.3516	49	591	
7	7.25	1	18	4	3	126	26602	127	26897	0.00553543	0.00519278	0.003	0.024	211.787	56.4709	9	435	
7	7.25	1	19	5	3	101	26552	101	26552	0.00327723	0.0019602	0.003	0.017	262.891	97.4018	39	341	
7	7.25	1	20	1	3	137	26628	137	26725	0.00662774	0.00537561	0.003	0.024	195.073	97.2678	9	839	
7.25	7.5	4	1	5	3	141	26632	141	26632	0.00483688	0.00398143	0.003	0.024	188.879	65.7841	9	531	
7.25	7.5	4	2	3	3	147	26650	139	23216	0.00597122	0.00729695	0.003	0.024	167.022	102.786	6	596	
7.25	7.5	4	3	2	3	134	26620	133	26582	0.007	0.00546892	0.003	0.024	199.865	86.8945	25	551	
7.25	7.5	4	4	1	3	137	26626	137	26475	0.00555474	0.00515484	0.003	0.024	193.248	88.1058	63	591	
7.25	7.5	4	5	4	3	129	26608	128	26444	0.0043125	0.00288015	0.003	0.017	206.594	48.9847	22	341	
7.25	7.5	2	6	4	3	93	26536	94	26777	0.00329787	0.00142051	0.003	0.01	284.862	118.422	7	373	
7.25	7.5	2	7	5	3	126	26602	109	20594	0.00389908	0.00357705	0.003	0.024	188.936	58.7738	73	384	
7.25	7.5	2	8	2	3	126	26602	125	26126	0.005576	0.00551868	0.003	0.024	209.008	47.5841	117	300	
7.25	7.5	2	9	3	3	126	26602	106	16926	0.00346226	0.00241887	0.003	0.017	159.679	66.8675	117	480	
7.25	7.5	2	10	1	3	92	26534	92	26534	0.003	0	0.003	0.003	288.413	104.767	75	373	
7.25	7.5	3	11	5	3	157	26666	154	25604	0.00454545	0.0048844	0.003	0.024	166.26	107.073	32	675	
7.25	7.5	3	12	3	3	129	26608	129	26209	0.00706977	0.00452111	0.003	0.024	203.171	97.5568	29	573	
7.25	7.5	3	13	1	3	126	26602	126	26584	0.00383333	0.00259769	0.003	0.017	210.984	80.8004	5	341	
7.25	7.5	3	14	4	3	125	26600	125	26377	0.003672	0.00225323	0.003	0.017	211.016	61.1955	17	316	
7.25	7.5	3	15	2	3	108	26566	108	26566	0.0034537	0.00173143	0.003	0.01	245.981	108.372	7	453	
7.25	7.5	1	16	3	3	125	26600	124	26315	0.00497581	0.00460022	0.003	0.017	212.218	44.3811	73	387	
7.25	7.5	1	17	2	3	136	26622	124	21636	0.00418548	0.00425482	0.003	0.024	174.484	77.8292	29	517	
7.25	7.5	1	18	4	3	123	26596	123	26536	0.00601626	0.00515495	0.003	0.017	215.74	65.1912	25	435	
7.25	7.5	1	19	5	3	103	26556	102	26536	0.00327451	0.00168368	0.003	0.017	260.157	97.573	4	341	
7.25	7.5	1	20	1	3	120	26590	114	23529	0.00711403	0.00525249	0.003	0.024	206.395	121.361	9	746	
7.5	7.75	4	1	5	3	142	26634	139	25386	0.00471223	0.00402752	0.003	0.024	182.633	64.5381	9	416	
7.5	7.75	4	2	3	3	151	26660	146	23338	0.00563699	0.00632224	0.003	0.024	159.849	101.791	41	711	
7.5	7.75	4	3	2	3	139	26628	136	24953	0.00572794	0.00444133	0.003	0.024	183.478	66.1368	54	571	
7.5	7.75	4	4	1	3	143	26636	140	25342	0.00495	0.00420401	0.003	0.024	181.014	69.7016	29	492	
7.5	7.75	4	5	4	3	131	26612	131	26612	0.00412214	0.00285556	0.003	0.017	203.145	57.6479	17	341	
7.5	7.75	2	6	4	3	93	26536	93	26536	0.00322581	0.0012435	0.003	0.01	285.333	122.847	7	373	
7.5	7.75	2	7	5	3	134	26618	127	24341	0.00443307	0.0045261	0.003	0.024	191.661	67.1472	73	384	
7.5	7.75	2	8	2	3	130	26610	129	26430	0.00489922	0.00477272	0.003	0.024	204.884	59.1107	9	300	
7.5	7.75	2	9	3	3	137	26624	123	19803	0.00373984	0.00294718	0.003	0.024	161	62.8047	37	485	
7.5	7.75	2	10	1	3	88	26526	88	26526	0.003	0	0.003	0.003	301.432	98.2326	75	373	
7.5	7.75	3	11	5	3	148	26646	145	24283	0.00536552	0.00629463	0.003	0.024	167.469	113.337	32	638	
7.5	7.75	3	12	3	3	133	26616	130	25272	0.00644615	0.00502561	0.003	0.024	194.4	105.252	21	746	
7.5	7.75	3	13	1	3	124	26598	123	26585	0.00379675	0.00240546	0.003	0.017	216.138	76.5195	33	327	
7.5	7.75	3	14	4	3	129	26608	129	26831	0.00408527	0.00320895	0.003	0.017	207.992	72.9069	17	387	
7.5	7.75	3	15	2	3	103	26556	103	26556	0.00320388	0.00118288	0.003	0.01	257.825	107.25	4	373	
7.5	7.75	1	16	3	3	126	26602	126	26723	0.00444444	0.00378958	0.003	0.017	212.087	47.037	73	327	
7.5	7.75	1	17	2	3	142	26634	134	23457	0.00414925	0.00385744	0.003	0.024	175.052	61.4224	22	436	
7.5	7.75	1	18	4	3	129	26608	129	26681	0.00517054	0.00435733	0.003	0.017	206.829	58.3493	9	446	
7.5	7.75	1	19	5	3	100	26550	101	26570	0.00313861	0.000980099	0.003	0.01	263.069	90.8874	20	341	
7.5	7.75	1	20	1	3	133	26616	129	25418	0.00647287	0.00518573	0.003	0.024	197.039	80.4771	21	531	
7.75	8	4	1	5	3	135	26620	133	25853	0.00478947	0.00499856	0.003	0.024	194.383	74.9662	16	531	
7.75	8	4	2	3	3	151	26652	143	21959	0.00481119	0.00516891	0.003	0.024	153.559	94.5828	45	557	
7.75	8	4	3	2	3	134	26622	129	24632	0.00712403	0.00557619	0.003	0.024	190.946	91.0725	14	517	
7.75	8	4	4	1	3	139	26628	135	24655	0.00486667	0.00500119	0.003	0.024	182.63	84.0244	6	517	
7.75	8	4	5	4	3	122	26594	121	26430	0.00427273	0.00325832	0.003	0.017	218.43	42.3812	73	387	
7.75	8	2	6	4	3	89	26528	89	26528	0.00355056	0.00189504	0.003	0.01	298.067	106.513	7	373	
7.75	8	2	7	5	3	136	26622	126	23349	0.00388889	0.00353999	0.003	0.024	185.31	66.571	17	384	
7.75	8	2	8	2	3	127	26604	127	26664	0.00520472	0.00555683	0.003	0.024	209.953	49.5109	57	300	
7.75	8	2	9	3	3	134	26618	120	20628	0.00393333	0.003843	0.003	0.024	171.9	68.6056	101	520	
7.75	8	2	10	1	3	87	26524	87	26524	0.003	0	0.003	0.003	304.874	96.7978	75	373	
7.75	8	3	11	5	3	155	26660	150	23854	0.00416667	0.00432321	0.003	0.024	159.027	103.765	68	596	
7.75	8	3	12	3	3	130	26616	126	25196	0.00694444	0.00472661	0.003	0.024	199.968	90.828	7	597	
7.75	8	3	13	1	3	118	26586	118	26796	0.00377119	0.0025534	0.003	0.017	227.085	68.3834	13	285	
7.75	8	3	14	4	3	126	26602	125	26438	0.003728	0.0026408	0.003	0.017	211.504	40.3502	73	387	
7.75	8	3	15	2	3	101	26552	101	26552	0.00306931	0.000696526	0.003	0.01	262.891	118.242	4	341	
7.75	8	1	16	3	3	124	26598	123	26434	0.00430894	0.00327467	0.003	0.017	214.911	50.9868	33	387	
7.75	8	1	17	2	3	138	26626	133	24442	0.00457895	0.00468914	0.003	0.024	183.774	86.6874	26	591	
7.75	8	1	18	4	3	127	26604	124	25995	0.0048629	0.00400271	0.003	0.024	209.637	65.8934	21	483	
7.75	8	1	19	5	3	101	26552	101	26552	0.00327723	0.001372	0.003	0.01	262.891	97.0653	39	341	
7.75	8	1	20	1	3	134	26618	132	25452	0.00687121	0.00542317	0.003	0.024	192.818	98.1874	9	597	
8	8.25	4	1	5	3	143	26636	142	26284	0.00452817	0.00417812	0.003	0.024	185.099	56.4938	9	416	
8	8.25	4	2	3	3	160	26670	156	24337	0.00555769	0.00631561	0.003	0.024	156.006	80.3436	25	488	
8	8.25	4	3	2	3	140	26630	139	25878	0.00677698	0.00478682	0.003	0.024	186.173	71.2049	36	485	
8	8.25	4	4	1	3	145	26640	141	25377	0.00478723	0.00396017	0.003	0.024	179.979	61.7494	49	453	
8	8.25	4	5	4	3	127	26604	128	26616	0.00442187	0.00296066	0.003	0.017	207.938	60.2513	17	610	
8	8.25	2	6	4	3	93	26536	93	26536	0.00322581	0.0012435	0.003	0.01	285.333	116.782	7	373	
8	8.25	2	7	5	3	129	26608	120	23583	0.00475	0.00446885	0.003	0.017	196.525	68.0219	53	384	
8	8.25	2	8	2	3	125	26600	125	26648	0.005856	0.00555864	0.003	0.024	213.184	56.745	9	531	
8	8.25	2	9	3	3	130	26610	115	19931	0.00415652	0.00358259	0.003	0.017	173.313	87.5886	36	560	
8	8.25	2	10	1	3	91	26532	91	26532	0.003	0	0.003	0.003	291.56	103.969	75	373	
8	8.25	3	11	5	3	159	26668	155	25160	0.00412903	0.00378258	0.003	0.024	162.323	98.4207	62	638	
8	8.25	3	12	3	3	137	26628	138	26845	0.00685507	0.00414966	0.003	0.024	194.529	104.173	9	519	
8	8.25	3	13	1	3	118	26586	120	26674	0.00358333	0.00232843	0.003	0.017	222.283	76.3903	5	301	
8	8.25	3	14	4	3	133	26616	134	26780	0.0036791	0.00255643	0.003	0.017	199.851	65.8782	17	387	
8	8.25	3	15	2	3	102	26554	102	26554	0.00334314	0.00151883	0.003	0.01	260.333	112.677	39	373	
8	8.25	1	16	3	3	128	26606	129	26618	0.00484496	0.00405904	0.003	0.017	206.341	64.3275	16	387	
8	8.25	1	17	2	3	145	26640	138	24533	0.00457246	0.00439623	0.003	0.024	177.775	75.0598	26	539	
8	8.25	1	18	4	3	130	26610	128	26104	0.00529687	0.00431325	0.003	0.024	203.938	69.621	16	389	
8	8.25	1	19	5	3	103	26556	102	26461	0.00354902	0.00189124	0.003	0.01	259.422	95.9563	8	373	
8	8.25	1	20	1	3	134	26618	131	25624	0.00684733	0.00536724	0.003	0.024	195.603	89.0003	9	650	
8.25	8.5	4	1	5	3	135	26620	133	25960	0.00478947	0.00492374	0.003	0.024	195.188	74.7143	9	531	
8.25	8.5	4	2	3	3	145	26644	133	19736	0.0048421	0.00544232	0.003	0.024	148.391	78.4702	32	517	
8.25	8.5	4	3	2	3	124	26604	120	24962	0.00760833	0.0057749	0.003	0.024	208.017	101.754	36	597	
8.25	8.5	4	4	1	3	132	26614	128	24389	0.00529687	0.00542284	0.003	0.024	190.539	89.1807	76	591	
8.25	8.5	4	5	4	3	125	26600	125	26752	0.004512	0.00362032	0.003	0.017	214.016	39.7056	73	387	
8.25	8.5	2	6	4	3	90	26530	89	26157	0.003	0	0.003	0.003	293.899	109.704	7	373	
8.25	8.5	2	7	5	3	127	26604	113	21951	0.00436283	0.00447226	0.003	0.024	194.257	64.2928	73	384	
8.25	8.5	2	8	2	3	125	26600	124	26315	0.00599193	0.00599932	0.003	0.024	212.218	46.8248	177	300	
8.25	8.5	2	9	3	3	127	26604	110	18623	0.00408182	0.00381482	0.003	0.024	169.3	73.6855	101	440	
8.25	8.5	2	10	1	3	91	26532	91	26532	0.003	0	0.003	0.003	291.56	103.378	75	373	
8.25	8.5	3	11	5	3	155	26660	150	23598	0.00365333	0.00347375	0.003	0.024	157.32	92.895	75	596	
8.25	8.5	3	12	3	3	124	26600	118	24643	0.00691525	0.00505791	0.003	0.024	208.839	82.6773	117	495	
8.25	8.5	3	13	1	3	118	26586	118	26586	0.00394915	0.00288185	0.003	0.017	225.305	72.5267	44	285	
8.25	8.5	3	14	4	3	125	26600	126	26764	0.00372222	0.00277601	0.003	0.017	212.413	35.238	88	301	
8.25	8.5	3	15	2	3	100	26550	100	26550	0.003	0	0.003	0.003	265.5	103.875	39	341	
8.25	8.5	1	16	3	3	124	26598	125	26914	0.004848	0.00418341	0.003	0.017	215.312	66.3796	33	610	
8.25	8.5	1	17	2	3	137	26624	133	23983	0.00473684	0.00505409	0.003	0.024	180.323	85.9882	49	746	
8.25	8.5	1	18	4	3	120	26590	122	27152	0.00581147	0.00481789	0.003	0.024	222.557	88.0367	57	778	
8.25	8.5	1	19	5	3	100	26550	101	26645	0.00362376	0.00263762	0.003	0.017	263.812	95.7243	39	341	
8.25	8.5	1	20	1	3	129	26610	125	24888	0.00664	0.00499742	0.003	0.024	199.104	98.2427	9	839	
8.5	8.75	4	1	5	3	148	26646	149	26771	0.00445637	0.00357257	0.003	0.017	179.671	74.8186	9	517	
8.5	8.75	4	2	3	3	165	26682	160	24088	0.0051	0.00554025	0.003	0.024	150.55	79.2775	40	453	
8.5	8.75	4	3	2	3	139	26630	140	26918	0.00615	0.0048472	0.003	0.024	192.271	77.9372	10	517	
8.5	8.75	4	4	1	3	143	26636	142	26717	0.00521831	0.00481593	0.003	0.024	188.148	78.2274	69	517	
8.5	8.75	4	5	4	3	128	26606	128	26606	0.00403906	0.00249851	0.003	0.01	207.859	45.8558	17	387	
8.5	8.75	2	6	4	3	96	26542	97	26915	0.00336082	0.00155581	0.003	0.01	277.474	129.464	7	373	
8.5	8.75	2	7	5	3	130	26610	122	23714	0.00466393	0.00441375	0.003	0.017	194.377	71.2689	49	384	
8.5	8.75	2	8	2	3	126	26602	127	26719	0.00553543	0.00526714	0.003	0.017	210.386	49.0711	57	373	
8.5	8.75	2	9	3	3	131	26612	116	19315	0.00390517	0.0032677	0.003	0.017	166.509	84.8622	62	520	
8.5	8.75	2	10	1	3	94	26538	94	26538	0.003	0	0.003	0.003	282.319	107.692	75	373	
8.5	8.75	3	11	5	3	157	26664	149	23933	0.00440939	0.00430432	0.003	0.024	160.624	88.9506	62	487	
8.5	8.75	3	12	3	3	132	26616	132	26270	0.0070303	0.00474694	0.003	0.024	199.015	101.491	29	597	
8.5	8.75	3	13	1	3	121	26592	121	26592	0.00375207	0.00235684	0.003	0.017	219.769	82.0407	5	373	
8.5	8.75	3	14	4	3	134	26618	134	26618	0.00357463	0.00192872	0.003	0.01	198.642	79.8933	16	389	
8.5	8.75	3	15	2	3	105	26560	105	26560	0.0034	0.0016326	0.003	0.01	252.952	113.069	4	453	
8.5	8.75	1	16	3	3	125	26600	124	26315	0.00503226	0.00425973	0.003	0.017	212.218	67.904	16	389	
8.5	8.75	1	17	2	3	143	26636	132	22786	0.00448485	0.00457922	0.003	0.024	172.621	61.7897	22	463	
8.5	8.75	1	18	4	3	124	26598	123	26453	0.00578862	0.00454712	0.003	0.017	215.065	76.135	10	483	
8.5	8.75	1	19	5	3	103	26556	102	26348	0.00382353	0.00226647	0.003	0.01	258.314	89.4248	20	389	
8.5	8.75	1	20	1	3	127	26604	123	24045	0.00709756	0.00537208	0.003	0.024	195.488	87.0516	9	551	
8.75	9	4	1	5	3	148	26646	145	25805	0.00444827	0.0043572	0.003	0.024	177.966	53.5352	10	416	
8.75	9	4	2	3	3	153	26662	146	22669	0.00539726	0.00595324	0.003	0.024	155.267	85.9482	32	593	
8.75	9	4	3	2	3	142	26636	136	24383	0.00577941	0.00383684	0.003	0.017	179.287	64.9841	49	453	
8.75	9	4	4	1	3	144	26638	141	25315	0.00498581	0.0043736	0.003	0.024	179.539	61.961	54	453	
8.75	9	4	5	4	3	134	26618	134	26441	0.00409701	0.00295548	0.003	0.017	197.321	60.3856	17	341	
8.75	9	2	6	4	3	91	26532	91	26532	0.00323077	0.00125678	0.003	0.01	291.56	105.158	7	373	
8.75	9	2	7	5	3	133	26616	124	23488	0.00435484	0.00434338	0.003	0.024	189.419	64.0108	73	384	
8.75	9	2	8	2	3	123	26596	123	26425	0.0056748	0.00570518	0.003	0.024	214.837	69.3439	9	485	
8.75	9	2	9	3	3	134	26618	123	21486	0.00442276	0.0042945	0.003	0.024	174.683	79.7144	14	480	
8.75	9	2	10	1	3	89	26528	89	26528	0.00307865	0.000741999	0.003	0.01	298.067	101.989	75	373	
8.75	9	3	11	5	3	162	26674	156	23886	0.00421154	0.0045095	0.003	0.024	153.115	85.8968	25	487	
8.75	9	3	12	3	3	123	26598	121	25317	0.0075124	0.00502015	0.003	0.024	209.231	102.73	28	694	
8.75	9	3	13	1	3	120	26590	120	26590	0.004225	0.0030991	0.003	0.017	221.583	79.6384	5	359	
8.75	9	3	14	4	3	129	26608	129	26608	0.00370543	0.00260229	0.003	0.017	206.264	57.9272	5	389	
8.75	9	3	15	2	3	102	26554	102	26554	0.00313725	0.000975332	0.003	0.01	260.333	117.346	7	373	
8.75	9	1	16	3	3	124	26598	124	26719	0.00497581	0.00433264	0.003	0.017	215.476	52.263	33	387	
8.75	9	1	17	2	3	140	26630	132	24022	0.00437879	0.00427585	0.003	0.024	181.985	71.2938	49	591	
8.75	9	1	18	4	3	127	26604	127	26568	0.00553543	0.00504078	0.003	0.024	209.197	54.6479	57	435	
8.75	9	1	19	5	3	102	26554	103	26762	0.00361165	0.00198639	0.003	0.01	259.825	96.0707	39	373	
8.75	9	1	20	1	3	135	26620	125	23207	0.00552	0.00448042	0.003	0.024	185.656	70.3239	9	551	
9	9.25	4	1	5	3	147	26644	147	26417	0.00461905	0.00376053	0.003	0.024	179.707	44.3546	9	356	
9	9.25	4	2	3	3	153	26664	153	25973	0.00643137	0.007408	0.003	0.024	169.758	95.0971	6	604	
9	9.25	4	3	2	3	142	26634	139	25534	0.0056187	0.00369958	0.003	0.017	183.698	65.4795	5	389	
9	9.25	4	4	1	3	142	26634	141	25326	0.00533333	0.00407022	0.003	0.024	179.617	65.3932	25	341	
9	9.25	4	5	4	3	126	26602	126	26779	0.00444444	0.00297874	0.003	0.017	212.532	65.8746	17	341	
9	9.25	2	6	4	3	95	26540	94	26167	0.00329787	0.00142051	0.003	0.01	278.372	119.043	7	373	
9	9.25	2	7	5	3	132	26614	117	21468	0.00377778	0.00328558	0.003	0.024	183.487	55.2799	73	384	
9	9.25	2	8	2	3	125	26600	125	26891	0.00552	0.00536356	0.003	0.024	215.128	55.0113	177	531	
9	9.25	2	9	3	3	131	26612	117	19650	0.00431624	0.00399924	0.003	0.024	167.949	87.7678	22	560	
9	9.25	2	10	1	3	92	26534	92	26534	0.003	0	0.003	0.003	288.413	105.919	75	373	
9	9.25	3	11	5	3	150	26650	145	23469	0.00493103	0.00511758	0.003	0.024	161.855	105.03	58	599	
9	9.25	3	12	3	3	128	26606	129	26312	0.00734108	0.00464606	0.003	0.024	203.969	122.547	38	679	
9	9.25	3	13	1	3	127	26604	125	26275	0.00356	0.00210376	0.003	0.017	210.2	77.6851	33	341	
9	9.25	3	14	4	3	130	26610	129	26446	0.00424806	0.00308735	0.003	0.017	205.008	78.7797	5	389	
9	9.25	3	15	2	3	109	26568	109	26568	0.00351376	0.00183391	0.003	0.01	243.743	108.032	9	373	
9	9.25	1	16	3	3	125	26600	124	26436	0.0048629	0.00456094	0.003	0.017	213.194	42.4346	73	387	
9	9.25	1	17	2	3	139	26628	127	21754	0.00371653	0.00315951	0.003	0.024	171.291	58.2733	22	436	
9	9.25	1	18	4	3	124	26598	124	26415	0.00554032	0.00499658	0.003	0.017	213.024	62.079	73	610	
9	9.25	1	19	5	3	101	26552	101	26552	0.003	0	0.003	0.003	262.891	82.4354	39	341	
9	9.25	1	20	1	3	122	26594	116	23904	0.00619827	0.00483145	0.003	0.024	206.069	105.448	57	706	
9.25	9.5	4	1	5	3	138	26626	135	26079	0.00522963	0.00510625	0.003	0.024	193.178	71.6855	16	517	
9.25	9.5	4	2	3	3	159	26668	150	22493	0.00477333	0.0053296	0.003	0.024	149.953	99.3465	4	597	
9.25	9.5	4	3	2	3	136	26626	133	25586	0.00721053	0.0053073	0.003	0.024	192.376	78.7562	10	551	
9.25	9.5	4	4	1	3	140	26630	135	25291	0.00543704	0.00543016	0.003	0.024	187.341	86.4917	30	591	
9.25	9.5	4	5	4	3	129	26608	129	26431	0.00446512	0.00323566	0.003	0.017	204.891	51.6483	17	387	
9.25	9.5	2	6	4	3	89	26528	89	26528	0.00347191	0.00176513	0.003	0.01	298.067	103.325	7	453	
9.25	9.5	2	7	5	3	135	26620	126	23938	0.0045	0.00473582	0.003	0.024	189.984	67.3132	17	487	
9.25	9.5	2	8	2	3	123	26596	124	26824	0.00531452	0.00502735	0.003	0.024	216.323	72.1228	9	485	
9.25	9.5	2	9	3	3	133	26616	121	21897	0.00450413	0.00453711	0.003	0.024	180.967	82.604	36	597	
9.25	9.5	2	10	1	3	86	26522	86	26522	0.00324419	0.00129193	0.003	0.01	308.395	92.8809	75	446	
9.25	9.5	3	11	5	3	156	26662	149	22666	0.00342282	0.0027267	0.003	0.024	152.121	97.0232	31	596	
9.25	9.5	3	12	3	3	121	26596	119	25164	0.00729412	0.00456656	0.003	0.024	211.462	99.6975	49	746	
9.25	9.5	3	13	1	3	122	26594	124	26923	0.00412903	0.00326591	0.003	0.017	217.121	80.0005	17	301	
9.25	9.5	3	14	4	3	128	26606	128	26606	0.00436719	0.00373296	0.003	0.017	207.859	53.1419	17	301	
9.25	9.5	3	15	2	3	101	26552	101	26552	0.00313861	0.000980099	0.003	0.01	262.891	114.266	4	373	
9.25	9.5	1	16	3	3	125	26600	126	26643	0.0045	0.00392071	0.003	0.017	211.452	49.4793	73	387	
9.25	9.5	1	17	2	3	140	26630	133	23777	0.00426316	0.0036388	0.003	0.024	178.774	71.5655	26	436	
9.25	9.5	1	18	4	3	129	26608	129	26631	0.00517054	0.00435733	0.003	0.017	206.442	58.6247	9	483	
9.25	9.5	1	19	5	3	100	26550	99	26455	0.00321212	0.0015667	0.003	0.017	267.222	91.8636	39	341	
9.25	9.5	1	20	1	3	126	26604	124	25801	0.00712097	0.00535654	0.003	0.024	208.073	100.121	49	746	
9.5	9.75	4	1	5	3	137	26624	141	27467	0.00548227	0.00549494	0.003	0.024	194.801	79.6566	16	517	
9.5	9.75	4	2	3	3	156	26674	148	22513	0.00475	0.00534634	0.003	0.024	152.115	93.718	23	621	
9.5	9.75	4	3	2	3	139	26632	139	26351	0.00728057	0.00586939	0.003	0.024	189.576	86.6263	5	517	
9.5	9.75	4	4	1	3	150	26650	151	26679	0.00522516	0.00556318	0.003	0.024	176.682	94.3796	5	517	
9.5	9.75	4	5	4	3	128	26606	128	26783	0.00409375	0.00269861	0.003	0.017	209.242	61.2726	15	597	
9.5	9.75	2	6	4	3	91	26532	92	26905	0.00330435	0.00143534	0.003	0.01	292.446	105.914	7	373	
9.5	9.75	2	7	5	3	136	26622	124	22374	0.00373387	0.00331812	0.003	0.024	180.435	58.313	41	332	
9.5	9.75	2	8	2	3	126	26602	123	25894	0.00487805	0.00483258	0.003	0.024	210.52	50.6807	9	300	
9.5	9.75	2	9	3	3	138	26626	126	20875	0.00383333	0.00338408	0.003	0.024	165.675	52.1246	75	440	
9.5	9.75	2	10	1	3	86	26522	86	26522	0.003	0	0.003	0.003	308.395	95.8564	75	373	
9.5	9.75	3	11	5	3	157	26664	152	23684	0.00355263	0.00317438	0.003	0.024	155.816	100.633	31	596	
9.5	9.75	3	12	3	3	129	26612	122	25273	0.00713115	0.00490901	0.003	0.024	207.156	84.2112	49	519	
9.5	9.75	3	13	1	3	121	26592	119	26022	0.00394118	0.00287094	0.003	0.017	218.672	73.631	5	285	
9.5	9.75	3	14	4	3	127	26604	128	26768	0.00382031	0.00286283	0.003	0.017	209.125	46.4736	17	316	
9.5	9.75	3	15	2	3	102	26554	102	26554	0.003	0	0.003	0.003	260.333	112.808	39	341	
9.5	9.75	1	16	3	3	126	26602	126	26723	0.00433333	0.00350999	0.003	0.017	212.087	49.66	17	387	
9.5	9.75	1	17	2	3	140	26630	135	24243	0.00408889	0.00361478	0.003	0.024	179.578	63.0593	22	436	
9.5	9.75	1	18	4	3	126	26602	124	25871	0.00491935	0.0041233	0.003	0.024	208.637	59.4506	9	531	
9.5	9.75	1	19	5	3	102	26554	103	26649	0.00313592	0.000970633	0.003	0.01	258.728	103.829	4	341	
9.5	9.75	1	20	1	3	134	26618	132	25650	0.00639394	0.00500497	0.003	0.024	194.318	87.9564	9	591	
9.75	10	4	1	5	3	139	26628	134	24904	0.00456716	0.00426112	0.003	0.024	185.851	64.9211	7	531	
9.75	10	4	2	3	3	149	26650	140	21827	0.00505	0.00584737	0.003	0.024	155.907	104.143	29	596	
9.75	10	4	3	2	3	135	26624	134	25653	0.0071791	0.00543706	0.003	0.024	191.44	92.8608	14	746	
9.75	10	4	4	1	3	139	26628	136	24731	0.0052647	0.00531279	0.003	0.024	181.846	81.6989	6	492	
9.75	10	4	5	4	3	129	26608	129	26385	0.00430232	0.00312651	0.003	0.017	204.535	54.169	17	387	
9.75	10	2	6	4	3	90	26530	90	26530	0.00331111	0.00145064	0.003	0.01	294.778	106.46	7	373	
9.75	10	2	7	5	3	133	26616	125	23804	0.004512	0.00458366	0.003	0.024	190.432	69.5624	30	492	
9.75	10	2	8	2	3	122	26594	123	26834	0.00573171	0.00535015	0.003	0.024	218.163	76.2066	48	531	
9.75	10	2	9	3	3	133	26616	119	20152	0.00417647	0.00390056	0.003	0.024	169.345	72.8924	56	440	
9.75	10	2	10	1	3	92	26534	92	26534	0.003	0	0.003	0.003	288.413	107.058	75	373	
9.75	10	3	11	5	3	152	26654	142	21610	0.00359155	0.00282631	0.003	0.024	152.183	94.6055	31	530	
9.75	10	3	12	3	3	124	26598	123	25143	0.00743902	0.0043233	0.003	0.024	204.415	104.477	9	746	
9.75	10	3	13	1	3	123	26596	125	27166	0.003952	0.00271749	0.003	0.017	217.328	78.4644	16	327	
9.75	10	3	14	4	3	130	26610	129	26365	0.00403101	0.00316706	0.003	0.017	204.38	69.5259	5	389	
9.75	10	3	15	2	3	104	26558	104	26558	0.00320192	0.00152888	0.003	0.017	255.365	106.8	4	341	
9.75	10	1	16	3	3	125	26600	126	26764	0.00444444	0.00378958	0.003	0.017	212.413	38.5188	88	301	
9.75	10	1	17	2	3	139	26628	131	23395	0.00401527	0.00326281	0.003	0.024	178.588	65.7157	49	436	
9.75	10	1	18	4	3	126	26602	127	26862	0.00559055	0.00456584	0.003	0.024	211.512	51.7635	29	453	
9.75	10	1	19	5	3	101	26552	101	26552	0.003	0	0.003	0.003	262.891	108.765	4	341	
9.75	10	1	20	1	3	128	26606	124	24538	0.00678226	0.00475678	0.003	0.024	197.887	71.9547	57	551	
