% start	end	CellId	IMSI	RNTI	LCID	nTxPDUs	TxBytes	nRxPDUs	RxBytes	delay	stdDev	min	max	PduSize	stdDev	min	max
0.5	0.75	4	1	3	3	88	25472	88	25472	0.00482954	0.00404066	0.003	0.017	289.455	154.558	28	839	
0.5	0.75	4	2	1	3	73	25442	70	24513	0.009	0.00523367	0.003	0.017	350.186	168.717	28	839	
0.5	0.75	4	3	2	3	48	25392	48	25392	0.003	0	0.003	0.003	529	207.822	28	1056	
0.5	0.75	4	4	5	3	81	25458	81	25458	0.00801234	0.00555989	0.003	0.017	314.296	168.59	7	839	
0.5	0.75	4	5	4	3	76	25448	72	23930	0.0114583	0.0045407	0.003	0.024	332.361	149.649	28	839	
0.5	0.75	2	6	5	3	93	25482	93	25482	0.00480645	0.00448732	0.003	0.017	274	117.294	16	839	
0.5	0.75	2	7	1	3	103	25502	98	22511	0.00807143	0.00833605	0.003	0.024	229.704	189.878	28	839	
0.5	0.75	2	8	2	3	81	25458	81	25458	0.00507407	0.00340139	0.003	0.017	314.296	143.017	7	839	
0.5	0.75	2	9	4	3	76	25448	76	25448	0.00346053	0.00174693	0.003	0.01	334.842	122.217	28	839	
0.5	0.75	2	10	3	3	109	25514	103	22049	0.00707767	0.00805458	0.003	0.024	214.068	150.819	28	839	
0.5	0.75	3	11	5	3	67	25430	67	25430	0.00383582	0.00228697	0.003	0.01	379.552	222.837	58	839	
0.5	0.75	3	12	1	3	49	25394	49	25394	0.003	0	0.003	0.003	518.245	200.974	28	839	
0.5	0.75	3	13	3	3	54	25404	53	24799	0.00643396	0.00353286	0.003	0.01	467.906	159.708	26	839	
0.5	0.75	3	14	2	3	54	25404	53	24799	0.00643396	0.00353286	0.003	0.01	467.906	159.708	26	839	
0.5	0.75	3	15	4	3	85	25466	81	22974	0.00576543	0.00438256	0.003	0.017	283.63	235.088	49	854	
0.5	0.75	1	16	4	3	77	25450	73	23900	0.0102877	0.00514371	0.003	0.017	327.397	140.523	28	839	
0.5	0.75	1	17	3	3	77	25450	73	23900	0.0101918	0.00508171	0.003	0.017	327.397	136.863	28	839	
0.5	0.75	1	18	5	3	77	25450	71	23252	0.0114789	0.00566407	0.003	0.024	327.493	182.528	28	839	
0.5	0.75	1	19	1	3	64	25424	64	25424	0.00398437	0.00245268	0.003	0.01	397.25	191.502	10	839	
0.5	0.75	1	20	2	3	74	25444	70	23894	0.0111	0.00471246	0.003	0.017	341.343	137.98	28	839	
0.75	1	4	1	3	3	96	26542	96	26542	0.00489583	0.00372892	0.003	0.017	276.479	127.414	7	485	
0.75	1	4	2	1	3	76	26502	76	26410	0.0109211	0.00432901	0.003	0.017	347.5	134.425	39	485	
0.75	1	4	3	2	3	50	26450	50	26450	0.003	0	0.003	0.003	529	223.287	219	839	
0.75	1	4	4	5	3	87	26524	85	26235	0.00670588	0.00490098	0.003	0.017	308.647	109.171	149	490	
0.75	1	4	5	4	3	75	26500	75	26500	0.01196	0.00316416	0.01	0.017	353.333	100.806	225	610	
0.75	1	2	6	5	3	100	26550	100	26550	0.00384	0.00303088	0.003	0.017	265.5	58.9853	16	490	
0.75	1	2	7	1	3	114	26578	111	25499	0.00823423	0.00857158	0.003	0.024	229.721	182.14	117	826	
0.75	1	2	8	2	3	92	26534	90	26098	0.00408889	0.00255125	0.003	0.01	289.978	104.593	7	453	
0.75	1	2	9	4	3	80	26510	80	26510	0.003	0	0.003	0.003	331.375	74.6357	75	373	
0.75	1	2	10	3	3	125	26600	125	26560	0.0072	0.0084338	0.003	0.024	212.48	134.395	75	558	
0.75	1	3	11	5	3	75	26500	75	26500	0.003	0	0.003	0.003	353.333	224.56	58	597	
0.75	1	3	12	1	3	50	26450	50	26450	0.003	0	0.003	0.003	529	20.2031	509	549	
0.75	1	3	13	3	3	50	26450	50	26450	0.0065	0.00353553	0.003	0.01	529	76.7716	453	605	
0.75	1	3	14	2	3	50	26450	50	26450	0.0065	0.00353553	0.003	0.01	529	76.7716	453	605	
0.75	1	3	15	4	3	100	26550	100	26550	0.00475	0.00304636	0.003	0.01	265.5	195.01	101	595	
0.75	1	1	16	4	3	76	26502	76	26710	0.0121184	0.00361835	0.003	0.017	351.447	81.5782	163	490	
0.75	1	1	17	3	3	77	26504	78	26997	0.0117949	0.00397838	0.003	0.017	346.115	82.4292	149	490	
0.75	1	1	18	5	3	75	26500	75	26652	0.0131733	0.00492202	0.01	0.024	355.36	143.549	225	610	
0.75	1	1	19	1	3	65	26480	64	26326	0.00398437	0.00245268	0.003	0.01	411.344	169.706	10	597	
0.75	1	1	20	2	3	75	26500	75	26708	0.0123333	0.00332205	0.01	0.017	356.107	77.7374	282	490	
1	1.25	4	1	3	3	98	26546	97	26414	0.00437113	0.00344698	0.003	0.017	272.309	132.137	39	453	
1	1.25	4	2	1	3	76	26502	75	26309	0.0109333	0.00435683	0.003	0.017	350.787	134.334	39	485	
1	1.25	4	3	2	3	50	26450	50	26450	0.003	0	0.003	0.003	529	169.276	219	1056	
1	1.25	4	4	5	3	91	26532	89	25607	0.00661798	0.00507334	0.003	0.017	287.719	123.782	7	453	
1	1.25	4	5	4	3	76	26502	76	26502	0.0119342	0.00354151	0.003	0.017	348.711	87.0394	101	534	
1	1.25	2	6	5	3	101	26552	100	26166	0.00384	0.00303088	0.003	0.017	261.66	63.1746	16	490	
1	1.25	2	7	1	3	112	26574	111	26014	0.0082973	0.00845372	0.003	0.024	234.36	191.076	117	826	
1	1.25	2	8	2	3	91	26532	93	26968	0.00473118	0.00303652	0.003	0.01	289.978	118.169	7	485	
1	1.25	2	9	4	3	82	26514	82	26514	0.003	0	0.003	0.003	323.341	82.1499	75	373	
1	1.25	2	10	3	3	123	26596	121	25879	0.00716529	0.00840867	0.003	0.024	213.876	144.008	75	671	
1	1.25	3	11	5	3	75	26500	75	26500	0.003	0	0.003	0.003	353.333	224.56	58	597	
1	1.25	3	12	1	3	50	26450	50	26450	0.003	0	0.003	0.003	529	20.2031	509	549	
1	1.25	3	13	3	3	50	26450	50	26450	0.0065	0.00353553	0.003	0.01	529	76.7716	453	605	
1	1.25	3	14	2	3	50	26450	50	26450	0.0065	0.00353553	0.003	0.01	529	76.7716	453	605	
1	1.25	3	15	4	3	100	26550	100	26550	0.00475	0.00304636	0.003	0.01	265.5	195.01	101	595	
1	1.25	1	16	4	3	78	26506	78	26402	0.0117051	0.00409659	0.003	0.017	338.487	83.0376	163	490	
1	1.25	1	17	3	3	80	26510	80	26629	0.0113125	0.00446815	0.003	0.017	332.862	89.0202	149	490	
1	1.25	1	18	5	3	75	26500	75	26424	0.0135467	0.0054433	0.01	0.024	352.32	149.819	225	610	
1	1.25	1	19	1	3	69	26488	69	26181	0.00411594	0.00258125	0.003	0.01	379.435	206.826	10	597	
1	1.25	1	20	2	3	77	26504	77	26400	0.0119091	0.0038736	0.003	0.017	342.857	83.618	149	490	
1.25	1.5	4	1	3	3	110	26570	110	26639	0.00401818	0.00281862	0.003	0.017	242.173	133.884	75	485	
1.25	1.5	4	2	1	3	75	26500	76	26654	0.0121184	0.00361835	0.003	0.017	350.711	154.357	90	485	
1.25	1.5	4	3	2	3	50	26450	50	26450	0.003	0	0.003	0.003	529	161.225	219	1056	
1.25	1.5	4	4	5	3	80	26510	83	27349	0.0103373	0.00499824	0.003	0.017	329.506	131.338	135	453	
1.25	1.5	4	5	4	3	75	26500	75	26500	0.0123333	0.00332205	0.01	0.017	353.333	86.4058	225	534	
1.25	1.5	2	6	5	3	91	26532	92	26918	0.00566304	0.00462263	0.003	0.017	292.587	67.2455	151	490	
1.25	1.5	2	7	1	3	102	26554	98	24031	0.00885714	0.00839121	0.003	0.024	245.214	194.804	75	786	
1.25	1.5	2	8	2	3	88	26526	88	26526	0.00475	0.00304846	0.003	0.01	301.432	100.191	63	485	
1.25	1.5	2	9	4	3	88	26526	88	26526	0.003	0	0.003	0.003	301.432	98.6837	75	373	
1.25	1.5	2	10	3	3	123	26596	121	26017	0.00716529	0.00840867	0.003	0.024	215.017	149.712	75	671	
1.25	1.5	3	11	5	3	75	26500	75	26500	0.003	0	0.003	0.003	353.333	224.56	58	597	
1.25	1.5	3	12	1	3	50	26450	50	26450	0.003	0	0.003	0.003	529	20.2031	509	549	
1.25	1.5	3	13	3	3	50	26450	50	26450	0.0065	0.00353553	0.003	0.01	529	76.7716	453	605	
1.25	1.5	3	14	2	3	50	26450	50	26450	0.0065	0.00353553	0.003	0.01	529	76.7716	453	605	
1.25	1.5	3	15	4	3	100	26550	100	26550	0.00475	0.00304636	0.003	0.01	265.5	195.01	101	595	
1.25	1.5	1	16	4	3	78	26506	78	26402	0.0117051	0.00409659	0.003	0.017	338.487	81.1288	163	490	
1.25	1.5	1	17	3	3	84	26518	83	25906	0.0104217	0.00505125	0.003	0.017	312.12	85.2777	149	490	
1.25	1.5	1	18	5	3	75	26500	75	26424	0.0142933	0.00629194	0.01	0.024	352.32	155.577	225	610	
1.25	1.5	1	19	1	3	74	26498	75	26959	0.00533333	0.00332205	0.003	0.01	359.453	197.568	10	597	
1.25	1.5	1	20	2	3	79	26508	79	26404	0.0115063	0.00429333	0.003	0.017	334.228	87.4509	149	490	
1.5	1.75	4	1	3	3	90	26530	91	26593	0.00653846	0.00493583	0.003	0.017	292.231	130.086	63	485	
1.5	1.75	4	2	1	3	76	26502	75	26348	0.0106533	0.00417681	0.003	0.017	351.307	126.709	90	485	
1.5	1.75	4	3	2	3	49	26448	49	26448	0.003	0	0.003	0.003	539.755	223.451	219	1056	
1.5	1.75	4	4	5	3	87	26524	87	26617	0.00710345	0.00506937	0.003	0.017	305.943	111.272	73	490	
1.5	1.75	4	5	4	3	75	26500	75	26500	0.01224	0.00328732	0.01	0.017	353.333	106.961	225	610	
1.5	1.75	2	6	5	3	97	26544	97	26544	0.00386598	0.00290341	0.003	0.017	273.649	51.0753	151	490	
1.5	1.75	2	7	1	3	119	26588	119	26473	0.0077647	0.0085457	0.003	0.024	222.462	170.128	75	790	
1.5	1.75	2	8	2	3	90	26530	90	26530	0.00408889	0.00255125	0.003	0.01	294.778	105.433	63	453	
1.5	1.75	2	9	4	3	79	26508	79	26508	0.003	0	0.003	0.003	335.544	67.374	75	373	
1.5	1.75	2	10	3	3	125	26600	125	26600	0.0072	0.0084338	0.003	0.024	212.8	129.662	75	518	
1.5	1.75	3	11	5	3	75	26500	75	26500	0.003	0	0.003	0.003	353.333	224.56	58	597	
1.5	1.75	3	12	1	3	50	26450	50	26450	0.003	0	0.003	0.003	529	20.2031	509	549	
1.5	1.75	3	13	3	3	50	26450	50	26450	0.0065	0.00353553	0.003	0.01	529	76.7716	453	605	
1.5	1.75	3	14	2	3	50	26450	50	26450	0.0065	0.00353553	0.003	0.01	529	76.7716	453	605	
1.5	1.75	3	15	4	3	100	26550	100	26550	0.00475	0.00304636	0.003	0.01	265.5	195.01	101	595	
1.5	1.75	1	16	4	3	75	26500	75	26708	0.0123333	0.00332205	0.01	0.017	356.107	75.8338	282	490	
1.5	1.75	1	17	3	3	79	26508	79	26716	0.0115063	0.00429333	0.003	0.017	338.177	86.8379	149	490	
1.5	1.75	1	18	5	3	75	26500	75	26652	0.0131733	0.00492202	0.01	0.024	355.36	143.004	225	610	
1.5	1.75	1	19	1	3	65	26480	64	26326	0.0043125	0.00275379	0.003	0.01	411.344	159.178	10	597	
1.5	1.75	1	20	2	3	75	26500	75	26708	0.0123333	0.00332205	0.01	0.017	356.107	75.8338	282	490	
1.75	2	4	1	3	3	93	26536	91	26008	0.00569231	0.00439872	0.003	0.017	285.802	129.593	39	485	
1.75	2	4	2	1	3	76	26502	77	26843	0.0104545	0.00429977	0.003	0.017	348.61	130.876	63	485	
1.75	2	4	3	2	3	50	26450	50	26450	0.003	0	0.003	0.003	529	198.669	219	839	
1.75	2	4	4	5	3	91	26532	89	25740	0.00669663	0.00507087	0.003	0.017	289.213	115.477	73	490	
1.75	2	4	5	4	3	75	26500	75	26424	0.0121467	0.0032495	0.01	0.017	352.32	100.166	225	610	
1.75	2	2	6	5	3	100	26550	100	26550	0.00405	0.00335561	0.003	0.017	265.5	63.3502	16	490	
1.75	2	2	7	1	3	117	26584	114	25869	0.00791228	0.00853163	0.003	0.024	226.921	178.832	117	790	
1.75	2	2	8	2	3	93	26536	92	26473	0.00406522	0.0025281	0.003	0.01	287.75	105.601	39	453	
1.75	2	2	9	4	3	80	26510	80	26510	0.003	0	0.003	0.003	331.375	74.6357	75	373	
1.75	2	2	10	3	3	123	26596	123	26596	0.00738211	0.00847418	0.003	0.024	216.228	139.45	75	631	
1.75	2	3	11	5	3	75	26500	75	26500	0.003	0	0.003	0.003	353.333	224.56	58	597	
1.75	2	3	12	1	3	50	26450	50	26450	0.003	0	0.003	0.003	529	20.2031	509	549	
1.75	2	3	13	3	3	50	26450	50	26450	0.0065	0.00353553	0.003	0.01	529	76.7716	453	605	
1.75	2	3	14	2	3	50	26450	50	26450	0.0065	0.00353553	0.003	0.01	529	76.7716	453	605	
1.75	2	3	15	4	3	100	26550	100	26550	0.00475	0.00304636	0.003	0.01	265.5	195.01	101	595	
1.75	2	1	16	4	3	76	26502	76	26294	0.0121184	0.00361835	0.003	0.017	345.974	78.1591	149	490	
1.75	2	1	17	3	3	79	26508	80	26912	0.0114	0.00437079	0.003	0.017	336.4	86.3309	163	490	
1.75	2	1	18	5	3	75	26500	75	26348	0.0137333	0.00567673	0.01	0.024	351.307	147.211	225	610	
1.75	2	1	19	1	3	68	26486	69	26640	0.00431884	0.0027573	0.003	0.01	386.087	192.181	10	597	
1.75	2	1	20	2	3	77	26504	77	26296	0.0119091	0.0038736	0.003	0.017	341.506	83.6335	163	490	
2	2.25	4	1	3	3	92	26534	94	27062	0.00582979	0.00473976	0.003	0.017	287.894	133.686	39	485	
2	2.25	4	2	1	3	76	26502	78	27053	0.00811538	0.00487501	0.003	0.017	346.833	108.825	39	485	
2	2.25	4	3	2	3	49	26448	49	26448	0.003	0	0.003	0.003	539.755	223.451	219	1056	
2	2.25	4	4	5	3	93	26536	96	27610	0.00577083	0.00470717	0.003	0.017	287.604	105.437	73	490	
2	2.25	4	5	4	3	75	26500	76	27034	0.0115658	0.00293637	0.01	0.017	355.711	94.3098	225	610	
2	2.25	2	6	5	3	101	26552	101	26552	0.00355445	0.0025592	0.003	0.017	262.891	55.0601	16	490	
2	2.25	2	7	1	3	120	26590	121	26034	0.00745454	0.00838053	0.003	0.024	215.157	168.714	75	675	
2	2.25	2	8	2	3	96	26542	97	26605	0.00386598	0.00231674	0.003	0.01	274.278	114.434	7	453	
2	2.25	2	9	4	3	79	26508	79	26508	0.003	0	0.003	0.003	335.544	69.443	75	373	
2	2.25	2	10	3	3	123	26596	123	26596	0.00738211	0.00847418	0.003	0.024	216.228	142.776	75	673	
2	2.25	3	11	5	3	75	26500	75	26500	0.003	0	0.003	0.003	353.333	224.56	58	597	
2	2.25	3	12	1	3	50	26450	50	26450	0.003	0	0.003	0.003	529	20.2031	509	549	
2	2.25	3	13	3	3	50	26450	50	26450	0.0065	0.00353553	0.003	0.01	529	76.7716	453	605	
2	2.25	3	14	2	3	50	26450	50	26450	0.0065	0.00353553	0.003	0.01	529	76.7716	453	605	
2	2.25	3	15	4	3	100	26550	100	26550	0.00475	0.00304636	0.003	0.01	265.5	195.01	101	595	
2	2.25	1	16	4	3	75	26500	75	26708	0.0123333	0.00332205	0.01	0.017	356.107	75.7226	282	490	
2	2.25	1	17	3	3	83	26516	83	26397	0.010759	0.00489048	0.003	0.017	318.036	89.45	149	490	
2	2.25	1	18	5	3	75	26500	75	26652	0.0129867	0.00462804	0.01	0.024	355.36	146.313	225	610	
2	2.25	1	19	1	3	67	26484	66	26330	0.00363636	0.00202778	0.003	0.01	398.939	172.931	10	597	
2	2.25	1	20	2	3	76	26502	76	26710	0.0121184	0.00361835	0.003	0.017	351.447	79.6865	163	490	
2.25	2.5	4	1	3	3	105	26560	105	26560	0.00366667	0.0024794	0.003	0.017	252.952	128.929	39	453	
2.25	2.5	4	2	1	3	77	26504	74	25612	0.00886486	0.00463851	0.003	0.017	346.108	124.965	75	485	
2.25	2.5	4	3	2	3	50	26450	50	26450	0.003	0	0.003	0.003	529	154.418	219	839	
2.25	2.5	4	4	5	3	87	26524	84	25464	0.00841667	0.00536209	0.003	0.017	303.143	128.778	7	490	
2.25	2.5	4	5	4	3	76	26502	75	26044	0.0115867	0.00336955	0.003	0.017	347.253	87.583	101	610	
2.25	2.5	2	6	5	3	98	26546	97	26443	0.00408247	0.00324894	0.003	0.017	272.608	62.1494	16	490	
2.25	2.5	2	7	1	3	110	26570	110	26384	0.0086	0.00847035	0.003	0.024	239.855	188.892	75	790	
2.25	2.5	2	8	2	3	88	26526	88	26526	0.00490909	0.0031354	0.003	0.01	301.432	106.722	7	485	
2.25	2.5	2	9	4	3	81	26512	81	26512	0.003	0	0.003	0.003	327.309	79.0711	75	373	
2.25	2.5	2	10	3	3	125	26600	125	26506	0.0072	0.0084338	0.003	0.024	212.048	138.163	75	558	
2.25	2.5	3	11	5	3	75	26500	75	26500	0.003	0	0.003	0.003	353.333	224.56	58	597	
2.25	2.5	3	12	1	3	50	26450	50	26450	0.003	0	0.003	0.003	529	20.2031	509	549	
2.25	2.5	3	13	3	3	50	26450	50	26450	0.0065	0.00353553	0.003	0.01	529	76.7716	453	605	
2.25	2.5	3	14	2	3	50	26450	50	26450	0.0065	0.00353553	0.003	0.01	529	76.7716	453	605	
2.25	2.5	3	15	4	3	100	26550	100	26550	0.00475	0.00304636	0.003	0.01	265.5	195.01	101	595	
2.25	2.5	1	16	4	3	76	26502	76	26502	0.0121184	0.00361835	0.003	0.017	348.711	78.1607	225	490	
2.25	2.5	1	17	3	3	76	26502	75	26217	0.01224	0.00348293	0.003	0.017	349.56	82.2367	163	490	
2.25	2.5	1	18	5	3	75	26500	75	26500	0.0131733	0.00492202	0.01	0.024	353.333	144.85	225	610	
2.25	2.5	1	19	1	3	65	26480	63	25574	0.00444444	0.00285554	0.003	0.01	405.937	174.751	10	597	
2.25	2.5	1	20	2	3	76	26502	76	26502	0.0121184	0.00361835	0.003	0.017	348.711	82.0216	163	490	
2.5	2.75	4	1	3	3	99	26548	97	25964	0.00494845	0.00346221	0.003	0.017	267.67	135.382	7	485	
2.5	2.75	4	2	1	3	75	26500	75	26388	0.0120533	0.00359765	0.003	0.017	351.84	147.879	90	485	
2.5	2.75	4	3	2	3	49	26448	49	26448	0.003	0	0.003	0.003	539.755	236.694	219	1056	
2.5	2.75	4	4	5	3	77	26504	76	26238	0.0112895	0.00423262	0.003	0.017	345.237	122.258	149	453	
2.5	2.75	4	5	4	3	75	26500	75	26424	0.0123333	0.00332205	0.01	0.017	352.32	98.5949	225	610	
2.5	2.75	2	6	5	3	93	26536	93	26253	0.00570968	0.00461938	0.003	0.017	282.29	74.9575	16	490	
2.5	2.75	2	7	1	3	112	26574	110	26419	0.00853636	0.00859131	0.003	0.024	240.173	183.845	75	746	
2.5	2.75	2	8	2	3	89	26528	89	26528	0.00535955	0.00332773	0.003	0.01	298.067	109.868	31	485	
2.5	2.75	2	9	4	3	90	26530	90	26530	0.003	0	0.003	0.003	294.778	105.427	75	373	
2.5	2.75	2	10	3	3	123	26596	123	26523	0.00738211	0.00847418	0.003	0.024	215.634	145.593	75	579	
2.5	2.75	3	11	5	3	75	26500	75	26500	0.003	0	0.003	0.003	353.333	224.56	58	597	
2.5	2.75	3	12	1	3	50	26450	50	26450	0.003	0	0.003	0.003	529	20.2031	509	549	
2.5	2.75	3	13	3	3	50	26450	50	26450	0.0065	0.00353553	0.003	0.01	529	76.7716	453	605	
2.5	2.75	3	14	2	3	50	26450	50	26450	0.0065	0.00353553	0.003	0.01	529	76.7716	453	605	
2.5	2.75	3	15	4	3	100	26550	100	26550	0.00475	0.00304636	0.003	0.01	265.5	195.01	101	595	
2.5	2.75	1	16	4	3	80	26510	80	26302	0.0111375	0.00451648	0.003	0.017	328.775	91.528	73	490	
2.5	2.75	1	17	3	3	78	26506	78	26298	0.0114359	0.00427493	0.003	0.017	337.154	83.1659	191	490	
2.5	2.75	1	18	5	3	75	26500	75	26348	0.01336	0.00519261	0.01	0.024	351.307	156.628	225	610	
2.5	2.75	1	19	1	3	69	26488	72	27548	0.00620833	0.0035123	0.003	0.01	382.611	188.535	10	597	
2.5	2.75	1	20	2	3	76	26502	76	26593	0.0121184	0.00361835	0.003	0.017	349.908	81.8716	282	490	
2.75	3	4	1	3	3	95	26540	97	27124	0.00516495	0.00420981	0.003	0.017	279.629	135.702	39	485	
2.75	3	4	2	1	3	78	26506	78	26618	0.00865385	0.00492496	0.003	0.017	341.256	127.5	39	485	
2.75	3	4	3	2	3	50	26450	50	26450	0.003	0	0.003	0.003	529	207.24	219	1056	
2.75	3	4	4	5	3	86	26522	88	27559	0.00769318	0.00527705	0.003	0.017	313.17	118.277	7	453	
2.75	3	4	5	4	3	76	26502	76	26578	0.0116579	0.00340413	0.003	0.017	349.711	92.2829	157	534	
2.75	3	2	6	5	3	101	26552	101	26448	0.0039703	0.00328772	0.003	0.017	261.861	60.2981	16	389	
2.75	3	2	7	1	3	109	26568	111	26934	0.00867567	0.0085218	0.003	0.024	242.649	194.663	117	746	
2.75	3	2	8	2	3	92	26534	90	25847	0.00447778	0.00287268	0.003	0.01	287.189	114.244	7	453	
2.75	3	2	9	4	3	82	26514	82	26514	0.003	0	0.003	0.003	323.341	84.7629	75	373	
2.75	3	2	10	3	3	125	26600	125	26673	0.0072	0.0084338	0.003	0.024	213.384	142.42	75	631	
2.75	3	3	11	5	3	75	26500	75	26500	0.003	0	0.003	0.003	353.333	224.56	58	597	
2.75	3	3	12	1	3	50	26450	50	26450	0.003	0	0.003	0.003	529	20.2031	509	549	
2.75	3	3	13	3	3	50	26450	50	26450	0.0065	0.00353553	0.003	0.01	529	76.7716	453	605	
2.75	3	3	14	2	3	50	26450	50	26450	0.0065	0.00353553	0.003	0.01	529	76.7716	453	605	
2.75	3	3	15	4	3	100	26550	100	26550	0.00475	0.00304636	0.003	0.01	265.5	195.01	101	595	
2.75	3	1	16	4	3	76	26502	76	26710	0.0121184	0.00361835	0.003	0.017	351.447	83.2273	163	490	
2.75	3	1	17	3	3	78	26506	78	26714	0.0117051	0.00409659	0.003	0.017	342.487	84.0684	149	490	
2.75	3	1	18	5	3	75	26500	75	26652	0.0132667	0.00506	0.01	0.024	355.36	147.376	225	610	
2.75	3	1	19	1	3	66	26482	65	26328	0.00450769	0.00290002	0.003	0.01	405.046	178.835	10	597	
2.75	3	1	20	2	3	75	26500	76	26694	0.0122105	0.00346916	0.003	0.017	351.237	80.0133	191	490	
3	3.25	4	1	3	3	94	26538	93	26160	0.00480645	0.00384837	0.003	0.017	281.29	129.154	39	485	
3	3.25	4	2	1	3	75	26500	75	26276	0.00944	0.00471123	0.003	0.017	350.347	120.442	90	485	
3	3.25	4	3	2	3	50	26450	50	26450	0.003	0	0.003	0.003	529	217.443	219	839	
3	3.25	4	4	5	3	89	26528	89	26268	0.00646067	0.00496363	0.003	0.017	295.146	109.243	7	490	
3	3.25	4	5	4	3	76	26502	76	26350	0.0114737	0.00329636	0.003	0.017	346.711	94.9614	101	610	
3	3.25	2	6	5	3	101	26552	102	27042	0.00368627	0.00287351	0.003	0.017	265.118	57.4393	16	490	
3	3.25	2	7	1	3	117	26584	117	26559	0.00784615	0.00839706	0.003	0.024	227	185.28	117	826	
3	3.25	2	8	2	3	94	26538	96	27225	0.00409375	0.00255499	0.003	0.01	283.594	112.815	7	453	
3	3.25	2	9	4	3	80	26510	80	26510	0.003	0	0.003	0.003	331.375	73.6936	75	373	
3	3.25	2	10	3	3	124	26598	124	26577	0.00729032	0.00845435	0.003	0.024	214.331	136.72	75	558	
3	3.25	3	11	5	3	75	26500	75	26500	0.003	0	0.003	0.003	353.333	224.56	58	597	
3	3.25	3	12	1	3	50	26450	50	26450	0.003	0	0.003	0.003	529	20.2031	509	549	
3	3.25	3	13	3	3	50	26450	50	26450	0.0065	0.00353553	0.003	0.01	529	76.7716	453	605	
3	3.25	3	14	2	3	50	26450	50	26450	0.0065	0.00353553	0.003	0.01	529	76.7716	453	605	
3	3.25	3	15	4	3	100	26550	100	26550	0.00475	0.00304636	0.003	0.01	265.5	195.01	101	595	
3	3.25	1	16	4	3	77	26504	77	26296	0.0119091	0.0038736	0.003	0.017	341.506	83.6335	163	490	
3	3.25	1	17	3	3	80	26510	80	26449	0.0113125	0.00446815	0.003	0.017	330.612	84.0787	149	490	
3	3.25	1	18	5	3	75	26500	75	26348	0.0131733	0.00492202	0.01	0.024	351.307	147.211	225	610	
3	3.25	1	19	1	3	67	26484	68	26638	0.00392647	0.00238976	0.003	0.01	391.735	193.035	10	597	
3	3.25	1	20	2	3	76	26502	75	26009	0.01224	0.00348293	0.003	0.017	346.787	80.777	163	490	
3.25	3.5	4	1	3	3	97	26544	98	26922	0.00585714	0.004697	0.003	0.017	274.714	137.311	39	485	
3.25	3.5	4	2	1	3	79	26508	81	27079	0.0100864	0.00462925	0.003	0.017	334.309	140.231	90	485	
3.25	3.5	4	3	2	3	48	26446	48	26446	0.003	0	0.003	0.003	550.958	197.07	219	1056	
3.25	3.5	4	4	5	3	82	26514	83	26781	0.00957831	0.0051682	0.003	0.017	322.663	126.701	59	490	
3.25	3.5	4	5	4	3	75	26500	76	27110	0.0123026	0.00331067	0.01	0.017	356.711	102.128	225	610	
3.25	3.5	2	6	5	3	98	26546	98	26546	0.00435714	0.00357612	0.003	0.017	270.878	64.6812	93	490	
3.25	3.5	2	7	1	3	111	26572	111	26553	0.00861261	0.00864152	0.003	0.024	239.216	180.77	117	826	
3.25	3.5	2	8	2	3	83	26516	83	26516	0.00578313	0.00344663	0.003	0.01	319.47	101.159	39	485	
3.25	3.5	2	9	4	3	83	26516	83	26516	0.003	0	0.003	0.003	319.47	86.5929	75	373	
3.25	3.5	2	10	3	3	124	26598	123	26155	0.00715447	0.00835192	0.003	0.024	212.642	139.883	75	631	
3.25	3.5	3	11	5	3	75	26500	75	26500	0.003	0	0.003	0.003	353.333	224.56	58	597	
3.25	3.5	3	12	1	3	50	26450	50	26450	0.003	0	0.003	0.003	529	20.2031	509	549	
3.25	3.5	3	13	3	3	50	26450	50	26450	0.0065	0.00353553	0.003	0.01	529	76.7716	453	605	
3.25	3.5	3	14	2	3	50	26450	50	26450	0.0065	0.00353553	0.003	0.01	529	76.7716	453	605	
3.25	3.5	3	15	4	3	100	26550	100	26550	0.00475	0.00304636	0.003	0.01	265.5	195.01	101	595	
3.25	3.5	1	16	4	3	75	26500	75	26708	0.0123333	0.00332205	0.01	0.017	356.107	82.8823	282	490	
3.25	3.5	1	17	3	3	76	26502	76	26563	0.0121184	0.00361835	0.003	0.017	349.513	84.9209	163	490	
3.25	3.5	1	18	5	3	75	26500	75	26652	0.0132667	0.00506	0.01	0.024	355.36	154.746	225	610	
3.25	3.5	1	19	1	3	68	26486	67	26332	0.00602985	0.00349446	0.003	0.01	393.015	186.118	10	597	
3.25	3.5	1	20	2	3	78	26506	78	26714	0.0117051	0.00409659	0.003	0.017	342.487	86.204	163	490	
3.5	3.75	4	1	3	3	96	26542	94	25957	0.00545745	0.00431966	0.003	0.017	276.138	130.749	39	485	
3.5	3.75	4	2	1	3	77	26504	75	26157	0.0110267	0.00410001	0.003	0.017	348.76	131.251	75	485	
3.5	3.75	4	3	2	3	50	26450	50	26450	0.003	0	0.003	0.003	529	226.247	219	839	
3.5	3.75	4	4	5	3	87	26524	85	25760	0.00703529	0.00510939	0.003	0.017	303.059	111.134	149	490	
3.5	3.75	4	5	4	3	75	26500	74	26042	0.0121757	0.00326189	0.01	0.017	351.919	112.133	225	610	
3.5	3.75	2	6	5	3	98	26546	96	26054	0.00402083	0.00320847	0.003	0.017	271.396	59.3676	16	490	
3.5	3.75	2	7	1	3	115	26580	114	26423	0.0082193	0.00862673	0.003	0.024	231.781	187.734	75	826	
3.5	3.75	2	8	2	3	92	26534	91	26471	0.00453846	0.00291474	0.003	0.01	290.89	107.015	39	453	
3.5	3.75	2	9	4	3	82	26514	82	26514	0.003	0	0.003	0.003	323.341	83.1394	75	373	
3.5	3.75	2	10	3	3	124	26598	123	25925	0.00715447	0.00835192	0.003	0.024	210.772	132.766	75	558	
3.5	3.75	3	11	5	3	75	26500	75	26500	0.003	0	0.003	0.003	353.333	224.56	58	597	
3.5	3.75	3	12	1	3	50	26450	50	26450	0.003	0	0.003	0.003	529	20.2031	509	549	
3.5	3.75	3	13	3	3	50	26450	50	26450	0.0065	0.00353553	0.003	0.01	529	76.7716	453	605	
3.5	3.75	3	14	2	3	50	26450	50	26450	0.0065	0.00353553	0.003	0.01	529	76.7716	453	605	
3.5	3.75	3	15	4	3	100	26550	100	26550	0.00475	0.00304636	0.003	0.01	265.5	195.01	101	595	
3.5	3.75	1	16	4	3	75	26500	75	26292	0.0123333	0.00332205	0.01	0.017	350.56	77.0898	282	490	
3.5	3.75	1	17	3	3	78	26506	78	26298	0.0117051	0.00409659	0.003	0.017	337.154	86.4011	163	490	
3.5	3.75	1	18	5	3	75	26500	75	26348	0.0138267	0.00578762	0.01	0.024	351.307	143.923	225	610	
3.5	3.75	1	19	1	3	65	26480	66	26634	0.00448485	0.0028836	0.003	0.01	403.545	174.855	10	597	
3.5	3.75	1	20	2	3	75	26500	75	26292	0.0123333	0.00332205	0.01	0.017	350.56	77.0898	282	490	
3.75	4	4	1	3	3	95	26540	97	27125	0.00516495	0.00420981	0.003	0.017	279.639	127.864	75	485	
3.75	4	4	2	1	3	76	26502	76	26502	0.0104605	0.00462007	0.003	0.017	348.711	128.348	75	485	
3.75	4	4	3	2	3	52	26454	52	26454	0.003	0	0.003	0.003	508.731	201.258	219	1056	
3.75	4	4	4	5	3	89	26528	90	26810	0.00704444	0.00524439	0.003	0.017	297.889	117.316	7	490	
3.75	4	4	5	4	3	76	26502	76	26502	0.0119342	0.00354151	0.003	0.017	348.711	98.0752	101	610	
3.75	4	2	6	5	3	102	26554	104	27046	0.00367308	0.00284705	0.003	0.017	260.058	59.8263	16	490	
3.75	4	2	7	1	3	114	26578	114	26085	0.00809649	0.0084988	0.003	0.024	228.816	182.349	75	753	
3.75	4	2	8	2	3	92	26534	91	25910	0.00446154	0.00286088	0.003	0.01	284.725	114.986	7	453	
3.75	4	2	9	4	3	80	26510	80	26510	0.003	0	0.003	0.003	331.375	75.5661	75	373	
3.75	4	2	10	3	3	124	26598	124	26713	0.00729032	0.00845435	0.003	0.024	215.427	143.206	75	579	
3.75	4	3	11	5	3	75	26500	75	26500	0.003	0	0.003	0.003	353.333	224.56	58	597	
3.75	4	3	12	1	3	50	26450	50	26450	0.003	0	0.003	0.003	529	20.2031	509	549	
3.75	4	3	13	3	3	50	26450	50	26450	0.0065	0.00353553	0.003	0.01	529	76.7716	453	605	
3.75	4	3	14	2	3	50	26450	50	26450	0.0065	0.00353553	0.003	0.01	529	76.7716	453	605	
3.75	4	3	15	4	3	100	26550	100	26550	0.00475	0.00304636	0.003	0.01	265.5	195.01	101	595	
3.75	4	1	16	4	3	76	26502	76	26502	0.0121184	0.00361835	0.003	0.017	348.711	80.1922	163	490	
3.75	4	1	17	3	3	78	26506	78	26506	0.0117051	0.00409659	0.003	0.017	339.821	84.0919	149	490	
3.75	4	1	18	5	3	75	26500	75	26500	0.01308	0.00477822	0.01	0.024	353.333	145.959	225	610	
3.75	4	1	19	1	3	67	26484	67	26484	0.0039403	0.00240505	0.003	0.01	395.284	183.447	10	597	
3.75	4	1	20	2	3	78	26506	78	26506	0.0117051	0.00409659	0.003	0.017	339.821	82.8622	149	490	
4	4.25	4	1	3	3	96	26542	94	25823	0.00575532	0.0043815	0.003	0.017	274.713	139.645	7	485	
4	4.25	4	2	1	3	75	26500	75	26564	0.0113067	0.00358289	0.003	0.017	354.187	137.621	90	485	
4	4.25	4	3	2	3	50	26450	50	26450	0.003	0	0.003	0.003	529	249.102	219	1056	
4	4.25	4	4	5	3	77	26504	78	26778	0.0108077	0.0045099	0.003	0.017	343.308	116.685	149	490	
4	4.25	4	5	4	3	76	26502	76	26502	0.0121184	0.00361835	0.003	0.017	348.711	107.773	101	610	
4	4.25	2	6	5	3	97	26544	97	26544	0.00437113	0.003592	0.003	0.017	273.649	68.6281	16	490	
4	4.25	2	7	1	3	105	26560	105	26464	0.00933333	0.00865655	0.003	0.024	252.038	194.55	75	790	
4	4.25	2	8	2	3	86	26522	88	27209	0.005625	0.00340828	0.003	0.01	309.193	111.455	7	485	
4	4.25	2	9	4	3	88	26526	88	26526	0.003	0	0.003	0.003	301.432	98.0387	75	373	
4	4.25	2	10	3	3	124	26598	124	26598	0.00729032	0.00845435	0.003	0.024	214.5	142.577	75	631	
4	4.25	3	11	5	3	75	26500	75	26500	0.003	0	0.003	0.003	353.333	224.56	58	597	
4	4.25	3	12	1	3	50	26450	50	26450	0.003	0	0.003	0.003	529	20.2031	509	549	
4	4.25	3	13	3	3	50	26450	50	26450	0.0065	0.00353553	0.003	0.01	529	76.7716	453	605	
4	4.25	3	14	2	3	50	26450	50	26450	0.0065	0.00353553	0.003	0.01	529	76.7716	453	605	
4	4.25	3	15	4	3	100	26550	100	26550	0.00475	0.00304636	0.003	0.01	265.5	195.01	101	595	
4	4.25	1	16	4	3	77	26504	77	26831	0.0119091	0.0038736	0.003	0.017	348.455	88.8219	163	490	
4	4.25	1	17	3	3	76	26502	76	26829	0.0121184	0.00361835	0.003	0.017	353.013	85.6181	225	490	
4	4.25	1	18	5	3	75	26500	75	26576	0.0131733	0.00492202	0.01	0.024	354.347	157.384	225	610	
4	4.25	1	19	1	3	69	26488	68	26334	0.0065	0.00352602	0.003	0.01	387.265	193.333	10	597	
4	4.25	1	20	2	3	75	26500	75	26604	0.0123333	0.00332205	0.01	0.017	354.72	84.883	282	490	
4.25	4.5	4	1	3	3	92	26534	92	26422	0.00482609	0.00386477	0.003	0.017	287.196	122.177	39	485	
4.25	4.5	4	2	1	3	77	26504	78	26501	0.00928205	0.00499324	0.003	0.017	339.756	126.453	75	485	
4.25	4.5	4	3	2	3	49	26448	49	26448	0.003	0	0.003	0.003	539.755	184.338	219	1056	
4.25	4.5	4	4	5	3	90	26530	88	25695	0.00618182	0.00485312	0.003	0.017	291.989	111.506	7	490	
4.25	4.5	4	5	4	3	75	26500	75	26348	0.0120533	0.00320849	0.01	0.017	351.307	92.0195	225	610	
4.25	4.5	2	6	5	3	101	26552	100	26536	0.003	0	0.003	0.003	265.36	34.2166	193	285	
4.25	4.5	2	7	1	3	115	26580	114	26387	0.0082193	0.00862673	0.003	0.024	231.465	187.565	117	790	
4.25	4.5	2	8	2	3	94	26538	94	26538	0.00374468	0.00216986	0.003	0.01	282.319	116.573	7	453	
4.25	4.5	2	9	4	3	77	26504	77	26504	0.003	0	0.003	0.003	344.208	53.5142	75	373	
4.25	4.5	2	10	3	3	123	26596	123	26502	0.0073252	0.0083847	0.003	0.024	215.463	135.813	75	579	
4.25	4.5	3	11	5	3	75	26500	75	26500	0.003	0	0.003	0.003	353.333	224.56	58	597	
4.25	4.5	3	12	1	3	50	26450	50	26450	0.003	0	0.003	0.003	529	20.2031	509	549	
4.25	4.5	3	13	3	3	50	26450	50	26450	0.0065	0.00353553	0.003	0.01	529	76.7716	453	605	
4.25	4.5	3	14	2	3	50	26450	50	26450	0.0065	0.00353553	0.003	0.01	529	76.7716	453	605	
4.25	4.5	3	15	4	3	100	26550	100	26550	0.00475	0.00304636	0.003	0.01	265.5	195.01	101	595	
4.25	4.5	1	16	4	3	76	26502	76	26175	0.0121184	0.00361835	0.003	0.017	344.408	79.2717	163	490	
4.25	4.5	1	17	3	3	80	26510	80	26406	0.0113125	0.00446815	0.003	0.017	330.075	86.7795	149	490	
4.25	4.5	1	18	5	3	75	26500	75	26424	0.0135467	0.0054433	0.01	0.024	352.32	143.288	225	610	
4.25	4.5	1	19	1	3	65	26480	66	26634	0.00395454	0.00242063	0.003	0.01	403.545	170.897	10	597	
4.25	4.5	1	20	2	3	75	26500	75	26396	0.0123333	0.00332205	0.01	0.017	351.947	76.8296	282	490	
4.5	4.75	4	1	3	3	92	26534	93	27290	0.00488172	0.00374122	0.003	0.017	293.441	124.093	75	485	
4.5	4.75	4	2	1	3	76	26502	75	26329	0.00888	0.00475042	0.003	0.017	351.053	117.852	90	485	
4.5	4.75	4	3	2	3	51	26452	51	26452	0.003	0	0.003	0.003	518.667	203.896	219	839	
4.5	4.75	4	4	5	3	91	26532	93	27471	0.00616129	0.0048974	0.003	0.017	295.387	115.349	7	490	
4.5	4.75	4	5	4	3	75	26500	75	26576	0.0115867	0.00295046	0.01	0.017	354.347	92.4596	225	610	
4.5	4.75	2	6	5	3	100	26550	100	26076	0.00342	0.00218433	0.003	0.017	260.76	50.1884	16	341	
4.5	4.75	2	7	1	3	116	26582	117	26601	0.00796581	0.00847708	0.003	0.024	227.359	183.451	75	826	
4.5	4.75	2	8	2	3	93	26536	93	26536	0.00412903	0.00258854	0.003	0.01	285.333	116.308	7	485	
4.5	4.75	2	9	4	3	79	26508	79	26508	0.003	0	0.003	0.003	335.544	68.4163	75	373	
4.5	4.75	2	10	3	3	125	26600	125	26600	0.007144	0.00834412	0.003	0.024	212.8	134.781	75	558	
4.5	4.75	3	11	5	3	75	26500	75	26500	0.003	0	0.003	0.003	353.333	224.56	58	597	
4.5	4.75	3	12	1	3	50	26450	50	26450	0.003	0	0.003	0.003	529	20.2031	509	549	
4.5	4.75	3	13	3	3	50	26450	50	26450	0.0065	0.00353553	0.003	0.01	529	76.7716	453	605	
4.5	4.75	3	14	2	3	50	26450	50	26450	0.0065	0.00353553	0.003	0.01	529	76.7716	453	605	
4.5	4.75	3	15	4	3	100	26550	100	26550	0.00475	0.00304636	0.003	0.01	265.5	195.01	101	595	
4.5	4.75	1	16	4	3	75	26500	75	26500	0.0123333	0.00332205	0.01	0.017	353.333	78.2139	282	490	
4.5	4.75	1	17	3	3	81	26512	81	26289	0.0111235	0.00462435	0.003	0.017	324.556	88.9122	149	490	
4.5	4.75	1	18	5	3	75	26500	75	26500	0.0129867	0.00462804	0.01	0.024	353.333	149.724	225	610	
4.5	4.75	1	19	1	3	67	26484	67	26484	0.00404478	0.00251319	0.003	0.01	395.284	194.464	10	597	
4.5	4.75	1	20	2	3	76	26502	76	26502	0.0121184	0.00361835	0.003	0.017	348.711	81.8693	163	490	
4.75	5	4	1	3	3	94	26538	94	26538	0.00515957	0.0042358	0.003	0.017	282.319	126.261	39	485	
4.75	5	4	2	1	3	76	26502	76	26614	0.00990789	0.00478101	0.003	0.017	350.184	126.501	75	485	
4.75	5	4	3	2	3	50	26450	50	26450	0.003	0	0.003	0.003	529	166.586	219	839	
4.75	5	4	4	5	3	91	26532	90	26247	0.00603333	0.00481442	0.003	0.017	291.633	109.56	149	490	
4.75	5	4	5	4	3	75	26500	75	26576	0.0120533	0.00320849	0.01	0.017	354.347	91.6115	225	610	
4.75	5	2	6	5	3	98	26546	98	26546	0.00357143	0.00239415	0.003	0.017	270.878	46.9091	151	490	
4.75	5	2	7	1	3	121	26592	121	26615	0.00757025	0.00851159	0.003	0.024	219.959	175.582	117	753	
4.75	5	2	8	2	3	95	26540	94	26353	0.00374468	0.00216986	0.003	0.01	280.351	112.561	7	453	
4.75	5	2	9	4	3	79	26508	79	26508	0.003	0	0.003	0.003	335.544	67.374	75	373	
4.75	5	2	10	3	3	121	26592	121	26592	0.00757025	0.00851159	0.003	0.024	219.769	141.435	75	579	
4.75	5	3	11	5	3	75	26500	75	26500	0.003	0	0.003	0.003	353.333	224.56	58	597	
4.75	5	3	12	1	3	50	26450	50	26450	0.003	0	0.003	0.003	529	20.2031	509	549	
4.75	5	3	13	3	3	50	26450	50	26450	0.0065	0.00353553	0.003	0.01	529	76.7716	453	605	
4.75	5	3	14	2	3	50	26450	50	26450	0.0065	0.00353553	0.003	0.01	529	76.7716	453	605	
4.75	5	3	15	4	3	100	26550	100	26550	0.00475	0.00304636	0.003	0.01	265.5	195.01	101	595	
4.75	5	1	16	4	3	76	26502	76	26710	0.0121184	0.00361835	0.003	0.017	351.447	81.425	163	490	
4.75	5	1	17	3	3	81	26512	81	26720	0.0111235	0.00462435	0.003	0.017	329.877	87.1651	149	490	
4.75	5	1	18	5	3	75	26500	75	26652	0.01336	0.00519261	0.01	0.024	355.36	148.466	225	610	
4.75	5	1	19	1	3	68	26486	67	26332	0.0039403	0.00240505	0.003	0.01	393.015	183.752	10	597	
4.75	5	1	20	2	3	76	26502	76	26710	0.0121184	0.00361835	0.003	0.017	351.447	81.425	163	490	
5	5.25	4	1	3	3	92	26534	91	26002	0.00630769	0.00482054	0.003	0.017	285.736	134.861	39	485	
5	5.25	4	2	1	3	75	26500	75	26564	0.0120533	0.00359765	0.003	0.017	354.187	126.459	90	485	
5	5.25	4	3	2	3	50	26450	50	26450	0.003	0	0.003	0.003	529	214.362	219	839	
5	5.25	4	4	5	3	90	26530	90	26808	0.00681111	0.00505007	0.003	0.017	297.867	117.582	7	490	
5	5.25	4	5	4	3	75	26500	75	26500	0.01224	0.00328732	0.01	0.017	353.333	105.491	225	610	
5	5.25	2	6	5	3	101	26552	102	27042	0.00368627	0.00287351	0.003	0.017	265.118	59.2222	16	490	
5	5.25	2	7	1	3	110	26570	108	26119	0.00863889	0.00858434	0.003	0.024	241.843	200.894	75	826	
5	5.25	2	8	2	3	92	26534	91	26229	0.00415385	0.00261161	0.003	0.01	288.231	107.46	7	453	
5	5.25	2	9	4	3	80	26510	80	26510	0.003	0	0.003	0.003	331.375	74.6357	75	373	
5	5.25	2	10	3	3	122	26594	121	26057	0.00733884	0.00839301	0.003	0.024	215.347	138.309	75	579	
5	5.25	3	11	5	3	75	26500	75	26500	0.003	0	0.003	0.003	353.333	224.56	58	597	
5	5.25	3	12	1	3	50	26450	50	26450	0.003	0	0.003	0.003	529	20.2031	509	549	
5	5.25	3	13	3	3	50	26450	50	26450	0.0065	0.00353553	0.003	0.01	529	76.7716	453	605	
5	5.25	3	14	2	3	50	26450	50	26450	0.0065	0.00353553	0.003	0.01	529	76.7716	453	605	
5	5.25	3	15	4	3	100	26550	100	26550	0.00475	0.00304636	0.003	0.01	265.5	195.01	101	595	
5	5.25	1	16	4	3	75	26500	75	26500	0.0123333	0.00332205	0.01	0.017	353.333	76.4327	282	490	
5	5.25	1	17	3	3	83	26516	83	26663	0.010759	0.00489048	0.003	0.017	321.241	89.6699	149	490	
5	5.25	1	18	5	3	75	26500	75	26500	0.0134533	0.00532027	0.01	0.024	353.333	145.959	225	610	
5	5.25	1	19	1	3	67	26484	68	26638	0.00392647	0.00238976	0.003	0.01	391.735	177.309	10	597	
5	5.25	1	20	2	3	76	26502	76	26502	0.0121184	0.00361835	0.003	0.017	348.711	77.7913	149	490	
5.25	5.5	4	1	3	3	101	26552	103	27159	0.00408738	0.0030618	0.003	0.017	263.68	128.298	39	485	
5.25	5.5	4	2	1	3	77	26504	79	27369	0.0107975	0.00461986	0.003	0.017	346.443	137.419	90	485	
5.25	5.5	4	3	2	3	50	26450	50	26450	0.003	0	0.003	0.003	529	126.62	219	839	
5.25	5.5	4	4	5	3	90	26530	90	26088	0.00688889	0.00525837	0.003	0.017	289.867	123.865	7	490	
5.25	5.5	4	5	4	3	75	26500	75	26500	0.0121467	0.0032495	0.01	0.017	353.333	87.3044	225	610	
5.25	5.5	2	6	5	3	95	26540	95	26540	0.0044	0.00347759	0.003	0.017	279.368	62.0412	151	490	
5.25	5.5	2	7	1	3	116	26582	117	26739	0.00796581	0.00847708	0.003	0.024	228.538	183.365	75	753	
5.25	5.5	2	8	2	3	91	26532	92	26651	0.00459783	0.00295408	0.003	0.01	289.685	114.228	7	485	
5.25	5.5	2	9	4	3	81	26512	81	26512	0.003	0	0.003	0.003	327.309	78.1936	75	373	
5.25	5.5	2	10	3	3	123	26596	122	26387	0.00741803	0.00849972	0.003	0.024	216.287	140.899	75	631	
5.25	5.5	3	11	5	3	75	26500	75	26500	0.003	0	0.003	0.003	353.333	224.56	58	597	
5.25	5.5	3	12	1	3	50	26450	50	26450	0.003	0	0.003	0.003	529	20.2031	509	549	
5.25	5.5	3	13	3	3	50	26450	50	26450	0.0065	0.00353553	0.003	0.01	529	76.7716	453	605	
5.25	5.5	3	14	2	3	50	26450	50	26450	0.0065	0.00353553	0.003	0.01	529	76.7716	453	605	
5.25	5.5	3	15	4	3	100	26550	100	26550	0.00475	0.00304636	0.003	0.01	265.5	195.01	101	595	
5.25	5.5	1	16	4	3	75	26500	75	26292	0.0123333	0.00332205	0.01	0.017	350.56	78.8562	282	490	
5.25	5.5	1	17	3	3	78	26506	78	26151	0.0117051	0.00409659	0.003	0.017	335.269	78.4164	149	490	
5.25	5.5	1	18	5	3	75	26500	75	26348	0.0132667	0.00506	0.01	0.024	351.307	147.74	225	610	
5.25	5.5	1	19	1	3	66	26482	66	26482	0.00427273	0.00272055	0.003	0.01	401.242	188.908	10	597	
5.25	5.5	1	20	2	3	78	26506	78	26298	0.0117051	0.00409659	0.003	0.017	337.154	87.9197	163	490	
5.5	5.75	4	1	3	3	93	26536	92	26270	0.00566304	0.00450464	0.003	0.017	285.543	131.196	39	485	
5.5	5.75	4	2	1	3	76	26502	75	26090	0.01112	0.00415562	0.003	0.017	347.867	132.693	39	485	
5.5	5.75	4	3	2	3	49	26448	49	26448	0.003	0	0.003	0.003	539.755	217.288	219	1056	
5.5	5.75	4	4	5	3	87	26524	87	26966	0.00718391	0.00505902	0.003	0.017	309.954	114.431	7	490	
5.5	5.75	4	5	4	3	75	26500	75	26500	0.0120533	0.00320849	0.01	0.017	353.333	100.852	225	610	
5.5	5.75	2	6	5	3	98	26546	97	26056	0.00429897	0.00354778	0.003	0.017	268.619	65.853	16	490	
5.5	5.75	2	7	1	3	115	26580	114	26352	0.0082193	0.00862673	0.003	0.024	231.158	188.343	75	826	
5.5	5.75	2	8	2	3	91	26532	89	26036	0.00488764	0.00312409	0.003	0.01	292.539	111.495	31	453	
5.5	5.75	2	9	4	3	84	26518	84	26518	0.003	0	0.003	0.003	315.69	91.2893	75	373	
5.5	5.75	2	10	3	3	124	26598	125	26713	0.007256	0.00842893	0.003	0.024	213.704	140.997	75	579	
5.5	5.75	3	11	5	3	75	26500	75	26500	0.003	0	0.003	0.003	353.333	224.56	58	597	
5.5	5.75	3	12	1	3	50	26450	50	26450	0.003	0	0.003	0.003	529	20.2031	509	549	
5.5	5.75	3	13	3	3	50	26450	50	26450	0.0065	0.00353553	0.003	0.01	529	76.7716	453	605	
5.5	5.75	3	14	2	3	50	26450	50	26450	0.0065	0.00353553	0.003	0.01	529	76.7716	453	605	
5.5	5.75	3	15	4	3	100	26550	100	26550	0.00475	0.00304636	0.003	0.01	265.5	195.01	101	595	
5.5	5.75	1	16	4	3	75	26500	75	26708	0.0123333	0.00332205	0.01	0.017	356.107	77.6831	282	490	
5.5	5.75	1	17	3	3	79	26508	79	26716	0.0115063	0.00429333	0.003	0.017	338.177	85.1731	149	490	
5.5	5.75	1	18	5	3	75	26500	75	26652	0.01308	0.00477822	0.01	0.024	355.36	145.207	225	610	
5.5	5.75	1	19	1	3	66	26482	65	26328	0.00429231	0.00273703	0.003	0.01	405.046	163.794	10	597	
5.5	5.75	1	20	2	3	78	26506	78	26714	0.0117051	0.00409659	0.003	0.017	342.487	84.2437	163	490	
5.75	6	4	1	3	3	106	26562	105	26243	0.0046	0.00379169	0.003	0.017	249.933	131.735	39	485	
5.75	6	4	2	1	3	76	26502	75	25985	0.0112133	0.004048	0.003	0.017	346.467	144.569	75	485	
5.75	6	4	3	2	3	51	26452	51	26452	0.003	0	0.003	0.003	518.667	193.202	219	1056	
5.75	6	4	4	5	3	80	26510	79	25857	0.0106203	0.00478058	0.003	0.017	327.304	139.412	7	490	
5.75	6	4	5	4	3	75	26500	75	26500	0.01224	0.00328732	0.01	0.017	353.333	95.1727	225	610	
5.75	6	2	6	5	3	93	26536	93	26875	0.00616129	0.00500498	0.003	0.017	288.978	81.3559	16	490	
5.75	6	2	7	1	3	107	26564	107	26468	0.00901869	0.00857044	0.003	0.024	247.364	193.261	75	826	
5.75	6	2	8	2	3	88	26526	89	26959	0.0055955	0.00340026	0.003	0.01	302.91	104.2	7	485	
5.75	6	2	9	4	3	86	26522	86	26522	0.003	0	0.003	0.003	308.395	97.2019	75	373	
5.75	6	2	10	3	3	123	26596	123	26690	0.00726829	0.00829386	0.003	0.024	216.992	148.239	75	631	
5.75	6	3	11	5	3	75	26500	75	26500	0.003	0	0.003	0.003	353.333	224.56	58	597	
5.75	6	3	12	1	3	50	26450	50	26450	0.003	0	0.003	0.003	529	20.2031	509	549	
5.75	6	3	13	3	3	50	26450	50	26450	0.0065	0.00353553	0.003	0.01	529	76.7716	453	605	
5.75	6	3	14	2	3	50	26450	50	26450	0.0065	0.00353553	0.003	0.01	529	76.7716	453	605	
5.75	6	3	15	4	3	100	26550	100	26550	0.00475	0.00304636	0.003	0.01	265.5	195.01	101	595	
5.75	6	1	16	4	3	75	26500	75	26292	0.0123333	0.00332205	0.01	0.017	350.56	82.3777	282	490	
5.75	6	1	17	3	3	78	26506	78	26521	0.0117051	0.00409659	0.003	0.017	340.013	86.8038	149	490	
5.75	6	1	18	5	3	75	26500	75	26348	0.0129867	0.00462804	0.01	0.024	351.307	151.976	225	610	
5.75	6	1	19	1	3	67	26484	67	26628	0.00592537	0.00347856	0.003	0.01	397.433	179.002	10	597	
5.75	6	1	20	2	3	75	26500	75	26292	0.0123333	0.00332205	0.01	0.017	350.56	82.3777	282	490	
6	6.25	4	1	3	3	89	26528	89	26437	0.00606741	0.00471409	0.003	0.017	297.045	135.346	39	669	
6	6.25	4	2	1	3	77	26504	79	27410	0.0106203	0.00451011	0.003	0.017	346.962	136.564	34	573	
6	6.25	4	3	2	3	49	26448	49	26448	0.003	0	0.003	0.003	539.755	204.83	219	1056	
6	6.25	4	4	5	3	89	26528	91	27199	0.00669231	0.00504137	0.003	0.017	298.89	115.234	73	490	
6	6.25	4	5	4	3	77	26504	77	26504	0.0118182	0.00383449	0.003	0.017	344.208	104.406	101	610	
6	6.25	2	6	5	3	103	26556	103	26691	0.00429126	0.0037642	0.003	0.017	259.136	70.3211	16	490	
6	6.25	2	7	1	3	111	26572	110	25244	0.00828182	0.00843772	0.003	0.024	229.491	192.62	75	826	
6	6.25	2	8	2	3	92	26534	93	26592	0.00503226	0.0031946	0.003	0.01	285.935	113.341	39	453	
6	6.25	2	9	4	3	85	26520	85	26520	0.003	0	0.003	0.003	312	96.1231	75	373	
6	6.25	2	10	3	3	125	26600	124	25948	0.00706452	0.00833032	0.003	0.024	209.258	141.567	75	558	
6	6.25	3	11	5	3	75	26500	75	26500	0.003	0	0.003	0.003	353.333	224.56	58	597	
6	6.25	3	12	1	3	50	26450	50	26450	0.003	0	0.003	0.003	529	20.2031	509	549	
6	6.25	3	13	3	3	50	26450	50	26450	0.0065	0.00353553	0.003	0.01	529	76.7716	453	605	
6	6.25	3	14	2	3	50	26450	50	26450	0.0065	0.00353553	0.003	0.01	529	76.7716	453	605	
6	6.25	3	15	4	3	100	26550	100	26550	0.00475	0.00304636	0.003	0.01	265.5	195.01	101	595	
6	6.25	1	16	4	3	76	26502	76	26606	0.0121184	0.00361835	0.003	0.017	350.079	79.9256	163	490	
6	6.25	1	17	3	3	79	26508	79	26389	0.0115063	0.00429333	0.003	0.017	334.038	90.7713	149	490	
6	6.25	1	18	5	3	75	26500	75	26576	0.0138267	0.00578762	0.01	0.024	354.347	146.956	225	610	
6	6.25	1	19	1	3	68	26486	69	26496	0.00401449	0.00248225	0.003	0.01	384	193.467	10	597	
6	6.25	1	20	2	3	77	26504	77	26755	0.0119091	0.0038736	0.003	0.017	347.468	80.342	149	490	
6.25	6.5	4	1	3	3	101	26552	102	27153	0.00416667	0.00327935	0.003	0.017	266.206	129.077	75	453	
6.25	6.5	4	2	1	3	78	26506	76	25488	0.0109211	0.00447739	0.003	0.017	335.368	143.637	7	485	
6.25	6.5	4	3	2	3	50	26450	50	26450	0.003	0	0.003	0.003	529	157.315	219	1056	
6.25	6.5	4	4	5	3	93	26536	93	26525	0.00593548	0.00476584	0.003	0.017	285.215	116.088	7	453	
6.25	6.5	4	5	4	3	75	26500	75	26424	0.0120533	0.00320849	0.01	0.017	352.32	80.7952	225	534	
6.25	6.5	2	6	5	3	101	26552	102	26568	0.00368627	0.00287351	0.003	0.017	260.471	59.9934	16	490	
6.25	6.5	2	7	1	3	112	26574	112	26744	0.0085	0.00863369	0.003	0.024	238.786	196.342	117	826	
6.25	6.5	2	8	2	3	92	26534	93	26912	0.00458064	0.00294265	0.003	0.01	289.376	115.2	7	485	
6.25	6.5	2	9	4	3	81	26512	81	26512	0.003	0	0.003	0.003	327.309	79.1583	75	373	
6.25	6.5	2	10	3	3	125	26600	125	26694	0.0072	0.0084338	0.003	0.024	213.552	137.752	75	558	
6.25	6.5	3	11	5	3	75	26500	75	26500	0.003	0	0.003	0.003	353.333	224.56	58	597	
6.25	6.5	3	12	1	3	50	26450	50	26450	0.003	0	0.003	0.003	529	20.2031	509	549	
6.25	6.5	3	13	3	3	50	26450	50	26450	0.0065	0.00353553	0.003	0.01	529	76.7716	453	605	
6.25	6.5	3	14	2	3	50	26450	50	26450	0.0065	0.00353553	0.003	0.01	529	76.7716	453	605	
6.25	6.5	3	15	4	3	100	26550	100	26550	0.00475	0.00304636	0.003	0.01	265.5	195.01	101	595	
6.25	6.5	1	16	4	3	76	26502	76	26398	0.0121184	0.00361835	0.003	0.017	347.342	78.4621	163	490	
6.25	6.5	1	17	3	3	83	26516	83	26559	0.010759	0.00489048	0.003	0.017	319.988	90.1755	149	490	
6.25	6.5	1	18	5	3	75	26500	75	26424	0.01336	0.00519261	0.01	0.024	352.32	149.297	225	610	
6.25	6.5	1	19	1	3	67	26484	67	26484	0.00362686	0.00201386	0.003	0.01	395.284	193.76	10	597	
6.25	6.5	1	20	2	3	78	26506	78	26255	0.0117051	0.00409659	0.003	0.017	336.603	81.9142	163	490	
6.5	6.75	4	1	3	3	93	26536	93	26388	0.00510753	0.00422843	0.003	0.017	283.742	128.173	39	485	
6.5	6.75	4	2	1	3	78	26506	79	27071	0.00893671	0.0050239	0.003	0.017	342.671	129.192	39	485	
6.5	6.75	4	3	2	3	50	26450	50	26450	0.003	0	0.003	0.003	529	208.268	219	839	
6.5	6.75	4	4	5	3	93	26536	94	26922	0.00597872	0.00486811	0.003	0.017	286.404	114.414	59	490	
6.5	6.75	4	5	4	3	75	26500	75	26576	0.01196	0.00316416	0.01	0.017	354.347	95.0124	225	610	
6.5	6.75	2	6	5	3	102	26554	102	26554	0.00368627	0.00287351	0.003	0.017	260.333	60.1327	16	490	
6.5	6.75	2	7	1	3	114	26578	112	25077	0.0079375	0.00833238	0.003	0.024	223.902	183.355	117	826	
6.5	6.75	2	8	2	3	94	26538	94	26538	0.00411702	0.00257722	0.003	0.01	282.319	109.476	7	453	
6.5	6.75	2	9	4	3	80	26510	80	26510	0.003	0	0.003	0.003	331.375	75.5661	75	373	
6.5	6.75	2	10	3	3	123	26596	123	26596	0.00738211	0.00847418	0.003	0.024	216.228	142.073	75	631	
6.5	6.75	3	11	5	3	75	26500	75	26500	0.003	0	0.003	0.003	353.333	224.56	58	597	
6.5	6.75	3	12	1	3	50	26450	50	26450	0.003	0	0.003	0.003	529	20.2031	509	549	
6.5	6.75	3	13	3	3	50	26450	50	26450	0.0065	0.00353553	0.003	0.01	529	76.7716	453	605	
6.5	6.75	3	14	2	3	50	26450	50	26450	0.0065	0.00353553	0.003	0.01	529	76.7716	453	605	
6.5	6.75	3	15	4	3	100	26550	100	26550	0.00475	0.00304636	0.003	0.01	265.5	195.01	101	595	
6.5	6.75	1	16	4	3	75	26500	75	26604	0.0123333	0.00332205	0.01	0.017	354.72	78.0695	282	490	
6.5	6.75	1	17	3	3	80	26510	80	26690	0.0113125	0.00446815	0.003	0.017	333.625	84.7639	149	490	
6.5	6.75	1	18	5	3	75	26500	75	26576	0.0132667	0.00506	0.01	0.024	354.347	144.205	225	610	
6.5	6.75	1	19	1	3	66	26482	66	26482	0.00384848	0.00230212	0.003	0.01	401.242	174.963	10	597	
6.5	6.75	1	20	2	3	76	26502	76	26829	0.0121184	0.00361835	0.003	0.017	353.013	78.962	225	490	
6.75	7	4	1	3	3	90	26530	91	26753	0.00430769	0.00311517	0.003	0.017	293.989	125.642	40	453	
6.75	7	4	2	1	3	76	26502	77	26488	0.00909091	0.00499521	0.003	0.017	344	122.492	75	453	
6.75	7	4	3	2	3	50	26450	50	26450	0.003	0	0.003	0.003	529	198.669	219	839	
6.75	7	4	4	5	3	94	26538	91	25644	0.00469231	0.00381136	0.003	0.017	281.802	104.651	149	453	
6.75	7	4	5	4	3	76	26502	76	26502	0.0113816	0.00323715	0.003	0.017	348.711	82.4742	157	534	
6.75	7	2	6	5	3	101	26552	101	26552	0.00313861	0.00139305	0.003	0.017	262.891	42.1274	16	285	
6.75	7	2	7	1	3	122	26594	120	26324	0.00749167	0.00845452	0.003	0.024	219.367	177.044	117	711	
6.75	7	2	8	2	3	97	26544	95	26108	0.00336842	0.00157137	0.003	0.01	274.821	112.669	7	434	
6.75	7	2	9	4	3	76	26502	76	26502	0.003	0	0.003	0.003	348.711	43.9596	75	373	
6.75	7	2	10	3	3	125	26600	125	26600	0.007144	0.00834412	0.003	0.024	212.8	131.723	75	518	
6.75	7	3	11	5	3	75	26500	75	26500	0.003	0	0.003	0.003	353.333	224.56	58	597	
6.75	7	3	12	1	3	50	26450	50	26450	0.003	0	0.003	0.003	529	20.2031	509	549	
6.75	7	3	13	3	3	50	26450	50	26450	0.0065	0.00353553	0.003	0.01	529	76.7716	453	605	
6.75	7	3	14	2	3	50	26450	50	26450	0.0065	0.00353553	0.003	0.01	529	76.7716	453	605	
6.75	7	3	15	4	3	100	26550	100	26550	0.00475	0.00304636	0.003	0.01	265.5	195.01	101	595	
6.75	7	1	16	4	3	76	26502	76	26398	0.0121184	0.00361835	0.003	0.017	347.342	76.3846	225	490	
6.75	7	1	17	3	3	82	26514	82	26187	0.010939	0.00476445	0.003	0.017	319.354	88.4491	149	490	
6.75	7	1	18	5	3	75	26500	75	26424	0.0132667	0.00506	0.01	0.024	352.32	148.213	225	610	
6.75	7	1	19	1	3	67	26484	67	26484	0.00352239	0.0018534	0.003	0.01	395.284	190.483	10	597	
6.75	7	1	20	2	3	77	26504	77	26177	0.0119091	0.0038736	0.003	0.017	339.961	82.1858	163	490	
7	7.25	4	1	3	3	94	26538	92	25819	0.00520652	0.00414182	0.003	0.017	280.641	129.097	75	485	
7	7.25	4	2	1	3	75	26500	74	26215	0.0102838	0.00455265	0.003	0.017	354.257	128.538	90	485	
7	7.25	4	3	2	3	49	26448	49	26448	0.003	0	0.003	0.003	539.755	161.262	219	1056	
7	7.25	4	4	5	3	92	26534	94	26938	0.00620213	0.00488707	0.003	0.017	286.574	115.66	59	490	
7	7.25	4	5	4	3	77	26504	78	26962	0.0116154	0.00372855	0.003	0.017	345.667	89.5777	101	610	
7	7.25	2	6	5	3	99	26548	99	26548	0.00434343	0.00369821	0.003	0.017	268.162	65.4934	16	490	
7	7.25	2	7	1	3	115	26580	117	26946	0.00802564	0.00846643	0.003	0.024	230.308	190.623	75	826	
7	7.25	2	8	2	3	93	26536	94	26706	0.00448936	0.00288021	0.003	0.01	284.106	113.977	7	485	
7	7.25	2	9	4	3	82	26514	82	26514	0.003	0	0.003	0.003	323.341	84.7629	75	373	
7	7.25	2	10	3	3	125	26600	125	26600	0.0072	0.0084338	0.003	0.024	212.8	140.13	75	558	
7	7.25	3	11	5	3	75	26500	75	26500	0.003	0	0.003	0.003	353.333	224.56	58	597	
7	7.25	3	12	1	3	50	26450	50	26450	0.003	0	0.003	0.003	529	20.2031	509	549	
7	7.25	3	13	3	3	50	26450	50	26450	0.0065	0.00353553	0.003	0.01	529	76.7716	453	605	
7	7.25	3	14	2	3	50	26450	50	26450	0.0065	0.00353553	0.003	0.01	529	76.7716	453	605	
7	7.25	3	15	4	3	100	26550	100	26550	0.00475	0.00304636	0.003	0.01	265.5	195.01	101	595	
7	7.25	1	16	4	3	75	26500	75	26708	0.0123333	0.00332205	0.01	0.017	356.107	77.7916	282	490	
7	7.25	1	17	3	3	79	26508	79	26716	0.0115063	0.00429333	0.003	0.017	338.177	84.0799	149	490	
7	7.25	1	18	5	3	75	26500	75	26652	0.01308	0.00477822	0.01	0.024	355.36	141.872	225	610	
7	7.25	1	19	1	3	64	26478	63	26324	0.00388889	0.00234941	0.003	0.01	417.841	152.128	10	597	
7	7.25	1	20	2	3	75	26500	75	26708	0.0123333	0.00332205	0.01	0.017	356.107	77.7916	282	490	
7.25	7.5	4	1	3	3	96	26542	96	26864	0.00489583	0.00386476	0.003	0.017	279.833	127.928	39	485	
7.25	7.5	4	2	1	3	78	26506	77	26240	0.0100909	0.00461172	0.003	0.017	340.779	135.488	39	485	
7.25	7.5	4	3	2	3	50	26450	50	26450	0.003	0	0.003	0.003	529	188.582	219	839	
7.25	7.5	4	4	5	3	94	26538	93	26400	0.00555914	0.00459078	0.003	0.017	283.871	113.916	59	490	
7.25	7.5	4	5	4	3	75	26500	74	25966	0.0119865	0.00317737	0.01	0.017	350.892	96.8099	225	610	
7.25	7.5	2	6	5	3	100	26550	100	26550	0.00335	0.00182782	0.003	0.017	265.5	49.2125	16	490	
7.25	7.5	2	7	1	3	118	26586	118	26490	0.00780508	0.00847244	0.003	0.024	224.492	179.366	117	711	
7.25	7.5	2	8	2	3	94	26538	95	26804	0.00395789	0.00241853	0.003	0.01	282.147	111.681	7	453	
7.25	7.5	2	9	4	3	79	26508	79	26508	0.003	0	0.003	0.003	335.544	68.4163	75	373	
7.25	7.5	2	10	3	3	124	26598	124	26598	0.00729032	0.00845435	0.003	0.024	214.5	134.733	75	579	
7.25	7.5	3	11	5	3	75	26500	75	26500	0.003	0	0.003	0.003	353.333	224.56	58	597	
7.25	7.5	3	12	1	3	50	26450	50	26450	0.003	0	0.003	0.003	529	20.2031	509	549	
7.25	7.5	3	13	3	3	50	26450	50	26450	0.0065	0.00353553	0.003	0.01	529	76.7716	453	605	
7.25	7.5	3	14	2	3	50	26450	50	26450	0.0065	0.00353553	0.003	0.01	529	76.7716	453	605	
7.25	7.5	3	15	4	3	100	26550	100	26550	0.00475	0.00304636	0.003	0.01	265.5	195.01	101	595	
7.25	7.5	1	16	4	3	77	26504	77	26519	0.0119091	0.0038736	0.003	0.017	344.403	81.1964	163	490	
7.25	7.5	1	17	3	3	81	26512	81	26451	0.0111235	0.00462435	0.003	0.017	326.556	87.0405	149	490	
7.25	7.5	1	18	5	3	75	26500	75	26348	0.01336	0.00519261	0.01	0.024	351.307	147.211	225	610	
7.25	7.5	1	19	1	3	68	26486	69	26640	0.00360869	0.00198685	0.003	0.01	386.087	200.079	10	597	
7.25	7.5	1	20	2	3	76	26502	76	26294	0.0121184	0.00361835	0.003	0.017	345.974	80.5491	163	490	
7.5	7.75	4	1	3	3	99	26548	101	26945	0.00466337	0.00372365	0.003	0.017	266.782	132.081	7	485	
7.5	7.75	4	2	1	3	76	26502	77	27067	0.0101818	0.00453851	0.003	0.017	351.519	133.14	7	485	
7.5	7.75	4	3	2	3	50	26450	50	26450	0.003	0	0.003	0.003	529	208.268	219	839	
7.5	7.75	4	4	5	3	85	26520	85	26712	0.00802353	0.00524853	0.003	0.017	314.259	120.705	7	490	
7.5	7.75	4	5	4	3	75	26500	75	26576	0.01196	0.00316416	0.01	0.017	354.347	101.473	225	610	
7.5	7.75	2	6	5	3	99	26548	98	26249	0.00421428	0.00348561	0.003	0.017	267.847	58.8043	16	389	
7.5	7.75	2	7	1	3	113	26576	112	25654	0.00825	0.00853451	0.003	0.024	229.054	179.076	75	826	
7.5	7.75	2	8	2	3	92	26534	89	25474	0.00480899	0.00308175	0.003	0.01	286.225	117.803	7	485	
7.5	7.75	2	9	4	3	85	26520	85	26520	0.003	0	0.003	0.003	312	93.3525	75	485	
7.5	7.75	2	10	3	3	122	26594	122	26500	0.00747541	0.00849328	0.003	0.024	217.213	143.088	75	631	
7.5	7.75	3	11	5	3	75	26500	75	26500	0.003	0	0.003	0.003	353.333	224.56	58	597	
7.5	7.75	3	12	1	3	50	26450	50	26450	0.003	0	0.003	0.003	529	20.2031	509	549	
7.5	7.75	3	13	3	3	50	26450	50	26450	0.0065	0.00353553	0.003	0.01	529	76.7716	453	605	
7.5	7.75	3	14	2	3	50	26450	50	26450	0.0065	0.00353553	0.003	0.01	529	76.7716	453	605	
7.5	7.75	3	15	4	3	100	26550	100	26550	0.00475	0.00304636	0.003	0.01	265.5	195.01	101	595	
7.5	7.75	1	16	4	3	75	26500	75	26277	0.0123333	0.00332205	0.01	0.017	350.36	81.1393	163	490	
7.5	7.75	1	17	3	3	78	26506	80	27238	0.0114	0.00437079	0.003	0.017	340.475	84.0458	163	490	
7.5	7.75	1	18	5	3	75	26500	75	26500	0.0131733	0.00492202	0.01	0.024	353.333	149.724	225	610	
7.5	7.75	1	19	1	3	66	26482	66	26482	0.00480303	0.00308455	0.003	0.01	401.242	187.328	10	597	
7.5	7.75	1	20	2	3	76	26502	76	26502	0.0121184	0.00361835	0.003	0.017	348.711	81.8693	163	490	
7.75	8	4	1	3	3	102	26554	101	26288	0.00410891	0.00292541	0.003	0.017	260.277	131.345	7	485	
7.75	8	4	2	1	3	77	26504	77	26568	0.0107273	0.00448282	0.003	0.017	345.039	138.591	75	485	
7.75	8	4	3	2	3	49	26448	49	26448	0.003	0	0.003	0.003	539.755	156.994	219	1056	
7.75	8	4	4	5	3	88	26526	88	26422	0.00705682	0.00516922	0.003	0.017	300.25	119.909	7	490	
7.75	8	4	5	4	3	75	26500	75	26500	0.0121467	0.0032495	0.01	0.017	353.333	84.519	225	610	
7.75	8	2	6	5	3	98	26546	99	26845	0.00448485	0.00377793	0.003	0.017	271.162	68.9282	16	490	
7.75	8	2	7	1	3	113	26576	112	26701	0.008375	0.00855941	0.003	0.024	238.402	193.343	75	826	
7.75	8	2	8	2	3	88	26526	90	27523	0.0051	0.00322577	0.003	0.01	305.811	107.041	7	485	
7.75	8	2	9	4	3	83	26516	83	26516	0.003	0	0.003	0.003	319.47	88.2103	75	373	
7.75	8	2	10	3	3	124	26598	124	26692	0.00729032	0.00845435	0.003	0.024	215.258	144.043	75	579	
7.75	8	3	11	5	3	75	26500	75	26500	0.003	0	0.003	0.003	353.333	224.56	58	597	
7.75	8	3	12	1	3	50	26450	50	26450	0.003	0	0.003	0.003	529	20.2031	509	549	
7.75	8	3	13	3	3	50	26450	50	26450	0.0065	0.00353553	0.003	0.01	529	76.7716	453	605	
7.75	8	3	14	2	3	50	26450	50	26450	0.0065	0.00353553	0.003	0.01	529	76.7716	453	605	
7.75	8	3	15	4	3	100	26550	100	26550	0.00475	0.00304636	0.003	0.01	265.5	195.01	101	595	
7.75	8	1	16	4	3	75	26500	75	26708	0.0123333	0.00332205	0.01	0.017	356.107	77.6831	282	490	
7.75	8	1	17	3	3	79	26508	77	25837	0.0115455	0.0041913	0.003	0.017	335.545	85.2588	149	490	
7.75	8	1	18	5	3	75	26500	75	26652	0.01308	0.00477822	0.01	0.024	355.36	145.207	225	610	
7.75	8	1	19	1	3	66	26482	65	26328	0.00418461	0.00264512	0.003	0.01	405.046	167.711	10	597	
7.75	8	1	20	2	3	76	26502	76	26710	0.0121184	0.00361835	0.003	0.017	351.447	81.5272	163	490	
8	8.25	4	1	3	3	95	26540	93	25936	0.00533333	0.00417116	0.003	0.017	278.882	127.72	39	485	
8	8.25	4	2	1	3	75	26500	76	26422	0.0110132	0.00423161	0.003	0.017	347.658	126.246	90	485	
8	8.25	4	3	2	3	48	26446	48	26446	0.003	0	0.003	0.003	550.958	246.141	219	1056	
8	8.25	4	4	5	3	87	26524	86	25962	0.00698837	0.00509785	0.003	0.017	301.884	111.961	73	533	
8	8.25	4	5	4	3	75	26500	75	26348	0.01196	0.00316416	0.01	0.017	351.307	105.701	225	610	
8	8.25	2	6	5	3	98	26546	97	26530	0.00429897	0.00354778	0.003	0.017	273.505	60.9966	16	490	
8	8.25	2	7	1	3	115	26580	114	25898	0.00797368	0.00841875	0.003	0.024	227.175	181.749	75	826	
8	8.25	2	8	2	3	93	26536	94	26599	0.00411702	0.00257722	0.003	0.01	282.968	108.987	7	453	
8	8.25	2	9	4	3	82	26514	82	26514	0.003	0	0.003	0.003	323.341	83.1394	75	373	
8	8.25	2	10	3	3	123	26596	123	26481	0.0073252	0.0083847	0.003	0.024	215.293	136.968	75	579	
8	8.25	3	11	5	3	75	26500	75	26500	0.003	0	0.003	0.003	353.333	224.56	58	597	
8	8.25	3	12	1	3	50	26450	50	26450	0.003	0	0.003	0.003	529	20.2031	509	549	
8	8.25	3	13	3	3	50	26450	50	26450	0.0065	0.00353553	0.003	0.01	529	76.7716	453	605	
8	8.25	3	14	2	3	50	26450	50	26450	0.0065	0.00353553	0.003	0.01	529	76.7716	453	605	
8	8.25	3	15	4	3	100	26550	100	26550	0.00475	0.00304636	0.003	0.01	265.5	195.01	101	595	
8	8.25	1	16	4	3	79	26508	79	26300	0.0115063	0.00429333	0.003	0.017	332.911	85.2529	163	490	
8	8.25	1	17	3	3	78	26506	78	26521	0.0117051	0.00409659	0.003	0.017	340.013	78.1922	149	490	
8	8.25	1	18	5	3	75	26500	75	26348	0.0129867	0.00462804	0.01	0.024	351.307	145.576	225	610	
8	8.25	1	19	1	3	67	26484	67	26628	0.00425373	0.00270434	0.003	0.01	397.433	178.101	10	597	
8	8.25	1	20	2	3	76	26502	77	26683	0.012	0.00374166	0.003	0.017	346.532	80.2187	163	490	
8.25	8.5	4	1	3	3	101	26552	104	27422	0.00468269	0.00396162	0.003	0.017	263.673	133.586	7	485	
8.25	8.5	4	2	1	3	76	26502	75	26348	0.0103733	0.0045878	0.003	0.017	351.307	126.452	75	485	
8.25	8.5	4	3	2	3	51	26452	51	26452	0.003	0	0.003	0.003	518.667	162.055	219	839	
8.25	8.5	4	4	5	3	95	26540	95	26672	0.00609474	0.00497242	0.003	0.017	280.758	119.394	59	490	
8.25	8.5	4	5	4	3	75	26500	75	26652	0.01196	0.00316416	0.01	0.017	355.36	94.0143	225	610	
8.25	8.5	2	6	5	3	101	26552	100	26211	0.00356	0.00257148	0.003	0.017	262.11	56.1391	16	490	
8.25	8.5	2	7	1	3	114	26578	114	26453	0.00809649	0.00854967	0.003	0.024	232.044	187.811	117	711	
8.25	8.5	2	8	2	3	94	26538	94	26538	0.00404255	0.00250554	0.003	0.01	282.319	121.369	7	453	
8.25	8.5	2	9	4	3	79	26508	79	26508	0.003	0	0.003	0.003	335.544	69.443	75	373	
8.25	8.5	2	10	3	3	125	26600	124	26103	0.00700806	0.00823782	0.003	0.024	210.508	133.095	75	631	
8.25	8.5	3	11	5	3	75	26500	75	26500	0.003	0	0.003	0.003	353.333	224.56	58	597	
8.25	8.5	3	12	1	3	50	26450	50	26450	0.003	0	0.003	0.003	529	20.2031	509	549	
8.25	8.5	3	13	3	3	50	26450	50	26450	0.0065	0.00353553	0.003	0.01	529	76.7716	453	605	
8.25	8.5	3	14	2	3	50	26450	50	26450	0.0065	0.00353553	0.003	0.01	529	76.7716	453	605	
8.25	8.5	3	15	4	3	100	26550	100	26550	0.00475	0.00304636	0.003	0.01	265.5	195.01	101	595	
8.25	8.5	1	16	4	3	78	26506	78	26506	0.0117051	0.00409659	0.003	0.017	339.821	82.4247	149	490	
8.25	8.5	1	17	3	3	85	26520	85	26297	0.0102471	0.00511744	0.003	0.017	309.376	96.3412	73	490	
8.25	8.5	1	18	5	3	75	26500	75	26500	0.0134533	0.00532027	0.01	0.024	353.333	150.279	225	610	
8.25	8.5	1	19	1	3	69	26488	70	26498	0.0036	0.00197374	0.003	0.01	378.543	192.461	10	597	
8.25	8.5	1	20	2	3	77	26504	76	26115	0.0120263	0.00375934	0.003	0.017	343.618	79.7742	149	490	
8.5	8.75	4	1	3	3	90	26530	88	25923	0.00522727	0.00404778	0.003	0.017	294.58	126.757	39	485	
8.5	8.75	4	2	1	3	77	26504	78	26566	0.010359	0.00477269	0.003	0.017	340.59	130.125	75	485	
8.5	8.75	4	3	2	3	51	26452	51	26452	0.003	0	0.003	0.003	518.667	184.167	219	839	
8.5	8.75	4	4	5	3	95	26540	98	27510	0.00507143	0.00428916	0.003	0.017	280.714	113.536	7	490	
8.5	8.75	4	5	4	3	75	26500	76	26958	0.0118421	0.00310291	0.01	0.017	354.711	90.2042	225	610	
8.5	8.75	2	6	5	3	100	26550	102	26907	0.0037549	0.00293978	0.003	0.017	263.794	58.4685	16	490	
8.5	8.75	2	7	1	3	119	26588	119	26643	0.0077647	0.0085457	0.003	0.024	223.891	181.466	117	826	
8.5	8.75	2	8	2	3	95	26540	95	26540	0.00366316	0.00206083	0.003	0.01	279.368	109.515	7	434	
8.5	8.75	2	9	4	3	77	26504	77	26504	0.003	0	0.003	0.003	344.208	54.8547	75	373	
8.5	8.75	2	10	3	3	123	26596	122	26132	0.0072459	0.00837283	0.003	0.024	214.197	136.884	75	579	
8.5	8.75	3	11	5	3	75	26500	75	26500	0.003	0	0.003	0.003	353.333	224.56	58	597	
8.5	8.75	3	12	1	3	50	26450	50	26450	0.003	0	0.003	0.003	529	20.2031	509	549	
8.5	8.75	3	13	3	3	50	26450	50	26450	0.0065	0.00353553	0.003	0.01	529	76.7716	453	605	
8.5	8.75	3	14	2	3	50	26450	50	26450	0.0065	0.00353553	0.003	0.01	529	76.7716	453	605	
8.5	8.75	3	15	4	3	100	26550	100	26550	0.00475	0.00304636	0.003	0.01	265.5	195.01	101	595	
8.5	8.75	1	16	4	3	75	26500	75	26708	0.0123333	0.00332205	0.01	0.017	356.107	75.6669	282	490	
8.5	8.75	1	17	3	3	81	26512	81	26720	0.0111235	0.00462435	0.003	0.017	329.877	91.1919	149	490	
8.5	8.75	1	18	5	3	75	26500	75	26652	0.0132667	0.00506	0.01	0.024	355.36	147.939	225	610	
8.5	8.75	1	19	1	3	69	26488	68	26334	0.0035147	0.00184061	0.003	0.01	387.265	199.405	10	597	
8.5	8.75	1	20	2	3	78	26506	78	26714	0.0117051	0.00409659	0.003	0.017	342.487	86.0363	163	490	
8.75	9	4	1	3	3	100	26550	102	27157	0.00409804	0.003075	0.003	0.017	266.245	128.667	39	485	
8.75	9	4	2	1	3	76	26502	76	26893	0.01	0.0047131	0.003	0.017	353.855	128.287	39	485	
8.75	9	4	3	2	3	50	26450	50	26450	0.003	0	0.003	0.003	529	188.582	219	839	
8.75	9	4	4	5	3	91	26532	89	25844	0.00630337	0.00495985	0.003	0.017	290.382	110.901	135	490	
8.75	9	4	5	4	3	75	26500	74	26042	0.0118919	0.00312992	0.01	0.017	351.919	90.6519	225	610	
8.75	9	2	6	5	3	100	26550	100	26550	0.00363	0.00245631	0.003	0.017	265.5	58.2477	16	490	
8.75	9	2	7	1	3	116	26582	112	25465	0.007875	0.00844817	0.003	0.024	227.366	186.422	32	790	
8.75	9	2	8	2	3	92	26534	91	26527	0.00446154	0.00286088	0.003	0.01	291.505	109.007	7	453	
8.75	9	2	9	4	3	81	26512	81	26512	0.003	0	0.003	0.003	327.309	78.1936	75	373	
8.75	9	2	10	3	3	125	26600	125	26600	0.007144	0.00834412	0.003	0.024	212.8	136.846	75	558	
8.75	9	3	11	5	3	75	26500	75	26500	0.003	0	0.003	0.003	353.333	224.56	58	597	
8.75	9	3	12	1	3	50	26450	50	26450	0.003	0	0.003	0.003	529	20.2031	509	549	
8.75	9	3	13	3	3	50	26450	50	26450	0.0065	0.00353553	0.003	0.01	529	76.7716	453	605	
8.75	9	3	14	2	3	50	26450	50	26450	0.0065	0.00353553	0.003	0.01	529	76.7716	453	605	
8.75	9	3	15	4	3	100	26550	100	26550	0.00475	0.00304636	0.003	0.01	265.5	195.01	101	595	
8.75	9	1	16	4	3	76	26502	76	26294	0.0121184	0.00361835	0.003	0.017	345.974	78.971	149	490	
8.75	9	1	17	3	3	81	26512	81	26304	0.0111235	0.00462435	0.003	0.017	324.741	95.4814	16	490	
8.75	9	1	18	5	3	75	26500	75	26348	0.01336	0.00519261	0.01	0.024	351.307	145.039	225	610	
8.75	9	1	19	1	3	67	26484	68	26638	0.00402941	0.00249758	0.003	0.01	391.735	186.264	10	597	
8.75	9	1	20	2	3	77	26504	77	26296	0.0119091	0.0038736	0.003	0.017	341.506	81.9643	163	490	
9	9.25	4	1	3	3	92	26534	92	26534	0.00467391	0.0036498	0.003	0.017	288.413	123.945	40	485	
9	9.25	4	2	1	3	75	26500	74	26047	0.00933784	0.0048009	0.003	0.017	351.986	119.23	90	485	
9	9.25	4	3	2	3	50	26450	50	26450	0.003	0	0.003	0.003	529	174.146	219	839	
9	9.25	4	4	5	3	91	26532	90	26250	0.00587778	0.00468041	0.003	0.017	291.667	110.777	59	453	
9	9.25	4	5	4	3	75	26500	75	26500	0.0117733	0.00306494	0.01	0.017	353.333	83.5904	225	534	
9	9.25	2	6	5	3	102	26554	99	26046	0.00314141	0.00140705	0.003	0.017	263.091	42.6414	16	299	
9	9.25	2	7	1	3	116	26582	118	26797	0.00798305	0.00854149	0.003	0.024	227.093	179.649	117	826	
9	9.25	2	8	2	3	94	26538	93	26109	0.00405376	0.00251675	0.003	0.01	280.742	107.815	7	485	
9	9.25	2	9	4	3	79	26508	79	26508	0.003	0	0.003	0.003	335.544	67.2688	75	373	
9	9.25	2	10	3	3	122	26594	121	26036	0.00733884	0.00839301	0.003	0.024	215.174	139.133	75	579	
9	9.25	3	11	5	3	75	26500	75	26500	0.003	0	0.003	0.003	353.333	224.56	58	597	
9	9.25	3	12	1	3	50	26450	50	26450	0.003	0	0.003	0.003	529	20.2031	509	549	
9	9.25	3	13	3	3	50	26450	50	26450	0.0065	0.00353553	0.003	0.01	529	76.7716	453	605	
9	9.25	3	14	2	3	50	26450	50	26450	0.0065	0.00353553	0.003	0.01	529	76.7716	453	605	
9	9.25	3	15	4	3	100	26550	100	26550	0.00475	0.00304636	0.003	0.01	265.5	195.01	101	595	
9	9.25	1	16	4	3	75	26500	75	26500	0.0123333	0.00332205	0.01	0.017	353.333	76.4327	282	490	
9	9.25	1	17	3	3	81	26512	82	26901	0.0108537	0.00471698	0.003	0.017	328.061	90.9181	73	490	
9	9.25	1	18	5	3	75	26500	75	26500	0.0134533	0.00532027	0.01	0.024	353.333	145.959	225	610	
9	9.25	1	19	1	3	66	26482	66	26482	0.00384848	0.00230212	0.003	0.01	401.242	180.485	10	597	
9	9.25	1	20	2	3	76	26502	76	26502	0.0121184	0.00361835	0.003	0.017	348.711	77.7913	149	490	
9.25	9.5	4	1	3	3	95	26540	95	26540	0.00447368	0.00337021	0.003	0.017	279.368	128.052	40	485	
9.25	9.5	4	2	1	3	75	26500	76	26654	0.0104605	0.00462007	0.003	0.017	350.711	126.054	90	485	
9.25	9.5	4	3	2	3	52	26454	52	26454	0.003	0	0.003	0.003	508.731	219.114	219	1056	
9.25	9.5	4	4	5	3	90	26530	91	27175	0.00684615	0.00514009	0.003	0.017	298.626	120.832	7	490	
9.25	9.5	4	5	4	3	75	26500	75	26424	0.0118667	0.00311636	0.01	0.017	352.32	91.0229	225	610	
9.25	9.5	2	6	5	3	98	26546	101	27054	0.00410891	0.00339087	0.003	0.017	267.861	63.2242	16	490	
9.25	9.5	2	7	1	3	115	26580	113	25943	0.00795575	0.00855694	0.003	0.024	229.584	186.712	75	901	
9.25	9.5	2	8	2	3	92	26534	94	26970	0.00404255	0.00250554	0.003	0.01	286.915	110.721	7	434	
9.25	9.5	2	9	4	3	81	26512	81	26512	0.003	0	0.003	0.003	327.309	80.0253	75	373	
9.25	9.5	2	10	3	3	124	26598	124	26692	0.00723387	0.00836476	0.003	0.024	215.258	140.771	75	579	
9.25	9.5	3	11	5	3	75	26500	75	26500	0.003	0	0.003	0.003	353.333	224.56	58	597	
9.25	9.5	3	12	1	3	50	26450	50	26450	0.003	0	0.003	0.003	529	20.2031	509	549	
9.25	9.5	3	13	3	3	50	26450	50	26450	0.0065	0.00353553	0.003	0.01	529	76.7716	453	605	
9.25	9.5	3	14	2	3	50	26450	50	26450	0.0065	0.00353553	0.003	0.01	529	76.7716	453	605	
9.25	9.5	3	15	4	3	100	26550	100	26550	0.00475	0.00304636	0.003	0.01	265.5	195.01	101	595	
9.25	9.5	1	16	4	3	77	26504	77	26831	0.0119091	0.0038736	0.003	0.017	348.455	82.3629	163	490	
9.25	9.5	1	17	3	3	80	26510	79	26225	0.0114177	0.00439582	0.003	0.017	331.962	88.8181	149	490	
9.25	9.5	1	18	5	3	75	26500	75	26576	0.0131733	0.00492202	0.01	0.024	354.347	149.1	225	610	
9.25	9.5	1	19	1	3	69	26488	69	26488	0.00421739	0.00267268	0.003	0.01	383.884	187.538	10	597	
9.25	9.5	1	20	2	3	78	26506	78	26610	0.0117051	0.00409659	0.003	0.017	341.154	82.0022	149	490	
9.5	9.75	4	1	3	3	98	26546	98	26546	0.00464286	0.00359625	0.003	0.017	270.878	127.196	40	485	
9.5	9.75	4	2	1	3	78	26506	77	26352	0.0104545	0.00458988	0.003	0.017	342.234	134.127	75	485	
9.5	9.75	4	3	2	3	52	26454	52	26454	0.003	0	0.003	0.003	508.731	208.303	219	839	
9.5	9.75	4	4	5	3	88	26526	89	26569	0.00716854	0.00524672	0.003	0.017	298.528	123.686	7	490	
9.5	9.75	4	5	4	3	75	26500	75	26576	0.0120533	0.00320849	0.01	0.017	354.347	99.9227	225	610	
9.5	9.75	2	6	5	3	100	26550	99	26447	0.00384848	0.00287623	0.003	0.017	267.141	59.066	16	389	
9.5	9.75	2	7	1	3	114	26578	112	26078	0.0083125	0.00857298	0.003	0.024	232.839	184.205	117	826	
9.5	9.75	2	8	2	3	92	26534	91	26161	0.00415385	0.00261161	0.003	0.01	287.484	116.33	7	485	
9.5	9.75	2	9	4	3	81	26512	81	26512	0.003	0	0.003	0.003	327.309	79.1583	75	373	
9.5	9.75	2	10	3	3	122	26594	122	26594	0.00747541	0.00849328	0.003	0.024	217.984	144.467	75	673	
9.5	9.75	3	11	5	3	75	26500	75	26500	0.003	0	0.003	0.003	353.333	224.56	58	597	
9.5	9.75	3	12	1	3	50	26450	50	26450	0.003	0	0.003	0.003	529	20.2031	509	549	
9.5	9.75	3	13	3	3	50	26450	50	26450	0.0065	0.00353553	0.003	0.01	529	76.7716	453	605	
9.5	9.75	3	14	2	3	50	26450	50	26450	0.0065	0.00353553	0.003	0.01	529	76.7716	453	605	
9.5	9.75	3	15	4	3	100	26550	100	26550	0.00475	0.00304636	0.003	0.01	265.5	195.01	101	595	
9.5	9.75	1	16	4	3	75	26500	75	26277	0.0123333	0.00332205	0.01	0.017	350.36	79.4237	163	490	
9.5	9.75	1	17	3	3	82	26514	82	26661	0.010939	0.00476445	0.003	0.017	325.134	96.7284	16	490	
9.5	9.75	1	18	5	3	75	26500	75	26500	0.01336	0.00519261	0.01	0.024	353.333	145.959	225	610	
9.5	9.75	1	19	1	3	67	26484	67	26484	0.00425373	0.00270434	0.003	0.01	395.284	180.493	10	597	
9.5	9.75	1	20	2	3	75	26500	75	26500	0.0123333	0.00332205	0.01	0.017	353.333	76.4327	282	490	
9.75	10	4	1	3	3	98	26546	97	26280	0.0044433	0.00334156	0.003	0.017	270.928	126.572	7	485	
9.75	10	4	2	1	3	76	26502	75	26281	0.0114	0.00398646	0.003	0.017	350.413	144.423	39	485	
9.75	10	4	3	2	3	51	26452	51	26452	0.003	0	0.003	0.003	518.667	187.451	219	839	
9.75	10	4	4	5	3	88	26526	85	25594	0.0073647	0.00517744	0.003	0.017	301.106	126.297	73	453	
9.75	10	4	5	4	3	75	26500	75	26500	0.0121467	0.0032495	0.01	0.017	353.333	92.5741	225	610	
9.75	10	2	6	5	3	97	26544	97	26306	0.00401031	0.0031934	0.003	0.017	271.196	51.9394	103	453	
9.75	10	2	7	1	3	113	26576	112	25690	0.008	0.00842668	0.003	0.024	229.375	178.282	117	790	
9.75	10	2	8	2	3	89	26528	89	26528	0.00504494	0.00320124	0.003	0.01	298.067	118.505	39	485	
9.75	10	2	9	4	3	82	26514	82	26514	0.003	0	0.003	0.003	323.341	80.5583	75	373	
9.75	10	2	10	3	3	124	26598	124	26598	0.00729032	0.00845435	0.003	0.024	214.5	134.606	75	579	
9.75	10	3	11	5	3	75	26500	75	26500	0.003	0	0.003	0.003	353.333	224.56	58	597	
9.75	10	3	12	1	3	50	26450	50	26450	0.003	0	0.003	0.003	529	20.2031	509	549	
9.75	10	3	13	3	3	50	26450	50	26450	0.0065	0.00353553	0.003	0.01	529	76.7716	453	605	
9.75	10	3	14	2	3	50	26450	50	26450	0.0065	0.00353553	0.003	0.01	529	76.7716	453	605	
9.75	10	3	15	4	3	100	26550	100	26550	0.00475	0.00304636	0.003	0.01	265.5	195.01	101	595	
9.75	10	1	16	4	3	75	26500	75	26396	0.0123333	0.00332205	0.01	0.017	351.947	78.3331	282	490	
9.75	10	1	17	3	3	82	26514	82	26562	0.010939	0.00476445	0.003	0.017	323.927	88.761	149	490	
9.75	10	1	18	5	3	75	26500	75	26424	0.0137333	0.00567673	0.01	0.024	352.32	155.041	225	610	
9.75	10	1	19	1	3	69	26488	68	26334	0.00516176	0.0032581	0.003	0.01	387.265	208.834	10	597	
9.75	10	1	20	2	3	76	26502	76	26398	0.0121184	0.00361835	0.003	0.017	347.342	81.9036	163	490	
