% start	end	CellId	IMSI	RNTI	LCID	nTxPDUs	TxBytes	nRxPDUs	RxBytes	delay	stdDev	min	max	PduSize	stdDev	min	max
0.5	0.75	4	1	3	3	101	25500	92	21474	0.00885869	0.00580372	0.003	0.024	233.413	121.137	28	706	
0.5	0.75	4	2	1	3	101	25498	101	25498	0.00383168	0.00301685	0.003	0.017	252.455	135.021	16	839	
0.5	0.75	4	3	4	3	101	25498	101	25498	0.00445544	0.00361255	0.003	0.017	252.455	120.57	28	839	
0.5	0.75	4	4	2	3	113	25522	106	22056	0.00583962	0.00631874	0.003	0.024	208.075	96.7981	28	706	
0.5	0.75	4	5	5	3	118	25532	102	18341	0.00464706	0.00550004	0.003	0.024	179.814	91.2742	17	599	
0.5	0.75	2	6	3	3	81	25458	72	20276	0.00961111	0.00482819	0.003	0.017	281.611	210.949	28	746	
0.5	0.75	2	7	2	3	79	25454	77	24474	0.00627273	0.0058549	0.003	0.017	317.844	137.375	16	839	
0.5	0.75	2	8	5	3	84	25464	82	24244	0.00641463	0.00594824	0.003	0.017	295.659	173.456	28	839	
0.5	0.75	2	9	1	3	79	25454	77	24474	0.00627273	0.0058549	0.003	0.017	317.844	137.375	16	839	
0.5	0.75	2	10	4	3	77	25450	75	24694	0.00617333	0.00578762	0.003	0.017	329.253	122.19	28	839	
0.5	0.75	3	11	1	3	112	25520	102	20436	0.00608823	0.00642721	0.003	0.024	200.353	117.185	22	839	
0.5	0.75	3	12	3	3	113	25522	106	22056	0.00550943	0.00539532	0.003	0.024	208.075	95.1955	25	658	
0.5	0.75	3	13	2	3	121	25538	101	14411	0.0039703	0.00370798	0.003	0.024	142.683	80.058	28	552	
0.5	0.75	3	14	4	3	96	25488	96	25488	0.00423958	0.00336779	0.003	0.017	265.5	118.649	28	839	
0.5	0.75	3	15	5	3	113	25522	111	25194	0.00533333	0.00475076	0.003	0.017	226.973	117.205	28	839	
0.5	0.75	1	16	1	3	76	25448	75	24995	0.00468	0.00300971	0.003	0.01	333.267	135.008	4	839	
0.5	0.75	1	17	2	3	98	25492	95	24673	0.00638947	0.00509128	0.003	0.017	259.716	126.024	28	839	
0.5	0.75	1	18	4	3	104	25504	93	19493	0.00676344	0.00640889	0.003	0.024	209.602	128.108	5	839	
0.5	0.75	1	19	5	3	102	25500	95	22506	0.00823158	0.00539987	0.003	0.024	236.905	137.781	28	839	
0.5	0.75	1	20	3	3	104	25504	96	21638	0.00657292	0.0050778	0.003	0.024	225.396	103.809	28	631	
0.75	1	4	1	3	3	110	26570	110	26570	0.0093	0.00544286	0.003	0.024	241.545	96.5989	64	435	
0.75	1	4	2	1	3	109	26568	109	26568	0.003	0	0.003	0.003	243.743	91.5608	60	341	
0.75	1	4	3	4	3	116	26582	115	26297	0.003	0	0.003	0.003	228.67	84.4823	16	285	
0.75	1	4	4	2	3	124	26598	123	26421	0.00686992	0.00723715	0.003	0.024	214.805	72.9713	177	531	
0.75	1	4	5	5	3	125	26600	113	21524	0.00510619	0.00598117	0.003	0.024	190.478	86.9206	157	436	
0.75	1	2	6	3	3	75	26500	75	26500	0.0120533	0.00377722	0.003	0.017	353.333	251.052	177	706	
0.75	1	2	7	2	3	75	26500	75	26500	0.00766667	0.00664411	0.003	0.017	353.333	97.2887	285	490	
0.75	1	2	8	5	3	75	26500	75	26500	0.00766667	0.00664411	0.003	0.017	353.333	182.713	225	610	
0.75	1	2	9	1	3	75	26500	75	26500	0.00766667	0.00664411	0.003	0.017	353.333	97.2887	285	490	
0.75	1	2	10	4	3	75	26500	75	26500	0.00766667	0.00664411	0.003	0.017	353.333	17.5594	341	378	
0.75	1	3	11	1	3	125	26600	113	21368	0.00529203	0.00644299	0.003	0.024	189.097	89.4186	157	436	
0.75	1	3	12	3	3	125	26600	126	26956	0.00605555	0.00629197	0.003	0.024	213.937	72.7276	177	356	
0.75	1	3	13	2	3	128	26606	112	17365	0.0045625	0.00537391	0.003	0.024	155.045	120.393	117	596	
0.75	1	3	14	4	3	100	26550	100	26550	0.003	0	0.003	0.003	265.5	33.9451	207	285	
0.75	1	3	15	5	3	122	26594	123	26758	0.00613008	0.00553966	0.003	0.017	217.545	35.9278	164	387	
0.75	1	1	16	1	3	75	26500	75	26500	0.00533333	0.00332205	0.003	0.01	353.333	91.0907	234	453	
0.75	1	1	17	2	3	100	26550	100	26550	0.00839	0.00578904	0.003	0.017	265.5	24.6337	225	285	
0.75	1	1	18	4	3	100	26550	86	18836	0.00763953	0.00684262	0.003	0.024	219.023	128.189	157	551	
0.75	1	1	19	5	3	100	26550	100	26550	0.00972	0.00516218	0.003	0.017	265.5	100.306	177	435	
0.75	1	1	20	3	3	100	26550	99	26373	0.00872727	0.0056889	0.003	0.017	266.394	52.3103	177	315	
1	1.25	4	1	3	3	106	26562	106	26753	0.00980189	0.00591273	0.003	0.024	252.387	100.314	64	435	
1	1.25	4	2	1	3	108	26566	108	26566	0.003	0	0.003	0.003	245.981	90.7829	60	341	
1	1.25	4	3	4	3	116	26582	117	26867	0.00347863	0.00199827	0.003	0.017	229.632	82.477	16	285	
1	1.25	4	4	2	3	125	26600	125	26477	0.00636	0.00703379	0.003	0.024	211.816	69.1567	177	356	
1	1.25	4	5	5	3	125	26600	110	20112	0.00471818	0.00554404	0.003	0.024	182.836	77.8419	157	436	
1	1.25	2	6	3	3	75	26500	75	26500	0.01224	0.00348293	0.003	0.017	353.333	251.052	177	706	
1	1.25	2	7	2	3	75	26500	75	26500	0.00766667	0.00664411	0.003	0.017	353.333	97.2887	285	490	
1	1.25	2	8	5	3	75	26500	75	26500	0.00766667	0.00664411	0.003	0.017	353.333	182.713	225	610	
1	1.25	2	9	1	3	75	26500	75	26500	0.00766667	0.00664411	0.003	0.017	353.333	97.2887	285	490	
1	1.25	2	10	4	3	75	26500	75	26500	0.00766667	0.00664411	0.003	0.017	353.333	17.5594	341	378	
1	1.25	3	11	1	3	125	26600	113	21368	0.00535398	0.00658857	0.003	0.024	189.097	89.4186	157	436	
1	1.25	3	12	3	3	125	26600	123	25888	0.00573171	0.00578306	0.003	0.024	210.472	70.0784	177	356	
1	1.25	3	13	2	3	125	26600	104	14084	0.00380769	0.00405802	0.003	0.024	135.423	92.5615	117	596	
1	1.25	3	14	4	3	100	26550	100	26550	0.003	0	0.003	0.003	265.5	33.9451	207	285	
1	1.25	3	15	5	3	123	26596	122	26432	0.00604098	0.00561933	0.003	0.017	216.656	32.251	164	387	
1	1.25	1	16	1	3	75	26500	75	26500	0.00533333	0.00332205	0.003	0.01	353.333	91.0907	234	453	
1	1.25	1	17	2	3	100	26550	99	26325	0.00844444	0.00579272	0.003	0.017	265.909	24.4152	225	285	
1	1.25	1	18	4	3	100	26550	87	19387	0.00790804	0.00717008	0.003	0.024	222.839	132.319	157	551	
1	1.25	1	19	5	3	100	26550	100	26550	0.00979	0.00530731	0.003	0.024	265.5	100.306	177	435	
1	1.25	1	20	3	3	100	26550	101	26727	0.00854455	0.00571406	0.003	0.017	264.624	55.9133	177	435	
1.25	1.5	4	1	3	3	104	26558	104	26367	0.0102692	0.00623991	0.003	0.024	253.529	98.0121	64	435	
1.25	1.5	4	2	1	3	108	26566	107	26225	0.00326168	0.00164452	0.003	0.017	245.093	92.7131	60	341	
1.25	1.5	4	3	4	3	112	26574	112	26574	0.004	0.00309606	0.003	0.017	237.268	75.9217	16	285	
1.25	1.5	4	4	2	3	123	26596	122	26363	0.00684426	0.0074268	0.003	0.024	216.09	79.7965	177	531	
1.25	1.5	4	5	5	3	125	26600	115	22188	0.00561739	0.00684231	0.003	0.024	192.939	92.203	157	436	
1.25	1.5	2	6	3	3	75	26500	75	26500	0.01224	0.00348293	0.003	0.017	353.333	251.052	177	706	
1.25	1.5	2	7	2	3	75	26500	75	26500	0.00766667	0.00664411	0.003	0.017	353.333	97.2887	285	490	
1.25	1.5	2	8	5	3	75	26500	75	26500	0.00766667	0.00664411	0.003	0.017	353.333	182.713	225	610	
1.25	1.5	2	9	1	3	75	26500	75	26500	0.00766667	0.00664411	0.003	0.017	353.333	97.2887	285	490	
1.25	1.5	2	10	4	3	75	26500	75	26500	0.00766667	0.00664411	0.003	0.017	353.333	17.5594	341	378	
1.25	1.5	3	11	1	3	125	26600	109	19624	0.00473394	0.00580651	0.003	0.024	180.037	77.1437	157	436	
1.25	1.5	3	12	3	3	125	26600	125	26600	0.005968	0.00604677	0.003	0.024	212.8	71.8881	177	356	
1.25	1.5	3	13	2	3	125	26600	107	15872	0.00437383	0.00521703	0.003	0.024	148.336	118.998	117	596	
1.25	1.5	3	14	4	3	100	26550	100	26550	0.003	0	0.003	0.003	265.5	33.9451	207	285	
1.25	1.5	3	15	5	3	124	26598	124	26598	0.00599193	0.00565757	0.003	0.017	214.5	28.7797	164	387	
1.25	1.5	1	16	1	3	75	26500	75	26500	0.00533333	0.00332205	0.003	0.01	353.333	91.0907	234	453	
1.25	1.5	1	17	2	3	100	26550	101	26775	0.00826733	0.0058067	0.003	0.017	265.099	24.8393	225	285	
1.25	1.5	1	18	4	3	100	26550	87	19387	0.00790804	0.00717008	0.003	0.024	222.839	132.319	157	551	
1.25	1.5	1	19	5	3	100	26550	100	26550	0.00986	0.00507125	0.003	0.017	265.5	100.306	177	435	
1.25	1.5	1	20	3	3	100	26550	100	26430	0.00846	0.00576548	0.003	0.017	264.3	63.0577	177	435	
1.5	1.75	4	1	3	3	104	26558	104	26558	0.00979808	0.00572574	0.003	0.024	255.365	99.6083	64	435	
1.5	1.75	4	2	1	3	110	26570	111	26911	0.00325225	0.00161509	0.003	0.017	242.441	97.0488	4	341	
1.5	1.75	4	3	4	3	112	26574	112	26574	0.0034375	0.00215933	0.003	0.017	237.268	75.9217	16	285	
1.5	1.75	4	4	2	3	124	26598	123	26063	0.00664228	0.00740971	0.003	0.024	211.894	73.9226	177	531	
1.5	1.75	4	5	5	3	125	26600	116	22676	0.00577586	0.00702305	0.003	0.024	195.483	95.5561	157	436	
1.5	1.75	2	6	3	3	75	26500	75	26500	0.0121467	0.00363427	0.003	0.017	353.333	251.052	177	706	
1.5	1.75	2	7	2	3	75	26500	75	26500	0.00766667	0.00664411	0.003	0.017	353.333	97.2887	285	490	
1.5	1.75	2	8	5	3	75	26500	75	26500	0.00766667	0.00664411	0.003	0.017	353.333	182.713	225	610	
1.5	1.75	2	9	1	3	75	26500	75	26500	0.00766667	0.00664411	0.003	0.017	353.333	97.2887	285	490	
1.5	1.75	2	10	4	3	75	26500	75	26500	0.00766667	0.00664411	0.003	0.017	353.333	17.5594	341	378	
1.5	1.75	3	11	1	3	125	26600	110	20060	0.00471818	0.00554404	0.003	0.024	182.364	80.5739	157	436	
1.5	1.75	3	12	3	3	125	26600	125	26600	0.005912	0.0061066	0.003	0.024	212.8	71.8881	177	356	
1.5	1.75	3	13	2	3	128	26606	112	17365	0.0045625	0.00537391	0.003	0.024	155.045	120.393	117	596	
1.5	1.75	3	14	4	3	100	26550	100	26550	0.00307	0.0007	0.003	0.01	265.5	33.9451	207	285	
1.5	1.75	3	15	5	3	124	26598	124	26598	0.00576613	0.00541619	0.003	0.017	214.5	28.7797	164	387	
1.5	1.75	1	16	1	3	75	26500	75	26500	0.00533333	0.00332205	0.003	0.01	353.333	91.0907	234	453	
1.5	1.75	1	17	2	3	100	26550	100	26550	0.00846	0.00576548	0.003	0.017	265.5	24.6337	225	285	
1.5	1.75	1	18	4	3	100	26550	86	18836	0.00763953	0.00684262	0.003	0.024	219.023	128.189	157	551	
1.5	1.75	1	19	5	3	100	26550	100	26550	0.00993	0.00502369	0.003	0.017	265.5	100.306	177	435	
1.5	1.75	1	20	3	3	100	26550	99	26493	0.00865656	0.00571636	0.003	0.017	267.606	62.3096	177	435	
1.75	2	4	1	3	3	106	26562	106	26562	0.00986792	0.00610866	0.003	0.024	250.585	97.2463	64	435	
1.75	2	4	2	1	3	110	26570	110	26570	0.003	0	0.003	0.003	241.545	94.1007	60	341	
1.75	2	4	3	4	3	115	26580	115	26580	0.00318261	0.00112064	0.003	0.01	231.13	82.19	16	285	
1.75	2	4	4	2	3	124	26598	123	26242	0.00652845	0.00702143	0.003	0.024	213.35	72.6904	177	531	
1.75	2	4	5	5	3	125	26600	114	21908	0.00533333	0.00636176	0.003	0.024	192.175	89.5867	157	436	
1.75	2	2	6	3	3	75	26500	75	26500	0.01224	0.00348293	0.003	0.017	353.333	251.052	177	706	
1.75	2	2	7	2	3	75	26500	75	26500	0.00766667	0.00664411	0.003	0.017	353.333	97.2887	285	490	
1.75	2	2	8	5	3	75	26500	75	26500	0.00766667	0.00664411	0.003	0.017	353.333	182.713	225	610	
1.75	2	2	9	1	3	75	26500	75	26500	0.00766667	0.00664411	0.003	0.017	353.333	97.2887	285	490	
1.75	2	2	10	4	3	75	26500	75	26500	0.00766667	0.00664411	0.003	0.017	353.333	17.5594	341	378	
1.75	2	3	11	1	3	125	26600	114	21804	0.00557895	0.00692296	0.003	0.024	191.263	91.9764	157	436	
1.75	2	3	12	3	3	125	26600	125	26600	0.006024	0.0061807	0.003	0.024	212.8	71.8881	177	356	
1.75	2	3	13	2	3	125	26600	105	14680	0.004	0.00449359	0.003	0.024	139.81	102.497	117	596	
1.75	2	3	14	4	3	100	26550	100	26550	0.003	0	0.003	0.003	265.5	33.9451	207	285	
1.75	2	3	15	5	3	124	26598	124	26375	0.00593548	0.00565217	0.003	0.017	212.702	24.5728	164	225	
1.75	2	1	16	1	3	75	26500	75	26500	0.00533333	0.00332205	0.003	0.01	353.333	91.0907	234	453	
1.75	2	1	17	2	3	100	26550	100	26550	0.00839	0.00578904	0.003	0.017	265.5	24.6337	225	285	
1.75	2	1	18	4	3	100	26550	87	19387	0.00790804	0.00717008	0.003	0.024	222.839	132.319	157	551	
1.75	2	1	19	5	3	100	26550	100	26550	0.01	0.00497468	0.003	0.017	265.5	100.306	177	435	
1.75	2	1	20	3	3	100	26550	100	26550	0.0086	0.00571548	0.003	0.017	265.5	52.8075	177	315	
2	2.25	4	1	3	3	108	26566	109	27319	0.0096789	0.00612808	0.003	0.024	250.633	98.4326	64	435	
2	2.25	4	2	1	3	110	26570	110	26570	0.003	0	0.003	0.003	241.545	93.2396	60	341	
2	2.25	4	3	4	3	113	26576	113	26576	0.00318584	0.00113033	0.003	0.01	235.186	78.452	16	285	
2	2.25	4	4	2	3	128	26606	128	26953	0.00617187	0.00644676	0.003	0.024	210.57	69.8207	65	356	
2	2.25	4	5	5	3	129	26608	120	23254	0.00515833	0.00620788	0.003	0.024	193.783	88.2588	157	436	
2	2.25	2	6	3	3	75	26500	73	25088	0.0119178	0.00373703	0.003	0.017	343.671	247.444	177	706	
2	2.25	2	7	2	3	75	26500	75	26500	0.00766667	0.00664411	0.003	0.017	353.333	97.2887	285	490	
2	2.25	2	8	5	3	75	26500	75	26500	0.00766667	0.00664411	0.003	0.017	353.333	182.713	225	610	
2	2.25	2	9	1	3	75	26500	75	26500	0.00766667	0.00664411	0.003	0.017	353.333	97.2887	285	490	
2	2.25	2	10	4	3	75	26500	75	26500	0.00766667	0.00664411	0.003	0.017	353.333	17.5594	341	378	
2	2.25	3	11	1	3	130	26610	120	22684	0.00515833	0.00593663	0.003	0.024	189.033	92.9695	49	436	
2	2.25	3	12	3	3	125	26600	126	26956	0.00561111	0.00543908	0.003	0.024	213.937	72.7276	177	356	
2	2.25	3	13	2	3	135	26620	117	17830	0.00425641	0.00456024	0.003	0.024	152.393	102.419	58	596	
2	2.25	3	14	4	3	101	26552	101	26552	0.00306931	0.000696526	0.003	0.01	262.891	42.1274	16	285	
2	2.25	3	15	5	3	125	26600	126	26987	0.00566667	0.00515209	0.003	0.017	214.183	37.134	17	387	
2	2.25	1	16	1	3	75	26500	75	26500	0.00533333	0.00332205	0.003	0.01	353.333	91.0907	234	453	
2	2.25	1	17	2	3	100	26550	99	26325	0.00844444	0.00579272	0.003	0.017	265.909	24.4152	225	285	
2	2.25	1	18	4	3	101	26552	91	21416	0.00830769	0.00740374	0.003	0.024	235.341	142.491	157	551	
2	2.25	1	19	5	3	99	26548	99	26548	0.00971717	0.00518837	0.003	0.017	268.162	104.856	177	610	
2	2.25	1	20	3	3	100	26550	101	26727	0.00861386	0.00568853	0.003	0.017	264.624	53.2757	177	315	
2.25	2.5	4	1	3	3	103	26556	103	26238	0.01	0.00571548	0.003	0.024	254.738	100.296	64	435	
2.25	2.5	4	2	1	3	111	26572	111	26572	0.003	0	0.003	0.003	239.387	96.8227	60	341	
2.25	2.5	4	3	4	3	111	26572	111	26572	0.00337838	0.0018491	0.003	0.017	239.387	72.2316	93	285	
2.25	2.5	4	4	2	3	126	26602	125	25899	0.006584	0.00731016	0.003	0.024	207.192	76.8542	9	531	
2.25	2.5	4	5	5	3	127	26604	110	19140	0.00414545	0.00479073	0.003	0.024	174	64.8436	125	436	
2.25	2.5	2	6	3	3	75	26500	74	25794	0.0121757	0.00346156	0.003	0.017	348.568	249.327	177	706	
2.25	2.5	2	7	2	3	75	26500	75	26500	0.00766667	0.00664411	0.003	0.017	353.333	97.2887	285	490	
2.25	2.5	2	8	5	3	75	26500	75	26500	0.00766667	0.00664411	0.003	0.017	353.333	182.713	225	610	
2.25	2.5	2	9	1	3	75	26500	75	26500	0.00766667	0.00664411	0.003	0.017	353.333	97.2887	285	490	
2.25	2.5	2	10	4	3	75	26500	75	26500	0.00766667	0.00664411	0.003	0.017	353.333	17.5594	341	378	
2.25	2.5	3	11	1	3	126	26602	112	20064	0.0045	0.00509725	0.003	0.024	179.143	74.1368	137	436	
2.25	2.5	3	12	3	3	125	26600	125	26600	0.005968	0.00623975	0.003	0.024	212.8	71.8881	177	356	
2.25	2.5	3	13	2	3	129	26608	115	17008	0.00421739	0.00447171	0.003	0.024	147.896	98.9134	82	596	
2.25	2.5	3	14	4	3	101	26552	101	26552	0.003	0	0.003	0.003	262.891	42.1274	16	285	
2.25	2.5	3	15	5	3	124	26598	124	26598	0.00559677	0.00524043	0.003	0.017	214.5	37.1461	17	387	
2.25	2.5	1	16	1	3	75	26500	75	26500	0.00533333	0.00332205	0.003	0.01	353.333	91.0907	234	453	
2.25	2.5	1	17	2	3	100	26550	101	26775	0.00861386	0.00568853	0.003	0.017	265.099	24.8393	225	285	
2.25	2.5	1	18	4	3	99	26548	87	19562	0.00774713	0.00670858	0.003	0.024	224.851	137.624	157	706	
2.25	2.5	1	19	5	3	100	26550	100	26550	0.00986	0.00507125	0.003	0.017	265.5	100.306	177	435	
2.25	2.5	1	20	3	3	99	26548	99	26548	0.00858586	0.0057428	0.003	0.017	268.162	59.2721	177	490	
2.5	2.75	4	1	3	3	101	26552	100	26117	0.01063	0.00622094	0.003	0.024	261.17	98.4154	117	435	
2.5	2.75	4	2	1	3	110	26570	110	26570	0.00319091	0.00148692	0.003	0.017	241.545	96.9141	60	341	
2.5	2.75	4	3	4	3	112	26574	112	26574	0.003625	0.00240542	0.003	0.017	237.268	75.0025	16	285	
2.5	2.75	4	4	2	3	123	26596	123	26421	0.0067561	0.00746065	0.003	0.024	214.805	76.0032	177	531	
2.5	2.75	4	5	5	3	125	26600	115	22240	0.00567826	0.00697432	0.003	0.024	193.391	93.2695	157	436	
2.5	2.75	2	6	3	3	75	26500	75	26500	0.01224	0.00348293	0.003	0.017	353.333	251.052	177	706	
2.5	2.75	2	7	2	3	75	26500	75	26500	0.00766667	0.00664411	0.003	0.017	353.333	97.2887	285	490	
2.5	2.75	2	8	5	3	75	26500	75	26500	0.00766667	0.00664411	0.003	0.017	353.333	182.713	225	610	
2.5	2.75	2	9	1	3	75	26500	75	26500	0.00766667	0.00664411	0.003	0.017	353.333	97.2887	285	490	
2.5	2.75	2	10	4	3	75	26500	75	26500	0.00766667	0.00664411	0.003	0.017	353.333	17.5594	341	378	
2.5	2.75	3	11	1	3	125	26600	114	21804	0.00533333	0.00636176	0.003	0.024	191.263	91.9764	157	436	
2.5	2.75	3	12	3	3	125	26600	124	26244	0.00576613	0.00590867	0.003	0.024	211.645	71.006	177	356	
2.5	2.75	3	13	2	3	128	26606	110	15878	0.00414545	0.00459923	0.003	0.024	144.345	97.4104	117	596	
2.5	2.75	3	14	4	3	100	26550	100	26550	0.003	0	0.003	0.003	265.5	33.9451	207	285	
2.5	2.75	3	15	5	3	125	26600	124	26436	0.00570968	0.00533401	0.003	0.017	213.194	24.1976	164	225	
2.5	2.75	1	16	1	3	75	26500	75	26500	0.00533333	0.00332205	0.003	0.01	353.333	91.0907	234	453	
2.5	2.75	1	17	2	3	100	26550	100	26550	0.00846	0.00576548	0.003	0.017	265.5	24.6337	225	285	
2.5	2.75	1	18	4	3	100	26550	89	20489	0.00803371	0.00707821	0.003	0.024	230.213	139.652	157	551	
2.5	2.75	1	19	5	3	100	26550	100	26550	0.00986	0.00507125	0.003	0.017	265.5	100.306	177	435	
2.5	2.75	1	20	3	3	100	26550	100	26550	0.00846	0.00576548	0.003	0.017	265.5	60.5092	177	435	
2.75	3	4	1	3	3	103	26556	103	26556	0.0102039	0.00631115	0.003	0.024	257.825	99.0269	64	435	
2.75	3	4	2	1	3	111	26572	111	26572	0.003	0	0.003	0.003	239.387	97.0643	60	341	
2.75	3	4	3	4	3	114	26578	114	26578	0.003	0	0.003	0.003	233.14	79.1034	16	285	
2.75	3	4	4	2	3	125	26600	125	26775	0.006696	0.00746845	0.003	0.024	214.2	74.7991	177	531	
2.75	3	4	5	5	3	125	26600	112	20984	0.005125	0.00622133	0.003	0.024	187.357	85.4228	157	436	
2.75	3	2	6	3	3	75	26500	75	26500	0.0121467	0.00363427	0.003	0.017	353.333	251.052	177	706	
2.75	3	2	7	2	3	75	26500	75	26500	0.00766667	0.00664411	0.003	0.017	353.333	97.2887	285	490	
2.75	3	2	8	5	3	75	26500	75	26500	0.00766667	0.00664411	0.003	0.017	353.333	182.713	225	610	
2.75	3	2	9	1	3	75	26500	75	26500	0.00766667	0.00664411	0.003	0.017	353.333	97.2887	285	490	
2.75	3	2	10	4	3	75	26500	75	26500	0.00766667	0.00664411	0.003	0.017	353.333	17.5594	341	378	
2.75	3	3	11	1	3	125	26600	112	20932	0.00525	0.00652438	0.003	0.024	186.893	86.6811	157	436	
2.75	3	3	12	3	3	125	26600	125	26600	0.005912	0.00590928	0.003	0.024	212.8	71.8881	177	356	
2.75	3	3	13	2	3	125	26600	106	15276	0.00418868	0.00487582	0.003	0.024	144.113	111.215	117	596	
2.75	3	3	14	4	3	100	26550	100	26550	0.003	0	0.003	0.003	265.5	33.9451	207	285	
2.75	3	3	15	5	3	124	26598	123	26373	0.00590244	0.00566325	0.003	0.017	214.415	28.8816	164	387	
2.75	3	1	16	1	3	75	26500	75	26500	0.00533333	0.00332205	0.003	0.01	353.333	91.0907	234	453	
2.75	3	1	17	2	3	100	26550	99	26325	0.00858586	0.0057428	0.003	0.017	265.909	24.4152	225	285	
2.75	3	1	18	4	3	100	26550	88	19938	0.00809091	0.00733224	0.003	0.024	226.568	136.128	157	551	
2.75	3	1	19	5	3	100	26550	100	26550	0.00958	0.00524776	0.003	0.017	265.5	100.306	177	435	
2.75	3	1	20	3	3	100	26550	100	26550	0.00867	0.005689	0.003	0.017	265.5	52.8075	177	315	
3	3.25	4	1	3	3	106	26562	106	26562	0.00986792	0.00610866	0.003	0.024	250.585	97.2463	64	435	
3	3.25	4	2	1	3	110	26570	110	26570	0.00319091	0.00148692	0.003	0.017	241.545	95.1324	60	341	
3	3.25	4	3	4	3	113	26576	113	26576	0.00324779	0.00160095	0.003	0.017	235.186	79.3235	16	285	
3	3.25	4	4	2	3	125	26600	124	26423	0.0065	0.0071687	0.003	0.024	213.089	68.9305	177	356	
3	3.25	4	5	5	3	124	26598	109	20338	0.0049266	0.00586216	0.003	0.024	186.587	89.2002	20	573	
3	3.25	2	6	3	3	75	26500	75	26500	0.01224	0.00348293	0.003	0.017	353.333	251.052	177	706	
3	3.25	2	7	2	3	75	26500	75	26500	0.00766667	0.00664411	0.003	0.017	353.333	97.2887	285	490	
3	3.25	2	8	5	3	75	26500	75	26500	0.00766667	0.00664411	0.003	0.017	353.333	182.713	225	610	
3	3.25	2	9	1	3	75	26500	75	26500	0.00766667	0.00664411	0.003	0.017	353.333	97.2887	285	490	
3	3.25	2	10	4	3	75	26500	75	26500	0.00757333	0.00655986	0.003	0.017	353.333	17.5594	341	378	
3	3.25	3	11	1	3	125	26600	113	21368	0.00541593	0.00673043	0.003	0.024	189.097	89.4186	157	436	
3	3.25	3	12	3	3	125	26600	125	26600	0.005856	0.00576796	0.003	0.024	212.8	71.8881	177	356	
3	3.25	3	13	2	3	125	26600	108	16468	0.00462037	0.00554795	0.003	0.024	152.481	126.031	117	596	
3	3.25	3	14	4	3	100	26550	100	26550	0.003	0	0.003	0.003	265.5	33.9451	207	285	
3	3.25	3	15	5	3	125	26600	126	26825	0.00583333	0.00561249	0.003	0.017	212.897	24.4242	164	225	
3	3.25	1	16	1	3	75	26500	75	26500	0.00533333	0.00332205	0.003	0.01	353.333	91.0907	234	453	
3	3.25	1	17	2	3	100	26550	101	26775	0.00861386	0.00568853	0.003	0.017	265.099	24.8393	225	285	
3	3.25	1	18	4	3	101	26552	89	20147	0.00795506	0.00732665	0.003	0.024	226.371	135.365	157	551	
3	3.25	1	19	5	3	100	26550	100	26550	0.00986	0.00507125	0.003	0.017	265.5	100.306	177	435	
3	3.25	1	20	3	3	100	26550	100	26550	0.00846	0.00576548	0.003	0.017	265.5	58.0556	177	435	
3.25	3.5	4	1	3	3	106	26562	106	26562	0.00986792	0.00625958	0.003	0.024	250.585	97.2463	64	435	
3.25	3.5	4	2	1	3	110	26570	110	26570	0.003	0	0.003	0.003	241.545	94.1007	60	341	
3.25	3.5	4	3	4	3	113	26576	113	26576	0.00349557	0.00223656	0.003	0.017	235.186	79.3235	16	285	
3.25	3.5	4	4	2	3	121	26592	122	26769	0.00695902	0.00742054	0.003	0.024	219.418	86.2203	177	531	
3.25	3.5	4	5	5	3	125	26600	113	21472	0.00516814	0.0061396	0.003	0.024	190.018	86.9593	157	436	
3.25	3.5	2	6	3	3	75	26500	75	26500	0.01224	0.00348293	0.003	0.017	353.333	251.052	177	706	
3.25	3.5	2	7	2	3	75	26500	75	26500	0.00766667	0.00664411	0.003	0.017	353.333	97.2887	285	490	
3.25	3.5	2	8	5	3	75	26500	75	26500	0.00766667	0.00664411	0.003	0.017	353.333	182.713	225	610	
3.25	3.5	2	9	1	3	75	26500	75	26500	0.00766667	0.00664411	0.003	0.017	353.333	97.2887	285	490	
3.25	3.5	2	10	4	3	75	26500	75	26500	0.00766667	0.00664411	0.003	0.017	353.333	17.5594	341	378	
3.25	3.5	3	11	1	3	125	26600	114	21804	0.00557895	0.00692296	0.003	0.024	191.263	91.9764	157	436	
3.25	3.5	3	12	3	3	125	26600	125	26600	0.006192	0.00656321	0.003	0.024	212.8	71.8881	177	356	
3.25	3.5	3	13	2	3	125	26600	105	14680	0.004	0.00449359	0.003	0.024	139.81	102.497	117	596	
3.25	3.5	3	14	4	3	100	26550	100	26550	0.003	0	0.003	0.003	265.5	33.9451	207	285	
3.25	3.5	3	15	5	3	125	26600	125	26600	0.005912	0.00563545	0.003	0.017	212.8	24.4982	164	225	
3.25	3.5	1	16	1	3	75	26500	75	26500	0.00533333	0.00332205	0.003	0.01	353.333	91.0907	234	453	
3.25	3.5	1	17	2	3	100	26550	100	26550	0.00832	0.00581166	0.003	0.017	265.5	24.6337	225	285	
3.25	3.5	1	18	4	3	100	26550	86	18836	0.00772093	0.00699521	0.003	0.024	219.023	128.189	157	551	
3.25	3.5	1	19	5	3	100	26550	101	26727	0.00972277	0.00513638	0.003	0.017	264.624	100.191	177	435	
3.25	3.5	1	20	3	3	100	26550	100	26550	0.00846	0.00576548	0.003	0.017	265.5	58.0556	177	435	
3.5	3.75	4	1	3	3	103	26556	103	26556	0.010068	0.00592148	0.003	0.024	257.825	99.0269	64	435	
3.5	3.75	4	2	1	3	111	26572	111	26572	0.003	0	0.003	0.003	239.387	97.0643	60	341	
3.5	3.75	4	3	4	3	113	26576	113	26576	0.00337168	0.0018332	0.003	0.017	235.186	77.5708	16	285	
3.5	3.75	4	4	2	3	124	26598	122	26161	0.00672951	0.00759299	0.003	0.024	214.434	74.3207	177	531	
3.5	3.75	4	5	5	3	125	26600	111	20548	0.00495495	0.00598238	0.003	0.024	185.117	82.4397	157	436	
3.5	3.75	2	6	3	3	75	26500	75	26500	0.01224	0.00348293	0.003	0.017	353.333	251.052	177	706	
3.5	3.75	2	7	2	3	75	26500	75	26500	0.00766667	0.00664411	0.003	0.017	353.333	97.2887	285	490	
3.5	3.75	2	8	5	3	75	26500	75	26500	0.00766667	0.00664411	0.003	0.017	353.333	182.713	225	610	
3.5	3.75	2	9	1	3	75	26500	75	26500	0.00766667	0.00664411	0.003	0.017	353.333	97.2887	285	490	
3.5	3.75	2	10	4	3	75	26500	75	26500	0.00766667	0.00664411	0.003	0.017	353.333	17.5594	341	378	
3.5	3.75	3	11	1	3	125	26600	113	21368	0.00541593	0.00673043	0.003	0.024	189.097	89.4186	157	436	
3.5	3.75	3	12	3	3	125	26600	126	26956	0.00611111	0.00629568	0.003	0.024	213.937	72.7276	177	356	
3.5	3.75	3	13	2	3	127	26604	107	15573	0.00417757	0.00485412	0.003	0.024	145.542	111.672	117	596	
3.5	3.75	3	14	4	3	100	26550	100	26550	0.00321	0.00155891	0.003	0.017	265.5	33.9451	207	285	
3.5	3.75	3	15	5	3	124	26598	125	26762	0.00608	0.00565058	0.003	0.017	214.096	29.0171	164	387	
3.5	3.75	1	16	1	3	75	26500	75	26500	0.00533333	0.00332205	0.003	0.01	353.333	91.0907	234	453	
3.5	3.75	1	17	2	3	100	26550	100	26550	0.0086	0.00571548	0.003	0.017	265.5	24.6337	225	285	
3.5	3.75	1	18	4	3	100	26550	87	19387	0.00790804	0.00717008	0.003	0.024	222.839	132.319	157	551	
3.5	3.75	1	19	5	3	100	26550	99	26373	0.00978788	0.0051434	0.003	0.017	266.394	98.9415	177	435	
3.5	3.75	1	20	3	3	100	26550	100	26550	0.0086	0.00571548	0.003	0.017	265.5	55.4937	177	435	
3.75	4	4	1	3	3	106	26562	107	26997	0.00973832	0.0059214	0.003	0.024	252.308	99.8434	64	435	
3.75	4	4	2	1	3	110	26570	110	26570	0.003	0	0.003	0.003	241.545	94.7048	60	341	
3.75	4	4	3	4	3	113	26576	113	26576	0.00349557	0.00223656	0.003	0.017	235.186	78.452	16	285	
3.75	4	4	4	2	3	125	26600	125	26421	0.006584	0.00714615	0.003	0.024	211.368	68.3923	177	356	
3.75	4	4	5	5	3	125	26600	110	20112	0.00471818	0.00537942	0.003	0.024	182.836	77.8419	157	436	
3.75	4	2	6	3	3	75	26500	75	26500	0.0123333	0.00332205	0.01	0.017	353.333	251.052	177	706	
3.75	4	2	7	2	3	75	26500	75	26500	0.00766667	0.00664411	0.003	0.017	353.333	97.2887	285	490	
3.75	4	2	8	5	3	75	26500	75	26500	0.00766667	0.00664411	0.003	0.017	353.333	182.713	225	610	
3.75	4	2	9	1	3	75	26500	75	26500	0.00766667	0.00664411	0.003	0.017	353.333	97.2887	285	490	
3.75	4	2	10	4	3	75	26500	75	26500	0.00766667	0.00664411	0.003	0.017	353.333	17.5594	341	378	
3.75	4	3	11	1	3	125	26600	114	21804	0.00539474	0.00650747	0.003	0.024	191.263	91.9764	157	436	
3.75	4	3	12	3	3	125	26600	124	26244	0.00599193	0.00638532	0.003	0.024	211.645	71.006	177	356	
3.75	4	3	13	2	3	126	26602	112	17664	0.00475	0.00567673	0.003	0.024	157.714	126.718	117	596	
3.75	4	3	14	4	3	100	26550	100	26550	0.003	0	0.003	0.003	265.5	33.9451	207	285	
3.75	4	3	15	5	3	124	26598	123	26434	0.0056748	0.00541627	0.003	0.017	214.911	28.5304	164	387	
3.75	4	1	16	1	3	75	26500	75	26500	0.00533333	0.00332205	0.003	0.01	353.333	91.0907	234	453	
3.75	4	1	17	2	3	100	26550	100	26550	0.0086	0.00571548	0.003	0.017	265.5	24.6337	225	285	
3.75	4	1	18	4	3	100	26550	85	18285	0.00744706	0.00664492	0.003	0.024	215.118	123.696	157	551	
3.75	4	1	19	5	3	100	26550	100	26550	0.00979	0.0051174	0.003	0.017	265.5	100.306	177	435	
3.75	4	1	20	3	3	100	26550	100	26550	0.00839	0.00578904	0.003	0.017	265.5	58.0556	177	435	
4	4.25	4	1	3	3	103	26556	102	26121	0.0104804	0.00632726	0.003	0.024	256.088	97.9263	64	435	
4	4.25	4	2	1	3	111	26572	111	26572	0.003	0	0.003	0.003	239.387	97.0643	60	341	
4	4.25	4	3	4	3	114	26578	114	26578	0.0030614	0.00065561	0.003	0.01	233.14	79.1034	16	285	
4	4.25	4	4	2	3	124	26598	124	26598	0.00689516	0.0074842	0.003	0.024	214.5	73.9574	177	475	
4	4.25	4	5	5	3	125	26600	109	19728	0.0046055	0.00544164	0.003	0.024	180.991	77.1747	157	436	
4	4.25	2	6	3	3	75	26500	75	26500	0.0120533	0.00377722	0.003	0.017	353.333	251.052	177	706	
4	4.25	2	7	2	3	75	26500	75	26500	0.00766667	0.00664411	0.003	0.017	353.333	97.2887	285	490	
4	4.25	2	8	5	3	75	26500	75	26500	0.00766667	0.00664411	0.003	0.017	353.333	182.713	225	610	
4	4.25	2	9	1	3	75	26500	75	26500	0.00766667	0.00664411	0.003	0.017	353.333	97.2887	285	490	
4	4.25	2	10	4	3	75	26500	75	26500	0.00766667	0.00664411	0.003	0.017	353.333	17.5594	341	378	
4	4.25	3	11	1	3	125	26600	111	20496	0.00508108	0.00630315	0.003	0.024	184.649	83.7419	157	436	
4	4.25	3	12	3	3	125	26600	125	26600	0.006024	0.0061807	0.003	0.024	212.8	71.8881	177	356	
4	4.25	3	13	2	3	125	26600	106	15276	0.00418868	0.00487582	0.003	0.024	144.113	111.215	117	596	
4	4.25	3	14	4	3	100	26550	100	26550	0.003	0	0.003	0.003	265.5	33.9451	207	285	
4	4.25	3	15	5	3	122	26594	121	26369	0.00606611	0.0057078	0.003	0.017	217.926	35.8862	164	387	
4	4.25	1	16	1	3	75	26500	75	26500	0.00533333	0.00332205	0.003	0.01	353.333	91.0907	234	453	
4	4.25	1	17	2	3	100	26550	99	26325	0.00837374	0.00581621	0.003	0.017	265.909	24.4152	225	285	
4	4.25	1	18	4	3	100	26550	88	19938	0.00809091	0.00733224	0.003	0.024	226.568	136.128	157	551	
4	4.25	1	19	5	3	100	26550	100	26550	0.00979	0.0051174	0.003	0.017	265.5	100.306	177	435	
4	4.25	1	20	3	3	100	26550	100	26550	0.00853	0.00574097	0.003	0.017	265.5	52.8075	177	315	
4.25	4.5	4	1	3	3	105	26560	105	26560	0.00993333	0.0061773	0.003	0.024	252.952	97.9523	64	435	
4.25	4.5	4	2	1	3	109	26568	109	26568	0.00338532	0.00209456	0.003	0.017	243.743	95.2796	4	341	
4.25	4.5	4	3	4	3	112	26574	111	26289	0.0035045	0.00204883	0.003	0.017	236.838	74.2241	16	285	
4.25	4.5	4	4	2	3	125	26600	125	26600	0.00664	0.00708975	0.003	0.024	212.8	79.6768	65	531	
4.25	4.5	4	5	5	3	127	26604	116	21820	0.00523276	0.00636889	0.003	0.024	188.103	84.6989	117	436	
4.25	4.5	2	6	3	3	75	26500	75	26500	0.0120533	0.00377722	0.003	0.017	353.333	252.253	157	746	
4.25	4.5	2	7	2	3	75	26500	75	26500	0.00766667	0.00664411	0.003	0.017	353.333	97.2887	285	490	
4.25	4.5	2	8	5	3	75	26500	75	26500	0.00766667	0.00664411	0.003	0.017	353.333	182.713	225	610	
4.25	4.5	2	9	1	3	75	26500	75	26500	0.00766667	0.00664411	0.003	0.017	353.333	97.2887	285	490	
4.25	4.5	2	10	4	3	75	26500	75	26500	0.00766667	0.00664411	0.003	0.017	353.333	17.5594	341	378	
4.25	4.5	3	11	1	3	125	26600	114	21804	0.00521053	0.00598593	0.003	0.024	191.263	96.5834	49	591	
4.25	4.5	3	12	3	3	125	26600	125	26600	0.00552	0.00528937	0.003	0.024	212.8	73.4792	117	416	
4.25	4.5	3	13	2	3	131	26612	114	16775	0.00410526	0.00432602	0.003	0.024	147.149	93.7019	75	638	
4.25	4.5	3	14	4	3	101	26552	101	26552	0.00313861	0.00139305	0.003	0.017	262.891	42.1274	16	285	
4.25	4.5	3	15	5	3	125	26600	126	26825	0.00572222	0.00516084	0.003	0.017	212.897	24.7948	149	240	
4.25	4.5	1	16	1	3	75	26500	75	26500	0.00533333	0.00332205	0.003	0.01	353.333	91.0907	234	453	
4.25	4.5	1	17	2	3	100	26550	101	26775	0.00854455	0.00571406	0.003	0.017	265.099	26.5215	177	315	
4.25	4.5	1	18	4	3	100	26550	90	21040	0.00836667	0.00749749	0.003	0.024	233.778	142.923	157	551	
4.25	4.5	1	19	5	3	100	26550	100	26550	0.00986	0.00507125	0.003	0.017	265.5	99.168	157	435	
4.25	4.5	1	20	3	3	100	26550	100	26550	0.0086	0.00571548	0.003	0.017	265.5	60.5092	177	435	
4.5	4.75	4	1	3	3	104	26558	104	27067	0.00993269	0.00589267	0.003	0.024	260.26	101.533	64	435	
4.5	4.75	4	2	1	3	110	26570	110	26570	0.00319091	0.00148692	0.003	0.017	241.545	96.3239	60	341	
4.5	4.75	4	3	4	3	112	26574	113	26859	0.00368141	0.00246861	0.003	0.017	237.69	75.7153	16	285	
4.5	4.75	4	4	2	3	122	26594	122	26706	0.00678688	0.00731943	0.003	0.024	218.902	84.9366	177	531	
4.5	4.75	4	5	5	3	125	26600	112	20984	0.0051875	0.00637497	0.003	0.024	187.357	85.4228	157	436	
4.5	4.75	2	6	3	3	75	26500	76	26677	0.0121184	0.00361835	0.003	0.017	351.013	250.192	177	706	
4.5	4.75	2	7	2	3	75	26500	75	26500	0.00766667	0.00664411	0.003	0.017	353.333	97.2887	285	490	
4.5	4.75	2	8	5	3	75	26500	75	26500	0.00766667	0.00664411	0.003	0.017	353.333	182.713	225	610	
4.5	4.75	2	9	1	3	75	26500	75	26500	0.00766667	0.00664411	0.003	0.017	353.333	97.2887	285	490	
4.5	4.75	2	10	4	3	75	26500	75	26500	0.00766667	0.00664411	0.003	0.017	353.333	17.5594	341	378	
4.5	4.75	3	11	1	3	125	26600	114	21804	0.00539474	0.00650747	0.003	0.024	191.263	91.9764	157	436	
4.5	4.75	3	12	3	3	125	26600	125	26600	0.005856	0.00596996	0.003	0.024	212.8	71.8881	177	356	
4.5	4.75	3	13	2	3	128	26606	113	17961	0.00473451	0.00565372	0.003	0.024	158.947	126.83	117	596	
4.5	4.75	3	14	4	3	100	26550	100	26550	0.00307	0.0007	0.003	0.01	265.5	33.9451	207	285	
4.5	4.75	3	15	5	3	124	26598	124	26598	0.00576613	0.00541619	0.003	0.017	214.5	28.7797	164	387	
4.5	4.75	1	16	1	3	75	26500	75	26500	0.00533333	0.00332205	0.003	0.01	353.333	91.0907	234	453	
4.5	4.75	1	17	2	3	100	26550	100	26550	0.00825	0.00583333	0.003	0.017	265.5	24.6337	225	285	
4.5	4.75	1	18	4	3	100	26550	86	18836	0.00763953	0.00684262	0.003	0.024	219.023	128.189	157	551	
4.5	4.75	1	19	5	3	100	26550	100	26550	0.00958	0.00524776	0.003	0.017	265.5	100.306	177	435	
4.5	4.75	1	20	3	3	100	26550	100	26550	0.00853	0.00574097	0.003	0.017	265.5	60.5092	177	435	
4.75	5	4	1	3	3	105	26560	105	26051	0.00993333	0.00610055	0.003	0.024	248.105	95.8979	64	435	
4.75	5	4	2	1	3	110	26570	110	26570	0.003	0	0.003	0.003	241.545	94.7048	60	341	
4.75	5	4	3	4	3	114	26578	114	26578	0.00330702	0.00171473	0.003	0.017	233.14	79.9602	16	285	
4.75	5	4	4	2	3	125	26600	122	25476	0.00621311	0.00709467	0.003	0.024	208.82	65.753	177	356	
4.75	5	4	5	5	3	125	26600	112	20984	0.005	0.00590007	0.003	0.024	187.357	84.1687	157	436	
4.75	5	2	6	3	3	75	26500	74	26323	0.0121757	0.00365033	0.003	0.017	355.716	251.911	177	706	
4.75	5	2	7	2	3	75	26500	75	26500	0.00766667	0.00664411	0.003	0.017	353.333	97.2887	285	490	
4.75	5	2	8	5	3	75	26500	75	26500	0.00766667	0.00664411	0.003	0.017	353.333	182.713	225	610	
4.75	5	2	9	1	3	75	26500	75	26500	0.00766667	0.00664411	0.003	0.017	353.333	97.2887	285	490	
4.75	5	2	10	4	3	75	26500	75	26500	0.00766667	0.00664411	0.003	0.017	353.333	17.5594	341	378	
4.75	5	3	11	1	3	125	26600	112	20932	0.00525	0.00652438	0.003	0.024	186.893	86.6811	157	436	
4.75	5	3	12	3	3	125	26600	124	26244	0.00587903	0.0059886	0.003	0.024	211.645	71.006	177	356	
4.75	5	3	13	2	3	125	26600	106	15276	0.00418868	0.00487582	0.003	0.024	144.113	111.215	117	596	
4.75	5	3	14	4	3	100	26550	100	26550	0.00314	0.000984937	0.003	0.01	265.5	33.9451	207	285	
4.75	5	3	15	5	3	125	26600	125	26600	0.005968	0.00564106	0.003	0.017	212.8	24.4982	164	225	
4.75	5	1	16	1	3	75	26500	75	26500	0.00533333	0.00332205	0.003	0.01	353.333	91.0907	234	453	
4.75	5	1	17	2	3	100	26550	100	26550	0.00839	0.00578904	0.003	0.017	265.5	24.6337	225	285	
4.75	5	1	18	4	3	100	26550	86	18836	0.00772093	0.00699521	0.003	0.024	219.023	128.189	157	551	
4.75	5	1	19	5	3	100	26550	100	26550	0.00986	0.00507125	0.003	0.017	265.5	100.306	177	435	
4.75	5	1	20	3	3	100	26550	99	26373	0.00844444	0.00579272	0.003	0.017	266.394	55.0476	177	435	
5	5.25	4	1	3	3	102	26554	102	26554	0.0104804	0.00625012	0.003	0.024	260.333	100.009	64	435	
5	5.25	4	2	1	3	112	26574	112	26574	0.003	0	0.003	0.003	237.268	99.2807	60	341	
5	5.25	4	3	4	3	112	26574	112	26574	0.0033125	0.00172961	0.003	0.017	237.268	75.0025	16	285	
5	5.25	4	4	2	3	125	26600	125	26600	0.006584	0.00741749	0.003	0.024	212.8	71.1112	177	356	
5	5.25	4	5	5	3	125	26600	111	20496	0.00501802	0.00614519	0.003	0.024	184.649	82.4505	157	436	
5	5.25	2	6	3	3	75	26500	76	26677	0.0121184	0.00361835	0.003	0.017	351.013	250.192	177	706	
5	5.25	2	7	2	3	75	26500	75	26500	0.00766667	0.00664411	0.003	0.017	353.333	97.2887	285	490	
5	5.25	2	8	5	3	75	26500	75	26500	0.00766667	0.00664411	0.003	0.017	353.333	182.713	225	610	
5	5.25	2	9	1	3	75	26500	75	26500	0.00766667	0.00664411	0.003	0.017	353.333	97.2887	285	490	
5	5.25	2	10	4	3	75	26500	75	26500	0.00766667	0.00664411	0.003	0.017	353.333	17.5594	341	378	
5	5.25	3	11	1	3	125	26600	115	22240	0.00555652	0.00670715	0.003	0.024	193.391	94.3732	157	436	
5	5.25	3	12	3	3	125	26600	125	26600	0.005856	0.00596996	0.003	0.024	212.8	71.8881	177	356	
5	5.25	3	13	2	3	128	26606	110	15878	0.00408182	0.00436443	0.003	0.024	144.345	97.4104	117	596	
5	5.25	3	14	4	3	100	26550	100	26550	0.003	0	0.003	0.003	265.5	33.9451	207	285	
5	5.25	3	15	5	3	124	26598	124	26375	0.00582258	0.0054236	0.003	0.017	212.702	24.5728	164	225	
5	5.25	1	16	1	3	75	26500	75	26500	0.00533333	0.00332205	0.003	0.01	353.333	91.0907	234	453	
5	5.25	1	17	2	3	100	26550	100	26550	0.00839	0.00578904	0.003	0.017	265.5	24.6337	225	285	
5	5.25	1	18	4	3	100	26550	89	20489	0.00819101	0.00735137	0.003	0.024	230.213	139.652	157	551	
5	5.25	1	19	5	3	100	26550	100	26550	0.00993	0.00502369	0.003	0.017	265.5	100.306	177	435	
5	5.25	1	20	3	3	100	26550	101	26727	0.00854455	0.00571406	0.003	0.017	264.624	55.9133	177	435	
5.25	5.5	4	1	3	3	107	26564	108	27190	0.00974074	0.00589372	0.003	0.024	251.759	100.307	64	435	
5.25	5.5	4	2	1	3	110	26570	110	26570	0.003	0	0.003	0.003	241.545	94.1007	60	341	
5.25	5.5	4	3	4	3	115	26580	115	26580	0.00312174	0.000919075	0.003	0.01	231.13	82.19	16	285	
5.25	5.5	4	4	2	3	123	26596	122	26296	0.00638524	0.0066884	0.003	0.024	215.541	77.9978	177	531	
5.25	5.5	4	5	5	3	125	26600	113	21472	0.00523009	0.00629343	0.003	0.024	190.018	86.9593	157	436	
5.25	5.5	2	6	3	3	75	26500	74	26323	0.0121757	0.00365033	0.003	0.017	355.716	251.911	177	706	
5.25	5.5	2	7	2	3	75	26500	75	26500	0.00766667	0.00664411	0.003	0.017	353.333	97.2887	285	490	
5.25	5.5	2	8	5	3	75	26500	75	26500	0.00766667	0.00664411	0.003	0.017	353.333	182.713	225	610	
5.25	5.5	2	9	1	3	75	26500	75	26500	0.00766667	0.00664411	0.003	0.017	353.333	97.2887	285	490	
5.25	5.5	2	10	4	3	75	26500	75	26500	0.00766667	0.00664411	0.003	0.017	353.333	17.5594	341	378	
5.25	5.5	3	11	1	3	125	26600	117	23112	0.00605128	0.00743228	0.003	0.024	197.538	98.7431	157	436	
5.25	5.5	3	12	3	3	125	26600	122	25532	0.00563934	0.00571509	0.003	0.024	209.279	69.1022	177	356	
5.25	5.5	3	13	2	3	126	26602	109	17064	0.00473394	0.00580651	0.003	0.024	156.55	132.444	117	596	
5.25	5.5	3	14	4	3	100	26550	100	26550	0.00307	0.0007	0.003	0.01	265.5	33.9451	207	285	
5.25	5.5	3	15	5	3	125	26600	125	26823	0.005856	0.00562928	0.003	0.017	214.584	28.6788	164	387	
5.25	5.5	1	16	1	3	75	26500	75	26500	0.00533333	0.00332205	0.003	0.01	353.333	91.0907	234	453	
5.25	5.5	1	17	2	3	100	26550	100	26550	0.00839	0.00578904	0.003	0.017	265.5	24.6337	225	285	
5.25	5.5	1	18	4	3	100	26550	83	17183	0.00713253	0.00637788	0.003	0.024	207.024	113.384	157	551	
5.25	5.5	1	19	5	3	100	26550	100	26550	0.00986	0.00507125	0.003	0.017	265.5	100.306	177	435	
5.25	5.5	1	20	3	3	100	26550	100	26550	0.00846	0.00576548	0.003	0.017	265.5	52.8075	177	315	
5.5	5.75	4	1	3	3	102	26554	101	25928	0.0102772	0.00601518	0.003	0.024	256.713	97.371	64	435	
5.5	5.75	4	2	1	3	111	26572	111	26572	0.003	0	0.003	0.003	239.387	97.6447	60	341	
5.5	5.75	4	3	4	3	114	26578	114	26578	0.0030614	0.00065561	0.003	0.01	233.14	78.2372	16	285	
5.5	5.75	4	4	2	3	122	26594	120	25826	0.00679167	0.00742231	0.003	0.024	215.217	81.5407	177	531	
5.5	5.75	4	5	5	3	125	26600	112	20932	0.005125	0.00622133	0.003	0.024	186.893	85.4455	157	436	
5.5	5.75	2	6	3	3	75	26500	75	26500	0.0121467	0.00363427	0.003	0.017	353.333	251.052	177	706	
5.5	5.75	2	7	2	3	75	26500	75	26500	0.00766667	0.00664411	0.003	0.017	353.333	97.2887	285	490	
5.5	5.75	2	8	5	3	75	26500	75	26500	0.00766667	0.00664411	0.003	0.017	353.333	182.713	225	610	
5.5	5.75	2	9	1	3	75	26500	75	26500	0.00766667	0.00664411	0.003	0.017	353.333	97.2887	285	490	
5.5	5.75	2	10	4	3	75	26500	75	26500	0.00766667	0.00664411	0.003	0.017	353.333	17.5594	341	378	
5.5	5.75	3	11	1	3	125	26600	113	21368	0.00523009	0.00629343	0.003	0.024	189.097	89.4186	157	436	
5.5	5.75	3	12	3	3	125	26600	125	26600	0.005744	0.00568516	0.003	0.024	212.8	71.8881	177	356	
5.5	5.75	3	13	2	3	127	26604	112	17070	0.0045	0.00518313	0.003	0.024	152.411	113.7	117	596	
5.5	5.75	3	14	4	3	100	26550	100	26550	0.003	0	0.003	0.003	265.5	33.9451	207	285	
5.5	5.75	3	15	5	3	124	26598	123	26373	0.00584553	0.00543973	0.003	0.017	214.415	28.8816	164	387	
5.5	5.75	1	16	1	3	75	26500	75	26500	0.00533333	0.00332205	0.003	0.01	353.333	91.0907	234	453	
5.5	5.75	1	17	2	3	100	26550	100	26550	0.00853	0.00574097	0.003	0.017	265.5	24.6337	225	285	
5.5	5.75	1	18	4	3	100	26550	87	19387	0.00774713	0.00687635	0.003	0.024	222.839	132.319	157	551	
5.5	5.75	1	19	5	3	100	26550	100	26550	0.00979	0.0051174	0.003	0.017	265.5	100.306	177	435	
5.5	5.75	1	20	3	3	100	26550	100	26550	0.00846	0.00576548	0.003	0.017	265.5	52.8075	177	315	
5.75	6	4	1	3	3	100	26550	100	26550	0.01063	0.00614086	0.003	0.024	265.5	100.306	177	435	
5.75	6	4	2	1	3	112	26574	112	26574	0.0031875	0.00147368	0.003	0.017	237.268	100.799	60	341	
5.75	6	4	3	4	3	112	26574	112	26574	0.0030625	0.000661438	0.003	0.01	237.268	74.0718	93	285	
5.75	6	4	4	2	3	125	26600	123	25888	0.00664228	0.00751734	0.003	0.024	210.472	70.0784	177	356	
5.75	6	4	5	5	3	125	26600	113	21368	0.00541593	0.00673043	0.003	0.024	189.097	89.4186	157	436	
5.75	6	2	6	3	3	75	26500	75	26500	0.0120533	0.00377722	0.003	0.017	353.333	251.052	177	706	
5.75	6	2	7	2	3	75	26500	75	26500	0.00766667	0.00664411	0.003	0.017	353.333	97.2887	285	490	
5.75	6	2	8	5	3	75	26500	75	26500	0.00766667	0.00664411	0.003	0.017	353.333	182.713	225	610	
5.75	6	2	9	1	3	75	26500	75	26500	0.00766667	0.00664411	0.003	0.017	353.333	97.2887	285	490	
5.75	6	2	10	4	3	75	26500	75	26500	0.00766667	0.00664411	0.003	0.017	353.333	17.5594	341	378	
5.75	6	3	11	1	3	125	26600	111	20496	0.00508108	0.00630315	0.003	0.024	184.649	83.7419	157	436	
5.75	6	3	12	3	3	125	26600	125	26600	0.006136	0.00643872	0.003	0.024	212.8	71.8881	177	356	
5.75	6	3	13	2	3	125	26600	106	15276	0.00418868	0.00487582	0.003	0.024	144.113	111.215	117	596	
5.75	6	3	14	4	3	100	26550	100	26550	0.003	0	0.003	0.003	265.5	33.9451	207	285	
5.75	6	3	15	5	3	124	26598	125	26600	0.005912	0.00563545	0.003	0.017	212.8	24.4982	164	225	
5.75	6	1	16	1	3	75	26500	75	26500	0.00533333	0.00332205	0.003	0.01	353.333	91.0907	234	453	
5.75	6	1	17	2	3	100	26550	100	26550	0.00853	0.00574097	0.003	0.017	265.5	24.6337	225	285	
5.75	6	1	18	4	3	100	26550	86	18836	0.00772093	0.00699521	0.003	0.024	219.023	128.189	157	551	
5.75	6	1	19	5	3	100	26550	100	26550	0.00979	0.0051174	0.003	0.017	265.5	100.306	177	435	
5.75	6	1	20	3	3	100	26550	100	26550	0.00853	0.00574097	0.003	0.017	265.5	55.4937	177	435	
6	6.25	4	1	3	3	111	26572	111	26763	0.00918018	0.00579843	0.003	0.024	241.108	95.6245	64	435	
6	6.25	4	2	1	3	109	26568	109	26568	0.00319266	0.00149367	0.003	0.017	243.743	91.8943	4	341	
6	6.25	4	3	4	3	115	26580	115	26580	0.00330435	0.00143377	0.003	0.01	231.13	84.6195	16	285	
6	6.25	4	4	2	3	125	26600	123	26000	0.00590244	0.00639597	0.003	0.024	211.382	65.8446	177	356	
6	6.25	4	5	5	3	125	26600	116	22780	0.00541379	0.00626803	0.003	0.024	196.379	91.0298	157	436	
6	6.25	2	6	3	3	75	26500	75	26500	0.0123333	0.00332205	0.01	0.017	353.333	251.052	177	706	
6	6.25	2	7	2	3	75	26500	75	26500	0.00766667	0.00664411	0.003	0.017	353.333	97.2887	285	490	
6	6.25	2	8	5	3	75	26500	75	26500	0.00766667	0.00664411	0.003	0.017	353.333	182.713	225	610	
6	6.25	2	9	1	3	75	26500	75	26500	0.00766667	0.00664411	0.003	0.017	353.333	97.2887	285	490	
6	6.25	2	10	4	3	75	26500	75	26500	0.00766667	0.00664411	0.003	0.017	353.333	17.5594	341	378	
6	6.25	3	11	1	3	126	26602	118	23114	0.00561017	0.00658674	0.003	0.024	195.881	96.4411	137	436	
6	6.25	3	12	3	3	125	26600	125	26600	0.005744	0.00588999	0.003	0.024	212.8	71.8881	177	356	
6	6.25	3	13	2	3	133	26616	123	20656	0.0051626	0.00602097	0.003	0.024	167.935	131.339	75	596	
6	6.25	3	14	4	3	101	26552	101	26552	0.00306931	0.000696526	0.003	0.01	262.891	42.1274	16	285	
6	6.25	3	15	5	3	125	26600	125	26823	0.00552	0.00513778	0.003	0.017	214.584	28.6788	164	387	
6	6.25	1	16	1	3	75	26500	75	26500	0.00533333	0.00332205	0.003	0.01	353.333	91.0907	234	453	
6	6.25	1	17	2	3	100	26550	100	26550	0.0086	0.00571548	0.003	0.017	265.5	24.6337	225	285	
6	6.25	1	18	4	3	100	26550	88	19938	0.00785227	0.0069075	0.003	0.024	226.568	136.128	157	551	
6	6.25	1	19	5	3	100	26550	100	26550	0.00958	0.00524776	0.003	0.017	265.5	100.306	177	435	
6	6.25	1	20	3	3	100	26550	100	26550	0.0086	0.00571548	0.003	0.017	265.5	55.4937	177	435	
6.25	6.5	4	1	3	3	112	26574	113	27009	0.0090708	0.00609847	0.003	0.024	239.018	93.4333	64	435	
6.25	6.5	4	2	1	3	107	26564	107	26564	0.003	0	0.003	0.003	248.262	85.096	60	341	
6.25	6.5	4	3	4	3	117	26584	117	26584	0.00311966	0.000911255	0.003	0.01	227.214	85.4249	16	285	
6.25	6.5	4	4	2	3	125	26600	126	26956	0.00627778	0.00660744	0.003	0.024	213.937	75.8453	65	531	
6.25	6.5	4	5	5	3	127	26604	115	21528	0.00482609	0.00549204	0.003	0.024	187.2	78.8535	117	436	
6.25	6.5	2	6	3	3	75	26500	75	26500	0.01196	0.0039127	0.003	0.017	353.333	252.253	157	746	
6.25	6.5	2	7	2	3	75	26500	75	26500	0.00766667	0.00664411	0.003	0.017	353.333	97.2887	285	490	
6.25	6.5	2	8	5	3	75	26500	75	26500	0.00766667	0.00664411	0.003	0.017	353.333	182.713	225	610	
6.25	6.5	2	9	1	3	75	26500	75	26500	0.00766667	0.00664411	0.003	0.017	353.333	97.2887	285	490	
6.25	6.5	2	10	4	3	75	26500	75	26500	0.00766667	0.00664411	0.003	0.017	353.333	17.5594	341	378	
6.25	6.5	3	11	1	3	125	26600	116	22676	0.00571552	0.0068319	0.003	0.024	195.483	100.945	49	591	
6.25	6.5	3	12	3	3	124	26598	124	26598	0.00582258	0.00570985	0.003	0.024	214.5	78.0142	117	531	
6.25	6.5	3	13	2	3	128	26606	116	19454	0.00517241	0.00622097	0.003	0.024	167.707	139.524	75	638	
6.25	6.5	3	14	4	3	101	26552	101	26552	0.00320792	0.00155124	0.003	0.017	262.891	42.1274	16	285	
6.25	6.5	3	15	5	3	124	26598	124	26598	0.00582258	0.0054236	0.003	0.017	214.5	29.0999	149	387	
6.25	6.5	1	16	1	3	75	26500	75	26500	0.00533333	0.00332205	0.003	0.01	353.333	91.0907	234	453	
6.25	6.5	1	17	2	3	100	26550	99	26325	0.00872727	0.0056889	0.003	0.017	265.909	26.1585	177	315	
6.25	6.5	1	18	4	3	100	26550	87	19387	0.00782759	0.00702522	0.003	0.024	222.839	132.319	157	551	
6.25	6.5	1	19	5	3	100	26550	100	26550	0.00951	0.00528863	0.003	0.017	265.5	99.168	157	435	
6.25	6.5	1	20	3	3	100	26550	100	26550	0.00853	0.00574097	0.003	0.017	265.5	52.8075	177	315	
6.5	6.75	4	1	3	3	108	26566	106	25505	0.00933962	0.00567683	0.003	0.024	240.613	91.7405	64	435	
6.5	6.75	4	2	1	3	110	26570	110	26570	0.003	0	0.003	0.003	241.545	93.2396	60	341	
6.5	6.75	4	3	4	3	113	26576	113	26576	0.00343363	0.00169493	0.003	0.01	235.186	78.452	16	285	
6.5	6.75	4	4	2	3	124	26598	121	25653	0.00612397	0.00645054	0.003	0.024	212.008	82.9478	65	531	
6.5	6.75	4	5	5	3	128	26606	121	23554	0.00554545	0.00664078	0.003	0.024	194.661	89.3876	157	436	
6.5	6.75	2	6	3	3	75	26500	74	25794	0.0119865	0.00375807	0.003	0.017	348.568	249.327	177	706	
6.5	6.75	2	7	2	3	75	26500	75	26500	0.00766667	0.00664411	0.003	0.017	353.333	97.2887	285	490	
6.5	6.75	2	8	5	3	75	26500	75	26500	0.00766667	0.00664411	0.003	0.017	353.333	182.713	225	610	
6.5	6.75	2	9	1	3	75	26500	75	26500	0.00766667	0.00664411	0.003	0.017	353.333	97.2887	285	490	
6.5	6.75	2	10	4	3	75	26500	75	26500	0.00766667	0.00664411	0.003	0.017	353.333	17.5594	341	378	
6.5	6.75	3	11	1	3	125	26600	115	21930	0.00537391	0.00614226	0.003	0.024	190.696	91.1941	49	436	
6.5	6.75	3	12	3	3	125	26600	125	26600	0.005464	0.00512669	0.003	0.017	212.8	70.7264	177	356	
6.5	6.75	3	13	2	3	130	26610	117	19341	0.00491453	0.00578579	0.003	0.024	165.308	126.694	75	711	
6.5	6.75	3	14	4	3	101	26552	101	26552	0.00320792	0.00155124	0.003	0.017	262.891	42.1274	16	285	
6.5	6.75	3	15	5	3	126	26602	125	26377	0.005464	0.00512669	0.003	0.017	211.016	30.3076	17	225	
6.5	6.75	1	16	1	3	75	26500	75	26500	0.00552	0.00338263	0.003	0.01	353.333	93.6538	154	453	
6.5	6.75	1	17	2	3	100	26550	101	26775	0.00861386	0.00568853	0.003	0.017	265.099	24.8393	225	285	
6.5	6.75	1	18	4	3	100	26550	89	20489	0.00803371	0.00707821	0.003	0.024	230.213	139.652	157	551	
6.5	6.75	1	19	5	3	100	26550	100	26550	0.00979	0.0051174	0.003	0.017	265.5	98.8456	177	435	
6.5	6.75	1	20	3	3	100	26550	100	26550	0.00853	0.00574097	0.003	0.017	265.5	52.8075	177	315	
6.75	7	4	1	3	3	104	26558	104	26558	0.0101346	0.00624431	0.003	0.024	255.365	97.9912	64	435	
6.75	7	4	2	1	3	109	26568	109	26568	0.003	0	0.003	0.003	243.743	92.8095	60	341	
6.75	7	4	3	4	3	113	26576	113	26576	0.00374336	0.00270508	0.003	0.017	235.186	78.452	16	285	
6.75	7	4	4	2	3	124	26598	123	26063	0.00647154	0.00724662	0.003	0.024	211.894	72.379	177	531	
6.75	7	4	5	5	3	125	26600	114	21804	0.00539474	0.00650747	0.003	0.024	191.263	88.5037	157	436	
6.75	7	2	6	3	3	75	26500	75	26500	0.0120533	0.00377722	0.003	0.017	353.333	251.052	177	706	
6.75	7	2	7	2	3	75	26500	75	26500	0.00766667	0.00664411	0.003	0.017	353.333	97.2887	285	490	
6.75	7	2	8	5	3	75	26500	75	26500	0.00766667	0.00664411	0.003	0.017	353.333	182.713	225	610	
6.75	7	2	9	1	3	75	26500	75	26500	0.00766667	0.00664411	0.003	0.017	353.333	97.2887	285	490	
6.75	7	2	10	4	3	75	26500	75	26500	0.00766667	0.00664411	0.003	0.017	353.333	17.5594	341	378	
6.75	7	3	11	1	3	125	26600	113	21368	0.00541593	0.00673043	0.003	0.024	189.097	89.4186	157	436	
6.75	7	3	12	3	3	125	26600	125	26600	0.006024	0.0061807	0.003	0.024	212.8	71.8881	177	356	
6.75	7	3	13	2	3	126	26602	104	14084	0.00380769	0.00405802	0.003	0.024	135.423	92.5615	117	596	
6.75	7	3	14	4	3	100	26550	100	26550	0.00307	0.0007	0.003	0.01	265.5	33.9451	207	285	
6.75	7	3	15	5	3	124	26598	124	26598	0.00587903	0.0056462	0.003	0.017	214.5	28.7797	164	387	
6.75	7	1	16	1	3	75	26500	75	26500	0.00533333	0.00332205	0.003	0.01	353.333	91.0907	234	453	
6.75	7	1	17	2	3	100	26550	100	26550	0.00846	0.00576548	0.003	0.017	265.5	24.6337	225	285	
6.75	7	1	18	4	3	100	26550	87	19387	0.00790804	0.00717008	0.003	0.024	222.839	132.319	157	551	
6.75	7	1	19	5	3	100	26550	100	26550	0.00979	0.0051174	0.003	0.017	265.5	100.306	177	435	
6.75	7	1	20	3	3	100	26550	100	26550	0.00853	0.00574097	0.003	0.017	265.5	60.5092	177	435	
7	7.25	4	1	3	3	107	26564	107	26564	0.00954206	0.00579082	0.003	0.024	248.262	95.8602	64	435	
7	7.25	4	2	1	3	110	26570	110	26570	0.003	0	0.003	0.003	241.545	94.1007	60	341	
7	7.25	4	3	4	3	114	26578	114	26578	0.00330702	0.00143981	0.003	0.01	233.14	79.9602	16	285	
7	7.25	4	4	2	3	125	26600	125	26600	0.006416	0.00703469	0.003	0.024	212.8	68.7278	177	356	
7	7.25	4	5	5	3	125	26600	116	22676	0.00559483	0.00662666	0.003	0.024	195.483	92.2773	157	436	
7	7.25	2	6	3	3	75	26500	75	26500	0.0120533	0.00377722	0.003	0.017	353.333	251.052	177	706	
7	7.25	2	7	2	3	75	26500	75	26500	0.00766667	0.00664411	0.003	0.017	353.333	97.2887	285	490	
7	7.25	2	8	5	3	75	26500	75	26500	0.00766667	0.00664411	0.003	0.017	353.333	182.713	225	610	
7	7.25	2	9	1	3	75	26500	75	26500	0.00766667	0.00664411	0.003	0.017	353.333	97.2887	285	490	
7	7.25	2	10	4	3	75	26500	75	26500	0.00766667	0.00664411	0.003	0.017	353.333	17.5594	341	378	
7	7.25	3	11	1	3	125	26600	114	21804	0.00539474	0.00650747	0.003	0.024	191.263	91.9764	157	436	
7	7.25	3	12	3	3	125	26600	125	26600	0.005744	0.00568516	0.003	0.024	212.8	71.8881	177	356	
7	7.25	3	13	2	3	127	26604	113	17666	0.00461062	0.00537427	0.003	0.024	156.336	120.638	117	596	
7	7.25	3	14	4	3	100	26550	100	26550	0.003	0	0.003	0.003	265.5	33.9451	207	285	
7	7.25	3	15	5	3	125	26600	126	26825	0.00572222	0.00538389	0.003	0.017	212.897	24.4242	164	225	
7	7.25	1	16	1	3	75	26500	75	26500	0.00533333	0.00332205	0.003	0.01	353.333	91.0907	234	453	
7	7.25	1	17	2	3	100	26550	100	26550	0.00839	0.00578904	0.003	0.017	265.5	24.6337	225	285	
7	7.25	1	18	4	3	100	26550	88	19938	0.00801136	0.00719434	0.003	0.024	226.568	136.128	157	551	
7	7.25	1	19	5	3	100	26550	100	26550	0.00965	0.00520562	0.003	0.017	265.5	100.306	177	435	
7	7.25	1	20	3	3	100	26550	100	26550	0.00853	0.00574097	0.003	0.017	265.5	55.4937	177	435	
7.25	7.5	4	1	3	3	104	26558	104	26558	0.0102692	0.00623991	0.003	0.024	255.365	99.4674	64	435	
7.25	7.5	4	2	1	3	110	26570	110	26570	0.003	0	0.003	0.003	241.545	95.3051	60	341	
7.25	7.5	4	3	4	3	113	26576	113	26576	0.00368141	0.00246861	0.003	0.017	235.186	77.5708	16	285	
7.25	7.5	4	4	2	3	124	26598	124	26598	0.0066129	0.00738677	0.003	0.024	214.5	75.027	177	531	
7.25	7.5	4	5	5	3	125	26600	113	21420	0.00523009	0.00636257	0.003	0.024	189.558	88.1987	157	436	
7.25	7.5	2	6	3	3	75	26500	75	26500	0.01224	0.00348293	0.003	0.017	353.333	251.052	177	706	
7.25	7.5	2	7	2	3	75	26500	75	26500	0.00766667	0.00664411	0.003	0.017	353.333	97.2887	285	490	
7.25	7.5	2	8	5	3	75	26500	75	26500	0.00766667	0.00664411	0.003	0.017	353.333	182.713	225	610	
7.25	7.5	2	9	1	3	75	26500	75	26500	0.00766667	0.00664411	0.003	0.017	353.333	97.2887	285	490	
7.25	7.5	2	10	4	3	75	26500	75	26500	0.00766667	0.00664411	0.003	0.017	353.333	17.5594	341	378	
7.25	7.5	3	11	1	3	126	26602	111	20062	0.00445045	0.00482369	0.003	0.024	180.739	79.9719	49	436	
7.25	7.5	3	12	3	3	125	26600	125	26600	0.005632	0.00559887	0.003	0.024	212.8	71.8881	177	356	
7.25	7.5	3	13	2	3	131	26612	111	14987	0.00369369	0.00326355	0.003	0.024	135.018	54.5764	117	301	
7.25	7.5	3	14	4	3	100	26550	100	26550	0.00307	0.0007	0.003	0.01	265.5	33.9451	207	285	
7.25	7.5	3	15	5	3	125	26600	125	26600	0.00552	0.00513778	0.003	0.017	212.8	24.4982	164	225	
7.25	7.5	1	16	1	3	75	26500	75	26500	0.00533333	0.00332205	0.003	0.01	353.333	91.0907	234	453	
7.25	7.5	1	17	2	3	100	26550	100	26550	0.00832	0.00581166	0.003	0.017	265.5	24.6337	225	285	
7.25	7.5	1	18	4	3	100	26550	88	19938	0.00793182	0.00705283	0.003	0.024	226.568	136.128	157	551	
7.25	7.5	1	19	5	3	100	26550	100	26550	0.00986	0.00507125	0.003	0.017	265.5	100.306	177	435	
7.25	7.5	1	20	3	3	100	26550	100	26550	0.00839	0.00578904	0.003	0.017	265.5	58.0556	177	435	
7.5	7.75	4	1	3	3	102	26554	102	26554	0.0102745	0.00622381	0.003	0.024	260.333	98.0738	64	435	
7.5	7.75	4	2	1	3	110	26570	110	26570	0.00319091	0.00148692	0.003	0.017	241.545	95.6065	60	341	
7.5	7.75	4	3	4	3	113	26576	113	26576	0.00312389	0.000927099	0.003	0.01	235.186	77.5708	16	285	
7.5	7.75	4	4	2	3	127	26604	126	26073	0.00633333	0.00723215	0.003	0.024	206.929	71.4208	9	356	
7.5	7.75	4	5	5	3	128	26606	112	19781	0.0041875	0.00478084	0.003	0.024	176.616	69.3204	101	436	
7.5	7.75	2	6	3	3	75	26500	73	25088	0.0119178	0.00373703	0.003	0.017	343.671	247.444	177	706	
7.5	7.75	2	7	2	3	75	26500	75	26500	0.00766667	0.00664411	0.003	0.017	353.333	97.2887	285	490	
7.5	7.75	2	8	5	3	75	26500	75	26500	0.00766667	0.00664411	0.003	0.017	353.333	182.713	225	610	
7.5	7.75	2	9	1	3	75	26500	75	26500	0.00766667	0.00664411	0.003	0.017	353.333	97.2887	285	490	
7.5	7.75	2	10	4	3	75	26500	75	26500	0.00766667	0.00664411	0.003	0.017	353.333	17.5594	341	378	
7.5	7.75	3	11	1	3	128	26606	116	21374	0.00499138	0.00596875	0.003	0.024	184.259	83.4046	49	436	
7.5	7.75	3	12	3	3	125	26600	125	26600	0.005912	0.0061066	0.003	0.024	212.8	71.8881	177	356	
7.5	7.75	3	13	2	3	131	26612	114	16553	0.00404386	0.00448871	0.003	0.024	145.202	103.946	75	596	
7.5	7.75	3	14	4	3	102	26554	102	26554	0.00306863	0.000693103	0.003	0.01	260.333	48.698	16	285	
7.5	7.75	3	15	5	3	126	26602	126	26602	0.00572222	0.00538389	0.003	0.017	211.127	30.0461	17	225	
7.5	7.75	1	16	1	3	75	26500	75	26500	0.00533333	0.00332205	0.003	0.01	353.333	91.0907	234	453	
7.5	7.75	1	17	2	3	99	26548	99	26548	0.00872727	0.0056889	0.003	0.017	268.162	33.2172	225	490	
7.5	7.75	1	18	4	3	100	26550	87	19387	0.00774713	0.00687635	0.003	0.024	222.839	132.319	157	551	
7.5	7.75	1	19	5	3	100	26550	100	26550	0.01	0.00497468	0.003	0.017	265.5	100.306	177	435	
7.5	7.75	1	20	3	3	99	26548	99	26548	0.00865656	0.00571636	0.003	0.017	268.162	59.2721	177	490	
7.75	8	4	1	3	3	103	26556	104	26991	0.0101346	0.00609003	0.003	0.024	259.529	101.511	64	435	
7.75	8	4	2	1	3	112	26574	112	26574	0.0031875	0.00147368	0.003	0.017	237.268	100.698	4	341	
7.75	8	4	3	4	3	111	26572	111	26572	0.00331531	0.0017372	0.003	0.017	239.387	73.1943	16	285	
7.75	8	4	4	2	3	123	26596	121	26059	0.00664463	0.00740254	0.003	0.024	215.364	81.9201	177	531	
7.75	8	4	5	5	3	125	26600	115	22240	0.00567826	0.00697432	0.003	0.024	193.391	93.2695	157	436	
7.75	8	2	6	3	3	75	26500	75	26500	0.01224	0.00348293	0.003	0.017	353.333	251.052	177	706	
7.75	8	2	7	2	3	75	26500	75	26500	0.00766667	0.00664411	0.003	0.017	353.333	97.2887	285	490	
7.75	8	2	8	5	3	75	26500	75	26500	0.00766667	0.00664411	0.003	0.017	353.333	182.713	225	610	
7.75	8	2	9	1	3	75	26500	75	26500	0.00766667	0.00664411	0.003	0.017	353.333	97.2887	285	490	
7.75	8	2	10	4	3	75	26500	75	26500	0.00757333	0.00655986	0.003	0.017	353.333	17.5594	341	378	
7.75	8	3	11	1	3	125	26600	112	20932	0.00525	0.00652438	0.003	0.024	186.893	86.6811	157	436	
7.75	8	3	12	3	3	125	26600	124	26244	0.00593548	0.0061257	0.003	0.024	211.645	71.006	177	356	
7.75	8	3	13	2	3	125	26600	107	15872	0.00437383	0.00521703	0.003	0.024	148.336	118.998	117	596	
7.75	8	3	14	4	3	100	26550	100	26550	0.003	0	0.003	0.003	265.5	33.9451	207	285	
7.75	8	3	15	5	3	121	26592	121	26592	0.00612397	0.00571193	0.003	0.017	219.769	38.7089	164	387	
7.75	8	1	16	1	3	75	26500	75	26500	0.00533333	0.00332205	0.003	0.01	353.333	91.0907	234	453	
7.75	8	1	17	2	3	100	26550	100	26550	0.00839	0.00578904	0.003	0.017	265.5	24.6337	225	285	
7.75	8	1	18	4	3	100	26550	87	19387	0.00790804	0.00717008	0.003	0.024	222.839	132.319	157	551	
7.75	8	1	19	5	3	100	26550	101	26727	0.00986139	0.00504585	0.003	0.017	264.624	100.191	177	435	
7.75	8	1	20	3	3	99	26548	98	26371	0.00871428	0.00571668	0.003	0.017	269.092	61.3168	177	490	
8	8.25	4	1	3	3	105	26560	105	26883	0.0100667	0.0062531	0.003	0.024	256.029	98.5435	64	435	
8	8.25	4	2	1	3	110	26570	110	26570	0.00306364	0.000667424	0.003	0.01	241.545	95.4828	60	341	
8	8.25	4	3	4	3	112	26574	112	26574	0.0035	0.00204014	0.003	0.017	237.268	75.0025	16	285	
8	8.25	4	4	2	3	123	26596	123	26887	0.00686992	0.00734731	0.003	0.024	218.593	90.6037	65	531	
8	8.25	4	5	5	3	128	26606	118	22557	0.00525424	0.00646382	0.003	0.024	191.161	88.0391	157	436	
8	8.25	2	6	3	3	75	26500	74	25794	0.0120811	0.00361412	0.003	0.017	348.568	249.327	177	706	
8	8.25	2	7	2	3	75	26500	75	26500	0.00766667	0.00664411	0.003	0.017	353.333	97.2887	285	490	
8	8.25	2	8	5	3	75	26500	75	26500	0.00766667	0.00664411	0.003	0.017	353.333	182.713	225	610	
8	8.25	2	9	1	3	75	26500	75	26500	0.00766667	0.00664411	0.003	0.017	353.333	97.2887	285	490	
8	8.25	2	10	4	3	75	26500	75	26500	0.00766667	0.00664411	0.003	0.017	353.333	17.5594	341	378	
8	8.25	3	11	1	3	127	26604	115	21372	0.00488696	0.00558784	0.003	0.024	185.843	86.2067	49	436	
8	8.25	3	12	3	3	125	26600	125	26600	0.005688	0.00574655	0.003	0.024	212.8	71.8881	177	356	
8	8.25	3	13	2	3	130	26610	111	16313	0.00394594	0.0040583	0.003	0.024	146.964	94.9195	75	596	
8	8.25	3	14	4	3	101	26552	101	26552	0.00334653	0.00181899	0.003	0.017	262.891	42.1274	16	285	
8	8.25	3	15	5	3	126	26602	126	26749	0.00544444	0.00511086	0.003	0.017	212.294	25.0532	149	225	
8	8.25	1	16	1	3	75	26500	75	26500	0.00533333	0.00332205	0.003	0.01	353.333	91.0907	234	453	
8	8.25	1	17	2	3	100	26550	100	26550	0.00839	0.00578904	0.003	0.017	265.5	24.6337	225	285	
8	8.25	1	18	4	3	100	26550	85	18285	0.00728235	0.00630686	0.003	0.024	215.118	123.696	157	551	
8	8.25	1	19	5	3	99	26548	99	26373	0.00964646	0.00523199	0.003	0.017	266.394	98.9415	177	435	
8	8.25	1	20	3	3	100	26550	101	26727	0.0089604	0.00554603	0.003	0.017	264.624	58.432	177	435	
8.25	8.5	4	1	3	3	112	26574	111	25816	0.00899099	0.00540958	0.003	0.024	232.577	89.3767	64	435	
8.25	8.5	4	2	1	3	108	26566	108	26566	0.003	0	0.003	0.003	245.981	88.1861	60	341	
8.25	8.5	4	3	4	3	116	26582	116	26582	0.00348276	0.00178146	0.003	0.01	229.155	85.0674	16	285	
8.25	8.5	4	4	2	3	123	26596	121	25951	0.00606611	0.00605494	0.003	0.024	214.471	75.3441	65	531	
8.25	8.5	4	5	5	3	125	26600	117	22905	0.00551282	0.00639857	0.003	0.024	195.769	89.5898	157	436	
8.25	8.5	2	6	3	3	75	26500	75	26500	0.01196	0.0039127	0.003	0.017	353.333	251.052	177	706	
8.25	8.5	2	7	2	3	75	26500	75	26500	0.00766667	0.00664411	0.003	0.017	353.333	97.2887	285	490	
8.25	8.5	2	8	5	3	75	26500	75	26500	0.00766667	0.00664411	0.003	0.017	353.333	182.713	225	610	
8.25	8.5	2	9	1	3	75	26500	75	26500	0.00766667	0.00664411	0.003	0.017	353.333	97.2887	285	490	
8.25	8.5	2	10	4	3	75	26500	75	26500	0.00766667	0.00664411	0.003	0.017	353.333	17.5594	341	378	
8.25	8.5	3	11	1	3	127	26604	116	21808	0.00505172	0.00583966	0.003	0.024	188	91.061	49	436	
8.25	8.5	3	12	3	3	125	26600	124	26244	0.00570968	0.00596845	0.003	0.024	211.645	71.006	177	356	
8.25	8.5	3	13	2	3	131	26612	119	19755	0.00494118	0.00575826	0.003	0.024	166.008	127.339	117	596	
8.25	8.5	3	14	4	3	100	26550	100	26550	0.00328	0.00170015	0.003	0.017	265.5	33.9451	207	285	
8.25	8.5	3	15	5	3	125	26600	125	26453	0.005576	0.00514823	0.003	0.017	211.624	29.8117	17	225	
8.25	8.5	1	16	1	3	75	26500	75	26500	0.00533333	0.00332205	0.003	0.01	353.333	91.0907	234	453	
8.25	8.5	1	17	2	3	100	26550	100	26550	0.00825	0.00583333	0.003	0.017	265.5	24.6337	225	285	
8.25	8.5	1	18	4	3	100	26550	86	18836	0.00739535	0.00635662	0.003	0.024	219.023	128.189	157	551	
8.25	8.5	1	19	5	3	100	26550	100	26725	0.00958	0.00524776	0.003	0.017	267.25	103.324	177	610	
8.25	8.5	1	20	3	3	100	26550	99	26373	0.00865656	0.00571636	0.003	0.017	266.394	55.0476	177	435	
8.5	8.75	4	1	3	3	108	26566	108	26566	0.00941667	0.00590916	0.003	0.024	245.981	96.2976	64	435	
8.5	8.75	4	2	1	3	109	26568	109	26568	0.003	0	0.003	0.003	243.743	91.5608	60	341	
8.5	8.75	4	3	4	3	116	26582	116	26582	0.00312069	0.00091514	0.003	0.01	229.155	84.2766	16	285	
8.5	8.75	4	4	2	3	121	26592	121	26238	0.00658678	0.00676963	0.003	0.024	216.843	78.9573	177	531	
8.5	8.75	4	5	5	3	125	26600	110	20216	0.00459091	0.00516391	0.003	0.024	183.782	77.8382	157	436	
8.5	8.75	2	6	3	3	75	26500	75	26500	0.0121467	0.00363427	0.003	0.017	353.333	251.052	177	706	
8.5	8.75	2	7	2	3	75	26500	75	26500	0.00766667	0.00664411	0.003	0.017	353.333	97.2887	285	490	
8.5	8.75	2	8	5	3	75	26500	75	26500	0.00766667	0.00664411	0.003	0.017	353.333	182.713	225	610	
8.5	8.75	2	9	1	3	75	26500	75	26500	0.00766667	0.00664411	0.003	0.017	353.333	97.2887	285	490	
8.5	8.75	2	10	4	3	75	26500	75	26500	0.00766667	0.00664411	0.003	0.017	353.333	17.5594	341	378	
8.5	8.75	3	11	1	3	125	26600	112	20932	0.00525	0.00652438	0.003	0.024	186.893	86.6811	157	436	
8.5	8.75	3	12	3	3	125	26600	125	26600	0.005912	0.00590928	0.003	0.024	212.8	71.8881	177	356	
8.5	8.75	3	13	2	3	125	26600	107	15872	0.00437383	0.00521703	0.003	0.024	148.336	118.998	117	596	
8.5	8.75	3	14	4	3	100	26550	100	26550	0.00321	0.00155891	0.003	0.017	265.5	33.9451	207	285	
8.5	8.75	3	15	5	3	125	26600	125	26600	0.0058	0.00562254	0.003	0.017	212.8	24.4982	164	225	
8.5	8.75	1	16	1	3	75	26500	75	26500	0.00533333	0.00332205	0.003	0.01	353.333	91.0907	234	453	
8.5	8.75	1	17	2	3	100	26550	100	26550	0.00839	0.00578904	0.003	0.017	265.5	24.6337	225	285	
8.5	8.75	1	18	4	3	100	26550	90	21040	0.00844444	0.00762331	0.003	0.024	233.778	142.923	157	551	
8.5	8.75	1	19	5	3	100	26550	99	26373	0.00964646	0.00523199	0.003	0.017	266.394	98.9415	177	435	
8.5	8.75	1	20	3	3	100	26550	101	26727	0.00854455	0.00571406	0.003	0.017	264.624	53.2757	177	315	
8.75	9	4	1	3	3	104	26558	104	26857	0.0102019	0.00628047	0.003	0.024	258.24	98.6359	64	435	
8.75	9	4	2	1	3	111	26572	111	26572	0.003	0	0.003	0.003	239.387	97.0643	60	341	
8.75	9	4	3	4	3	113	26576	112	26460	0.0034375	0.00194418	0.003	0.017	236.25	77.0864	16	285	
8.75	9	4	4	2	3	122	26594	121	26059	0.00658678	0.00688921	0.003	0.024	215.364	82.2158	177	531	
8.75	9	4	5	5	3	125	26600	114	21856	0.00545614	0.00664943	0.003	0.024	191.719	90.7906	157	436	
8.75	9	2	6	3	3	75	26500	75	26500	0.0120533	0.00377722	0.003	0.017	353.333	251.052	177	706	
8.75	9	2	7	2	3	75	26500	75	26500	0.00766667	0.00664411	0.003	0.017	353.333	97.2887	285	490	
8.75	9	2	8	5	3	75	26500	75	26500	0.00766667	0.00664411	0.003	0.017	353.333	182.713	225	610	
8.75	9	2	9	1	3	75	26500	75	26500	0.00766667	0.00664411	0.003	0.017	353.333	97.2887	285	490	
8.75	9	2	10	4	3	75	26500	75	26500	0.00766667	0.00664411	0.003	0.017	353.333	17.5594	341	378	
8.75	9	3	11	1	3	125	26600	112	20932	0.00525	0.00652438	0.003	0.024	186.893	86.6811	157	436	
8.75	9	3	12	3	3	125	26600	125	26600	0.005856	0.00576796	0.003	0.024	212.8	71.8881	177	356	
8.75	9	3	13	2	3	125	26600	105	14680	0.004	0.00449359	0.003	0.024	139.81	102.497	117	596	
8.75	9	3	14	4	3	100	26550	100	26550	0.00314	0.000984937	0.003	0.01	265.5	33.9451	207	285	
8.75	9	3	15	5	3	125	26600	125	26600	0.005856	0.00562928	0.003	0.017	212.8	24.4982	164	225	
8.75	9	1	16	1	3	75	26500	75	26500	0.00533333	0.00332205	0.003	0.01	353.333	91.0907	234	453	
8.75	9	1	17	2	3	100	26550	100	26550	0.00832	0.00581166	0.003	0.017	265.5	24.6337	225	285	
8.75	9	1	18	4	3	100	26550	87	19387	0.00790804	0.00717008	0.003	0.024	222.839	132.319	157	551	
8.75	9	1	19	5	3	100	26550	100	26550	0.00965	0.00520562	0.003	0.017	265.5	100.306	177	435	
8.75	9	1	20	3	3	100	26550	100	26550	0.00846	0.00576548	0.003	0.017	265.5	55.4937	177	435	
9	9.25	4	1	3	3	110	26570	110	26271	0.00917273	0.00574673	0.003	0.024	238.827	89.9788	64	435	
9	9.25	4	2	1	3	106	26562	106	26562	0.003	0	0.003	0.003	250.585	82.6305	60	341	
9	9.25	4	3	4	3	113	26576	114	26692	0.00398246	0.00292678	0.003	0.017	234.14	80.7479	16	299	
9	9.25	4	4	2	3	125	26600	125	26600	0.006248	0.00668491	0.003	0.024	212.8	69.3792	65	475	
9	9.25	4	5	5	3	127	26604	116	21964	0.00493103	0.00558371	0.003	0.024	189.345	80.6951	157	436	
9	9.25	2	6	3	3	75	26500	75	26500	0.01224	0.00348293	0.003	0.017	353.333	251.052	177	706	
9	9.25	2	7	2	3	75	26500	75	26500	0.00766667	0.00664411	0.003	0.017	353.333	97.2887	285	490	
9	9.25	2	8	5	3	75	26500	75	26500	0.00766667	0.00664411	0.003	0.017	353.333	182.713	225	610	
9	9.25	2	9	1	3	75	26500	75	26500	0.00766667	0.00664411	0.003	0.017	353.333	97.2887	285	490	
9	9.25	2	10	4	3	75	26500	75	26500	0.00766667	0.00664411	0.003	0.017	353.333	17.5594	341	378	
9	9.25	3	11	1	3	126	26602	116	22242	0.00547414	0.0066089	0.003	0.024	191.741	93.959	49	436	
9	9.25	3	12	3	3	125	26600	125	26600	0.005688	0.00553641	0.003	0.024	212.8	71.8881	177	356	
9	9.25	3	13	2	3	128	26606	115	18858	0.00494783	0.00590397	0.003	0.024	163.983	132.78	117	596	
9	9.25	3	14	4	3	100	26550	100	26550	0.00328	0.00170015	0.003	0.017	265.5	33.9451	207	285	
9	9.25	3	15	5	3	124	26598	124	26598	0.00576613	0.00541619	0.003	0.017	214.5	28.7797	164	387	
9	9.25	1	16	1	3	75	26500	75	26500	0.00533333	0.00332205	0.003	0.01	353.333	91.0907	234	453	
9	9.25	1	17	2	3	100	26550	99	26325	0.00858586	0.0057428	0.003	0.017	265.909	24.4152	225	285	
9	9.25	1	18	4	3	100	26550	89	20489	0.00803371	0.00707821	0.003	0.024	230.213	139.652	157	551	
9	9.25	1	19	5	3	99	26548	99	26548	0.00992929	0.00504925	0.003	0.017	268.162	103.445	177	610	
9	9.25	1	20	3	3	100	26550	100	26550	0.00867	0.005689	0.003	0.017	265.5	62.8671	177	435	
9.25	9.5	4	1	3	3	102	26554	102	26554	0.0104118	0.00629372	0.003	0.024	260.333	100.009	64	435	
9.25	9.5	4	2	1	3	111	26572	111	26572	0.003	0	0.003	0.003	239.387	97.6447	60	341	
9.25	9.5	4	3	4	3	112	26574	112	26574	0.0035	0.00224612	0.003	0.017	237.268	75.0025	16	285	
9.25	9.5	4	4	2	3	123	26596	123	26596	0.00686992	0.00756281	0.003	0.024	216.228	80.1906	177	531	
9.25	9.5	4	5	5	3	125	26600	110	20060	0.00484545	0.00589695	0.003	0.024	182.364	79.2185	157	436	
9.25	9.5	2	6	3	3	75	26500	75	26500	0.0121467	0.00363427	0.003	0.017	353.333	251.052	177	706	
9.25	9.5	2	7	2	3	75	26500	75	26500	0.00766667	0.00664411	0.003	0.017	353.333	97.2887	285	490	
9.25	9.5	2	8	5	3	75	26500	75	26500	0.00766667	0.00664411	0.003	0.017	353.333	182.713	225	610	
9.25	9.5	2	9	1	3	75	26500	75	26500	0.00766667	0.00664411	0.003	0.017	353.333	97.2887	285	490	
9.25	9.5	2	10	4	3	75	26500	75	26500	0.00766667	0.00664411	0.003	0.017	353.333	17.5594	341	378	
9.25	9.5	3	11	1	3	125	26600	110	20060	0.00490909	0.00606471	0.003	0.024	182.364	80.5739	157	436	
9.25	9.5	3	12	3	3	125	26600	125	26600	0.00608	0.00631128	0.003	0.024	212.8	71.8881	177	356	
9.25	9.5	3	13	2	3	125	26600	105	14680	0.004	0.00449359	0.003	0.024	139.81	102.497	117	596	
9.25	9.5	3	14	4	3	100	26550	100	26550	0.003	0	0.003	0.003	265.5	33.9451	207	285	
9.25	9.5	3	15	5	3	125	26600	125	26600	0.0058	0.00562254	0.003	0.017	212.8	24.4982	164	225	
9.25	9.5	1	16	1	3	75	26500	75	26500	0.00533333	0.00332205	0.003	0.01	353.333	91.0907	234	453	
9.25	9.5	1	17	2	3	100	26550	101	26775	0.00833663	0.00578494	0.003	0.017	265.099	24.8393	225	285	
9.25	9.5	1	18	4	3	100	26550	85	18285	0.00752941	0.00680614	0.003	0.024	215.118	123.696	157	551	
9.25	9.5	1	19	5	3	100	26550	100	26550	0.00965	0.00520562	0.003	0.017	265.5	100.306	177	435	
9.25	9.5	1	20	3	3	100	26550	100	26550	0.00846	0.00576548	0.003	0.017	265.5	58.0556	177	435	
9.5	9.75	4	1	3	3	106	26562	106	26562	0.00973585	0.0060274	0.003	0.024	250.585	97.2463	64	435	
9.5	9.75	4	2	1	3	110	26570	110	26570	0.003	0	0.003	0.003	241.545	94.1007	60	341	
9.5	9.75	4	3	4	3	113	26576	113	26576	0.00355752	0.00231817	0.003	0.017	235.186	79.3235	16	285	
9.5	9.75	4	4	2	3	123	26596	123	26596	0.00669919	0.00718826	0.003	0.024	216.228	78.0499	177	531	
9.5	9.75	4	5	5	3	125	26600	111	20600	0.00482883	0.00564056	0.003	0.024	185.586	81.1139	157	436	
9.5	9.75	2	6	3	3	75	26500	75	26500	0.0123333	0.00332205	0.01	0.017	353.333	251.052	177	706	
9.5	9.75	2	7	2	3	75	26500	75	26500	0.00766667	0.00664411	0.003	0.017	353.333	97.2887	285	490	
9.5	9.75	2	8	5	3	75	26500	75	26500	0.00766667	0.00664411	0.003	0.017	353.333	182.713	225	610	
9.5	9.75	2	9	1	3	75	26500	75	26500	0.00766667	0.00664411	0.003	0.017	353.333	97.2887	285	490	
9.5	9.75	2	10	4	3	75	26500	75	26500	0.00766667	0.00664411	0.003	0.017	353.333	17.5594	341	378	
9.5	9.75	3	11	1	3	125	26600	114	21804	0.00539474	0.00650747	0.003	0.024	191.263	91.9764	157	436	
9.5	9.75	3	12	3	3	125	26600	125	26600	0.005856	0.00596996	0.003	0.024	212.8	71.8881	177	356	
9.5	9.75	3	13	2	3	129	26608	110	16173	0.00414545	0.00459923	0.003	0.024	147.027	105.489	117	596	
9.5	9.75	3	14	4	3	100	26550	100	26550	0.003	0	0.003	0.003	265.5	33.9451	207	285	
9.5	9.75	3	15	5	3	123	26596	123	26596	0.00595935	0.00545232	0.003	0.017	216.228	32.4676	164	387	
9.5	9.75	1	16	1	3	75	26500	75	26500	0.00533333	0.00332205	0.003	0.01	353.333	91.0907	234	453	
9.5	9.75	1	17	2	3	100	26550	100	26550	0.00853	0.00574097	0.003	0.017	265.5	24.6337	225	285	
9.5	9.75	1	18	4	3	100	26550	87	19387	0.00782759	0.00702522	0.003	0.024	222.839	132.319	157	551	
9.5	9.75	1	19	5	3	100	26550	100	26550	0.00979	0.0051174	0.003	0.017	265.5	100.306	177	435	
9.5	9.75	1	20	3	3	100	26550	100	26550	0.00839	0.00578904	0.003	0.017	265.5	58.0556	177	435	
9.75	10	4	1	3	3	110	26570	110	26570	0.00949091	0.00604986	0.003	0.024	241.545	92.4555	64	435	
9.75	10	4	2	1	3	109	26568	109	26568	0.00306422	0.000670478	0.003	0.01	243.743	91.5608	60	341	
9.75	10	4	3	4	3	114	26578	114	26578	0.00361403	0.00219617	0.003	0.017	233.14	81.6468	16	285	
9.75	10	4	4	2	3	127	26604	126	26248	0.00616667	0.00694982	0.003	0.024	208.317	64.7533	125	356	
9.75	10	4	5	5	3	127	26604	115	21528	0.00488696	0.00566424	0.003	0.024	187.2	79.9143	157	436	
9.75	10	2	6	3	3	75	26500	75	26500	0.0120533	0.00377722	0.003	0.017	353.333	251.052	177	706	
9.75	10	2	7	2	3	75	26500	75	26500	0.00766667	0.00664411	0.003	0.017	353.333	97.2887	285	490	
9.75	10	2	8	5	3	75	26500	75	26500	0.00766667	0.00664411	0.003	0.017	353.333	182.713	225	610	
9.75	10	2	9	1	3	75	26500	75	26500	0.00766667	0.00664411	0.003	0.017	353.333	97.2887	285	490	
9.75	10	2	10	4	3	75	26500	75	26500	0.00766667	0.00664411	0.003	0.017	353.333	17.5594	341	378	
9.75	10	3	11	1	3	126	26602	114	21370	0.00514912	0.00618624	0.003	0.024	187.456	88.9385	49	436	
9.75	10	3	12	3	3	125	26600	125	26600	0.005856	0.00590339	0.003	0.024	212.8	71.8881	177	356	
9.75	10	3	13	2	3	127	26604	112	17070	0.0044375	0.00507206	0.003	0.024	152.411	113.7	117	596	
9.75	10	3	14	4	3	100	26550	100	26550	0.00307	0.0007	0.003	0.01	265.5	33.9451	207	285	
9.75	10	3	15	5	3	125	26600	125	26600	0.005632	0.00538297	0.003	0.017	212.8	24.4982	164	225	
9.75	10	1	16	1	3	75	26500	75	26500	0.00533333	0.00332205	0.003	0.01	353.333	91.0907	234	453	
9.75	10	1	17	2	3	100	26550	100	26550	0.00839	0.00578904	0.003	0.017	265.5	24.6337	225	285	
9.75	10	1	18	4	3	100	26550	87	19387	0.00774713	0.00687635	0.003	0.024	222.839	132.319	157	551	
9.75	10	1	19	5	3	100	26550	100	26550	0.00965	0.00520562	0.003	0.017	265.5	100.306	177	435	
9.75	10	1	20	3	3	100	26550	100	26550	0.00874	0.00566153	0.003	0.017	265.5	58.0556	177	435	
