% start	end	CellId	IMSI	RNTI	LCID	nTxPDUs	TxBytes	nRxPDUs	RxBytes	delay	stdDev	min	max	PduSize	stdDev	min	max
0.5	0.75	4	1	5	3	108	25512	100	20766	0.00671	0.00767167	0.003	0.024	207.66	92.3342	28	670	
0.5	0.75	4	2	3	3	70	25436	70	25436	0.004	0.00246718	0.003	0.01	363.371	159.586	10	839	
0.5	0.75	4	3	1	3	80	25456	79	25067	0.00556962	0.00450835	0.003	0.017	317.304	149.895	28	839	
0.5	0.75	4	4	4	3	49	25394	49	25394	0.003	0	0.003	0.003	518.245	204.325	28	839	
0.5	0.75	4	5	2	3	93	25482	86	21745	0.00796512	0.00651956	0.003	0.024	252.849	119.143	28	839	
0.5	0.75	2	6	1	3	107	25510	105	25334	0.0058	0.00545682	0.003	0.017	241.276	136.982	28	839	
0.5	0.75	2	7	4	3	88	25472	88	25472	0.00355682	0.00190497	0.003	0.01	289.455	133.908	7	839	
0.5	0.75	2	8	5	3	113	25522	100	19137	0.00531	0.00645215	0.003	0.024	191.37	92.342	28	713	
0.5	0.75	2	9	2	3	109	25514	103	21719	0.00646602	0.00699133	0.003	0.024	210.864	96.9999	9	839	
0.5	0.75	2	10	3	3	93	25482	93	25482	0.00405376	0.00356726	0.003	0.017	274	114.469	28	839	
0.5	0.75	3	11	1	3	74	25444	72	24464	0.00688889	0.00609215	0.003	0.017	339.778	147.335	11	839	
0.5	0.75	3	12	3	3	51	25398	51	25398	0.00368627	0.00210229	0.003	0.01	498	147.572	28	839	
0.5	0.75	3	13	5	3	76	25448	66	19068	0.00639394	0.00591966	0.003	0.024	288.909	292.086	28	941	
0.5	0.75	3	14	4	3	70	25436	69	25122	0.00492754	0.00314978	0.003	0.01	364.087	109.883	10	839	
0.5	0.75	3	15	2	3	71	25438	70	25124	0.0049	0.00313535	0.003	0.01	358.914	112.147	28	839	
0.5	0.75	1	16	5	3	113	25522	94	16009	0.00426596	0.0039708	0.003	0.024	170.309	67.0726	28	436	
0.5	0.75	1	17	4	3	99	25494	95	24315	0.00778947	0.00570907	0.003	0.024	255.947	157.704	28	839	
0.5	0.75	1	18	3	3	101	25500	91	20158	0.00776923	0.00706805	0.003	0.024	221.516	137.518	28	839	
0.5	0.75	1	19	2	3	96	25488	92	23867	0.00733696	0.00517236	0.003	0.017	259.424	144.478	16	839	
0.5	0.75	1	20	1	3	93	25482	93	25482	0.00450538	0.00397717	0.003	0.017	274	118.192	19	839	
0.75	1	4	1	5	3	123	26596	123	26596	0.00738211	0.00847418	0.003	0.024	216.228	89.2467	101	642	
0.75	1	4	2	3	3	72	26494	72	26494	0.00338889	0.00161468	0.003	0.01	367.972	100.629	74	693	
0.75	1	4	3	1	3	77	26504	77	26504	0.00509091	0.00322483	0.003	0.01	344.208	99.1303	149	446	
0.75	1	4	4	4	3	50	26450	50	26450	0.003	0	0.003	0.003	529	20.2031	509	549	
0.75	1	4	5	2	3	100	26550	100	26550	0.00825	0.00583333	0.003	0.017	265.5	81.4651	101	373	
0.75	1	2	6	1	3	125	26600	125	26600	0.005744	0.0055444	0.003	0.017	212.8	69.2716	88	301	
0.75	1	2	7	4	3	100	26550	100	26550	0.003	0	0.003	0.003	265.5	102.301	113	373	
0.75	1	2	8	5	3	125	26600	115	22760	0.00573913	0.00710336	0.003	0.024	197.913	76.6285	117	424	
0.75	1	2	9	2	3	124	26598	124	26598	0.00644355	0.0068269	0.003	0.024	214.5	54.2236	157	475	
0.75	1	2	10	3	3	100	26550	100	26550	0.003	0	0.003	0.003	265.5	24.6337	225	285	
0.75	1	3	11	1	3	75	26500	76	26990	0.00751316	0.00643634	0.003	0.017	355.132	97.9012	285	490	
0.75	1	3	12	3	3	50	26450	50	26450	0.003	0	0.003	0.003	529	68.6904	461	597	
0.75	1	3	13	5	3	75	26500	69	21544	0.00685507	0.00629957	0.003	0.017	312.232	319.028	117	826	
0.75	1	3	14	4	3	75	26500	75	26500	0.00533333	0.00332205	0.003	0.01	353.333	28.0002	314	373	
0.75	1	3	15	2	3	75	26500	75	26500	0.00533333	0.00332205	0.003	0.01	353.333	28.0002	314	373	
0.75	1	1	16	5	3	126	26602	114	21370	0.00502631	0.00579512	0.003	0.024	187.456	91.2375	41	453	
0.75	1	1	17	4	3	101	26552	101	26552	0.00757426	0.00489356	0.003	0.017	262.891	112.55	127	485	
0.75	1	1	18	3	3	106	26562	103	25241	0.00836893	0.00673445	0.003	0.024	245.058	122.913	108	610	
0.75	1	1	19	2	3	98	26546	98	26546	0.00764286	0.00491841	0.003	0.017	270.878	64.0854	177	490	
0.75	1	1	20	1	3	101	26552	101	26552	0.00313861	0.000980099	0.003	0.01	262.891	35.4863	76	389	
1	1.25	4	1	5	3	125	26600	125	26600	0.007144	0.00834412	0.003	0.024	212.8	81.7263	101	336	
1	1.25	4	2	3	3	75	26500	75	26500	0.003	0	0.003	0.003	353.333	71.4726	293	453	
1	1.25	4	3	1	3	75	26500	75	26500	0.00533333	0.00332205	0.003	0.01	353.333	94.3124	225	446	
1	1.25	4	4	4	3	50	26450	50	26450	0.003	0	0.003	0.003	529	20.2031	509	549	
1	1.25	4	5	2	3	100	26550	100	26550	0.00825	0.00583333	0.003	0.017	265.5	80.6836	157	373	
1	1.25	2	6	1	3	125	26600	125	26600	0.005744	0.0055444	0.003	0.017	212.8	69.2716	88	301	
1	1.25	2	7	4	3	100	26550	100	26550	0.003	0	0.003	0.003	265.5	102.301	113	373	
1	1.25	2	8	5	3	125	26600	113	21992	0.00529203	0.00644299	0.003	0.024	194.619	71.8106	157	384	
1	1.25	2	9	2	3	125	26600	125	26600	0.006416	0.00680629	0.003	0.024	212.8	48.8926	177	300	
1	1.25	2	10	3	3	100	26550	100	26550	0.003	0	0.003	0.003	265.5	24.6337	225	285	
1	1.25	3	11	1	3	75	26500	74	26010	0.00744594	0.00651056	0.003	0.017	351.486	96.62	285	490	
1	1.25	3	12	3	3	50	26450	50	26450	0.003	0	0.003	0.003	529	68.6904	461	597	
1	1.25	3	13	5	3	75	26500	71	23196	0.00714084	0.00643494	0.003	0.017	326.704	325.884	117	826	
1	1.25	3	14	4	3	75	26500	75	26500	0.00533333	0.00332205	0.003	0.01	353.333	28.0002	314	373	
1	1.25	3	15	2	3	75	26500	75	26500	0.00533333	0.00332205	0.003	0.01	353.333	28.0002	314	373	
1	1.25	1	16	5	3	125	26600	116	22676	0.00541379	0.00619968	0.003	0.024	195.483	96.6243	157	436	
1	1.25	1	17	4	3	99	26548	100	27003	0.00734	0.00464327	0.003	0.017	270.03	118.019	157	610	
1	1.25	1	18	3	3	113	26576	113	26534	0.0080177	0.0064448	0.003	0.024	234.814	121.52	75	610	
1	1.25	1	19	2	3	99	26548	100	26688	0.00741	0.00462993	0.003	0.017	266.88	61.564	7	485	
1	1.25	1	20	1	3	101	26552	101	26552	0.003	0	0.003	0.003	262.891	30.6803	120	285	
1.25	1.5	4	1	5	3	122	26594	122	26594	0.00747541	0.00849328	0.003	0.024	217.984	89.6331	101	590	
1.25	1.5	4	2	3	3	74	26498	74	26498	0.00328378	0.00138999	0.003	0.01	358.081	92.9878	145	605	
1.25	1.5	4	3	1	3	77	26504	77	26504	0.00563636	0.00377286	0.003	0.017	344.208	105.196	39	485	
1.25	1.5	4	4	4	3	50	26450	50	26450	0.003	0	0.003	0.003	529	20.2031	509	549	
1.25	1.5	4	5	2	3	100	26550	100	26550	0.00825	0.00583333	0.003	0.017	265.5	82.4863	101	373	
1.25	1.5	2	6	1	3	125	26600	125	26600	0.0058	0.00562254	0.003	0.017	212.8	69.2716	88	301	
1.25	1.5	2	7	4	3	100	26550	100	26550	0.003	0	0.003	0.003	265.5	102.301	113	373	
1.25	1.5	2	8	5	3	125	26600	115	22760	0.00561739	0.00684231	0.003	0.024	197.913	75.396	157	384	
1.25	1.5	2	9	2	3	125	26600	125	26600	0.006416	0.00703469	0.003	0.024	212.8	48.8926	177	300	
1.25	1.5	2	10	3	3	100	26550	100	26550	0.003	0	0.003	0.003	265.5	24.6337	225	285	
1.25	1.5	3	11	1	3	75	26500	75	26500	0.00757333	0.00655986	0.003	0.017	353.333	97.2887	285	490	
1.25	1.5	3	12	3	3	50	26450	50	26450	0.003	0	0.003	0.003	529	68.6904	461	597	
1.25	1.5	3	13	5	3	75	26500	73	24848	0.00741096	0.00654861	0.003	0.017	340.384	331.64	117	826	
1.25	1.5	3	14	4	3	75	26500	75	26500	0.00533333	0.00332205	0.003	0.01	353.333	28.0002	314	373	
1.25	1.5	3	15	2	3	75	26500	75	26500	0.00533333	0.00332205	0.003	0.01	353.333	28.0002	314	373	
1.25	1.5	1	16	5	3	125	26600	114	21856	0.00508772	0.00573541	0.003	0.024	191.719	90.7906	157	436	
1.25	1.5	1	17	4	3	99	26548	98	26093	0.00757143	0.00493462	0.003	0.017	266.255	111.526	157	610	
1.25	1.5	1	18	3	3	112	26574	111	26194	0.00817117	0.00704515	0.003	0.024	235.982	128.199	35	610	
1.25	1.5	1	19	2	3	100	26550	99	26410	0.00738384	0.00495841	0.003	0.017	266.768	57.2691	177	490	
1.25	1.5	1	20	1	3	102	26554	102	26554	0.00334314	0.00181028	0.003	0.017	260.333	37.6814	120	341	
1.5	1.75	4	1	5	3	123	26596	123	26342	0.0073252	0.0083847	0.003	0.024	214.163	81.2918	101	336	
1.5	1.75	4	2	3	3	75	26500	75	26500	0.00309333	0.00080829	0.003	0.01	353.333	76.6495	145	474	
1.5	1.75	4	3	1	3	76	26502	75	26463	0.00533333	0.00332205	0.003	0.01	352.84	96.7185	149	485	
1.5	1.75	4	4	4	3	50	26450	50	26450	0.003	0	0.003	0.003	529	20.2031	509	549	
1.5	1.75	4	5	2	3	100	26550	100	26494	0.00825	0.00583333	0.003	0.017	264.94	81.6331	101	373	
1.5	1.75	2	6	1	3	125	26600	125	26600	0.005744	0.0055444	0.003	0.017	212.8	69.2716	88	301	
1.5	1.75	2	7	4	3	100	26550	100	26550	0.003	0	0.003	0.003	265.5	102.301	113	373	
1.5	1.75	2	8	5	3	125	26600	114	22376	0.00551754	0.00678785	0.003	0.024	196.281	74.9317	117	424	
1.5	1.75	2	9	2	3	125	26600	125	26600	0.00636	0.00662887	0.003	0.024	212.8	49.3621	157	320	
1.5	1.75	2	10	3	3	100	26550	100	26550	0.00307	0.0007	0.003	0.01	265.5	24.6337	225	285	
1.5	1.75	3	11	1	3	75	26500	75	26500	0.00729333	0.00629194	0.003	0.017	353.333	97.2887	285	490	
1.5	1.75	3	12	3	3	50	26450	50	26450	0.003	0	0.003	0.003	529	68.6904	461	597	
1.5	1.75	3	13	5	3	75	26500	70	22370	0.007	0.00637022	0.003	0.017	319.571	322.606	117	826	
1.5	1.75	3	14	4	3	75	26500	75	26500	0.00533333	0.00332205	0.003	0.01	353.333	28.0002	314	373	
1.5	1.75	3	15	2	3	75	26500	75	26500	0.00533333	0.00332205	0.003	0.01	353.333	28.0002	314	373	
1.5	1.75	1	16	5	3	126	26602	116	22242	0.00523276	0.00595397	0.003	0.024	191.741	94.6557	41	453	
1.5	1.75	1	17	4	3	101	26552	102	27067	0.00739216	0.00471601	0.003	0.017	265.363	112.179	127	485	
1.5	1.75	1	18	3	3	112	26574	114	27367	0.00840351	0.00703307	0.003	0.024	240.061	124.206	75	495	
1.5	1.75	1	19	2	3	99	26548	100	26863	0.00748	0.0047215	0.003	0.017	268.63	58.6129	177	490	
1.5	1.75	1	20	1	3	102	26554	101	26213	0.00306931	0.000696526	0.003	0.01	259.535	42.0492	64	389	
1.75	2	4	1	5	3	119	26588	119	26842	0.0077647	0.0085457	0.003	0.024	225.563	101.806	101	590	
1.75	2	4	2	3	3	73	26496	73	26496	0.00357534	0.0019359	0.003	0.01	362.959	107.56	74	693	
1.75	2	4	3	1	3	80	26510	81	26549	0.00567901	0.00407685	0.003	0.017	327.765	117.666	39	485	
1.75	2	4	4	4	3	50	26450	50	26450	0.003	0	0.003	0.003	529	20.2031	509	549	
1.75	2	4	5	2	3	98	26546	98	26602	0.0085	0.00579593	0.003	0.017	271.449	84.0198	101	458	
1.75	2	2	6	1	3	125	26600	125	26600	0.0058	0.00562254	0.003	0.017	212.8	69.2716	88	301	
1.75	2	2	7	4	3	100	26550	100	26550	0.003	0	0.003	0.003	265.5	102.301	113	373	
1.75	2	2	8	5	3	125	26600	111	21224	0.00508108	0.00630315	0.003	0.024	191.207	67.725	157	384	
1.75	2	2	9	2	3	125	26600	125	26600	0.00636	0.00692052	0.003	0.024	212.8	48.8926	177	300	
1.75	2	2	10	3	3	100	26550	100	26550	0.003	0	0.003	0.003	265.5	24.6337	225	285	
1.75	2	3	11	1	3	75	26500	75	26500	0.00748	0.00647315	0.003	0.017	353.333	97.2887	285	490	
1.75	2	3	12	3	3	50	26450	50	26450	0.003	0	0.003	0.003	529	68.6904	461	597	
1.75	2	3	13	5	3	75	26500	69	21544	0.00685507	0.00629957	0.003	0.017	312.232	319.028	117	826	
1.75	2	3	14	4	3	75	26500	75	26500	0.00533333	0.00332205	0.003	0.01	353.333	28.0002	314	373	
1.75	2	3	15	2	3	75	26500	75	26500	0.00533333	0.00332205	0.003	0.01	353.333	28.0002	314	373	
1.75	2	1	16	5	3	125	26600	116	22832	0.00541379	0.00619968	0.003	0.024	196.828	95.3691	157	436	
1.75	2	1	17	4	3	101	26552	99	25812	0.00724242	0.00477684	0.003	0.017	260.727	106.413	84	455	
1.75	2	1	18	3	3	111	26572	110	26004	0.00834545	0.00696312	0.003	0.024	236.4	123.089	35	610	
1.75	2	1	19	2	3	97	26544	96	26229	0.00759375	0.00474525	0.003	0.017	273.219	63.9291	177	490	
1.75	2	1	20	1	3	101	26552	102	26893	0.00382353	0.00283686	0.003	0.017	263.657	35.1845	120	341	
2	2.25	4	1	5	3	125	26600	125	26600	0.0072	0.0084338	0.003	0.024	212.8	80.7311	101	336	
2	2.25	4	2	3	3	73	26496	73	26496	0.00319178	0.00115057	0.003	0.01	362.959	85.9611	154	605	
2	2.25	4	3	1	3	77	26504	78	26893	0.0050641	0.00321256	0.003	0.01	344.782	96.347	149	446	
2	2.25	4	4	4	3	50	26450	50	26450	0.003	0	0.003	0.003	529	65.6832	219	839	
2	2.25	4	5	2	3	100	26550	100	26550	0.00825	0.00583333	0.003	0.017	265.5	80.6836	157	373	
2	2.25	2	6	1	3	125	26600	125	26600	0.0058	0.00562254	0.003	0.017	212.8	69.2716	88	301	
2	2.25	2	7	4	3	100	26550	100	26550	0.003	0	0.003	0.003	265.5	102.301	113	373	
2	2.25	2	8	5	3	125	26600	118	23912	0.00614407	0.00746877	0.003	0.024	202.644	80.0258	157	384	
2	2.25	2	9	2	3	125	26600	125	26600	0.006472	0.00692189	0.003	0.024	212.8	48.8926	177	300	
2	2.25	2	10	3	3	100	26550	100	26550	0.003	0	0.003	0.003	265.5	24.6337	225	285	
2	2.25	3	11	1	3	75	26500	75	26500	0.0072	0.00619721	0.003	0.017	353.333	97.2887	285	490	
2	2.25	3	12	3	3	50	26450	50	26450	0.003	0	0.003	0.003	529	68.6904	461	597	
2	2.25	3	13	5	3	75	26500	68	20718	0.00670588	0.00622239	0.003	0.017	304.676	315.12	117	826	
2	2.25	3	14	4	3	75	26500	75	26500	0.00533333	0.00332205	0.003	0.01	353.333	28.0002	314	373	
2	2.25	3	15	2	3	75	26500	75	26500	0.00533333	0.00332205	0.003	0.01	353.333	28.0002	314	373	
2	2.25	1	16	5	3	125	26600	115	22240	0.00537391	0.00628066	0.003	0.024	193.391	94.3732	157	436	
2	2.25	1	17	4	3	98	26546	100	27226	0.00762	0.00489646	0.003	0.017	272.26	120.983	157	610	
2	2.25	1	18	3	3	107	26564	106	26562	0.00907547	0.00748802	0.003	0.024	250.585	132.947	108	610	
2	2.25	1	19	2	3	99	26548	100	26863	0.00755	0.00491211	0.003	0.017	268.63	56.6456	177	490	
2	2.25	1	20	1	3	100	26550	100	26550	0.00307	0.0007	0.003	0.01	265.5	24.6337	225	285	
2.25	2.5	4	1	5	3	125	26600	125	26600	0.007144	0.00834412	0.003	0.024	212.8	80.7311	101	336	
2.25	2.5	4	2	3	3	73	26496	73	26496	0.00319178	0.00115057	0.003	0.01	362.959	85.9611	154	605	
2.25	2.5	4	3	1	3	77	26504	76	26115	0.00511842	0.00323715	0.003	0.01	343.618	97.3487	149	446	
2.25	2.5	4	4	4	3	50	26450	50	26450	0.003	0	0.003	0.003	529	65.6832	219	839	
2.25	2.5	4	5	2	3	100	26550	100	26550	0.00825	0.00583333	0.003	0.017	265.5	80.6836	157	373	
2.25	2.5	2	6	1	3	125	26600	125	26600	0.005744	0.0055444	0.003	0.017	212.8	69.2716	88	301	
2.25	2.5	2	7	4	3	100	26550	100	26550	0.003	0	0.003	0.003	265.5	102.301	113	373	
2.25	2.5	2	8	5	3	125	26600	115	22760	0.00567826	0.00697432	0.003	0.024	197.913	76.6285	117	424	
2.25	2.5	2	9	2	3	125	26600	125	26600	0.006472	0.00697874	0.003	0.024	212.8	49.3621	157	320	
2.25	2.5	2	10	3	3	100	26550	99	26265	0.003	0	0.003	0.003	265.303	24.6798	225	285	
2.25	2.5	3	11	1	3	75	26500	75	26500	0.00757333	0.00655986	0.003	0.017	353.333	97.2887	285	490	
2.25	2.5	3	12	3	3	50	26450	50	26450	0.003	0	0.003	0.003	529	68.6904	461	597	
2.25	2.5	3	13	5	3	75	26500	70	22370	0.007	0.00637022	0.003	0.017	319.571	322.606	117	826	
2.25	2.5	3	14	4	3	75	26500	75	26500	0.00533333	0.00332205	0.003	0.01	353.333	28.0002	314	373	
2.25	2.5	3	15	2	3	75	26500	75	26500	0.00533333	0.00332205	0.003	0.01	353.333	28.0002	314	373	
2.25	2.5	1	16	5	3	125	26600	115	22240	0.00537391	0.00628066	0.003	0.024	193.391	95.0175	101	492	
2.25	2.5	1	17	4	3	101	26552	100	26097	0.00755	0.00491211	0.003	0.017	260.97	112.723	127	485	
2.25	2.5	1	18	3	3	109	26568	108	25580	0.00786111	0.0064525	0.003	0.024	236.852	124.689	75	610	
2.25	2.5	1	19	2	3	98	26546	97	26231	0.00761856	0.00493804	0.003	0.017	270.423	62.4131	177	490	
2.25	2.5	1	20	1	3	101	26552	101	26552	0.003	0	0.003	0.003	262.891	32.5687	149	389	
2.5	2.75	4	1	5	3	115	26580	113	25654	0.0078938	0.00836058	0.003	0.024	227.027	101.528	101	590	
2.5	2.75	4	2	3	3	78	26506	77	26032	0.00336364	0.00156364	0.003	0.01	338.078	114.233	11	474	
2.5	2.75	4	3	1	3	84	26518	84	26668	0.00616667	0.00453323	0.003	0.017	317.476	121.754	39	485	
2.5	2.75	4	4	4	3	50	26450	50	26450	0.003	0	0.003	0.003	529	90.6665	219	839	
2.5	2.75	4	5	2	3	100	26550	100	26494	0.00818	0.00576892	0.003	0.017	264.94	86.0192	101	373	
2.5	2.75	2	6	1	3	123	26596	124	26461	0.00576613	0.00548925	0.003	0.017	213.395	70.1423	88	327	
2.5	2.75	2	7	4	3	76	26502	76	26502	0.003	0	0.003	0.003	348.711	33.6455	113	373	
2.5	2.75	2	8	5	3	125	26600	113	21952	0.00529203	0.00644299	0.003	0.024	194.265	72.0957	117	384	
2.5	2.75	2	9	2	3	124	26598	124	26539	0.00633064	0.00634089	0.003	0.024	214.024	49.9521	157	320	
2.5	2.75	2	10	3	3	121	26592	122	26877	0.00334426	0.00198245	0.003	0.017	220.303	79.0611	73	389	
2.5	2.75	3	11	1	3	75	26500	75	26500	0.00766667	0.00664411	0.003	0.017	353.333	97.2887	285	490	
2.5	2.75	3	12	3	3	50	26450	50	26450	0.003	0	0.003	0.003	529	68.6904	461	597	
2.5	2.75	3	13	5	3	75	26500	70	22370	0.007	0.00637022	0.003	0.017	319.571	322.606	117	826	
2.5	2.75	3	14	4	3	75	26500	75	26500	0.00533333	0.00332205	0.003	0.01	353.333	28.0002	314	373	
2.5	2.75	3	15	2	3	75	26500	75	26500	0.00533333	0.00332205	0.003	0.01	353.333	28.0002	314	373	
2.5	2.75	1	16	5	3	125	26600	117	23216	0.00551282	0.00626514	0.003	0.024	198.427	93.3046	157	436	
2.5	2.75	1	17	4	3	101	26552	101	26672	0.00764356	0.00497712	0.003	0.017	264.079	104.263	84	610	
2.5	2.75	1	18	3	3	108	26566	107	26071	0.00849533	0.00686854	0.003	0.024	243.654	121.393	108	610	
2.5	2.75	1	19	2	3	99	26548	99	26548	0.00773737	0.0049828	0.003	0.017	268.162	72.8799	39	598	
2.5	2.75	1	20	1	3	100	26550	99	26283	0.00406061	0.002892	0.003	0.017	265.485	34.7129	211	341	
2.75	3	4	1	5	3	105	26560	98	23394	0.00814286	0.00762524	0.003	0.024	238.714	107.205	101	590	
2.75	3	4	2	3	3	76	26502	77	26976	0.00409091	0.0025556	0.003	0.01	350.338	126.245	11	474	
2.75	3	4	3	1	3	100	26550	100	26550	0.00552	0.00482519	0.003	0.017	265.5	85.0409	149	389	
2.75	3	4	4	4	3	50	26450	50	26450	0.003	0	0.003	0.003	529	65.6832	219	839	
2.75	3	4	5	2	3	100	26550	100	26550	0.00825	0.00583333	0.003	0.017	265.5	87.6722	101	373	
2.75	3	2	6	1	3	100	26550	99	26265	0.00554545	0.00484299	0.003	0.017	265.303	42.343	225	327	
2.75	3	2	7	4	3	81	26512	81	26512	0.003	0	0.003	0.003	327.309	69.9946	113	373	
2.75	3	2	8	5	3	125	26600	117	23528	0.00593162	0.00719282	0.003	0.024	201.094	78.5709	157	384	
2.75	3	2	9	2	3	111	26572	106	24919	0.00762264	0.00715735	0.003	0.024	235.085	100.033	177	650	
2.75	3	2	10	3	3	107	26564	107	26564	0.003	0	0.003	0.003	248.262	55.2549	73	285	
2.75	3	3	11	1	3	75	26500	75	26500	0.00766667	0.00664411	0.003	0.017	353.333	97.2887	285	490	
2.75	3	3	12	3	3	50	26450	50	26450	0.003	0	0.003	0.003	529	68.6904	461	597	
2.75	3	3	13	5	3	75	26500	71	23196	0.00714084	0.00643494	0.003	0.017	326.704	325.884	117	826	
2.75	3	3	14	4	3	75	26500	75	26500	0.00533333	0.00332205	0.003	0.01	353.333	28.0002	314	373	
2.75	3	3	15	2	3	75	26500	75	26500	0.00533333	0.00332205	0.003	0.01	353.333	28.0002	314	373	
2.75	3	1	16	5	3	125	26600	115	22300	0.00555652	0.00644571	0.003	0.024	193.913	85.0193	101	476	
2.75	3	1	17	4	3	105	26560	105	26670	0.00746667	0.00505559	0.003	0.017	254	98.4902	84	610	
2.75	3	1	18	3	3	111	26572	111	26948	0.00861261	0.00736104	0.003	0.024	242.775	122.118	108	571	
2.75	3	1	19	2	3	100	26550	101	26865	0.00771287	0.00505833	0.003	0.017	265.99	72.0438	24	598	
2.75	3	1	20	1	3	100	26550	100	26476	0.00524	0.00420706	0.003	0.017	264.76	40.0528	211	341	
3	3.25	4	1	5	3	103	26556	100	24442	0.00853	0.00785275	0.003	0.024	244.42	111.216	101	590	
3	3.25	4	2	3	3	79	26508	78	26194	0.00380769	0.00225087	0.003	0.01	335.821	138.897	11	622	
3	3.25	4	3	1	3	102	26554	102	26630	0.00560784	0.00491745	0.003	0.017	261.078	89.4824	92	389	
3	3.25	4	4	4	3	50	26450	50	26450	0.003	0	0.003	0.003	529	110.121	219	839	
3	3.25	4	5	2	3	99	26548	99	26604	0.00823232	0.00568713	0.003	0.017	268.727	90.8843	101	386	
3	3.25	2	6	1	3	99	26548	100	26833	0.00566	0.00474867	0.003	0.017	268.33	49.5658	225	534	
3	3.25	2	7	4	3	80	26510	80	26510	0.003	0	0.003	0.003	331.375	65.0986	113	373	
3	3.25	2	8	5	3	125	26600	119	24296	0.00611765	0.00727333	0.003	0.024	204.168	81.4017	157	384	
3	3.25	2	9	2	3	110	26570	113	27273	0.00776991	0.00707865	0.003	0.024	241.354	104.69	177	650	
3	3.25	2	10	3	3	107	26564	106	26401	0.00306604	0.0006799	0.003	0.01	249.066	56.863	73	389	
3	3.25	3	11	1	3	75	26500	75	26500	0.00757333	0.00655986	0.003	0.017	353.333	97.2887	285	490	
3	3.25	3	12	3	3	50	26450	50	26450	0.003	0	0.003	0.003	529	68.6904	461	597	
3	3.25	3	13	5	3	75	26500	67	19892	0.00655224	0.00613802	0.003	0.017	296.896	310.847	117	826	
3	3.25	3	14	4	3	75	26500	75	26500	0.00533333	0.00332205	0.003	0.01	353.333	28.0002	314	373	
3	3.25	3	15	2	3	75	26500	75	26500	0.00533333	0.00332205	0.003	0.01	353.333	28.0002	314	373	
3	3.25	1	16	5	3	125	26600	115	22276	0.00525217	0.00597633	0.003	0.024	193.704	83.2202	117	436	
3	3.25	1	17	4	3	100	26550	100	26440	0.00783	0.00494424	0.003	0.017	264.4	100.858	84	610	
3	3.25	1	18	3	3	106	26562	104	25617	0.00838461	0.00698168	0.003	0.024	246.317	122.99	108	610	
3	3.25	1	19	2	3	100	26550	99	26235	0.00752525	0.00503122	0.003	0.017	265	59.7423	39	453	
3	3.25	1	20	1	3	100	26550	100	26624	0.00517	0.00406526	0.003	0.017	266.24	40.8464	211	341	
3.25	3.5	4	1	5	3	125	26600	124	26307	0.00706452	0.00833032	0.003	0.024	212.153	80.4674	101	435	
3.25	3.5	4	2	3	3	74	26498	75	26812	0.00328	0.00138095	0.003	0.01	357.493	100.969	11	605	
3.25	3.5	4	3	1	3	80	26510	80	26284	0.0051875	0.00362514	0.003	0.017	328.55	104.638	16	446	
3.25	3.5	4	4	4	3	50	26450	50	26450	0.003	0	0.003	0.003	529	90.6665	219	839	
3.25	3.5	4	5	2	3	100	26550	100	26550	0.00825	0.00583333	0.003	0.017	265.5	80.6836	157	373	
3.25	3.5	2	6	1	3	124	26598	123	26733	0.00561789	0.005481	0.003	0.017	217.341	68.0963	88	327	
3.25	3.5	2	7	4	3	98	26546	98	26546	0.003	0	0.003	0.003	270.878	101.424	113	373	
3.25	3.5	2	8	5	3	125	26600	116	23144	0.00583621	0.00714927	0.003	0.024	199.517	77.0301	157	384	
3.25	3.5	2	9	2	3	124	26598	124	26657	0.00633064	0.00670726	0.003	0.024	214.976	57.702	177	475	
3.25	3.5	2	10	3	3	100	26550	101	26713	0.00313861	0.00139305	0.003	0.017	264.485	26.5475	163	285	
3.25	3.5	3	11	1	3	75	26500	75	26500	0.00766667	0.00664411	0.003	0.017	353.333	97.2887	285	490	
3.25	3.5	3	12	3	3	50	26450	50	26450	0.003	0	0.003	0.003	529	68.6904	461	597	
3.25	3.5	3	13	5	3	75	26500	68	20718	0.00670588	0.00622239	0.003	0.017	304.676	315.12	117	826	
3.25	3.5	3	14	4	3	75	26500	75	26500	0.00533333	0.00332205	0.003	0.01	353.333	28.0002	314	373	
3.25	3.5	3	15	2	3	75	26500	75	26500	0.00533333	0.00332205	0.003	0.01	353.333	28.0002	314	373	
3.25	3.5	1	16	5	3	125	26600	115	22240	0.00513043	0.00565301	0.003	0.024	193.391	94.3732	157	436	
3.25	3.5	1	17	4	3	100	26550	101	26885	0.00743564	0.00482165	0.003	0.017	266.188	113.953	127	485	
3.25	3.5	1	18	3	3	112	26574	111	26572	0.00823423	0.00670543	0.003	0.024	239.387	129.659	35	610	
3.25	3.5	1	19	2	3	97	26544	98	26859	0.00771428	0.00479691	0.003	0.017	274.071	63.5447	177	490	
3.25	3.5	1	20	1	3	101	26552	102	26819	0.00313725	0.00138621	0.003	0.017	262.931	30.5307	120	285	
3.5	3.75	4	1	5	3	124	26598	124	26598	0.00729032	0.00845435	0.003	0.024	214.5	82.8063	101	435	
3.5	3.75	4	2	3	3	73	26496	73	26496	0.00319178	0.00115057	0.003	0.01	362.959	82.2894	293	605	
3.5	3.75	4	3	1	3	76	26502	76	26502	0.00521053	0.00327543	0.003	0.01	348.711	96.1048	149	446	
3.5	3.75	4	4	4	3	50	26450	50	26450	0.003	0	0.003	0.003	529	20.2031	509	549	
3.5	3.75	4	5	2	3	100	26550	100	26550	0.00825	0.00583333	0.003	0.017	265.5	80.6836	157	373	
3.5	3.75	2	6	1	3	125	26600	125	26600	0.0058	0.00562254	0.003	0.017	212.8	69.2716	88	301	
3.5	3.75	2	7	4	3	100	26550	100	26550	0.003	0	0.003	0.003	265.5	102.301	113	373	
3.5	3.75	2	8	5	3	125	26600	116	23144	0.00583621	0.00714927	0.003	0.024	199.517	77.0301	157	384	
3.5	3.75	2	9	2	3	124	26598	124	26598	0.00633064	0.00670726	0.003	0.024	214.5	53.7931	177	475	
3.5	3.75	2	10	3	3	100	26550	100	26550	0.003	0	0.003	0.003	265.5	24.6337	225	285	
3.5	3.75	3	11	1	3	75	26500	75	26500	0.00757333	0.00655986	0.003	0.017	353.333	97.2887	285	490	
3.5	3.75	3	12	3	3	50	26450	50	26450	0.003	0	0.003	0.003	529	68.6904	461	597	
3.5	3.75	3	13	5	3	75	26500	70	22370	0.007	0.00637022	0.003	0.017	319.571	322.606	117	826	
3.5	3.75	3	14	4	3	75	26500	75	26500	0.00533333	0.00332205	0.003	0.01	353.333	28.0002	314	373	
3.5	3.75	3	15	2	3	75	26500	75	26500	0.00533333	0.00332205	0.003	0.01	353.333	28.0002	314	373	
3.5	3.75	1	16	5	3	125	26600	116	22728	0.00547414	0.00634578	0.003	0.024	195.931	96.5648	157	436	
3.5	3.75	1	17	4	3	100	26550	99	26095	0.00717172	0.00468179	0.003	0.017	263.586	112.386	157	455	
3.5	3.75	1	18	3	3	112	26574	111	25809	0.00791892	0.00651172	0.003	0.024	232.514	120.815	108	610	
3.5	3.75	1	19	2	3	98	26546	97	26231	0.00740206	0.00466516	0.003	0.017	270.423	60.5108	177	490	
3.5	3.75	1	20	1	3	100	26550	100	26550	0.00321	0.00155891	0.003	0.017	265.5	24.6337	225	285	
3.75	4	4	1	5	3	123	26596	123	26596	0.0073252	0.0083847	0.003	0.024	216.228	85.861	101	435	
3.75	4	4	2	3	3	77	26504	77	26504	0.003	0	0.003	0.003	344.208	80.2534	145	474	
3.75	4	4	3	1	3	75	26500	75	26500	0.00589333	0.00383291	0.003	0.017	353.333	97.1747	186	485	
3.75	4	4	4	4	3	50	26450	50	26450	0.003	0	0.003	0.003	529	65.6832	219	839	
3.75	4	4	5	2	3	100	26550	100	26550	0.00825	0.00583333	0.003	0.017	265.5	83.373	101	373	
3.75	4	2	6	1	3	125	26600	125	26600	0.005744	0.0055444	0.003	0.017	212.8	69.2716	88	301	
3.75	4	2	7	4	3	100	26550	100	26550	0.003	0	0.003	0.003	265.5	102.301	113	373	
3.75	4	2	8	5	3	125	26600	112	21608	0.0050625	0.00606315	0.003	0.024	192.929	69.8371	157	384	
3.75	4	2	9	2	3	125	26600	124	26423	0.00616129	0.00627083	0.003	0.024	213.089	48.9838	177	300	
3.75	4	2	10	3	3	100	26550	100	26550	0.003	0	0.003	0.003	265.5	24.6337	225	285	
3.75	4	3	11	1	3	75	26500	75	26500	0.00757333	0.00655986	0.003	0.017	353.333	97.2887	285	490	
3.75	4	3	12	3	3	50	26450	50	26450	0.003	0	0.003	0.003	529	68.6904	461	597	
3.75	4	3	13	5	3	75	26500	67	19892	0.00655224	0.00613802	0.003	0.017	296.896	310.847	117	826	
3.75	4	3	14	4	3	75	26500	75	26500	0.00533333	0.00332205	0.003	0.01	353.333	28.0002	314	373	
3.75	4	3	15	2	3	75	26500	75	26500	0.00533333	0.00332205	0.003	0.01	353.333	28.0002	314	373	
3.75	4	1	16	5	3	125	26600	119	23984	0.00594118	0.00691019	0.003	0.024	201.546	100.66	157	436	
3.75	4	1	17	4	3	100	26550	101	26975	0.00722772	0.00443595	0.003	0.017	267.079	113.681	84	490	
3.75	4	1	18	3	3	113	26576	113	26459	0.00795575	0.0062527	0.003	0.024	234.15	115.068	108	610	
3.75	4	1	19	2	3	98	26546	98	26576	0.00742857	0.00442579	0.003	0.017	271.184	60.5145	177	490	
3.75	4	1	20	1	3	100	26550	100	26550	0.00328	0.00137862	0.003	0.01	265.5	30.3533	155	341	
4	4.25	4	1	5	3	124	26598	124	26598	0.00729032	0.00845435	0.003	0.024	214.5	82.8063	101	435	
4	4.25	4	2	3	3	73	26496	73	26496	0.00319178	0.00115057	0.003	0.01	362.959	82.2894	293	605	
4	4.25	4	3	1	3	76	26502	76	26502	0.00521053	0.00327543	0.003	0.01	348.711	96.1048	149	446	
4	4.25	4	4	4	3	50	26450	50	26450	0.003	0	0.003	0.003	529	20.2031	509	549	
4	4.25	4	5	2	3	100	26550	100	26550	0.00825	0.00583333	0.003	0.017	265.5	80.6836	157	373	
4	4.25	2	6	1	3	125	26600	125	26600	0.0058	0.00562254	0.003	0.017	212.8	69.2716	88	301	
4	4.25	2	7	4	3	100	26550	100	26550	0.003	0	0.003	0.003	265.5	102.671	113	373	
4	4.25	2	8	5	3	125	26600	114	22376	0.00551754	0.00678785	0.003	0.024	196.281	74.9317	117	424	
4	4.25	2	9	2	3	125	26600	126	26777	0.00655555	0.00723387	0.003	0.024	212.516	49.2676	157	320	
4	4.25	2	10	3	3	100	26550	100	26550	0.003	0	0.003	0.003	265.5	25.0726	207	285	
4	4.25	3	11	1	3	75	26500	75	26500	0.00729333	0.00629194	0.003	0.017	353.333	97.2887	285	490	
4	4.25	3	12	3	3	50	26450	50	26450	0.003	0	0.003	0.003	529	68.6904	461	597	
4	4.25	3	13	5	3	75	26500	74	25674	0.00754054	0.00659844	0.003	0.017	346.946	334.164	117	826	
4	4.25	3	14	4	3	75	26500	75	26500	0.00533333	0.00332205	0.003	0.01	353.333	28.0002	314	373	
4	4.25	3	15	2	3	75	26500	75	26500	0.00533333	0.00332205	0.003	0.01	353.333	28.0002	314	373	
4	4.25	1	16	5	3	123	26596	110	20928	0.00497273	0.0052049	0.003	0.024	190.255	101.847	41	591	
4	4.25	1	17	4	3	101	26552	101	26582	0.00757426	0.00499269	0.003	0.017	263.188	112.227	127	485	
4	4.25	1	18	3	3	108	26566	108	26460	0.00850926	0.00703595	0.003	0.024	245	126.291	108	610	
4	4.25	1	19	2	3	99	26548	100	26833	0.00755	0.00501185	0.003	0.017	268.33	60.3582	177	490	
4	4.25	1	20	1	3	101	26552	101	26552	0.00306931	0.000696526	0.003	0.01	262.891	48.2684	67	485	
4.25	4.5	4	1	5	3	125	26600	125	26600	0.007144	0.00834412	0.003	0.024	212.8	81.7263	101	336	
4.25	4.5	4	2	3	3	75	26500	75	26500	0.003	0	0.003	0.003	353.333	71.4726	293	453	
4.25	4.5	4	3	1	3	75	26500	75	26500	0.00533333	0.00332205	0.003	0.01	353.333	94.3124	225	446	
4.25	4.5	4	4	4	3	50	26450	50	26450	0.003	0	0.003	0.003	529	20.2031	509	549	
4.25	4.5	4	5	2	3	100	26550	100	26550	0.00825	0.00583333	0.003	0.017	265.5	80.6836	157	373	
4.25	4.5	2	6	1	3	125	26600	125	26600	0.005744	0.0055444	0.003	0.017	212.8	69.2716	88	301	
4.25	4.5	2	7	4	3	100	26550	100	26550	0.003	0	0.003	0.003	265.5	102.301	113	373	
4.25	4.5	2	8	5	3	125	26600	117	23528	0.00599145	0.00731378	0.003	0.024	201.094	78.5709	157	384	
4.25	4.5	2	9	2	3	124	26598	124	26598	0.0066129	0.00722317	0.003	0.024	214.5	53.7931	177	475	
4.25	4.5	2	10	3	3	100	26550	100	26550	0.003	0	0.003	0.003	265.5	24.6337	225	285	
4.25	4.5	3	11	1	3	75	26500	75	26500	0.00766667	0.00664411	0.003	0.017	353.333	97.2887	285	490	
4.25	4.5	3	12	3	3	50	26450	50	26450	0.003	0	0.003	0.003	529	68.6904	461	597	
4.25	4.5	3	13	5	3	75	26500	74	25674	0.00754054	0.00659844	0.003	0.017	346.946	334.164	117	826	
4.25	4.5	3	14	4	3	75	26500	75	26500	0.00533333	0.00332205	0.003	0.01	353.333	28.0002	314	373	
4.25	4.5	3	15	2	3	75	26500	75	26500	0.00533333	0.00332205	0.003	0.01	353.333	28.0002	314	373	
4.25	4.5	1	16	5	3	125	26600	109	19624	0.00441284	0.00483661	0.003	0.024	180.037	77.1437	157	436	
4.25	4.5	1	17	4	3	100	26550	99	26095	0.00787879	0.00551856	0.003	0.017	263.586	112.386	157	455	
4.25	4.5	1	18	3	3	103	26556	101	25566	0.0089604	0.00749923	0.003	0.024	253.129	135.011	108	610	
4.25	4.5	1	19	2	3	99	26548	98	26233	0.008	0.00550539	0.003	0.017	267.684	56.8299	177	490	
4.25	4.5	1	20	1	3	100	26550	100	26550	0.003	0	0.003	0.003	265.5	24.6337	225	285	
4.5	4.75	4	1	5	3	118	26586	117	25996	0.00766667	0.00832321	0.003	0.024	222.188	94.3887	101	590	
4.5	4.75	4	2	3	3	74	26498	74	26498	0.00347297	0.00176901	0.003	0.01	358.081	101.002	145	605	
4.5	4.75	4	3	1	3	79	26508	79	26508	0.00592405	0.00413482	0.003	0.017	335.544	118.112	39	485	
4.5	4.75	4	4	4	3	50	26450	50	26450	0.003	0	0.003	0.003	529	20.2031	509	549	
4.5	4.75	4	5	2	3	100	26550	100	26550	0.00818	0.00576892	0.003	0.017	265.5	84.2504	101	373	
4.5	4.75	2	6	1	3	125	26600	125	26600	0.005744	0.0055444	0.003	0.017	212.8	69.2716	88	301	
4.5	4.75	2	7	4	3	100	26550	100	26550	0.003	0	0.003	0.003	265.5	102.301	113	373	
4.5	4.75	2	8	5	3	125	26600	114	22376	0.00545614	0.00664943	0.003	0.024	196.281	73.6595	157	384	
4.5	4.75	2	9	2	3	125	26600	125	26600	0.006416	0.00668916	0.003	0.024	212.8	48.8926	177	300	
4.5	4.75	2	10	3	3	100	26550	100	26550	0.003	0	0.003	0.003	265.5	24.6337	225	285	
4.5	4.75	3	11	1	3	75	26500	75	26500	0.00766667	0.00664411	0.003	0.017	353.333	97.2887	285	490	
4.5	4.75	3	12	3	3	50	26450	50	26450	0.003	0	0.003	0.003	529	68.6904	461	597	
4.5	4.75	3	13	5	3	75	26500	70	22370	0.007	0.00637022	0.003	0.017	319.571	322.606	117	826	
4.5	4.75	3	14	4	3	75	26500	75	26500	0.00533333	0.00332205	0.003	0.01	353.333	28.0002	314	373	
4.5	4.75	3	15	2	3	75	26500	75	26500	0.00533333	0.00332205	0.003	0.01	353.333	28.0002	314	373	
4.5	4.75	1	16	5	3	126	26602	117	22834	0.0052735	0.00587312	0.003	0.024	195.162	96.2857	13	436	
4.5	4.75	1	17	4	3	101	26552	101	26552	0.00722772	0.0047558	0.003	0.017	262.891	107.125	84	455	
4.5	4.75	1	18	3	3	113	26576	114	26801	0.00797368	0.00669759	0.003	0.024	235.096	118.421	35	495	
4.5	4.75	1	19	2	3	98	26546	98	26546	0.0075	0.00474124	0.003	0.017	270.878	60.3663	177	490	
4.5	4.75	1	20	1	3	101	26552	101	26552	0.00390099	0.00291378	0.003	0.017	262.891	46.0539	39	453	
4.75	5	4	1	5	3	125	26600	125	26600	0.0072	0.0084338	0.003	0.024	212.8	81.7263	101	336	
4.75	5	4	2	3	3	75	26500	75	26500	0.003	0	0.003	0.003	353.333	71.4726	293	453	
4.75	5	4	3	1	3	75	26500	75	26500	0.00533333	0.00332205	0.003	0.01	353.333	94.3124	225	446	
4.75	5	4	4	4	3	50	26450	50	26450	0.003	0	0.003	0.003	529	20.2031	509	549	
4.75	5	4	5	2	3	100	26550	100	26550	0.00825	0.00583333	0.003	0.017	265.5	80.6836	157	373	
4.75	5	2	6	1	3	125	26600	125	26600	0.0058	0.00562254	0.003	0.017	212.8	69.2716	88	301	
4.75	5	2	7	4	3	100	26550	100	26550	0.003	0	0.003	0.003	265.5	102.301	113	373	
4.75	5	2	8	5	3	125	26600	117	23528	0.00605128	0.00743228	0.003	0.024	201.094	78.5709	157	384	
4.75	5	2	9	2	3	125	26600	125	26600	0.006528	0.00714659	0.003	0.024	212.8	48.8926	177	300	
4.75	5	2	10	3	3	100	26550	100	26550	0.003	0	0.003	0.003	265.5	24.6337	225	285	
4.75	5	3	11	1	3	75	26500	75	26500	0.00748	0.00647315	0.003	0.017	353.333	97.2887	285	490	
4.75	5	3	12	3	3	50	26450	50	26450	0.003	0	0.003	0.003	529	68.6904	461	597	
4.75	5	3	13	5	3	75	26500	69	21544	0.00685507	0.00629957	0.003	0.017	312.232	319.028	117	826	
4.75	5	3	14	4	3	75	26500	75	26500	0.00533333	0.00332205	0.003	0.01	353.333	28.0002	314	373	
4.75	5	3	15	2	3	75	26500	75	26500	0.00533333	0.00332205	0.003	0.01	353.333	28.0002	314	373	
4.75	5	1	16	5	3	124	26598	113	21802	0.00541593	0.00639716	0.003	0.024	192.938	97.0247	157	591	
4.75	5	1	17	4	3	100	26550	100	26550	0.00741	0.00494024	0.003	0.017	265.5	113.444	157	455	
4.75	5	1	18	3	3	109	26568	107	25578	0.00836448	0.00710354	0.003	0.024	239.047	130.177	35	610	
4.75	5	1	19	2	3	98	26546	98	26546	0.00764286	0.00491841	0.003	0.017	270.878	60.3663	177	490	
4.75	5	1	20	1	3	101	26552	101	26552	0.003	0	0.003	0.003	262.891	34.5693	120	389	
5	5.25	4	1	5	3	123	26596	122	26006	0.0072459	0.00837283	0.003	0.024	213.164	79.8348	101	336	
5	5.25	4	2	3	3	76	26502	76	26502	0.0030921	0.000802955	0.003	0.01	348.711	89.3292	11	474	
5	5.25	4	3	1	3	78	26506	77	26467	0.00536364	0.00352028	0.003	0.017	343.727	98.6424	149	485	
5	5.25	4	4	4	3	50	26450	50	26450	0.003	0	0.003	0.003	529	65.6832	219	839	
5	5.25	4	5	2	3	100	26550	100	26494	0.00825	0.00583333	0.003	0.017	264.94	81.6331	101	373	
5	5.25	2	6	1	3	125	26600	125	26600	0.005688	0.00546457	0.003	0.017	212.8	69.2716	88	301	
5	5.25	2	7	4	3	94	26538	94	26538	0.003	0	0.003	0.003	282.319	98.5511	113	373	
5	5.25	2	8	5	3	125	26600	117	23528	0.00599145	0.00731378	0.003	0.024	201.094	78.5709	157	384	
5	5.25	2	9	2	3	124	26598	124	26598	0.0066129	0.0071678	0.003	0.024	214.5	53.7931	177	475	
5	5.25	2	10	3	3	105	26560	105	26560	0.0032	0.00152164	0.003	0.017	252.952	51.7335	73	389	
5	5.25	3	11	1	3	75	26500	75	26500	0.00738667	0.00638388	0.003	0.017	353.333	97.2887	285	490	
5	5.25	3	12	3	3	50	26450	50	26450	0.003	0	0.003	0.003	529	68.6904	461	597	
5	5.25	3	13	5	3	75	26500	69	21544	0.00685507	0.00629957	0.003	0.017	312.232	319.028	117	826	
5	5.25	3	14	4	3	75	26500	75	26500	0.00533333	0.00332205	0.003	0.01	353.333	28.0002	314	373	
5	5.25	3	15	2	3	75	26500	75	26500	0.00533333	0.00332205	0.003	0.01	353.333	28.0002	314	373	
5	5.25	1	16	5	3	123	26596	108	20232	0.00494444	0.00572881	0.003	0.024	187.333	90.1763	157	591	
5	5.25	1	17	4	3	97	26544	97	26774	0.00790722	0.00496673	0.003	0.017	276.021	124.038	157	610	
5	5.25	1	18	3	3	110	26570	109	26721	0.00845871	0.00695825	0.003	0.024	245.147	134.297	35	610	
5	5.25	1	19	2	3	100	26550	101	26865	0.00750495	0.00500724	0.003	0.017	265.99	52.7732	177	315	
5	5.25	1	20	1	3	101	26552	100	26211	0.00321	0.00155891	0.003	0.017	262.11	32.4958	120	341	
5.25	5.5	4	1	5	3	111	26572	106	24797	0.00815094	0.00821473	0.003	0.024	233.934	110.609	101	590	
5.25	5.5	4	2	3	3	75	26500	75	26500	0.00393333	0.00239557	0.003	0.01	353.333	121.801	74	693	
5.25	5.5	4	3	1	3	91	26532	91	26332	0.00576923	0.00465254	0.003	0.017	289.363	113.619	39	485	
5.25	5.5	4	4	4	3	50	26450	50	26450	0.003	0	0.003	0.003	529	20.2031	509	549	
5.25	5.5	4	5	2	3	98	26546	98	26546	0.0085	0.00579593	0.003	0.017	270.878	86.7391	101	458	
5.25	5.5	2	6	1	3	112	26574	112	26154	0.0056875	0.00525225	0.003	0.017	233.518	66.4421	88	327	
5.25	5.5	2	7	4	3	77	26504	77	26504	0.003	0	0.003	0.003	344.208	44.6953	113	373	
5.25	5.5	2	8	5	3	125	26600	113	21992	0.00529203	0.00644299	0.003	0.024	194.619	71.8106	157	384	
5.25	5.5	2	9	2	3	117	26584	115	25650	0.00707826	0.00693725	0.003	0.024	223.043	74.7126	177	650	
5.25	5.5	2	10	3	3	117	26584	117	26584	0.003	0	0.003	0.003	227.214	71.9557	73	285	
5.25	5.5	3	11	1	3	75	26500	76	26990	0.00769737	0.00660509	0.003	0.017	355.132	97.9012	285	490	
5.25	5.5	3	12	3	3	50	26450	50	26450	0.003	0	0.003	0.003	529	68.6904	461	597	
5.25	5.5	3	13	5	3	75	26500	70	22370	0.007	0.00637022	0.003	0.017	319.571	322.606	117	826	
5.25	5.5	3	14	4	3	75	26500	75	26500	0.00533333	0.00332205	0.003	0.01	353.333	28.0002	314	373	
5.25	5.5	3	15	2	3	75	26500	75	26500	0.00533333	0.00332205	0.003	0.01	353.333	28.0002	314	373	
5.25	5.5	1	16	5	3	125	26600	117	23188	0.00545299	0.00611879	0.003	0.024	198.188	91.4852	117	436	
5.25	5.5	1	17	4	3	102	26554	103	26839	0.00741747	0.00469986	0.003	0.017	260.573	95.1184	84	490	
5.25	5.5	1	18	3	3	112	26574	113	26693	0.0080177	0.00671084	0.003	0.024	236.221	116.497	35	610	
5.25	5.5	1	19	2	3	98	26546	98	26546	0.0075	0.00474124	0.003	0.017	270.878	60.3663	177	490	
5.25	5.5	1	20	1	3	101	26552	101	26552	0.00466337	0.00358964	0.003	0.017	262.891	41.0755	120	341	
5.5	5.75	4	1	5	3	102	26554	99	24737	0.00893939	0.00820754	0.003	0.024	249.869	121.024	101	590	
5.5	5.75	4	2	3	3	75	26500	74	26026	0.00413513	0.00259781	0.003	0.01	351.703	121.904	145	622	
5.5	5.75	4	3	1	3	100	26550	101	26939	0.00570297	0.00494681	0.003	0.017	266.723	87.3352	149	389	
5.5	5.75	4	4	4	3	50	26450	50	26450	0.003	0	0.003	0.003	529	20.2031	509	549	
5.5	5.75	4	5	2	3	99	26548	99	26548	0.00837374	0.00581621	0.003	0.017	268.162	89.8372	101	386	
5.5	5.75	2	6	1	3	100	26550	101	26835	0.00570297	0.00494681	0.003	0.017	265.693	41.9089	225	327	
5.5	5.75	2	7	4	3	81	26512	81	26512	0.003	0	0.003	0.003	327.309	70.1487	113	373	
5.5	5.75	2	8	5	3	125	26600	119	24296	0.00629412	0.00761505	0.003	0.024	204.168	81.4017	157	384	
5.5	5.75	2	9	2	3	112	26574	113	26974	0.00776991	0.00755694	0.003	0.024	238.708	99.7724	177	650	
5.5	5.75	2	10	3	3	106	26562	106	26562	0.003	0	0.003	0.003	250.585	52.5502	73	285	
5.5	5.75	3	11	1	3	75	26500	74	26010	0.00744594	0.00651056	0.003	0.017	351.486	96.62	285	490	
5.5	5.75	3	12	3	3	50	26450	50	26450	0.003	0	0.003	0.003	529	68.6904	461	597	
5.5	5.75	3	13	5	3	75	26500	73	24848	0.00741096	0.00654861	0.003	0.017	340.384	331.64	117	826	
5.5	5.75	3	14	4	3	75	26500	75	26500	0.00533333	0.00332205	0.003	0.01	353.333	28.0002	314	373	
5.5	5.75	3	15	2	3	75	26500	75	26500	0.00533333	0.00332205	0.003	0.01	353.333	28.0002	314	373	
5.5	5.75	1	16	5	3	125	26600	114	22060	0.00527193	0.00621201	0.003	0.024	193.509	83.4881	101	492	
5.5	5.75	1	17	4	3	103	26556	102	26161	0.00739216	0.00511096	0.003	0.017	256.48	95.6381	84	531	
5.5	5.75	1	18	3	3	107	26564	107	26294	0.00888785	0.00758017	0.003	0.024	245.738	125.561	108	571	
5.5	5.75	1	19	2	3	101	26552	100	26237	0.00755	0.00510966	0.003	0.017	262.37	74.9401	3	597	
5.5	5.75	1	20	1	3	100	26550	100	26624	0.00531	0.0043431	0.003	0.017	266.24	46.3372	107	389	
5.75	6	4	1	5	3	103	26556	98	23963	0.00878571	0.00785205	0.003	0.024	244.52	113.897	101	590	
5.75	6	4	2	3	3	75	26500	76	26974	0.00419737	0.0026534	0.003	0.01	354.921	124.578	145	622	
5.75	6	4	3	1	3	100	26550	99	26161	0.00554545	0.00484299	0.003	0.017	264.253	86.8297	149	389	
5.75	6	4	4	4	3	50	26450	50	26450	0.003	0	0.003	0.003	529	20.2031	509	549	
5.75	6	4	5	2	3	99	26548	99	26548	0.00837374	0.00581621	0.003	0.017	268.162	89.8372	101	386	
5.75	6	2	6	1	3	101	26552	100	26490	0.00545	0.00470627	0.003	0.017	264.9	52.1882	104	534	
5.75	6	2	7	4	3	82	26514	82	26514	0.003	0	0.003	0.003	323.341	81.6264	7	373	
5.75	6	2	8	5	3	128	26606	121	24073	0.00571901	0.00702166	0.003	0.024	198.95	76.1658	125	384	
5.75	6	2	9	2	3	113	26576	111	25876	0.00754054	0.00722846	0.003	0.024	233.117	102.072	9	650	
5.75	6	2	10	3	3	109	26568	109	26568	0.003	0	0.003	0.003	243.743	61.0911	44	285	
5.75	6	3	11	1	3	75	26500	75	26500	0.00757333	0.00655986	0.003	0.017	353.333	97.2887	285	490	
5.75	6	3	12	3	3	50	26450	50	26450	0.003	0	0.003	0.003	529	68.6904	461	597	
5.75	6	3	13	5	3	75	26500	70	22370	0.007	0.00637022	0.003	0.017	319.571	322.606	117	826	
5.75	6	3	14	4	3	75	26500	75	26500	0.00533333	0.00332205	0.003	0.01	353.333	28.0002	314	373	
5.75	6	3	15	2	3	75	26500	75	26500	0.00533333	0.00332205	0.003	0.01	353.333	28.0002	314	373	
5.75	6	1	16	5	3	128	26606	116	21525	0.00487069	0.00564228	0.003	0.024	185.56	76.0585	13	436	
5.75	6	1	17	4	3	107	26564	107	26659	0.00725234	0.00506578	0.003	0.017	249.15	91.0277	36	455	
5.75	6	1	18	3	3	111	26572	111	26687	0.0082973	0.00732442	0.003	0.024	240.423	117.919	108	495	
5.75	6	1	19	2	3	101	26552	101	26727	0.00750495	0.00510416	0.003	0.017	264.624	60.0005	39	453	
5.75	6	1	20	1	3	100	26550	99	26209	0.00519192	0.00408001	0.003	0.017	264.737	40.6655	211	341	
6	6.25	4	1	5	3	116	26582	117	26716	0.00772649	0.00831453	0.003	0.024	228.342	102.72	101	590	
6	6.25	4	2	3	3	73	26496	73	26496	0.00357534	0.0019359	0.003	0.01	362.959	99.6192	145	605	
6	6.25	4	3	1	3	84	26518	85	26757	0.00547059	0.00414208	0.003	0.017	314.788	100.716	149	446	
6	6.25	4	4	4	3	50	26450	50	26450	0.003	0	0.003	0.003	529	20.2031	509	549	
6	6.25	4	5	2	3	100	26550	100	26606	0.00825	0.00583333	0.003	0.017	266.06	84.2049	101	373	
6	6.25	2	6	1	3	118	26586	118	26783	0.00561017	0.00524125	0.003	0.017	226.975	66.7231	88	327	
6	6.25	2	7	4	3	77	26504	77	26504	0.003	0	0.003	0.003	344.208	44.6953	113	373	
6	6.25	2	8	5	3	125	26600	111	21184	0.00501802	0.00614519	0.003	0.024	190.847	68.0145	117	384	
6	6.25	2	9	2	3	119	26588	120	26872	0.007025	0.00718362	0.003	0.024	223.933	78.1621	157	650	
6	6.25	2	10	3	3	119	26588	119	26588	0.003	0	0.003	0.003	223.429	73.9471	73	285	
6	6.25	3	11	1	3	75	26500	75	26500	0.00738667	0.00638388	0.003	0.017	353.333	97.2887	285	490	
6	6.25	3	12	3	3	50	26450	50	26450	0.003	0	0.003	0.003	529	68.6904	461	597	
6	6.25	3	13	5	3	75	26500	72	24022	0.00727778	0.00649425	0.003	0.017	333.639	328.887	117	826	
6	6.25	3	14	4	3	75	26500	75	26500	0.00533333	0.00332205	0.003	0.01	353.333	28.0002	314	373	
6	6.25	3	15	2	3	75	26500	75	26500	0.00533333	0.00332205	0.003	0.01	353.333	28.0002	314	373	
6	6.25	1	16	5	3	124	26598	115	22519	0.00543478	0.00622267	0.003	0.024	195.817	93.8113	117	476	
6	6.25	1	17	4	3	101	26552	101	26337	0.00764356	0.00497712	0.003	0.017	260.762	113.769	84	618	
6	6.25	1	18	3	3	107	26564	103	24352	0.00823301	0.00684163	0.003	0.024	236.427	121.287	108	610	
6	6.25	1	19	2	3	100	26550	100	26375	0.00741	0.00503943	0.003	0.017	263.75	64.9729	140	598	
6	6.25	1	20	1	3	100	26550	101	26873	0.00390099	0.00291378	0.003	0.017	266.069	31.3873	211	341	
6.25	6.5	4	1	5	3	122	26594	122	26594	0.00747541	0.00849328	0.003	0.024	217.984	88.4114	101	590	
6.25	6.5	4	2	3	3	73	26496	73	26496	0.00328767	0.0013992	0.003	0.01	362.959	86.9463	145	605	
6.25	6.5	4	3	1	3	77	26504	77	26504	0.00536364	0.00352028	0.003	0.017	344.208	103.92	39	485	
6.25	6.5	4	4	4	3	50	26450	50	26450	0.003	0	0.003	0.003	529	20.2031	509	549	
6.25	6.5	4	5	2	3	100	26550	100	26550	0.00825	0.00583333	0.003	0.017	265.5	81.5899	101	373	
6.25	6.5	2	6	1	3	125	26600	125	26600	0.005744	0.0055444	0.003	0.017	212.8	69.2716	88	301	
6.25	6.5	2	7	4	3	75	26500	75	26500	0.003	0	0.003	0.003	353.333	14.1501	341	373	
6.25	6.5	2	8	5	3	125	26600	106	19304	0.00392453	0.00387347	0.003	0.024	182.113	54.329	157	384	
6.25	6.5	2	9	2	3	123	26596	123	26596	0.00658536	0.00702096	0.003	0.024	216.228	58.3026	177	475	
6.25	6.5	2	10	3	3	125	26600	125	26600	0.003	0	0.003	0.003	212.8	78.2892	73	285	
6.25	6.5	3	11	1	3	75	26500	75	26500	0.00757333	0.00655986	0.003	0.017	353.333	97.2887	285	490	
6.25	6.5	3	12	3	3	50	26450	50	26450	0.003	0	0.003	0.003	529	68.6904	461	597	
6.25	6.5	3	13	5	3	75	26500	73	24848	0.00741096	0.00654861	0.003	0.017	340.384	331.64	117	826	
6.25	6.5	3	14	4	3	75	26500	75	26500	0.00533333	0.00332205	0.003	0.01	353.333	28.0002	314	373	
6.25	6.5	3	15	2	3	75	26500	75	26500	0.00533333	0.00332205	0.003	0.01	353.333	28.0002	314	373	
6.25	6.5	1	16	5	3	125	26600	116	22780	0.00559483	0.00649679	0.003	0.024	196.379	96.5032	157	436	
6.25	6.5	1	17	4	3	100	26550	100	26550	0.00762	0.00519086	0.003	0.017	265.5	111.938	157	455	
6.25	6.5	1	18	3	3	108	26566	104	24750	0.00825	0.00715128	0.003	0.024	237.981	126.59	35	495	
6.25	6.5	1	19	2	3	100	26550	100	26550	0.00769	0.00517511	0.003	0.017	265.5	52.8075	177	315	
6.25	6.5	1	20	1	3	101	26552	102	26837	0.00341176	0.00216339	0.003	0.017	263.108	31.9188	120	341	
6.5	6.75	4	1	5	3	125	26600	125	26600	0.0072	0.0084338	0.003	0.024	212.8	81.7263	101	336	
6.5	6.75	4	2	3	3	75	26500	75	26500	0.003	0	0.003	0.003	353.333	71.4726	293	453	
6.5	6.75	4	3	1	3	75	26500	75	26500	0.00533333	0.00332205	0.003	0.01	353.333	94.3124	225	446	
6.5	6.75	4	4	4	3	50	26450	50	26450	0.003	0	0.003	0.003	529	20.2031	509	549	
6.5	6.75	4	5	2	3	100	26550	100	26550	0.00825	0.00583333	0.003	0.017	265.5	80.6836	157	373	
6.5	6.75	2	6	1	3	125	26600	125	26600	0.005744	0.0055444	0.003	0.017	212.8	69.2716	88	301	
6.5	6.75	2	7	4	3	75	26500	75	26500	0.003	0	0.003	0.003	353.333	14.1501	341	373	
6.5	6.75	2	8	5	3	125	26600	108	20072	0.00442592	0.00513228	0.003	0.024	185.852	60.3672	157	384	
6.5	6.75	2	9	2	3	125	26600	125	26600	0.006528	0.00703514	0.003	0.024	212.8	48.8926	177	300	
6.5	6.75	2	10	3	3	125	26600	124	26315	0.003	0	0.003	0.003	212.218	78.3346	73	285	
6.5	6.75	3	11	1	3	75	26500	75	26500	0.00729333	0.00629194	0.003	0.017	353.333	97.2887	285	490	
6.5	6.75	3	12	3	3	50	26450	50	26450	0.003	0	0.003	0.003	529	68.6904	461	597	
6.5	6.75	3	13	5	3	75	26500	67	19892	0.00655224	0.00613802	0.003	0.017	296.896	310.847	117	826	
6.5	6.75	3	14	4	3	75	26500	75	26500	0.00533333	0.00332205	0.003	0.01	353.333	28.0002	314	373	
6.5	6.75	3	15	2	3	75	26500	75	26500	0.00533333	0.00332205	0.003	0.01	353.333	28.0002	314	373	
6.5	6.75	1	16	5	3	125	26600	116	22676	0.00553448	0.00648802	0.003	0.024	195.483	96.6243	157	436	
6.5	6.75	1	17	4	3	100	26550	101	27005	0.00750495	0.00500724	0.003	0.017	267.376	114.439	157	455	
6.5	6.75	1	18	3	3	111	26572	109	25467	0.00788073	0.00676966	0.003	0.024	233.642	126.737	35	495	
6.5	6.75	1	19	2	3	97	26544	98	26859	0.00785714	0.00496586	0.003	0.017	274.071	63.5447	177	490	
6.5	6.75	1	20	1	3	103	26556	103	26556	0.003	0	0.003	0.003	257.825	39.3861	120	285	
6.75	7	4	1	5	3	120	26590	119	26254	0.00752941	0.0083816	0.003	0.024	220.622	92.956	101	590	
6.75	7	4	2	3	3	76	26502	76	26502	0.00336842	0.00157346	0.003	0.01	348.711	116.49	11	693	
6.75	7	4	3	1	3	82	26514	82	26514	0.00547561	0.00386892	0.003	0.017	323.341	113.44	39	485	
6.75	7	4	4	4	3	50	26450	50	26450	0.003	0	0.003	0.003	529	65.6832	219	839	
6.75	7	4	5	2	3	99	26548	99	26548	0.00837374	0.00581621	0.003	0.017	268.162	82.8347	101	386	
6.75	7	2	6	1	3	125	26600	125	26600	0.0058	0.00562254	0.003	0.017	212.8	69.2716	88	301	
6.75	7	2	7	4	3	75	26500	75	26500	0.003	0	0.003	0.003	353.333	14.1501	341	373	
6.75	7	2	8	5	3	125	26600	107	19688	0.00430841	0.00500832	0.003	0.024	184	57.4867	157	384	
6.75	7	2	9	2	3	125	26600	124	26300	0.00627419	0.0068815	0.003	0.024	212.097	48.452	177	300	
6.75	7	2	10	3	3	124	26598	125	26883	0.003168	0.00139548	0.003	0.017	215.064	79.7095	73	389	
6.75	7	3	11	1	3	75	26500	75	26500	0.00766667	0.00664411	0.003	0.017	353.333	97.2887	285	490	
6.75	7	3	12	3	3	50	26450	50	26450	0.003	0	0.003	0.003	529	68.6904	461	597	
6.75	7	3	13	5	3	75	26500	71	23196	0.00714084	0.00643494	0.003	0.017	326.704	325.884	117	826	
6.75	7	3	14	4	3	75	26500	75	26500	0.00533333	0.00332205	0.003	0.01	353.333	28.0002	314	373	
6.75	7	3	15	2	3	75	26500	75	26500	0.00533333	0.00332205	0.003	0.01	353.333	28.0002	314	373	
6.75	7	1	16	5	3	125	26600	116	22832	0.00565517	0.00676192	0.003	0.024	196.828	95.3691	157	436	
6.75	7	1	17	4	3	100	26550	99	26095	0.00752525	0.00503122	0.003	0.017	263.586	108.128	84	490	
6.75	7	1	18	3	3	109	26568	106	24919	0.00815094	0.0067143	0.003	0.024	235.085	123.163	108	610	
6.75	7	1	19	2	3	99	26548	98	26233	0.00757143	0.00503595	0.003	0.017	267.684	56.8299	177	490	
6.75	7	1	20	1	3	100	26550	100	26550	0.00377	0.00279558	0.003	0.017	265.5	32.9963	155	341	
7	7.25	4	1	5	3	125	26600	125	26600	0.0072	0.0084338	0.003	0.024	212.8	81.7263	101	336	
7	7.25	4	2	3	3	75	26500	75	26500	0.003	0	0.003	0.003	353.333	71.4726	293	453	
7	7.25	4	3	1	3	75	26500	75	26500	0.00533333	0.00332205	0.003	0.01	353.333	94.3124	225	446	
7	7.25	4	4	4	3	50	26450	50	26450	0.003	0	0.003	0.003	529	20.2031	509	549	
7	7.25	4	5	2	3	100	26550	100	26550	0.00825	0.00583333	0.003	0.017	265.5	80.6836	157	373	
7	7.25	2	6	1	3	125	26600	125	26600	0.005744	0.0055444	0.003	0.017	212.8	69.2716	88	301	
7	7.25	2	7	4	3	75	26500	75	26500	0.003	0	0.003	0.003	353.333	14.1501	341	373	
7	7.25	2	8	5	3	125	26600	107	19688	0.00417757	0.00455949	0.003	0.024	184	57.4867	157	384	
7	7.25	2	9	2	3	122	26594	122	26594	0.00695902	0.00731058	0.003	0.024	217.984	62.505	177	475	
7	7.25	2	10	3	3	125	26600	125	26600	0.003	0	0.003	0.003	212.8	78.2892	73	285	
7	7.25	3	11	1	3	75	26500	75	26500	0.00757333	0.00655986	0.003	0.017	353.333	97.2887	285	490	
7	7.25	3	12	3	3	50	26450	50	26450	0.003	0	0.003	0.003	529	68.6904	461	597	
7	7.25	3	13	5	3	75	26500	72	24022	0.00727778	0.00649425	0.003	0.017	333.639	328.887	117	826	
7	7.25	3	14	4	3	75	26500	75	26500	0.00533333	0.00332205	0.003	0.01	353.333	28.0002	314	373	
7	7.25	3	15	2	3	75	26500	75	26500	0.00533333	0.00332205	0.003	0.01	353.333	28.0002	314	373	
7	7.25	1	16	5	3	125	26600	115	22240	0.00537391	0.00628066	0.003	0.024	193.391	94.3732	157	436	
7	7.25	1	17	4	3	100	26550	101	27005	0.00771287	0.0052485	0.003	0.017	267.376	114.439	157	455	
7	7.25	1	18	3	3	108	26566	102	23375	0.00773529	0.00654599	0.003	0.024	229.167	117.888	35	495	
7	7.25	1	19	2	3	99	26548	100	26688	0.0079	0.00521749	0.003	0.017	266.88	52.2719	177	315	
7	7.25	1	20	1	3	101	26552	101	26552	0.003	0	0.003	0.003	262.891	30.6803	120	285	
7.25	7.5	4	1	5	3	125	26600	125	26600	0.0072	0.0084338	0.003	0.024	212.8	81.7263	101	336	
7.25	7.5	4	2	3	3	75	26500	75	26500	0.003	0	0.003	0.003	353.333	71.4726	293	453	
7.25	7.5	4	3	1	3	75	26500	75	26500	0.00533333	0.00332205	0.003	0.01	353.333	94.3124	225	446	
7.25	7.5	4	4	4	3	50	26450	50	26450	0.003	0	0.003	0.003	529	20.2031	509	549	
7.25	7.5	4	5	2	3	100	26550	100	26550	0.00825	0.00583333	0.003	0.017	265.5	80.6836	157	373	
7.25	7.5	2	6	1	3	125	26600	125	26600	0.005632	0.00538297	0.003	0.017	212.8	69.2716	88	301	
7.25	7.5	2	7	4	3	75	26500	75	26500	0.003	0	0.003	0.003	353.333	14.1501	341	373	
7.25	7.5	2	8	5	3	125	26600	108	20072	0.00449074	0.00533284	0.003	0.024	185.852	60.3672	157	384	
7.25	7.5	2	9	2	3	125	26600	125	26600	0.006696	0.00736187	0.003	0.024	212.8	48.8926	177	300	
7.25	7.5	2	10	3	3	125	26600	125	26600	0.003112	0.00088186	0.003	0.01	212.8	78.2892	73	285	
7.25	7.5	3	11	1	3	75	26500	75	26500	0.00748	0.00647315	0.003	0.017	353.333	97.2887	285	490	
7.25	7.5	3	12	3	3	50	26450	50	26450	0.003	0	0.003	0.003	529	68.6904	461	597	
7.25	7.5	3	13	5	3	75	26500	74	25674	0.00754054	0.00659844	0.003	0.017	346.946	334.164	117	826	
7.25	7.5	3	14	4	3	75	26500	75	26500	0.00533333	0.00332205	0.003	0.01	353.333	28.0002	314	373	
7.25	7.5	3	15	2	3	75	26500	75	26500	0.00533333	0.00332205	0.003	0.01	353.333	28.0002	314	373	
7.25	7.5	1	16	5	3	125	26600	114	21804	0.00539474	0.00637281	0.003	0.024	191.263	91.9764	157	436	
7.25	7.5	1	17	4	3	99	26548	98	26093	0.00778571	0.00528029	0.003	0.017	266.255	116.172	157	610	
7.25	7.5	1	18	3	3	105	26560	98	23365	0.00814286	0.00693118	0.003	0.024	238.418	126.391	75	610	
7.25	7.5	1	19	2	3	100	26550	99	26410	0.00766667	0.0052915	0.003	0.017	266.768	57.2691	177	490	
7.25	7.5	1	20	1	3	101	26552	101	26552	0.003	0	0.003	0.003	262.891	30.6803	120	285	
7.5	7.75	4	1	5	3	125	26600	125	26600	0.0072	0.0084338	0.003	0.024	212.8	81.7263	101	336	
7.5	7.75	4	2	3	3	75	26500	75	26500	0.003	0	0.003	0.003	353.333	71.4726	293	453	
7.5	7.75	4	3	1	3	75	26500	75	26500	0.00533333	0.00332205	0.003	0.01	353.333	94.3124	225	446	
7.5	7.75	4	4	4	3	50	26450	50	26450	0.003	0	0.003	0.003	529	20.2031	509	549	
7.5	7.75	4	5	2	3	100	26550	100	26550	0.00825	0.00583333	0.003	0.017	265.5	80.6836	157	373	
7.5	7.75	2	6	1	3	125	26600	125	26600	0.0058	0.00562254	0.003	0.017	212.8	69.2716	88	301	
7.5	7.75	2	7	4	3	75	26500	75	26500	0.003	0	0.003	0.003	353.333	14.1501	341	373	
7.5	7.75	2	8	5	3	125	26600	105	18920	0.0038	0.00367266	0.003	0.024	180.19	50.8369	157	384	
7.5	7.75	2	9	2	3	125	26600	125	26600	0.006472	0.00703514	0.003	0.024	212.8	48.8926	177	300	
7.5	7.75	2	10	3	3	125	26600	125	26600	0.003	0	0.003	0.003	212.8	78.2892	73	285	
7.5	7.75	3	11	1	3	75	26500	75	26500	0.00748	0.00647315	0.003	0.017	353.333	97.2887	285	490	
7.5	7.75	3	12	3	3	50	26450	50	26450	0.003	0	0.003	0.003	529	68.6904	461	597	
7.5	7.75	3	13	5	3	75	26500	72	24022	0.00727778	0.00649425	0.003	0.017	333.639	328.887	117	826	
7.5	7.75	3	14	4	3	75	26500	75	26500	0.00533333	0.00332205	0.003	0.01	353.333	28.0002	314	373	
7.5	7.75	3	15	2	3	75	26500	75	26500	0.00533333	0.00332205	0.003	0.01	353.333	28.0002	314	373	
7.5	7.75	1	16	5	3	125	26600	116	22676	0.00559483	0.00649679	0.003	0.024	195.483	96.6243	157	436	
7.5	7.75	1	17	4	3	99	26548	100	27003	0.00769	0.00507856	0.003	0.017	270.03	118.019	157	610	
7.5	7.75	1	18	3	3	111	26572	105	23593	0.00766667	0.00634075	0.003	0.024	224.695	116.044	35	495	
7.5	7.75	1	19	2	3	100	26550	100	26580	0.00769	0.00507856	0.003	0.017	265.8	53.0043	177	315	
7.5	7.75	1	20	1	3	101	26552	101	26552	0.00306931	0.000696526	0.003	0.01	262.891	30.6803	120	285	
7.75	8	4	1	5	3	122	26594	121	26202	0.00733884	0.00834421	0.003	0.024	216.545	88.5811	101	590	
7.75	8	4	2	3	3	74	26498	74	26498	0.00328378	0.00138999	0.003	0.01	358.081	92.9878	145	605	
7.75	8	4	3	1	3	77	26504	77	26504	0.00563636	0.00377286	0.003	0.017	344.208	105.196	39	485	
7.75	8	4	4	4	3	50	26450	50	26450	0.003	0	0.003	0.003	529	20.2031	509	549	
7.75	8	4	5	2	3	100	26550	100	26550	0.00818	0.00576892	0.003	0.017	265.5	82.4863	101	373	
7.75	8	2	6	1	3	125	26600	125	26600	0.0058	0.00562254	0.003	0.017	212.8	69.2716	88	301	
7.75	8	2	7	4	3	75	26500	75	26500	0.003	0	0.003	0.003	353.333	14.1501	341	373	
7.75	8	2	8	5	3	125	26600	109	20456	0.00466972	0.0056274	0.003	0.024	187.67	63.0132	157	384	
7.75	8	2	9	2	3	124	26598	124	26598	0.0063871	0.00670846	0.003	0.024	214.5	53.7931	177	475	
7.75	8	2	10	3	3	125	26600	125	26600	0.003	0	0.003	0.003	212.8	78.2892	73	285	
7.75	8	3	11	1	3	75	26500	75	26500	0.00748	0.00647315	0.003	0.017	353.333	97.2887	285	490	
7.75	8	3	12	3	3	50	26450	50	26450	0.003	0	0.003	0.003	529	68.6904	461	597	
7.75	8	3	13	5	3	75	26500	72	24022	0.00727778	0.00649425	0.003	0.017	333.639	328.887	117	826	
7.75	8	3	14	4	3	75	26500	75	26500	0.00533333	0.00332205	0.003	0.01	353.333	28.0002	314	373	
7.75	8	3	15	2	3	75	26500	75	26500	0.00533333	0.00332205	0.003	0.01	353.333	28.0002	314	373	
7.75	8	1	16	5	3	125	26600	117	23216	0.00557265	0.00640759	0.003	0.024	198.427	97.5695	157	436	
7.75	8	1	17	4	3	100	26550	99	26215	0.00759596	0.00501614	0.003	0.017	264.798	120.382	4	610	
7.75	8	1	18	3	3	107	26564	103	23978	0.0078932	0.00656329	0.003	0.024	232.796	118.887	35	610	
7.75	8	1	19	2	3	99	26548	99	26518	0.00752525	0.00503122	0.003	0.017	267.859	56.566	177	490	
7.75	8	1	20	1	3	102	26554	101	26287	0.00341584	0.00193529	0.003	0.017	260.267	37.8634	120	341	
8	8.25	4	1	5	3	120	26590	119	26198	0.00752941	0.008431	0.003	0.024	220.151	93.9793	101	590	
8	8.25	4	2	3	3	74	26498	74	26498	0.00337838	0.00159368	0.003	0.01	358.081	97.0775	145	605	
8	8.25	4	3	1	3	78	26506	78	26506	0.00578205	0.00396297	0.003	0.017	339.821	112.009	39	485	
8	8.25	4	4	4	3	50	26450	50	26450	0.003	0	0.003	0.003	529	20.2031	509	549	
8	8.25	4	5	2	3	100	26550	100	26550	0.00825	0.00583333	0.003	0.017	265.5	83.373	101	373	
8	8.25	2	6	1	3	125	26600	125	26600	0.0058	0.00562254	0.003	0.017	212.8	69.2716	88	301	
8	8.25	2	7	4	3	75	26500	75	26500	0.003	0	0.003	0.003	353.333	14.1501	341	373	
8	8.25	2	8	5	3	125	26600	105	18920	0.00386667	0.00396636	0.003	0.024	180.19	50.8369	157	384	
8	8.25	2	9	2	3	125	26600	125	26600	0.006528	0.00714659	0.003	0.024	212.8	48.8926	177	300	
8	8.25	2	10	3	3	125	26600	125	26600	0.003	0	0.003	0.003	212.8	78.2892	73	285	
8	8.25	3	11	1	3	75	26500	75	26500	0.00748	0.00647315	0.003	0.017	353.333	97.2887	285	490	
8	8.25	3	12	3	3	50	26450	50	26450	0.003	0	0.003	0.003	529	68.6904	461	597	
8	8.25	3	13	5	3	75	26500	74	25674	0.00754054	0.00659844	0.003	0.017	346.946	334.164	117	826	
8	8.25	3	14	4	3	75	26500	75	26500	0.00533333	0.00332205	0.003	0.01	353.333	28.0002	314	373	
8	8.25	3	15	2	3	75	26500	75	26500	0.00533333	0.00332205	0.003	0.01	353.333	28.0002	314	373	
8	8.25	1	16	5	3	124	26598	113	21803	0.00547788	0.00654258	0.003	0.024	192.947	92.1891	157	436	
8	8.25	1	17	4	3	100	26550	100	26550	0.00776	0.00525342	0.003	0.017	265.5	109.773	127	485	
8	8.25	1	18	3	3	106	26562	101	24357	0.00833663	0.00701039	0.003	0.024	241.158	124.281	108	495	
8	8.25	1	19	2	3	100	26550	100	26550	0.00776	0.00525342	0.003	0.017	265.5	52.8075	177	315	
8	8.25	1	20	1	3	100	26550	100	26550	0.00363	0.00265016	0.003	0.017	265.5	33.381	163	389	
8.25	8.5	4	1	5	3	120	26590	120	26590	0.00766667	0.00852907	0.003	0.024	221.583	93.7167	101	590	
8.25	8.5	4	2	3	3	73	26496	73	26496	0.00338356	0.00160408	0.003	0.01	362.959	91.3661	145	605	
8.25	8.5	4	3	1	3	78	26506	78	26506	0.00551282	0.00373729	0.003	0.017	339.821	110.827	39	485	
8.25	8.5	4	4	4	3	50	26450	50	26450	0.003	0	0.003	0.003	529	20.2031	509	549	
8.25	8.5	4	5	2	3	100	26550	100	26550	0.00825	0.00583333	0.003	0.017	265.5	82.4863	101	373	
8.25	8.5	2	6	1	3	125	26600	125	26600	0.005744	0.0055444	0.003	0.017	212.8	69.2716	88	301	
8.25	8.5	2	7	4	3	75	26500	75	26500	0.003	0	0.003	0.003	353.333	14.1501	341	373	
8.25	8.5	2	8	5	3	125	26600	107	19688	0.00430841	0.00500832	0.003	0.024	184	57.4867	157	384	
8.25	8.5	2	9	2	3	125	26600	125	26600	0.006528	0.00714659	0.003	0.024	212.8	48.8926	177	300	
8.25	8.5	2	10	3	3	125	26600	125	26600	0.003	0	0.003	0.003	212.8	78.2892	73	285	
8.25	8.5	3	11	1	3	75	26500	75	26500	0.00738667	0.00638388	0.003	0.017	353.333	97.2887	285	490	
8.25	8.5	3	12	3	3	50	26450	50	26450	0.003	0	0.003	0.003	529	68.6904	461	597	
8.25	8.5	3	13	5	3	75	26500	73	24848	0.00741096	0.00654861	0.003	0.017	340.384	331.64	117	826	
8.25	8.5	3	14	4	3	75	26500	75	26500	0.00533333	0.00332205	0.003	0.01	353.333	28.0002	314	373	
8.25	8.5	3	15	2	3	75	26500	75	26500	0.00533333	0.00332205	0.003	0.01	353.333	28.0002	314	373	
8.25	8.5	1	16	5	3	125	26600	113	21420	0.00504425	0.00581775	0.003	0.024	189.558	88.1987	157	436	
8.25	8.5	1	17	4	3	99	26548	99	26273	0.00780808	0.00525799	0.003	0.017	265.384	108.985	157	455	
8.25	8.5	1	18	3	3	106	26562	104	25187	0.00851923	0.00707927	0.003	0.024	242.183	125.676	108	495	
8.25	8.5	1	19	2	3	99	26548	99	26548	0.00780808	0.00525799	0.003	0.017	268.162	56.7389	177	490	
8.25	8.5	1	20	1	3	100	26550	101	26817	0.00355445	0.0025592	0.003	0.017	265.515	27.6863	211	341	
8.5	8.75	4	1	5	3	125	26600	125	26600	0.0072	0.0084338	0.003	0.024	212.8	81.7263	101	336	
8.5	8.75	4	2	3	3	75	26500	75	26500	0.003	0	0.003	0.003	353.333	71.4726	293	453	
8.5	8.75	4	3	1	3	75	26500	75	26500	0.00533333	0.00332205	0.003	0.01	353.333	94.3124	225	446	
8.5	8.75	4	4	4	3	50	26450	50	26450	0.003	0	0.003	0.003	529	20.2031	509	549	
8.5	8.75	4	5	2	3	100	26550	100	26550	0.00825	0.00583333	0.003	0.017	265.5	80.6836	157	373	
8.5	8.75	2	6	1	3	125	26600	125	26600	0.0058	0.00562254	0.003	0.017	212.8	69.2716	88	301	
8.5	8.75	2	7	4	3	75	26500	75	26500	0.003	0	0.003	0.003	353.333	14.1501	341	373	
8.5	8.75	2	8	5	3	125	26600	107	19688	0.00430841	0.00500832	0.003	0.024	184	57.4867	157	384	
8.5	8.75	2	9	2	3	124	26598	124	26598	0.00644355	0.00694262	0.003	0.024	214.5	53.7931	177	475	
8.5	8.75	2	10	3	3	125	26600	125	26600	0.003	0	0.003	0.003	212.8	78.2892	73	285	
8.5	8.75	3	11	1	3	75	26500	75	26500	0.00738667	0.00638388	0.003	0.017	353.333	97.2887	285	490	
8.5	8.75	3	12	3	3	50	26450	50	26450	0.003	0	0.003	0.003	529	68.6904	461	597	
8.5	8.75	3	13	5	3	75	26500	71	23196	0.00714084	0.00643494	0.003	0.017	326.704	325.884	117	826	
8.5	8.75	3	14	4	3	75	26500	75	26500	0.00533333	0.00332205	0.003	0.01	353.333	28.0002	314	373	
8.5	8.75	3	15	2	3	75	26500	75	26500	0.00533333	0.00332205	0.003	0.01	353.333	28.0002	314	373	
8.5	8.75	1	16	5	3	125	26600	120	24420	0.00609167	0.00695846	0.003	0.024	203.5	104.413	157	436	
8.5	8.75	1	17	4	3	100	26550	101	27160	0.00736634	0.00483471	0.003	0.017	268.911	117.965	157	610	
8.5	8.75	1	18	3	3	112	26574	108	24709	0.00766667	0.00634815	0.003	0.024	228.787	116.444	108	610	
8.5	8.75	1	19	2	3	99	26548	100	26863	0.00748	0.00482519	0.003	0.017	268.63	56.6456	177	490	
8.5	8.75	1	20	1	3	100	26550	100	26550	0.003	0	0.003	0.003	265.5	24.6337	225	285	
8.75	9	4	1	5	3	124	26598	123	26206	0.00715447	0.0083037	0.003	0.024	213.057	82.8763	101	435	
8.75	9	4	2	3	3	74	26498	74	26498	0.00318919	0.00114288	0.003	0.01	358.081	88.7097	145	605	
8.75	9	4	3	1	3	76	26502	76	26502	0.00548684	0.00356087	0.003	0.017	348.711	97.5014	149	485	
8.75	9	4	4	4	3	50	26450	50	26450	0.003	0	0.003	0.003	529	20.2031	509	549	
8.75	9	4	5	2	3	100	26550	100	26550	0.00818	0.00576892	0.003	0.017	265.5	81.5899	101	373	
8.75	9	2	6	1	3	125	26600	125	26600	0.0058	0.00562254	0.003	0.017	212.8	69.2716	88	301	
8.75	9	2	7	4	3	75	26500	75	26500	0.003	0	0.003	0.003	353.333	14.1501	341	373	
8.75	9	2	8	5	3	125	26600	108	20072	0.00442592	0.00513228	0.003	0.024	185.852	60.3672	157	384	
8.75	9	2	9	2	3	125	26600	125	26600	0.006472	0.00703514	0.003	0.024	212.8	48.8926	177	300	
8.75	9	2	10	3	3	125	26600	124	26508	0.00305645	0.000628619	0.003	0.01	213.774	79.9112	73	389	
8.75	9	3	11	1	3	75	26500	75	26500	0.00757333	0.00655986	0.003	0.017	353.333	97.2887	285	490	
8.75	9	3	12	3	3	50	26450	50	26450	0.003	0	0.003	0.003	529	68.6904	461	597	
8.75	9	3	13	5	3	75	26500	69	21544	0.00685507	0.00629957	0.003	0.017	312.232	319.028	117	826	
8.75	9	3	14	4	3	75	26500	75	26500	0.00533333	0.00332205	0.003	0.01	353.333	28.0002	314	373	
8.75	9	3	15	2	3	75	26500	75	26500	0.00533333	0.00332205	0.003	0.01	353.333	28.0002	314	373	
8.75	9	1	16	5	3	125	26600	116	22728	0.00553448	0.00648802	0.003	0.024	195.931	96.5648	157	436	
8.75	9	1	17	4	3	100	26550	99	26095	0.00745454	0.00494515	0.003	0.017	263.586	111.752	127	485	
8.75	9	1	18	3	3	106	26562	103	24962	0.00823301	0.00655475	0.003	0.024	242.35	123.753	35	610	
8.75	9	1	19	2	3	97	26544	96	26054	0.00773958	0.00492308	0.003	0.017	271.396	60.0606	177	490	
8.75	9	1	20	1	3	101	26552	101	26552	0.00320792	0.00155124	0.003	0.017	262.891	32.0025	120	341	
9	9.25	4	1	5	3	113	26576	112	26042	0.00825	0.00853451	0.003	0.024	232.518	106.753	101	590	
9	9.25	4	2	3	3	76	26502	75	26028	0.00346667	0.00175787	0.003	0.01	347.04	105.027	11	474	
9	9.25	4	3	1	3	83	26516	82	26477	0.00607317	0.00441317	0.003	0.017	322.89	128.371	39	485	
9	9.25	4	4	4	3	50	26450	50	26450	0.003	0	0.003	0.003	529	65.6832	219	839	
9	9.25	4	5	2	3	100	26550	100	26494	0.00825	0.00583333	0.003	0.017	264.94	86.0192	101	373	
9	9.25	2	6	1	3	125	26600	125	26600	0.0058	0.00562254	0.003	0.017	212.8	69.2716	88	301	
9	9.25	2	7	4	3	75	26500	75	26500	0.003	0	0.003	0.003	353.333	14.1501	341	373	
9	9.25	2	8	5	3	125	26600	107	19688	0.00430841	0.00500832	0.003	0.024	184	57.4867	157	384	
9	9.25	2	9	2	3	124	26598	124	26598	0.00655645	0.00716847	0.003	0.024	214.5	53.7931	177	475	
9	9.25	2	10	3	3	124	26598	125	26690	0.003112	0.0012522	0.003	0.017	213.52	78.1675	73	285	
9	9.25	3	11	1	3	75	26500	75	26500	0.00757333	0.00655986	0.003	0.017	353.333	97.2887	285	490	
9	9.25	3	12	3	3	50	26450	50	26450	0.003	0	0.003	0.003	529	68.6904	461	597	
9	9.25	3	13	5	3	75	26500	74	25674	0.00754054	0.00659844	0.003	0.017	346.946	334.164	117	826	
9	9.25	3	14	4	3	75	26500	75	26500	0.00533333	0.00332205	0.003	0.01	353.333	28.0002	314	373	
9	9.25	3	15	2	3	75	26500	75	26500	0.00533333	0.00332205	0.003	0.01	353.333	28.0002	314	373	
9	9.25	1	16	5	3	125	26600	111	20808	0.00482883	0.00564056	0.003	0.024	187.459	83.6384	157	436	
9	9.25	1	17	4	3	99	26548	99	26548	0.00794949	0.00540856	0.003	0.017	268.162	107.986	157	610	
9	9.25	1	18	3	3	106	26562	105	26067	0.00866667	0.00733494	0.003	0.024	248.257	133.106	75	610	
9	9.25	1	19	2	3	99	26548	99	26723	0.00794949	0.00540856	0.003	0.017	269.929	60.7941	177	490	
9	9.25	1	20	1	3	101	26552	101	26552	0.00424752	0.00362327	0.003	0.017	262.891	37.9283	120	341	
9.25	9.5	4	1	5	3	118	26586	118	26784	0.00786441	0.00856141	0.003	0.024	226.983	103.463	101	590	
9.25	9.5	4	2	3	3	73	26496	74	26970	0.00356757	0.00192376	0.003	0.01	364.459	99.3107	145	605	
9.25	9.5	4	3	1	3	79	26508	80	26547	0.0058	0.00410742	0.003	0.017	331.837	120.898	39	485	
9.25	9.5	4	4	4	3	50	26450	50	26450	0.003	0	0.003	0.003	529	20.2031	509	549	
9.25	9.5	4	5	2	3	100	26550	100	26606	0.00825	0.00583333	0.003	0.017	266.06	83.327	101	373	
9.25	9.5	2	6	1	3	125	26600	125	26600	0.0058	0.00562254	0.003	0.017	212.8	69.2716	88	301	
9.25	9.5	2	7	4	3	75	26500	75	26500	0.003	0	0.003	0.003	353.333	14.1501	341	373	
9.25	9.5	2	8	5	3	125	26600	103	18152	0.00361165	0.00354863	0.003	0.024	176.233	42.4826	157	384	
9.25	9.5	2	9	2	3	124	26598	124	26598	0.00666935	0.00738568	0.003	0.024	214.5	53.7931	177	475	
9.25	9.5	2	10	3	3	125	26600	125	26600	0.003	0	0.003	0.003	212.8	78.2892	73	285	
9.25	9.5	3	11	1	3	75	26500	75	26500	0.00738667	0.00638388	0.003	0.017	353.333	97.2887	285	490	
9.25	9.5	3	12	3	3	50	26450	50	26450	0.003	0	0.003	0.003	529	68.6904	461	597	
9.25	9.5	3	13	5	3	75	26500	71	23196	0.00714084	0.00643494	0.003	0.017	326.704	325.884	117	826	
9.25	9.5	3	14	4	3	75	26500	75	26500	0.00533333	0.00332205	0.003	0.01	353.333	28.0002	314	373	
9.25	9.5	3	15	2	3	75	26500	75	26500	0.00533333	0.00332205	0.003	0.01	353.333	28.0002	314	373	
9.25	9.5	1	16	5	3	125	26600	111	20652	0.00495495	0.00598238	0.003	0.024	186.054	82.41	157	436	
9.25	9.5	1	17	4	3	101	26552	102	27007	0.00794118	0.00553624	0.003	0.017	264.775	108.277	84	455	
9.25	9.5	1	18	3	3	103	26556	103	26662	0.00925243	0.00758704	0.003	0.024	258.854	135.833	108	610	
9.25	9.5	1	19	2	3	98	26546	99	26686	0.00816162	0.00543929	0.003	0.017	269.556	56.1687	177	490	
9.25	9.5	1	20	1	3	100	26550	100	26550	0.00377	0.00279558	0.003	0.017	265.5	30.6869	211	341	
9.5	9.75	4	1	5	3	118	26586	118	26388	0.00786441	0.00856141	0.003	0.024	223.627	95.8463	101	590	
9.5	9.75	4	2	3	3	75	26500	74	26026	0.00337838	0.00159368	0.003	0.01	351.703	98.9957	74	693	
9.5	9.75	4	3	1	3	80	26510	79	26471	0.00565823	0.00393174	0.003	0.017	335.076	115.1	39	485	
9.5	9.75	4	4	4	3	50	26450	50	26450	0.003	0	0.003	0.003	529	20.2031	509	549	
9.5	9.75	4	5	2	3	98	26546	98	26490	0.0085	0.00579593	0.003	0.017	270.306	85.0697	101	458	
9.5	9.75	2	6	1	3	125	26600	125	26600	0.005744	0.0055444	0.003	0.017	212.8	69.2716	88	301	
9.5	9.75	2	7	4	3	75	26500	75	26500	0.003	0	0.003	0.003	353.333	14.1501	341	373	
9.5	9.75	2	8	5	3	125	26600	109	20456	0.00466972	0.0056274	0.003	0.024	187.67	63.0132	157	384	
9.5	9.75	2	9	2	3	124	26598	124	26598	0.0066129	0.0071678	0.003	0.024	214.5	53.7931	177	475	
9.5	9.75	2	10	3	3	125	26600	125	26600	0.003056	0.000626099	0.003	0.01	212.8	78.2892	73	285	
9.5	9.75	3	11	1	3	75	26500	75	26500	0.00766667	0.00664411	0.003	0.017	353.333	97.2887	285	490	
9.5	9.75	3	12	3	3	50	26450	50	26450	0.003	0	0.003	0.003	529	68.6904	461	597	
9.5	9.75	3	13	5	3	75	26500	70	22370	0.007	0.00637022	0.003	0.017	319.571	322.606	117	826	
9.5	9.75	3	14	4	3	75	26500	75	26500	0.00533333	0.00332205	0.003	0.01	353.333	28.0002	314	373	
9.5	9.75	3	15	2	3	75	26500	75	26500	0.00533333	0.00332205	0.003	0.01	353.333	28.0002	314	373	
9.5	9.75	1	16	5	3	125	26600	117	23268	0.00569231	0.00668176	0.003	0.024	198.872	97.4976	157	436	
9.5	9.75	1	17	4	3	100	26550	99	26095	0.00752525	0.00503122	0.003	0.017	263.586	111.419	84	610	
9.5	9.75	1	18	3	3	108	26566	102	23868	0.00787255	0.00644347	0.003	0.024	234	123.009	35	610	
9.5	9.75	1	19	2	3	97	26544	96	26404	0.0078125	0.00500802	0.003	0.017	275.042	67.5268	177	490	
9.5	9.75	1	20	1	3	101	26552	101	26552	0.00376238	0.00278262	0.003	0.017	262.891	34.4952	120	341	
9.75	10	4	1	5	3	112	26574	110	25639	0.00815454	0.00835693	0.003	0.024	233.082	111.198	101	590	
9.75	10	4	2	3	3	77	26504	77	26285	0.00363636	0.00202555	0.003	0.01	341.364	116.991	74	622	
9.75	10	4	3	1	3	82	26514	83	26807	0.00654217	0.004686	0.003	0.017	322.976	136.018	39	485	
9.75	10	4	4	4	3	50	26450	50	26450	0.003	0	0.003	0.003	529	20.2031	509	549	
9.75	10	4	5	2	3	100	26550	99	26177	0.00830303	0.00583874	0.003	0.017	264.414	87.4399	101	373	
9.75	10	2	6	1	3	125	26600	125	26600	0.005744	0.0055444	0.003	0.017	212.8	69.2716	88	301	
9.75	10	2	7	4	3	75	26500	75	26500	0.003	0	0.003	0.003	353.333	14.1501	341	373	
9.75	10	2	8	5	3	125	26600	109	20456	0.00454128	0.00524851	0.003	0.024	187.67	63.0132	157	384	
9.75	10	2	9	2	3	124	26598	124	26598	0.0063871	0.00676758	0.003	0.024	214.5	53.7931	177	475	
9.75	10	2	10	3	3	125	26600	125	26600	0.003	0	0.003	0.003	212.8	78.2892	73	285	
9.75	10	3	11	1	3	75	26500	75	26500	0.00766667	0.00664411	0.003	0.017	353.333	97.2887	285	490	
9.75	10	3	12	3	3	50	26450	50	26450	0.003	0	0.003	0.003	529	68.6904	461	597	
9.75	10	3	13	5	3	75	26500	71	23196	0.00714084	0.00643494	0.003	0.017	326.704	325.884	117	826	
9.75	10	3	14	4	3	75	26500	75	26500	0.00533333	0.00332205	0.003	0.01	353.333	28.0002	314	373	
9.75	10	3	15	2	3	75	26500	75	26500	0.00533333	0.00332205	0.003	0.01	353.333	28.0002	314	373	
9.75	10	1	16	5	3	125	26600	114	22064	0.00533333	0.00622394	0.003	0.024	193.544	88.2589	157	436	
9.75	10	1	17	4	3	102	26554	103	27009	0.00762136	0.00514518	0.003	0.017	262.223	102.753	84	485	
9.75	10	1	18	3	3	108	26566	107	26414	0.00829906	0.00671975	0.003	0.024	246.86	128.63	75	610	
9.75	10	1	19	2	3	98	26546	99	26861	0.00787879	0.0051434	0.003	0.017	271.323	60.221	177	490	
9.75	10	1	20	1	3	101	26552	101	26552	0.00445544	0.00361255	0.003	0.017	262.891	43.5375	120	341	
