% start	end	CellId	IMSI	RNTI	LCID	nTxPDUs	TxBytes	nRxPDUs	RxBytes	delay	stdDev	min	max	PduSize	stdDev	min	max
0.5	0.75	4	1	3	3	61	25418	61	25418	0.00357377	0.00193614	0.003	0.01	416.689	211.911	28	839	
0.5	0.75	4	2	5	3	100	25496	82	18165	0.00607317	0.00528632	0.003	0.024	221.524	105.175	28	839	
0.5	0.75	4	3	1	3	110	25516	102	23424	0.00622549	0.00658367	0.003	0.024	229.647	138.114	28	839	
0.5	0.75	4	4	4	3	84	25464	63	15203	0.00944444	0.00566477	0.003	0.024	241.317	119.174	28	706	
0.5	0.75	4	5	2	3	91	25478	91	25478	0.00361538	0.00199315	0.003	0.01	279.978	150.372	11	839	
0.5	0.75	2	6	5	3	109	25514	89	14044	0.00465168	0.00517226	0.003	0.024	157.798	104.969	28	710	
0.5	0.75	2	7	1	3	72	25440	72	25440	0.00348611	0.00179195	0.003	0.01	353.333	214.445	11	839	
0.5	0.75	2	8	3	3	107	25510	105	25486	0.00586667	0.00537814	0.003	0.017	242.724	146.795	12	839	
0.5	0.75	2	9	2	3	90	25476	90	25476	0.00393333	0.00335134	0.003	0.017	283.067	135.467	28	839	
0.5	0.75	2	10	4	3	109	25514	91	18521	0.00507692	0.00547161	0.003	0.024	203.527	112.16	28	839	
0.5	0.75	3	11	5	3	100	25496	85	19077	0.00695294	0.00615263	0.003	0.024	224.435	154.872	28	839	
0.5	0.75	3	12	4	3	84	25464	84	25464	0.00341667	0.00166616	0.003	0.01	303.143	148.506	7	839	
0.5	0.75	3	13	1	3	104	25504	99	24405	0.00611111	0.00576387	0.003	0.024	246.515	144.589	28	839	
0.5	0.75	3	14	3	3	111	25518	104	23403	0.00609615	0.00599922	0.003	0.024	225.029	137.355	28	839	
0.5	0.75	3	15	2	3	84	25464	84	25464	0.00341667	0.00166616	0.003	0.01	303.143	147.867	28	839	
0.5	0.75	1	16	2	3	109	25514	95	20593	0.00557895	0.00578071	0.003	0.024	216.768	160.597	28	839	
0.5	0.75	1	17	1	3	89	25474	89	25474	0.00355056	0.00189504	0.003	0.01	286.225	132.544	28	839	
0.5	0.75	1	18	5	3	93	25482	92	25262	0.00406522	0.0025281	0.003	0.01	274.587	126.527	8	839	
0.5	0.75	1	19	4	3	88	25472	83	23392	0.00831325	0.00563726	0.003	0.024	281.831	163.186	9	839	
0.5	0.75	1	20	3	3	110	25516	87	11161	0.0038046	0.00360826	0.003	0.024	128.287	113.462	28	643	
0.75	1	4	1	3	3	64	26478	64	26478	0.003	0	0.003	0.003	413.719	199.352	58	597	
0.75	1	4	2	5	3	114	26578	100	21870	0.00608	0.00510433	0.003	0.024	218.7	74.5821	101	485	
0.75	1	4	3	1	3	125	26600	115	24116	0.00506956	0.00556102	0.003	0.024	209.704	65.4537	104	420	
0.75	1	4	4	4	3	102	26554	87	20556	0.00742529	0.00524212	0.003	0.024	236.276	106.324	101	694	
0.75	1	4	5	2	3	104	26558	104	26558	0.00313461	0.000966002	0.003	0.01	255.365	123.326	7	485	
0.75	1	2	6	5	3	130	26610	112	17126	0.0039375	0.00381623	0.003	0.024	152.911	76.8808	62	560	
0.75	1	2	7	1	3	77	26504	77	26504	0.003	0	0.003	0.003	344.208	206.978	11	517	
0.75	1	2	8	3	3	123	26596	124	26608	0.00525806	0.00493349	0.003	0.017	214.581	90.1418	12	311	
0.75	1	2	9	2	3	106	26562	106	26562	0.00313207	0.000956934	0.003	0.01	250.585	93.5012	47	389	
0.75	1	2	10	4	3	129	26608	114	21448	0.00435088	0.00455057	0.003	0.024	188.14	51.7237	101	384	
0.75	1	3	11	5	3	104	26558	86	19278	0.00674419	0.00522705	0.003	0.024	224.163	117.099	31	746	
0.75	1	3	12	4	3	96	26542	96	26542	0.003	0	0.003	0.003	276.479	113.348	7	373	
0.75	1	3	13	1	3	122	26594	119	25950	0.00582353	0.00549213	0.003	0.024	218.067	77.3983	16	416	
0.75	1	3	14	3	3	126	26602	120	24890	0.0051	0.00510133	0.003	0.024	207.417	56.7374	117	416	
0.75	1	3	15	2	3	94	26538	94	26538	0.00307447	0.000721995	0.003	0.01	282.319	119.751	75	453	
0.75	1	1	16	2	3	121	26592	111	21702	0.0053964	0.00554368	0.003	0.024	195.514	104.785	48	535	
0.75	1	1	17	1	3	100	26550	100	26550	0.003	0	0.003	0.003	265.5	94.8623	75	373	
0.75	1	1	18	5	3	105	26560	106	26780	0.00366038	0.00205582	0.003	0.01	252.642	114.352	8	517	
0.75	1	1	19	4	3	94	26538	94	26318	0.00865957	0.00545865	0.003	0.024	279.979	138.578	24	706	
0.75	1	1	20	3	3	127	26604	110	15880	0.00433636	0.00497199	0.003	0.024	144.364	140.101	32	723	
1	1.25	4	1	3	3	65	26480	65	26480	0.003	0	0.003	0.003	407.385	191.987	58	597	
1	1.25	4	2	5	3	106	26562	81	16922	0.00533333	0.0035	0.003	0.017	208.914	59.9012	101	379	
1	1.25	4	3	1	3	123	26596	110	23265	0.00522727	0.00614005	0.003	0.024	211.5	73.4562	117	535	
1	1.25	4	4	4	3	93	26536	71	15963	0.00783098	0.00496268	0.003	0.024	224.831	92.1547	101	694	
1	1.25	4	5	2	3	105	26560	105	26560	0.003	0	0.003	0.003	252.952	115.94	11	462	
1	1.25	2	6	5	3	125	26600	102	14484	0.00334314	0.00248757	0.003	0.024	142	54.5916	117	524	
1	1.25	2	7	1	3	77	26504	77	26504	0.003	0	0.003	0.003	344.208	206.456	11	517	
1	1.25	2	8	3	3	124	26598	124	26522	0.00570968	0.00548134	0.003	0.017	213.887	101.129	12	301	
1	1.25	2	9	2	3	101	26552	101	26552	0.003	0	0.003	0.003	262.891	99.1818	47	389	
1	1.25	2	10	4	3	125	26600	103	19128	0.00374757	0.00338311	0.003	0.024	185.709	35.1422	157	332	
1	1.25	3	11	5	3	109	26568	88	17164	0.00594318	0.00483131	0.003	0.024	195.045	59.5321	73	539	
1	1.25	3	12	4	3	96	26542	96	26542	0.003	0	0.003	0.003	276.479	128.139	7	373	
1	1.25	3	13	1	3	120	26590	112	24592	0.005375	0.00510807	0.003	0.024	219.571	69.9172	64	419	
1	1.25	3	14	3	3	125	26600	115	24140	0.00506956	0.00556102	0.003	0.024	209.913	51.29	117	416	
1	1.25	3	15	2	3	96	26542	96	26542	0.00307292	0.000714435	0.003	0.01	276.479	122.156	75	453	
1	1.25	1	16	2	3	121	26592	105	18267	0.00486667	0.00506888	0.003	0.024	173.971	106.62	57	596	
1	1.25	1	17	1	3	105	26560	105	26560	0.00326667	0.00134641	0.003	0.01	252.952	96.7366	75	373	
1	1.25	1	18	5	3	111	26572	110	26484	0.00350909	0.00182614	0.003	0.01	240.764	119.946	8	693	
1	1.25	1	19	4	3	82	26514	82	26586	0.0112805	0.00468324	0.003	0.024	324.22	118.294	26	534	
1	1.25	1	20	3	3	124	26598	102	10661	0.00348039	0.00283098	0.003	0.024	104.52	94.928	32	718	
1.25	1.5	4	1	3	3	64	26478	64	26478	0.003	0	0.003	0.003	413.719	188.444	58	597	
1.25	1.5	4	2	5	3	107	26564	86	19141	0.00658139	0.00489048	0.003	0.024	222.57	78.9342	117	650	
1.25	1.5	4	3	1	3	125	26600	116	24180	0.00589655	0.00691234	0.003	0.024	208.448	66.2005	117	420	
1.25	1.5	4	4	4	3	95	26540	73	16171	0.00769863	0.00535331	0.003	0.024	221.521	88.0137	101	650	
1.25	1.5	4	5	2	3	107	26564	107	26564	0.003	0	0.003	0.003	248.262	115.692	12	462	
1.25	1.5	2	6	5	3	125	26600	101	13240	0.00334653	0.00229537	0.003	0.024	131.089	46.0218	117	560	
1.25	1.5	2	7	1	3	75	26500	75	26500	0.003	0	0.003	0.003	353.333	200.474	26	517	
1.25	1.5	2	8	3	3	125	26600	124	26512	0.00570968	0.00548134	0.003	0.017	213.806	70.0151	28	301	
1.25	1.5	2	9	2	3	125	26600	125	26600	0.003	0	0.003	0.003	212.8	90.2157	60	341	
1.25	1.5	2	10	4	3	125	26600	100	17040	0.00314	0.000984937	0.003	0.01	170.4	22.5729	157	209	
1.25	1.5	3	11	5	3	116	26582	98	19655	0.00542857	0.00503595	0.003	0.024	200.561	59.2717	101	475	
1.25	1.5	3	12	4	3	95	26540	95	26540	0.003	0	0.003	0.003	279.368	123.039	7	373	
1.25	1.5	3	13	1	3	119	26588	116	26136	0.00601724	0.00555601	0.003	0.024	225.31	76.8261	64	650	
1.25	1.5	3	14	3	3	125	26600	120	25292	0.00591667	0.0063901	0.003	0.024	210.767	50.0633	117	360	
1.25	1.5	3	15	2	3	95	26540	95	26540	0.003	0	0.003	0.003	279.368	120.066	75	453	
1.25	1.5	1	16	2	3	124	26598	112	20958	0.0051875	0.00587027	0.003	0.024	187.125	125.717	57	651	
1.25	1.5	1	17	1	3	103	26556	103	26556	0.00313592	0.000970633	0.003	0.01	257.825	94.2386	76	373	
1.25	1.5	1	18	5	3	106	26562	107	26650	0.00430841	0.00274175	0.003	0.01	249.065	128.37	8	578	
1.25	1.5	1	19	4	3	84	26518	85	26934	0.0107412	0.00518274	0.003	0.024	316.871	113.701	24	650	
1.25	1.5	1	20	3	3	125	26600	104	12384	0.00374038	0.0037675	0.003	0.024	119.077	126.78	26	729	
1.5	1.75	4	1	3	3	63	26476	63	26476	0.003	0	0.003	0.003	420.254	172.442	58	597	
1.5	1.75	4	2	5	3	109	26568	87	18727	0.00589655	0.00434296	0.003	0.024	215.253	70.7962	117	650	
1.5	1.75	4	3	1	3	125	26600	118	25076	0.0059661	0.00699442	0.003	0.024	212.508	71.435	117	420	
1.5	1.75	4	4	4	3	89	26528	66	15692	0.00904545	0.00547563	0.003	0.024	237.758	95.0878	157	694	
1.5	1.75	4	5	2	3	105	26560	105	26560	0.003	0	0.003	0.003	252.952	110.189	12	462	
1.5	1.75	2	6	5	3	125	26600	101	13200	0.00320792	0.00208958	0.003	0.024	130.693	45.9686	117	560	
1.5	1.75	2	7	1	3	75	26500	75	26500	0.003	0	0.003	0.003	353.333	206.643	26	517	
1.5	1.75	2	8	3	3	125	26600	125	26600	0.005744	0.0055444	0.003	0.017	212.8	69.2716	88	301	
1.5	1.75	2	9	2	3	125	26600	125	26600	0.003	0	0.003	0.003	212.8	90.2157	60	341	
1.5	1.75	2	10	4	3	125	26600	101	17384	0.00327723	0.00219599	0.003	0.024	172.119	29.6247	157	364	
1.5	1.75	3	11	5	3	108	26566	89	18387	0.00630337	0.00517951	0.003	0.024	206.596	73.784	101	539	
1.5	1.75	3	12	4	3	94	26538	94	26538	0.003	0	0.003	0.003	282.319	119.52	7	373	
1.5	1.75	3	13	1	3	113	26576	108	25035	0.00675926	0.00600914	0.003	0.024	231.806	78.1211	16	373	
1.5	1.75	3	14	3	3	125	26600	121	25520	0.00595041	0.00643797	0.003	0.024	210.909	52.8819	117	360	
1.5	1.75	3	15	2	3	95	26540	95	26540	0.003	0	0.003	0.003	279.368	116.537	75	453	
1.5	1.75	1	16	2	3	124	26598	108	19390	0.00475	0.00507537	0.003	0.024	179.537	104.708	57	536	
1.5	1.75	1	17	1	3	103	26556	103	26556	0.00306796	0.00068973	0.003	0.01	257.825	98.2661	75	373	
1.5	1.75	1	18	5	3	108	26566	108	26566	0.00423148	0.00267773	0.003	0.01	245.981	128.142	8	578	
1.5	1.75	1	19	4	3	88	26526	87	26457	0.0104023	0.00515901	0.003	0.017	304.103	126.412	36	621	
1.5	1.75	1	20	3	3	125	26600	101	10435	0.00320792	0.00208958	0.003	0.024	103.317	70.6749	26	723	
1.75	2	4	1	3	3	67	26484	67	26484	0.003	0	0.003	0.003	395.284	198.004	58	597	
1.75	2	4	2	5	3	111	26572	98	21657	0.00621428	0.00462456	0.003	0.024	220.99	81.5138	31	621	
1.75	2	4	3	1	3	126	26602	118	24195	0.0048983	0.00530987	0.003	0.024	205.042	69.1258	9	420	
1.75	2	4	4	4	3	98	26546	84	20276	0.00841667	0.00536209	0.003	0.024	241.381	115.772	31	694	
1.75	2	4	5	2	3	100	26550	100	26550	0.00314	0.000984937	0.003	0.01	265.5	114.168	7	485	
1.75	2	2	6	5	3	129	26608	111	16688	0.00407207	0.00355659	0.003	0.024	150.342	91.2538	62	635	
1.75	2	2	7	1	3	75	26500	75	26500	0.003	0	0.003	0.003	353.333	206.643	26	517	
1.75	2	2	8	3	3	123	26596	124	26684	0.00542742	0.00513108	0.003	0.017	215.194	69.7104	88	311	
1.75	2	2	9	2	3	120	26590	120	26590	0.00311667	0.00127802	0.003	0.017	221.583	88.0198	60	389	
1.75	2	2	10	4	3	127	26604	112	20884	0.004125	0.00393672	0.003	0.024	186.464	63.671	101	519	
1.75	2	3	11	5	3	114	26578	100	20642	0.00608	0.00470048	0.003	0.024	206.42	78.9654	49	591	
1.75	2	3	12	4	3	98	26546	98	26546	0.003	0	0.003	0.003	270.878	111.123	7	373	
1.75	2	3	13	1	3	122	26594	122	26857	0.00598361	0.00568597	0.003	0.024	220.139	86.8912	16	416	
1.75	2	3	14	3	3	129	26608	128	26428	0.00546094	0.00552717	0.003	0.024	206.469	66.3344	9	416	
1.75	2	3	15	2	3	92	26534	92	26534	0.003	0	0.003	0.003	288.413	116.479	75	453	
1.75	2	1	16	2	3	122	26594	113	22494	0.00535398	0.00500343	0.003	0.024	199.062	102.57	57	619	
1.75	2	1	17	1	3	103	26556	103	26556	0.00313592	0.000970633	0.003	0.01	257.825	108.524	75	373	
1.75	2	1	18	5	3	97	26544	96	26337	0.00394792	0.00240775	0.003	0.01	274.344	107.834	64	597	
1.75	2	1	19	4	3	92	26534	92	26780	0.00901087	0.00554798	0.003	0.024	291.087	154.904	9	839	
1.75	2	1	20	3	3	131	26612	117	18331	0.00467521	0.00508858	0.003	0.024	156.675	144.56	32	819	
2	2.25	4	1	3	3	66	26482	66	26482	0.003	0	0.003	0.003	401.242	179.422	58	597	
2	2.25	4	2	5	3	110	26570	91	19612	0.00584615	0.0052152	0.003	0.024	215.516	88.5291	101	650	
2	2.25	4	3	1	3	122	26594	110	22916	0.00554545	0.00641191	0.003	0.024	208.327	70.1384	117	475	
2	2.25	4	4	4	3	82	26514	68	17794	0.0112353	0.00591764	0.003	0.024	261.676	125.572	79	650	
2	2.25	4	5	2	3	108	26566	108	26566	0.003	0	0.003	0.003	245.981	116.4	11	485	
2	2.25	2	6	5	3	123	26596	100	14916	0.00356	0.00325148	0.003	0.024	149.16	82.5979	117	711	
2	2.25	2	7	1	3	75	26500	74	26474	0.003	0	0.003	0.003	357.757	216.368	26	517	
2	2.25	2	8	3	3	125	26600	124	26664	0.00559677	0.00539032	0.003	0.017	215.032	101.772	12	301	
2	2.25	2	9	2	3	102	26554	102	26554	0.003	0	0.003	0.003	260.333	104.579	60	389	
2	2.25	2	10	4	3	125	26600	105	20072	0.00406667	0.0040933	0.003	0.024	191.162	46.4396	157	384	
2	2.25	3	11	5	3	103	26556	86	18223	0.00674419	0.005651	0.003	0.024	211.895	83.1732	101	694	
2	2.25	3	12	4	3	95	26540	95	26540	0.003	0	0.003	0.003	279.368	113.221	7	373	
2	2.25	3	13	1	3	112	26574	108	24933	0.00701852	0.00621722	0.003	0.024	230.861	84.5247	64	435	
2	2.25	3	14	3	3	125	26600	119	25040	0.00547059	0.00558725	0.003	0.024	210.42	58.576	117	416	
2	2.25	3	15	2	3	94	26538	94	26538	0.003	0	0.003	0.003	282.319	119.058	75	453	
2	2.25	1	16	2	3	121	26592	103	17960	0.00456311	0.00479516	0.003	0.024	174.369	79.746	57	536	
2	2.25	1	17	1	3	101	26552	101	26552	0.003	0	0.003	0.003	262.891	86.9298	75	373	
2	2.25	1	18	5	3	104	26558	105	26765	0.00393333	0.00239096	0.003	0.01	254.905	106.122	8	459	
2	2.25	1	19	4	3	86	26522	85	25813	0.0102471	0.00500216	0.003	0.017	303.682	114.154	36	534	
2	2.25	1	20	3	3	125	26600	101	10505	0.00320792	0.00208958	0.003	0.024	104.01	70.8509	32	723	
2.25	2.5	4	1	3	3	65	26480	65	26480	0.003	0	0.003	0.003	407.385	180.818	58	597	
2.25	2.5	4	2	5	3	99	26548	79	17449	0.00725316	0.00553883	0.003	0.024	220.873	78.3481	101	590	
2.25	2.5	4	3	1	3	123	26596	112	23576	0.0058125	0.00687014	0.003	0.024	210.5	79.9392	117	535	
2.25	2.5	4	4	4	3	89	26528	65	15244	0.00870769	0.00523427	0.003	0.024	234.523	99.5882	157	694	
2.25	2.5	4	5	2	3	111	26572	111	26572	0.00306306	0.000664411	0.003	0.01	239.387	116.638	11	453	
2.25	2.5	2	6	5	3	125	26600	100	13512	0.00307	0.0007	0.003	0.01	135.12	18.2238	117	157	
2.25	2.5	2	7	1	3	78	26506	79	26532	0.00308861	0.000787562	0.003	0.01	335.848	210.302	11	517	
2.25	2.5	2	8	3	3	125	26600	125	26600	0.005744	0.0055444	0.003	0.017	212.8	102.678	12	301	
2.25	2.5	2	9	2	3	100	26550	100	26550	0.003	0	0.003	0.003	265.5	97.7994	103	389	
2.25	2.5	2	10	4	3	125	26600	101	18548	0.00327723	0.00219599	0.003	0.024	183.644	32.7596	157	384	
2.25	2.5	3	11	5	3	108	26566	88	18799	0.00634091	0.00581098	0.003	0.024	213.625	100.175	157	706	
2.25	2.5	3	12	4	3	96	26542	96	26542	0.003	0	0.003	0.003	276.479	125.243	7	373	
2.25	2.5	3	13	1	3	119	26588	110	24843	0.00573636	0.00520176	0.003	0.017	225.845	84.5412	64	495	
2.25	2.5	3	14	3	3	125	26600	121	25475	0.00606611	0.00669544	0.003	0.024	210.537	57.1688	117	416	
2.25	2.5	3	15	2	3	96	26542	96	26542	0.003	0	0.003	0.003	276.479	115.735	75	453	
2.25	2.5	1	16	2	3	122	26594	106	18492	0.00484906	0.00466352	0.003	0.024	174.453	123.116	57	596	
2.25	2.5	1	17	1	3	106	26562	106	26562	0.00319811	0.00116635	0.003	0.01	250.585	94.0634	75	373	
2.25	2.5	1	18	5	3	116	26582	114	26001	0.00355263	0.00189593	0.003	0.01	228.079	110.837	8	517	
2.25	2.5	1	19	4	3	81	26512	81	26584	0.0111235	0.00448994	0.003	0.017	328.198	111.536	36	610	
2.25	2.5	1	20	3	3	124	26598	99	8768	0.003	0	0.003	0.003	88.5657	35.8427	32	193	
2.5	2.75	4	1	3	3	65	26480	65	26480	0.003	0	0.003	0.003	407.385	207.618	58	597	
2.5	2.75	4	2	5	3	107	26564	91	20742	0.00638461	0.00493462	0.003	0.024	227.934	87.5336	101	573	
2.5	2.75	4	3	1	3	123	26596	118	25150	0.00584746	0.00648684	0.003	0.024	213.136	79.3537	9	485	
2.5	2.75	4	4	4	3	103	26556	86	19596	0.00715116	0.00496462	0.003	0.024	227.86	104.529	36	694	
2.5	2.75	4	5	2	3	104	26558	104	26558	0.00306731	0.000686406	0.003	0.01	255.365	114.681	11	485	
2.5	2.75	2	6	5	3	125	26600	108	18039	0.00455555	0.00500343	0.003	0.024	167.028	108.523	117	560	
2.5	2.75	2	7	1	3	76	26502	76	26502	0.003	0	0.003	0.003	348.711	207.084	11	517	
2.5	2.75	2	8	3	3	124	26598	124	26446	0.00537097	0.00511886	0.003	0.017	213.274	95.8313	12	373	
2.5	2.75	2	9	2	3	106	26562	106	26562	0.00306604	0.0006799	0.003	0.01	250.585	99.0626	47	389	
2.5	2.75	2	10	4	3	125	26600	109	21088	0.0046055	0.00491599	0.003	0.024	193.468	52.7019	157	384	
2.5	2.75	3	11	5	3	114	26578	98	20278	0.00571428	0.00456567	0.003	0.024	206.918	75.9276	49	519	
2.5	2.75	3	12	4	3	96	26542	96	26542	0.00307292	0.000714435	0.003	0.01	276.479	122.436	7	373	
2.5	2.75	3	13	1	3	122	26594	119	26170	0.00558823	0.00530336	0.003	0.024	219.916	80.8232	16	535	
2.5	2.75	3	14	3	3	125	26600	123	25973	0.00590244	0.00594016	0.003	0.024	211.163	49.6815	117	360	
2.5	2.75	3	15	2	3	94	26538	94	26538	0.00307447	0.000721995	0.003	0.01	282.319	116.234	115	453	
2.5	2.75	1	16	2	3	126	26602	119	24262	0.00552941	0.00581614	0.003	0.024	203.882	113.891	25	536	
2.5	2.75	1	17	1	3	101	26552	101	26552	0.00306931	0.000696526	0.003	0.01	262.891	96.1748	75	373	
2.5	2.75	1	18	5	3	95	26540	97	27121	0.00386598	0.00231674	0.003	0.01	279.598	104.824	64	517	
2.5	2.75	1	19	4	3	88	26526	88	27127	0.00904545	0.00553341	0.003	0.024	308.261	158.064	24	706	
2.5	2.75	1	20	3	3	134	26618	122	19529	0.00483606	0.00538495	0.003	0.024	160.074	143.594	32	704	
2.75	3	4	1	3	3	67	26484	67	26484	0.003	0	0.003	0.003	395.284	198.004	58	597	
2.75	3	4	2	5	3	106	26562	88	19817	0.007375	0.00574619	0.003	0.024	225.193	84.0805	79	650	
2.75	3	4	3	1	3	123	26596	114	24240	0.00594737	0.00702441	0.003	0.024	212.632	75.5824	117	479	
2.75	3	4	4	4	3	90	26530	76	19432	0.00972368	0.00640957	0.003	0.024	255.684	127.144	101	694	
2.75	3	4	5	2	3	104	26558	104	26558	0.00306731	0.000686406	0.003	0.01	255.365	114.435	11	462	
2.75	3	2	6	5	3	125	26600	100	13163	0.00328	0.00220688	0.003	0.024	131.63	46.2804	117	560	
2.75	3	2	7	1	3	75	26500	75	26500	0.003	0	0.003	0.003	353.333	208.157	26	517	
2.75	3	2	8	3	3	125	26600	125	26600	0.005744	0.00547267	0.003	0.017	212.8	70.6342	28	301	
2.75	3	2	9	2	3	125	26600	125	26600	0.003	0	0.003	0.003	212.8	90.2157	60	341	
2.75	3	2	10	4	3	125	26600	102	17808	0.00341176	0.00292599	0.003	0.024	174.588	37.2182	157	384	
2.75	3	3	11	5	3	113	26576	95	20425	0.00631579	0.00576169	0.003	0.024	215	88.7583	117	650	
2.75	3	3	12	4	3	95	26540	95	26540	0.003	0	0.003	0.003	279.368	119.969	7	373	
2.75	3	3	13	1	3	115	26580	113	25931	0.00677876	0.00648313	0.003	0.024	229.478	93.5646	64	591	
2.75	3	3	14	3	3	125	26600	120	25048	0.00591667	0.0063901	0.003	0.024	208.733	53.98	117	360	
2.75	3	3	15	2	3	95	26540	95	26540	0.003	0	0.003	0.003	279.368	118.183	75	453	
2.75	3	1	16	2	3	121	26592	104	18642	0.00501923	0.00531344	0.003	0.024	179.25	101.375	57	591	
2.75	3	1	17	1	3	102	26554	102	26554	0.003	0	0.003	0.003	260.333	87.4634	75	373	
2.75	3	1	18	5	3	112	26574	111	26366	0.00369369	0.00210105	0.003	0.01	237.532	111.602	8	517	
2.75	3	1	19	4	3	83	26516	83	25915	0.010759	0.00450904	0.003	0.017	312.229	133.995	11	534	
2.75	3	1	20	3	3	126	26602	101	10566	0.00320792	0.00208958	0.003	0.024	104.614	71.191	32	723	
3	3.25	4	1	3	3	66	26482	66	26482	0.003	0	0.003	0.003	401.242	189.836	58	597	
3	3.25	4	2	5	3	105	26560	86	18917	0.00706977	0.00497474	0.003	0.024	219.965	78.993	117	650	
3	3.25	4	3	1	3	125	26600	112	22744	0.005	0.00567117	0.003	0.024	203.071	64.9165	117	420	
3	3.25	4	4	4	3	86	26522	66	15678	0.00893939	0.00479384	0.003	0.024	237.545	94.4961	157	650	
3	3.25	4	5	2	3	105	26560	104	26319	0.00306731	0.000686406	0.003	0.01	253.067	112.848	12	462	
3	3.25	2	6	5	3	124	26598	101	13648	0.00341584	0.00238859	0.003	0.024	135.129	50.6406	117	560	
3	3.25	2	7	1	3	75	26500	75	26500	0.003	0	0.003	0.003	353.333	207.891	26	517	
3	3.25	2	8	3	3	125	26600	125	26676	0.005688	0.00546457	0.003	0.017	213.408	69.7116	88	301	
3	3.25	2	9	2	3	124	26598	124	26598	0.003	0	0.003	0.003	214.5	90.069	93	389	
3	3.25	2	10	4	3	126	26602	105	18630	0.00373333	0.00362222	0.003	0.024	177.429	44.3396	93	384	
3	3.25	3	11	5	3	100	26550	80	16877	0.006325	0.00485166	0.003	0.024	210.963	82.1222	157	590	
3	3.25	3	12	4	3	95	26540	95	26540	0.003	0	0.003	0.003	279.368	117.908	7	373	
3	3.25	3	13	1	3	122	26594	117	25488	0.00599145	0.00590805	0.003	0.024	217.846	86.2405	64	531	
3	3.25	3	14	3	3	125	26600	120	25208	0.00556667	0.00573466	0.003	0.024	210.067	59.7814	117	416	
3	3.25	3	15	2	3	94	26538	94	26538	0.003	0	0.003	0.003	282.319	121.058	75	453	
3	3.25	1	16	2	3	121	26592	109	21018	0.00518349	0.0051911	0.003	0.024	192.826	132.481	57	651	
3	3.25	1	17	1	3	103	26556	103	26556	0.00313592	0.000970633	0.003	0.01	257.825	97.8041	75	373	
3	3.25	1	18	5	3	111	26572	111	26692	0.00369369	0.00210105	0.003	0.01	240.468	116.971	8	566	
3	3.25	1	19	4	3	82	26514	82	26442	0.0113659	0.00484962	0.003	0.024	322.463	123.519	36	582	
3	3.25	1	20	3	3	123	26596	100	10384	0.00335	0.00230667	0.003	0.024	103.84	72.1338	32	723	
3.25	3.5	4	1	3	3	65	26480	65	26480	0.003	0	0.003	0.003	407.385	180.818	58	597	
3.25	3.5	4	2	5	3	103	26556	89	21090	0.0077191	0.00648598	0.003	0.024	236.966	104.787	101	694	
3.25	3.5	4	3	1	3	124	26598	116	24366	0.00601724	0.00698319	0.003	0.024	210.052	74.6915	117	420	
3.25	3.5	4	4	4	3	88	26526	69	16554	0.00928985	0.00564931	0.003	0.024	239.913	116.296	75	694	
3.25	3.5	4	5	2	3	111	26572	112	26813	0.0030625	0.000661438	0.003	0.01	239.402	113.046	12	373	
3.25	3.5	2	6	5	3	119	26588	94	13814	0.00367021	0.00371104	0.003	0.024	146.957	81.0144	117	675	
3.25	3.5	2	7	1	3	77	26504	77	26504	0.003	0	0.003	0.003	344.208	206.717	11	517	
3.25	3.5	2	8	3	3	124	26598	125	26686	0.005576	0.00522442	0.003	0.017	213.488	93.6265	12	301	
3.25	3.5	2	9	2	3	106	26562	106	26562	0.003	0	0.003	0.003	250.585	98.3169	47	389	
3.25	3.5	2	10	4	3	125	26600	106	19968	0.00425472	0.00451044	0.003	0.024	188.377	46.4615	157	384	
3.25	3.5	3	11	5	3	114	26578	96	20018	0.00584375	0.00552378	0.003	0.024	208.521	76.6693	157	650	
3.25	3.5	3	12	4	3	94	26538	94	26538	0.003	0	0.003	0.003	282.319	116.872	7	373	
3.25	3.5	3	13	1	3	118	26586	114	25401	0.0065614	0.00612414	0.003	0.024	222.816	83.0559	64	475	
3.25	3.5	3	14	3	3	125	26600	120	25136	0.00585833	0.00638446	0.003	0.024	209.467	48.2237	117	312	
3.25	3.5	3	15	2	3	94	26538	94	26538	0.003	0	0.003	0.003	282.319	112.615	115	453	
3.25	3.5	1	16	2	3	123	26596	105	18838	0.0044	0.00469574	0.003	0.024	179.41	98.4713	57	596	
3.25	3.5	1	17	1	3	104	26558	104	26558	0.00306731	0.000686406	0.003	0.01	255.365	96.9477	75	373	
3.25	3.5	1	18	5	3	103	26556	104	26644	0.00374038	0.00216322	0.003	0.01	256.192	117.205	8	578	
3.25	3.5	1	19	4	3	90	26530	91	27057	0.00938461	0.00558524	0.003	0.017	297.33	126.355	36	621	
3.25	3.5	1	20	3	3	124	26598	101	11104	0.00341584	0.0029403	0.003	0.024	109.941	80.3383	26	605	
3.5	3.75	4	1	3	3	68	26486	68	26486	0.003	0	0.003	0.003	389.5	200.553	58	597	
3.5	3.75	4	2	5	3	105	26560	84	17834	0.0065	0.00526754	0.003	0.024	212.31	60.2005	101	415	
3.5	3.75	4	3	1	3	125	26600	117	24536	0.00599145	0.00719734	0.003	0.024	209.709	70.6832	117	420	
3.5	3.75	4	4	4	3	82	26514	57	13629	0.0107368	0.00506926	0.003	0.024	239.105	78.1292	101	534	
3.5	3.75	4	5	2	3	104	26558	104	26558	0.003	0	0.003	0.003	255.365	118.855	11	462	
3.5	3.75	2	6	5	3	121	26592	95	13085	0.00322105	0.00215455	0.003	0.024	137.737	58.4975	117	675	
3.5	3.75	2	7	1	3	77	26504	77	26504	0.003	0	0.003	0.003	344.208	221.334	11	517	
3.5	3.75	2	8	3	3	125	26600	124	26436	0.00565322	0.00547284	0.003	0.017	213.194	92.7202	12	301	
3.5	3.75	2	9	2	3	109	26568	109	26568	0.003	0	0.003	0.003	243.743	97.6872	93	389	
3.5	3.75	2	10	4	3	125	26600	102	18392	0.00341176	0.00292599	0.003	0.024	180.314	33.191	157	332	
3.5	3.75	3	11	5	3	103	26556	80	17092	0.006325	0.00497786	0.003	0.024	213.65	82.346	157	694	
3.5	3.75	3	12	4	3	93	26536	93	26536	0.003	0	0.003	0.003	285.333	113.092	7	373	
3.5	3.75	3	13	1	3	119	26588	116	26436	0.00631896	0.00601534	0.003	0.024	227.897	82.5361	64	475	
3.5	3.75	3	14	3	3	125	26600	120	25220	0.005975	0.00664776	0.003	0.024	210.167	54.4751	117	360	
3.5	3.75	3	15	2	3	93	26536	93	26536	0.003	0	0.003	0.003	285.333	112.803	115	453	
3.5	3.75	1	16	2	3	121	26592	102	17658	0.00457843	0.004916	0.003	0.024	173.118	98.9839	57	651	
3.5	3.75	1	17	1	3	102	26554	102	26554	0.003	0	0.003	0.003	260.333	75.4724	75	373	
3.5	3.75	1	18	5	3	117	26584	117	26584	0.00329914	0.0014219	0.003	0.01	227.214	106.352	8	459	
3.5	3.75	1	19	4	3	84	26518	83	26238	0.0106747	0.00484166	0.003	0.017	316.12	111.103	24	534	
3.5	3.75	1	20	3	3	125	26600	102	10961	0.00341176	0.00292599	0.003	0.024	107.461	89.0163	32	718	
3.75	4	4	1	3	3	66	26482	66	26482	0.003	0	0.003	0.003	401.242	200.344	58	597	
3.75	4	4	2	5	3	100	26550	77	17603	0.00681818	0.00447722	0.003	0.024	228.61	85.6927	117	650	
3.75	4	4	3	1	3	125	26600	111	22912	0.00508108	0.00616019	0.003	0.024	206.414	65.4532	117	420	
3.75	4	4	4	4	3	93	26536	73	17324	0.00856164	0.00605756	0.003	0.024	237.315	97.1959	157	650	
3.75	4	4	5	2	3	105	26560	105	26560	0.00306667	0.00068313	0.003	0.01	252.952	118.975	11	485	
3.75	4	2	6	5	3	126	26602	102	13362	0.00306863	0.000693103	0.003	0.01	131	27.2502	117	301	
3.75	4	2	7	1	3	75	26500	75	26500	0.003	0	0.003	0.003	353.333	208.688	26	517	
3.75	4	2	8	3	3	125	26600	126	26688	0.00583333	0.00561249	0.003	0.017	211.81	69.884	88	301	
3.75	4	2	9	2	3	125	26600	125	26600	0.003	0	0.003	0.003	212.8	89.0822	93	285	
3.75	4	2	10	4	3	126	26602	102	17466	0.00327451	0.00136546	0.003	0.01	171.235	26.5364	93	293	
3.75	4	3	11	5	3	111	26572	93	18975	0.00563441	0.00504714	0.003	0.024	204.032	62.5607	101	519	
3.75	4	3	12	4	3	94	26538	94	26538	0.003	0	0.003	0.003	282.319	108.234	7	373	
3.75	4	3	13	1	3	119	26588	116	25739	0.00625862	0.0060132	0.003	0.024	221.888	86.1936	64	415	
3.75	4	3	14	3	3	125	26600	122	25796	0.00609836	0.00643006	0.003	0.024	211.443	55.575	117	360	
3.75	4	3	15	2	3	92	26534	92	26534	0.003	0	0.003	0.003	288.413	109.16	115	453	
3.75	4	1	16	2	3	125	26600	110	19385	0.00478182	0.00514448	0.003	0.024	176.227	112.191	57	564	
3.75	4	1	17	1	3	104	26558	104	26558	0.00313461	0.000966002	0.003	0.01	255.365	82.8995	75	373	
3.75	4	1	18	5	3	116	26582	115	26255	0.00348696	0.00178868	0.003	0.01	228.304	113.224	8	517	
3.75	4	1	19	4	3	76	26502	76	26603	0.0123947	0.00371332	0.003	0.024	350.039	110.519	90	610	
3.75	4	1	20	3	3	127	26604	104	10906	0.00340385	0.002898	0.003	0.024	104.865	82.0447	8	723	
4	4.25	4	1	3	3	67	26484	67	26484	0.003	0	0.003	0.003	395.284	192.839	58	597	
4	4.25	4	2	5	3	104	26558	89	19877	0.00701123	0.00567189	0.003	0.024	223.337	92.782	117	650	
4	4.25	4	3	1	3	123	26596	114	23590	0.00582456	0.00636535	0.003	0.024	206.93	68.199	117	420	
4	4.25	4	4	4	3	89	26528	76	19052	0.0101842	0.00625824	0.003	0.024	250.684	124.511	101	694	
4	4.25	4	5	2	3	107	26564	107	26564	0.00313084	0.000952495	0.003	0.01	248.262	115.377	11	485	
4	4.25	2	6	5	3	123	26596	99	13665	0.00349495	0.0030418	0.003	0.024	138.03	63.2527	117	560	
4	4.25	2	7	1	3	78	26506	78	26506	0.003	0	0.003	0.003	339.821	209.422	11	517	
4	4.25	2	8	3	3	125	26600	124	26664	0.00554032	0.00530592	0.003	0.017	215.032	78.3969	12	301	
4	4.25	2	9	2	3	115	26580	115	26580	0.00306087	0.000652753	0.003	0.01	231.13	94.7705	60	389	
4	4.25	2	10	4	3	125	26600	102	18192	0.00354902	0.00306571	0.003	0.024	178.353	37.7956	157	384	
4	4.25	3	11	5	3	108	26566	91	19648	0.00661538	0.00565444	0.003	0.024	215.912	88.1797	157	650	
4	4.25	3	12	4	3	95	26540	95	26540	0.00307368	0.000718185	0.003	0.01	279.368	120.065	7	373	
4	4.25	3	13	1	3	118	26586	115	25801	0.00604348	0.00517313	0.003	0.017	224.357	85.3795	9	495	
4	4.25	3	14	3	3	126	26602	122	25550	0.00581147	0.00608118	0.003	0.024	209.426	59.629	21	416	
4	4.25	3	15	2	3	93	26536	93	26536	0.003	0	0.003	0.003	285.333	124.582	75	453	
4	4.25	1	16	2	3	123	26596	110	21277	0.00554545	0.00582408	0.003	0.024	193.427	111.747	57	596	
4	4.25	1	17	1	3	103	26556	103	26556	0.00306796	0.00068973	0.003	0.01	257.825	101.662	75	373	
4	4.25	1	18	5	3	106	26562	105	26308	0.00426667	0.00270778	0.003	0.01	250.552	126.174	8	566	
4	4.25	1	19	4	3	90	26530	89	26500	0.0098427	0.00527408	0.003	0.017	297.753	147.99	11	839	
4	4.25	1	20	3	3	126	26602	108	14499	0.0042963	0.00498645	0.003	0.024	134.25	136.958	32	687	
4.25	4.5	4	1	3	3	66	26482	66	26482	0.003	0	0.003	0.003	401.242	205.396	58	597	
4.25	4.5	4	2	5	3	108	26566	91	20055	0.00630769	0.00493219	0.003	0.024	220.385	80.1861	101	590	
4.25	4.5	4	3	1	3	126	26602	115	23709	0.00543478	0.00622267	0.003	0.024	206.165	66.7324	65	420	
4.25	4.5	4	4	4	3	95	26540	83	20300	0.00822891	0.00607137	0.003	0.024	244.578	120.219	101	694	
4.25	4.5	4	5	2	3	106	26562	106	26562	0.00319811	0.00116635	0.003	0.01	250.585	117.809	11	453	
4.25	4.5	2	6	5	3	130	26610	110	15634	0.00338182	0.0018572	0.003	0.017	142.127	55.6421	49	421	
4.25	4.5	2	7	1	3	75	26500	75	26500	0.003	0	0.003	0.003	353.333	213.153	26	517	
4.25	4.5	2	8	3	3	122	26594	122	26442	0.00546721	0.00516374	0.003	0.017	216.738	82.2531	12	311	
4.25	4.5	2	9	2	3	115	26580	115	26580	0.003	0	0.003	0.003	231.13	92.5307	93	389	
4.25	4.5	2	10	4	3	127	26604	108	19504	0.00377778	0.00336094	0.003	0.024	180.593	43.1881	41	332	
4.25	4.5	3	11	5	3	111	26572	96	20276	0.00613542	0.00516592	0.003	0.024	211.208	82.9035	21	590	
4.25	4.5	3	12	4	3	95	26540	95	26540	0.003	0	0.003	0.003	279.368	107.155	7	373	
4.25	4.5	3	13	1	3	122	26594	123	26758	0.00652845	0.0062977	0.003	0.024	217.545	81.6736	64	427	
4.25	4.5	3	14	3	3	125	26600	124	26204	0.00593548	0.00606032	0.003	0.024	211.323	53.5239	117	368	
4.25	4.5	3	15	2	3	90	26530	90	26530	0.00307778	0.000737865	0.003	0.01	294.778	114.532	75	453	
4.25	4.5	1	16	2	3	126	26602	116	21593	0.00511207	0.00540012	0.003	0.024	186.147	108.658	57	536	
4.25	4.5	1	17	1	3	104	26558	104	26558	0.00313461	0.000966002	0.003	0.01	255.365	93.8794	75	373	
4.25	4.5	1	18	5	3	101	26552	102	26674	0.00423529	0.00268172	0.003	0.01	261.51	132.291	8	685	
4.25	4.5	1	19	4	3	86	26522	86	26308	0.0104884	0.0052373	0.003	0.024	305.907	127.342	36	650	
4.25	4.5	1	20	3	3	129	26608	112	15086	0.00425	0.00471818	0.003	0.024	134.696	128.503	32	723	
4.5	4.75	4	1	3	3	64	26478	64	26478	0.003	0	0.003	0.003	413.719	188.444	58	597	
4.5	4.75	4	2	5	3	107	26564	85	18085	0.00645882	0.00478478	0.003	0.024	212.765	56.5948	117	360	
4.5	4.75	4	3	1	3	125	26600	119	24841	0.00623529	0.00744779	0.003	0.024	208.748	69.2004	117	420	
4.5	4.75	4	4	4	3	97	26544	82	20516	0.00871951	0.00651925	0.003	0.024	250.195	135.204	101	694	
4.5	4.75	4	5	2	3	108	26566	108	26566	0.00306481	0.000673575	0.003	0.01	245.981	119.055	11	462	
4.5	4.75	2	6	5	3	126	26602	98	12370	0.00307143	0.000707107	0.003	0.01	126.224	15.8489	117	157	
4.5	4.75	2	7	1	3	75	26500	75	26500	0.003	0	0.003	0.003	353.333	206.643	26	517	
4.5	4.75	2	8	3	3	125	26600	125	26600	0.0058	0.00562254	0.003	0.017	212.8	69.2716	88	301	
4.5	4.75	2	9	2	3	125	26600	125	26600	0.003	0	0.003	0.003	212.8	89.0822	93	285	
4.5	4.75	2	10	4	3	126	26602	101	17444	0.00334653	0.00229537	0.003	0.024	172.713	30.8857	157	384	
4.5	4.75	3	11	5	3	112	26574	92	18816	0.00581522	0.00464789	0.003	0.024	204.522	64.1702	157	467	
4.5	4.75	3	12	4	3	93	26536	93	26536	0.003	0	0.003	0.003	285.333	111.072	7	373	
4.5	4.75	3	13	1	3	121	26592	118	25282	0.00608474	0.00575508	0.003	0.024	214.254	81.0834	64	475	
4.5	4.75	3	14	3	3	125	26600	122	25680	0.00581147	0.00614741	0.003	0.024	210.492	48.6735	117	312	
4.5	4.75	3	15	2	3	93	26536	93	26536	0.00307527	0.000725866	0.003	0.01	285.333	119.427	75	453	
4.5	4.75	1	16	2	3	123	26596	108	19085	0.00494444	0.00513888	0.003	0.024	176.713	124.396	57	711	
4.5	4.75	1	17	1	3	106	26562	106	26562	0.00306604	0.0006799	0.003	0.01	250.585	88.3689	76	373	
4.5	4.75	1	18	5	3	112	26574	113	27033	0.00430088	0.00273498	0.003	0.01	239.23	131.802	8	578	
4.5	4.75	1	19	4	3	77	26504	76	26181	0.0118421	0.00385418	0.003	0.017	344.487	105.914	90	534	
4.5	4.75	1	20	3	3	126	26602	103	10911	0.00340777	0.0029119	0.003	0.024	105.932	96.136	32	723	
4.75	5	4	1	3	3	65	26480	65	26480	0.003	0	0.003	0.003	407.385	195.011	58	597	
4.75	5	4	2	5	3	105	26560	90	20524	0.00665555	0.0054755	0.003	0.024	228.044	103.563	101	694	
4.75	5	4	3	1	3	124	26598	116	24725	0.00589655	0.00666122	0.003	0.024	213.147	72.8426	117	475	
4.75	5	4	4	4	3	96	26542	80	18909	0.0083375	0.00591917	0.003	0.024	236.362	116.441	157	694	
4.75	5	4	5	2	3	110	26570	110	26570	0.003	0	0.003	0.003	241.545	120.171	7	373	
4.75	5	2	6	5	3	129	26608	111	16270	0.00356757	0.00252126	0.003	0.024	146.577	66.2775	9	451	
4.75	5	2	7	1	3	77	26504	77	26504	0.003	0	0.003	0.003	344.208	209.654	11	517	
4.75	5	2	8	3	3	122	26594	122	26746	0.00540984	0.00499215	0.003	0.017	219.23	98.3233	12	311	
4.75	5	2	9	2	3	100	26550	100	26550	0.00307	0.0007	0.003	0.01	265.5	99.1664	47	389	
4.75	5	2	10	4	3	126	26602	108	20304	0.00390741	0.00304034	0.003	0.024	188	42.6847	53	332	
4.75	5	3	11	5	3	115	26580	101	21139	0.00625742	0.00538266	0.003	0.024	209.297	70.2614	117	519	
4.75	5	3	12	4	3	94	26538	94	26538	0.003	0	0.003	0.003	282.319	112.767	7	373	
4.75	5	3	13	1	3	119	26588	114	24972	0.00594737	0.00500591	0.003	0.017	219.053	80.9436	64	535	
4.75	5	3	14	3	3	125	26600	123	26228	0.00590244	0.00620472	0.003	0.024	213.236	54.3975	117	360	
4.75	5	3	15	2	3	94	26538	94	26538	0.003	0	0.003	0.003	282.319	115.146	75	453	
4.75	5	1	16	2	3	121	26592	112	22420	0.0055	0.005386	0.003	0.024	200.179	133.24	53	651	
4.75	5	1	17	1	3	105	26560	105	26560	0.00313333	0.000961436	0.003	0.01	252.952	103.765	75	373	
4.75	5	1	18	5	3	105	26560	104	26472	0.003875	0.00232624	0.003	0.01	254.538	121.366	8	578	
4.75	5	1	19	4	3	89	26528	90	26703	0.0100778	0.00569886	0.003	0.024	296.7	143.27	36	706	
4.75	5	1	20	3	3	129	26608	111	13753	0.00394594	0.00394701	0.003	0.024	123.901	98.5642	32	604	
5	5.25	4	1	3	3	65	26480	65	26480	0.003	0	0.003	0.003	407.385	180.818	58	597	
5	5.25	4	2	5	3	102	26554	87	19895	0.00734483	0.00536316	0.003	0.024	228.678	92.9996	101	650	
5	5.25	4	3	1	3	126	26602	119	24011	0.00558823	0.00630498	0.003	0.024	201.773	66.8284	117	420	
5	5.25	4	4	4	3	99	26548	85	20588	0.00868235	0.00586599	0.003	0.024	242.212	121.413	51	694	
5	5.25	4	5	2	3	108	26566	108	26566	0.003	0	0.003	0.003	245.981	110.876	11	462	
5	5.25	2	6	5	3	125	26600	106	17111	0.00418868	0.00426305	0.003	0.024	161.425	103.399	77	675	
5	5.25	2	7	1	3	78	26506	78	26506	0.003	0	0.003	0.003	339.821	204.014	11	517	
5	5.25	2	8	3	3	124	26598	125	26610	0.005744	0.00539998	0.003	0.017	212.88	99.699	12	301	
5	5.25	2	9	2	3	102	26554	102	26554	0.003	0	0.003	0.003	260.333	98.4956	47	389	
5	5.25	2	10	4	3	126	26602	105	19740	0.00393333	0.00350896	0.003	0.024	188	42.3697	157	384	
5	5.25	3	11	5	3	115	26580	97	19628	0.00603093	0.00514266	0.003	0.024	202.351	56.8903	101	364	
5	5.25	3	12	4	3	96	26542	96	26542	0.003	0	0.003	0.003	276.479	117.792	7	373	
5	5.25	3	13	1	3	123	26596	121	25984	0.00577686	0.00560578	0.003	0.024	214.744	90.4884	16	650	
5	5.25	3	14	3	3	127	26604	125	26112	0.005688	0.00567737	0.003	0.024	208.896	60.8602	21	416	
5	5.25	3	15	2	3	95	26540	95	26540	0.00314737	0.00101025	0.003	0.01	279.368	127.837	75	453	
5	5.25	1	16	2	3	126	26602	117	21982	0.00521367	0.00541044	0.003	0.024	187.88	135.481	57	711	
5	5.25	1	17	1	3	109	26568	109	26568	0.00319266	0.0011505	0.003	0.01	243.743	100.377	75	373	
5	5.25	1	18	5	3	106	26562	106	26336	0.00418868	0.00264075	0.003	0.01	248.453	132.112	8	685	
5	5.25	1	19	4	3	83	26516	83	27219	0.0105904	0.00503412	0.003	0.017	327.94	146.022	36	839	
5	5.25	1	20	3	3	133	26616	115	14567	0.00421739	0.00475133	0.003	0.024	126.67	131.631	32	693	
5.25	5.5	4	1	3	3	68	26486	68	26486	0.003	0	0.003	0.003	389.5	205.451	58	597	
5.25	5.5	4	2	5	3	106	26562	91	20818	0.00684615	0.00554762	0.003	0.024	228.769	104.443	101	650	
5.25	5.5	4	3	1	3	126	26602	115	23683	0.00500869	0.00562185	0.003	0.024	205.939	72.0589	69	420	
5.25	5.5	4	4	4	3	89	26528	77	19733	0.00927273	0.0058549	0.003	0.024	256.273	124.203	75	650	
5.25	5.5	4	5	2	3	103	26556	103	26556	0.003	0	0.003	0.003	257.825	114.618	12	462	
5.25	5.5	2	6	5	3	128	26606	109	15967	0.0039633	0.00409364	0.003	0.024	146.486	75.4276	75	560	
5.25	5.5	2	7	1	3	75	26500	75	26500	0.003	0	0.003	0.003	353.333	213.153	26	517	
5.25	5.5	2	8	3	3	123	26596	122	26432	0.00529508	0.00504638	0.003	0.017	216.656	80.3583	12	311	
5.25	5.5	2	9	2	3	114	26578	114	26578	0.003	0	0.003	0.003	233.14	92.6743	47	389	
5.25	5.5	2	10	4	3	126	26602	111	20688	0.00432432	0.00457694	0.003	0.024	186.378	54.1066	41	384	
5.25	5.5	3	11	5	3	111	26572	95	19848	0.00594737	0.00495805	0.003	0.024	208.926	65.6626	101	475	
5.25	5.5	3	12	4	3	94	26538	94	26538	0.003	0	0.003	0.003	282.319	108.15	7	373	
5.25	5.5	3	13	1	3	118	26586	114	25602	0.00625438	0.00625959	0.003	0.024	224.579	87.6146	64	534	
5.25	5.5	3	14	3	3	125	26600	117	24240	0.00551282	0.00584662	0.003	0.024	207.179	53.9908	117	368	
5.25	5.5	3	15	2	3	95	26540	95	26540	0.003	0	0.003	0.003	279.368	121.314	75	453	
5.25	5.5	1	16	2	3	127	26604	112	20583	0.00475	0.00518921	0.003	0.024	183.777	85.0781	57	504	
5.25	5.5	1	17	1	3	102	26554	102	26554	0.003	0	0.003	0.003	260.333	94.9661	75	373	
5.25	5.5	1	18	5	3	103	26556	104	26870	0.00360577	0.00197763	0.003	0.01	258.365	107.287	8	459	
5.25	5.5	1	19	4	3	92	26534	89	25604	0.00937079	0.00584143	0.003	0.024	287.685	152.727	11	839	
5.25	5.5	1	20	3	3	130	26610	113	14572	0.0039292	0.00402385	0.003	0.024	128.956	96.5269	32	638	
5.5	5.75	4	1	3	3	62	26474	62	26474	0.003	0	0.003	0.003	427	186.018	58	597	
5.5	5.75	4	2	5	3	118	26586	105	22306	0.00646667	0.00541555	0.003	0.024	212.438	96.1079	8	650	
5.5	5.75	4	3	1	3	123	26596	115	24777	0.00537391	0.00498324	0.003	0.024	215.452	73.7589	57	475	
5.5	5.75	4	4	4	3	104	26560	93	23102	0.00826882	0.00607586	0.003	0.024	248.409	113.891	101	694	
5.5	5.75	4	5	2	3	104	26558	104	26558	0.003	0	0.003	0.003	255.365	118.987	7	485	
5.5	5.75	2	6	5	3	135	26620	118	17659	0.00383051	0.00356456	0.003	0.024	149.653	68.0405	49	524	
5.5	5.75	2	7	1	3	76	26502	76	26502	0.003	0	0.003	0.003	348.711	203.466	11	517	
5.5	5.75	2	8	3	3	123	26596	123	26672	0.00521951	0.00485281	0.003	0.017	216.846	87.15	12	311	
5.5	5.75	2	9	2	3	108	26566	108	26566	0.00306481	0.000673575	0.003	0.01	245.981	93.0925	60	389	
5.5	5.75	2	10	4	3	127	26604	113	21672	0.00423894	0.00365052	0.003	0.024	191.788	61.4298	73	539	
5.5	5.75	3	11	5	3	116	26582	108	23555	0.00669444	0.00577856	0.003	0.024	218.102	86.8236	61	610	
5.5	5.75	3	12	4	3	95	26540	95	26540	0.003	0	0.003	0.003	279.368	117.624	7	373	
5.5	5.75	3	13	1	3	123	26596	121	26322	0.00508264	0.00439429	0.003	0.017	217.537	72.7333	9	373	
5.5	5.75	3	14	3	3	129	26608	125	25624	0.005016	0.00493504	0.003	0.024	204.992	57.9595	9	373	
5.5	5.75	3	15	2	3	89	26528	89	26528	0.003	0	0.003	0.003	298.067	115.149	75	453	
5.5	5.75	1	16	2	3	124	26598	122	25497	0.00592623	0.00615927	0.003	0.024	208.992	117.328	14	651	
5.5	5.75	1	17	1	3	100	26550	100	26550	0.00321	0.00120013	0.003	0.01	265.5	104.368	75	373	
5.5	5.75	1	18	5	3	97	26544	97	26544	0.00372165	0.00213962	0.003	0.01	273.649	113.991	75	517	
5.5	5.75	1	19	4	3	89	26528	92	27416	0.00870652	0.00558164	0.003	0.024	298	159.521	36	706	
5.5	5.75	1	20	3	3	130	26610	118	19036	0.00495763	0.00570709	0.003	0.024	161.322	150.243	32	675	
5.75	6	4	1	3	3	68	26486	68	26486	0.003	0	0.003	0.003	389.5	210.235	58	597	
5.75	6	4	2	5	3	108	26566	98	22751	0.00671428	0.00533806	0.003	0.024	232.153	95.0234	36	650	
5.75	6	4	3	1	3	127	26604	122	25443	0.00563934	0.00632072	0.003	0.024	208.549	65.9518	69	420	
5.75	6	4	4	4	3	98	26546	87	21142	0.00831034	0.0055433	0.003	0.024	243.011	117.789	49	650	
5.75	6	4	5	2	3	100	26550	100	26550	0.00328	0.00137862	0.003	0.01	265.5	121.051	11	485	
5.75	6	2	6	5	3	135	26620	119	18676	0.004	0.00378892	0.003	0.024	156.941	79.1149	75	560	
5.75	6	2	7	1	3	75	26500	75	26500	0.003	0	0.003	0.003	353.333	209.685	26	517	
5.75	6	2	8	3	3	124	26598	125	26610	0.004848	0.00445779	0.003	0.017	212.88	81.7456	12	311	
5.75	6	2	9	2	3	110	26570	110	26570	0.00306364	0.000667424	0.003	0.01	241.545	90.7941	60	389	
5.75	6	2	10	4	3	129	26608	115	21624	0.00446087	0.00458886	0.003	0.024	188.035	58.0892	41	384	
5.75	6	3	11	5	3	112	26574	97	21804	0.00668041	0.00516104	0.003	0.024	224.784	95.1058	31	650	
5.75	6	3	12	4	3	94	26538	94	26538	0.00314894	0.00101555	0.003	0.01	282.319	98.736	7	373	
5.75	6	3	13	1	3	129	26608	128	26760	0.005625	0.00548584	0.003	0.024	209.063	84.3225	21	475	
5.75	6	3	14	3	3	125	26600	120	25768	0.00504167	0.00457321	0.003	0.024	214.733	73.5996	48	485	
5.75	6	3	15	2	3	93	26536	93	26536	0.00307527	0.000725866	0.003	0.01	285.333	119.394	75	453	
5.75	6	1	16	2	3	129	26608	120	23240	0.004925	0.0051305	0.003	0.024	193.667	84.4074	69	591	
5.75	6	1	17	1	3	98	26546	98	26546	0.003	0	0.003	0.003	270.878	101.668	75	373	
5.75	6	1	18	5	3	97	26544	97	26544	0.00372165	0.00213962	0.003	0.01	273.649	112.972	63	578	
5.75	6	1	19	4	3	105	26560	103	26199	0.00707767	0.00514246	0.003	0.017	254.359	131.36	15	706	
5.75	6	1	20	3	3	137	26624	124	18524	0.00424193	0.00455566	0.003	0.024	149.387	124.973	44	749	
6	6.25	4	1	3	3	67	26484	67	26484	0.003	0	0.003	0.003	395.284	198.004	58	597	
6	6.25	4	2	5	3	107	26564	92	20927	0.00733696	0.00566904	0.003	0.024	227.467	87.0932	57	535	
6	6.25	4	3	1	3	125	26600	117	24177	0.00587179	0.00682609	0.003	0.024	206.641	72.3443	9	432	
6	6.25	4	4	4	3	91	26532	75	19034	0.00934667	0.00565803	0.003	0.024	253.787	130.201	51	650	
6	6.25	4	5	2	3	104	26558	103	26437	0.00320388	0.00118288	0.003	0.01	256.67	113.469	11	485	
6	6.25	2	6	5	3	123	26596	105	17050	0.00466667	0.00527452	0.003	0.024	162.381	118.619	117	711	
6	6.25	2	7	1	3	75	26500	75	26500	0.003	0	0.003	0.003	353.333	206.107	26	517	
6	6.25	2	8	3	3	124	26598	123	26510	0.00539024	0.00497639	0.003	0.017	215.528	69.7166	28	301	
6	6.25	2	9	2	3	123	26596	123	26596	0.003	0	0.003	0.003	216.228	96.0579	47	389	
6	6.25	2	10	4	3	125	26600	104	18779	0.00427885	0.00422534	0.003	0.024	180.567	45.0546	157	384	
6	6.25	3	11	5	3	98	26546	86	20821	0.00804651	0.00584688	0.003	0.024	242.105	125.697	117	694	
6	6.25	3	12	4	3	93	26536	93	26536	0.003	0	0.003	0.003	285.333	105.572	7	373	
6	6.25	3	13	1	3	120	26590	112	24978	0.0060625	0.0057755	0.003	0.024	223.018	81.2053	64	534	
6	6.25	3	14	3	3	125	26600	122	25931	0.00615574	0.00643341	0.003	0.024	212.549	58.2765	117	360	
6	6.25	3	15	2	3	92	26534	92	26534	0.003	0	0.003	0.003	288.413	117.498	75	453	
6	6.25	1	16	2	3	125	26600	117	24139	0.00611111	0.00678205	0.003	0.024	206.316	101.054	57	591	
6	6.25	1	17	1	3	99	26548	99	26548	0.003	0	0.003	0.003	268.162	97.136	75	373	
6	6.25	1	18	5	3	99	26548	99	26548	0.00356566	0.00191749	0.003	0.01	268.162	114.654	8	459	
6	6.25	1	19	4	3	94	26538	94	26597	0.00858511	0.00539097	0.003	0.024	282.947	156.754	11	706	
6	6.25	1	20	3	3	126	26602	105	13621	0.0038	0.00403923	0.003	0.024	129.724	91.1953	32	602	
6.25	6.5	4	1	3	3	68	26486	68	26486	0.003	0	0.003	0.003	389.5	205.451	58	597	
6.25	6.5	4	2	5	3	110	26570	87	18834	0.00621839	0.00437601	0.003	0.024	216.483	85.3136	101	650	
6.25	6.5	4	3	1	3	124	26598	118	24730	0.00614407	0.00729861	0.003	0.024	209.576	70.2975	117	420	
6.25	6.5	4	4	4	3	90	26530	76	18660	0.00953947	0.00608482	0.003	0.024	245.526	104.957	157	650	
6.25	6.5	4	5	2	3	106	26562	107	26683	0.00313084	0.000952495	0.003	0.01	249.374	120.588	11	462	
6.25	6.5	2	6	5	3	125	26600	101	13763	0.00348515	0.00301202	0.003	0.024	136.267	62.7538	117	560	
6.25	6.5	2	7	1	3	75	26500	75	26500	0.003	0	0.003	0.003	353.333	213.413	26	517	
6.25	6.5	2	8	3	3	125	26600	125	26600	0.005632	0.00538297	0.003	0.017	212.8	69.2716	88	301	
6.25	6.5	2	9	2	3	125	26600	125	26600	0.003	0	0.003	0.003	212.8	90.2157	60	341	
6.25	6.5	2	10	4	3	125	26600	101	17237	0.00327723	0.001372	0.003	0.01	170.663	22.4376	157	209	
6.25	6.5	3	11	5	3	112	26574	98	21099	0.00628571	0.00579192	0.003	0.024	215.296	89.1592	101	694	
6.25	6.5	3	12	4	3	94	26538	94	26538	0.003	0	0.003	0.003	282.319	114.805	7	373	
6.25	6.5	3	13	1	3	119	26588	119	26169	0.00664706	0.00603463	0.003	0.024	219.908	91.8427	16	475	
6.25	6.5	3	14	3	3	126	26602	124	26094	0.00621774	0.00646134	0.003	0.024	210.435	52.2594	117	360	
6.25	6.5	3	15	2	3	93	26536	93	26536	0.003	0	0.003	0.003	285.333	125.548	75	453	
6.25	6.5	1	16	2	3	125	26600	112	20571	0.00525	0.00580851	0.003	0.024	183.67	115.983	57	536	
6.25	6.5	1	17	1	3	103	26556	103	26556	0.003	0	0.003	0.003	257.825	89.5595	75	373	
6.25	6.5	1	18	5	3	114	26578	113	26370	0.00361947	0.00199696	0.003	0.01	233.363	106.401	8	517	
6.25	6.5	1	19	4	3	81	26512	80	25998	0.0113125	0.00432711	0.003	0.017	324.975	118.049	90	534	
6.25	6.5	1	20	3	3	126	26602	101	9557	0.003	0	0.003	0.003	94.6238	34.512	32	193	
6.5	6.75	4	1	3	3	64	26478	64	26478	0.003	0	0.003	0.003	413.719	176.865	58	597	
6.5	6.75	4	2	5	3	104	26558	81	17317	0.00628395	0.00443913	0.003	0.024	213.79	63.9818	117	535	
6.5	6.75	4	3	1	3	125	26600	113	23223	0.00560177	0.0065609	0.003	0.024	205.513	67.8028	117	420	
6.5	6.75	4	4	4	3	86	26522	65	15895	0.0102154	0.00593057	0.003	0.024	244.538	117.434	101	694	
6.5	6.75	4	5	2	3	108	26566	108	26566	0.00319444	0.00115571	0.003	0.01	245.981	111.827	12	446	
6.5	6.75	2	6	5	3	125	26600	103	13997	0.00340777	0.00256078	0.003	0.024	135.893	62.1929	117	560	
6.5	6.75	2	7	1	3	75	26500	75	26500	0.003	0	0.003	0.003	353.333	203.31	26	517	
6.5	6.75	2	8	3	3	125	26600	125	26600	0.005688	0.00546457	0.003	0.017	212.8	69.2716	88	301	
6.5	6.75	2	9	2	3	125	26600	125	26600	0.003	0	0.003	0.003	212.8	89.0822	93	285	
6.5	6.75	2	10	4	3	125	26600	102	17788	0.00348039	0.00299746	0.003	0.024	174.392	37.258	157	384	
6.5	6.75	3	11	5	3	102	26554	83	17959	0.00654217	0.00539716	0.003	0.024	216.373	95.0181	157	694	
6.5	6.75	3	12	4	3	95	26540	95	26540	0.003	0	0.003	0.003	279.368	116.597	7	373	
6.5	6.75	3	13	1	3	112	26574	106	25225	0.00656604	0.00589595	0.003	0.024	237.972	86.8011	64	534	
6.5	6.75	3	14	3	3	125	26600	121	25333	0.00600826	0.00611759	0.003	0.024	209.364	60.8279	117	416	
6.5	6.75	3	15	2	3	96	26542	96	26542	0.003	0	0.003	0.003	276.479	114.21	75	453	
6.5	6.75	1	16	2	3	125	26600	109	19777	0.00473394	0.00487177	0.003	0.024	181.44	104.683	57	596	
6.5	6.75	1	17	1	3	102	26554	102	26554	0.00306863	0.000693103	0.003	0.01	260.333	99.0891	75	373	
6.5	6.75	1	18	5	3	104	26558	104	26307	0.00421154	0.00266102	0.003	0.01	252.952	118.819	64	597	
6.5	6.75	1	19	4	3	87	26524	87	26871	0.0100805	0.00494909	0.003	0.024	308.862	131.863	36	621	
6.5	6.75	1	20	3	3	125	26600	103	11920	0.00361165	0.00354863	0.003	0.024	115.728	99.7066	32	681	
6.75	7	4	1	3	3	65	26480	65	26480	0.003	0	0.003	0.003	407.385	186.486	58	597	
6.75	7	4	2	5	3	101	26552	83	19438	0.00654217	0.00528528	0.003	0.024	234.193	98.7644	101	650	
6.75	7	4	3	1	3	125	26600	116	24409	0.00571552	0.0065777	0.003	0.024	210.422	72.9853	117	420	
6.75	7	4	4	4	3	96	26542	75	17248	0.00766667	0.00555886	0.003	0.024	229.973	105.466	101	694	
6.75	7	4	5	2	3	106	26562	106	26562	0.003	0	0.003	0.003	250.585	112.874	11	462	
6.75	7	2	6	5	3	121	26592	97	14212	0.00372165	0.00371018	0.003	0.024	146.515	93.1389	117	711	
6.75	7	2	7	1	3	77	26504	77	26504	0.00309091	0.000797724	0.003	0.01	344.208	207.932	11	517	
6.75	7	2	8	3	3	125	26600	125	26600	0.005632	0.00530905	0.003	0.017	212.8	87.1789	12	301	
6.75	7	2	9	2	3	113	26576	113	26576	0.00306195	0.000658505	0.003	0.01	235.186	97.9042	47	389	
6.75	7	2	10	4	3	125	26600	105	19416	0.00406667	0.0040933	0.003	0.024	184.914	47.0536	157	384	
6.75	7	3	11	5	3	113	26576	96	20772	0.00613542	0.0056431	0.003	0.024	216.375	101.654	157	706	
6.75	7	3	12	4	3	96	26542	96	26542	0.003	0	0.003	0.003	276.479	121.673	7	373	
6.75	7	3	13	1	3	120	26590	118	26441	0.00602542	0.0056029	0.003	0.024	224.076	77.5741	64	535	
6.75	7	3	14	3	3	125	26600	123	26312	0.00607317	0.00653386	0.003	0.024	213.919	58.2144	117	416	
6.75	7	3	15	2	3	95	26540	95	26540	0.00314737	0.00101025	0.003	0.01	279.368	122.758	75	453	
6.75	7	1	16	2	3	120	26590	105	18733	0.00493333	0.00499667	0.003	0.024	178.41	120.94	57	596	
6.75	7	1	17	1	3	106	26562	106	26562	0.00306604	0.0006799	0.003	0.01	250.585	89.6044	75	373	
6.75	7	1	18	5	3	114	26578	115	27037	0.00385217	0.00229891	0.003	0.01	235.104	117.125	8	531	
6.75	7	1	19	4	3	78	26506	77	25862	0.0117273	0.00427242	0.003	0.017	335.87	114.195	115	534	
6.75	7	1	20	3	3	125	26600	103	11259	0.00354369	0.0032047	0.003	0.024	109.311	114.526	32	766	
7	7.25	4	1	3	3	65	26480	65	26480	0.003	0	0.003	0.003	407.385	186.486	58	597	
7	7.25	4	2	5	3	106	26562	89	20348	0.00724719	0.00544452	0.003	0.024	228.629	96.1699	52	650	
7	7.25	4	3	1	3	127	26604	125	25944	0.006416	0.00752328	0.003	0.024	207.552	76.2116	9	420	
7	7.25	4	4	4	3	97	26544	82	19650	0.00863415	0.00586581	0.003	0.024	239.634	117.949	101	694	
7	7.25	4	5	2	3	109	26568	109	26568	0.00306422	0.000670478	0.003	0.01	243.743	115.881	7	462	
7	7.25	2	6	5	3	125	26600	102	13800	0.00334314	0.00206093	0.003	0.017	135.294	62.4548	117	560	
7	7.25	2	7	1	3	75	26500	75	26500	0.003	0	0.003	0.003	353.333	201.76	26	517	
7	7.25	2	8	3	3	125	26600	125	26600	0.005744	0.0055444	0.003	0.017	212.8	69.2716	88	301	
7	7.25	2	9	2	3	125	26600	125	26600	0.003	0	0.003	0.003	212.8	91.3351	60	341	
7	7.25	2	10	4	3	125	26600	105	18960	0.00393333	0.00376795	0.003	0.024	180.571	50.7355	157	384	
7	7.25	3	11	5	3	113	26576	100	21516	0.00615	0.00501185	0.003	0.024	215.16	87.5222	25	571	
7	7.25	3	12	4	3	95	26540	95	26540	0.00307368	0.000718185	0.003	0.01	279.368	111.296	7	373	
7	7.25	3	13	1	3	126	26602	121	25541	0.00514049	0.00485336	0.003	0.024	211.083	87.9326	16	591	
7	7.25	3	14	3	3	127	26604	126	26196	0.00594444	0.00640663	0.003	0.024	207.905	63.1569	21	416	
7	7.25	3	15	2	3	95	26540	95	26540	0.003	0	0.003	0.003	279.368	121.842	75	453	
7	7.25	1	16	2	3	128	26606	120	23518	0.00539167	0.00570316	0.003	0.024	195.983	127.814	17	536	
7	7.25	1	17	1	3	104	26558	104	26558	0.00306731	0.000686406	0.003	0.01	255.365	105.304	75	373	
7	7.25	1	18	5	3	104	26558	103	26231	0.00456311	0.00292946	0.003	0.01	254.67	125.579	64	517	
7	7.25	1	19	4	3	88	26526	89	27416	0.00976404	0.00477213	0.003	0.017	308.045	152.225	11	839	
7	7.25	1	20	3	3	133	26616	112	12823	0.0033125	0.00237491	0.003	0.024	114.491	87.8517	8	597	
7.25	7.5	4	1	3	3	65	26480	65	26480	0.003	0	0.003	0.003	407.385	186.486	58	597	
7.25	7.5	4	2	5	3	111	26572	91	19761	0.00607692	0.00469096	0.003	0.024	217.154	71.1473	101	551	
7.25	7.5	4	3	1	3	124	26598	114	23642	0.00539474	0.00587724	0.003	0.024	207.386	67.0834	117	420	
7.25	7.5	4	4	4	3	94	26538	81	20051	0.00818518	0.00583333	0.003	0.024	247.543	121.105	101	694	
7.25	7.5	4	5	2	3	107	26564	107	26564	0.003	0	0.003	0.003	248.262	114.053	12	462	
7.25	7.5	2	6	5	3	128	26606	108	15955	0.00390741	0.00371795	0.003	0.024	147.731	67.83	75	560	
7.25	7.5	2	7	1	3	75	26500	75	26500	0.003	0	0.003	0.003	353.333	201.512	26	517	
7.25	7.5	2	8	3	3	124	26598	124	26598	0.00542742	0.00513108	0.003	0.017	214.5	83.6865	12	311	
7.25	7.5	2	9	2	3	114	26578	114	26578	0.003	0	0.003	0.003	233.14	92.6353	93	389	
7.25	7.5	2	10	4	3	126	26602	105	19034	0.0036	0.00258918	0.003	0.024	181.276	42.2378	101	384	
7.25	7.5	3	11	5	3	116	26582	98	19997	0.00521428	0.00467114	0.003	0.024	204.051	66.0564	101	495	
7.25	7.5	3	12	4	3	93	26536	93	26536	0.003	0	0.003	0.003	285.333	106.247	7	373	
7.25	7.5	3	13	1	3	121	26592	118	25176	0.00549152	0.00488806	0.003	0.017	213.356	81.4645	64	427	
7.25	7.5	3	14	3	3	125	26600	121	25508	0.00571901	0.00581266	0.003	0.024	210.81	51.7636	117	360	
7.25	7.5	3	15	2	3	93	26536	93	26536	0.003	0	0.003	0.003	285.333	123.882	75	453	
7.25	7.5	1	16	2	3	125	26600	113	21807	0.00535398	0.00525921	0.003	0.024	192.982	135.823	53	651	
7.25	7.5	1	17	1	3	105	26560	105	26560	0.00313333	0.000961436	0.003	0.01	252.952	93.69	75	373	
7.25	7.5	1	18	5	3	109	26568	109	26581	0.00389908	0.00235287	0.003	0.01	243.862	112.124	8	517	
7.25	7.5	1	19	4	3	80	26510	80	25981	0.0107875	0.00510322	0.003	0.024	324.762	137.038	90	765	
7.25	7.5	1	20	3	3	129	26608	110	13478	0.00401818	0.00377335	0.003	0.024	122.527	106.132	32	723	
7.5	7.75	4	1	3	3	68	26486	68	26486	0.003	0	0.003	0.003	389.5	200.553	58	597	
7.5	7.75	4	2	5	3	105	26560	87	19915	0.00702299	0.00540451	0.003	0.024	228.908	99.6196	117	650	
7.5	7.75	4	3	1	3	125	26600	116	24371	0.00607759	0.00722694	0.003	0.024	210.095	72.7606	117	420	
7.5	7.75	4	4	4	3	85	26520	64	15855	0.00967187	0.00535429	0.003	0.024	247.734	113.286	117	650	
7.5	7.75	4	5	2	3	104	26558	104	26558	0.00306731	0.000686406	0.003	0.01	255.365	116.487	11	453	
7.5	7.75	2	6	5	3	125	26600	101	13320	0.00313861	0.00139305	0.003	0.017	131.881	42.4785	117	520	
7.5	7.75	2	7	1	3	75	26500	75	26500	0.003	0	0.003	0.003	353.333	206.911	26	517	
7.5	7.75	2	8	3	3	125	26600	126	26688	0.00572222	0.00545621	0.003	0.017	211.81	69.884	88	301	
7.5	7.75	2	9	2	3	125	26600	125	26600	0.003056	0.000626099	0.003	0.01	212.8	91.3351	60	341	
7.5	7.75	2	10	4	3	125	26600	101	17424	0.00341584	0.00238859	0.003	0.024	172.515	29.5529	157	364	
7.5	7.75	3	11	5	3	105	26560	86	18411	0.00682558	0.00584746	0.003	0.024	214.081	80.7626	117	590	
7.5	7.75	3	12	4	3	93	26536	93	26536	0.003	0	0.003	0.003	285.333	113.853	7	373	
7.5	7.75	3	13	1	3	113	26576	111	26021	0.00703604	0.00637028	0.003	0.024	234.423	90.4832	64	591	
7.5	7.75	3	14	3	3	125	26600	119	25172	0.00564706	0.00569059	0.003	0.024	211.529	56.2652	117	416	
7.5	7.75	3	15	2	3	93	26536	93	26536	0.003	0	0.003	0.003	285.333	115.901	75	453	
7.5	7.75	1	16	2	3	124	26598	113	21137	0.00541593	0.00589904	0.003	0.024	187.053	100.832	57	536	
7.5	7.75	1	17	1	3	101	26552	101	26552	0.00306931	0.000696526	0.003	0.01	262.891	88.6238	75	373	
7.5	7.75	1	18	5	3	105	26560	106	26874	0.00385849	0.00230709	0.003	0.01	253.528	109.713	8	517	
7.5	7.75	1	19	4	3	88	26526	88	26523	0.01	0.00508999	0.003	0.024	301.398	133.278	11	706	
7.5	7.75	1	20	3	3	126	26602	105	13020	0.0038	0.00403923	0.003	0.024	124	110.434	32	723	
7.75	8	4	1	3	3	69	26488	69	26488	0.003	0	0.003	0.003	383.884	207.61	58	597	
7.75	8	4	2	5	3	97	26544	74	16142	0.00668919	0.00452065	0.003	0.024	218.135	62.6423	117	475	
7.75	8	4	3	1	3	124	26598	114	23575	0.00551754	0.00639307	0.003	0.024	206.798	69.9482	117	420	
7.75	8	4	4	4	3	87	26524	68	17013	0.0102059	0.00604352	0.003	0.024	250.191	126.598	117	694	
7.75	8	4	5	2	3	107	26564	107	26564	0.00306542	0.000676716	0.003	0.01	248.262	118.223	11	462	
7.75	8	2	6	5	3	125	26600	101	13240	0.00334653	0.00229537	0.003	0.024	131.089	46.0218	117	560	
7.75	8	2	7	1	3	75	26500	75	26500	0.003	0	0.003	0.003	353.333	206.911	26	517	
7.75	8	2	8	3	3	125	26600	124	26512	0.00565322	0.00547284	0.003	0.017	213.806	68.6288	88	301	
7.75	8	2	9	2	3	125	26600	125	26600	0.003	0	0.003	0.003	212.8	89.0822	93	285	
7.75	8	2	10	4	3	125	26600	102	17788	0.00348039	0.00299746	0.003	0.024	174.392	37.258	157	384	
7.75	8	3	11	5	3	107	26564	91	20604	0.00684615	0.00574054	0.003	0.024	226.418	107.47	157	650	
7.75	8	3	12	4	3	94	26538	94	26538	0.00307447	0.000721995	0.003	0.01	282.319	117.197	7	373	
7.75	8	3	13	1	3	120	26590	115	25245	0.00586087	0.00570762	0.003	0.024	219.522	81.0886	64	427	
7.75	8	3	14	3	3	125	26600	121	25640	0.00606611	0.00663417	0.003	0.024	211.901	57.7104	117	416	
7.75	8	3	15	2	3	94	26538	94	26538	0.003	0	0.003	0.003	282.319	114.033	75	453	
7.75	8	1	16	2	3	124	26598	107	18787	0.00443925	0.00448304	0.003	0.024	175.579	107.18	57	596	
7.75	8	1	17	1	3	104	26558	104	26558	0.00320192	0.00117729	0.003	0.01	255.365	101.631	75	373	
7.75	8	1	18	5	3	109	26568	109	26568	0.0039633	0.0024226	0.003	0.01	243.743	121.897	8	517	
7.75	8	1	19	4	3	87	26524	86	26591	0.0104884	0.00489596	0.003	0.017	309.198	122.967	11	534	
7.75	8	1	20	3	3	124	26598	100	10057	0.00321	0.0021	0.003	0.024	100.57	51.296	32	485	
8	8.25	4	1	3	3	66	26482	66	26482	0.003	0	0.003	0.003	401.242	195.16	58	597	
8	8.25	4	2	5	3	103	26556	87	20594	0.00702299	0.00484882	0.003	0.024	236.713	120.165	49	825	
8	8.25	4	3	1	3	124	26598	116	24598	0.00535345	0.00590689	0.003	0.024	212.052	77.7297	117	535	
8	8.25	4	4	4	3	92	26534	78	19840	0.00892308	0.00564943	0.003	0.024	254.359	130.189	75	825	
8	8.25	4	5	2	3	105	26560	105	26560	0.00306667	0.00068313	0.003	0.01	252.952	122.859	7	485	
8	8.25	2	6	5	3	124	26598	101	14911	0.00376238	0.00341511	0.003	0.024	147.634	84.2514	32	711	
8	8.25	2	7	1	3	76	26502	76	26502	0.003	0	0.003	0.003	348.711	207.96	26	517	
8	8.25	2	8	3	3	123	26596	123	26748	0.00539024	0.00505646	0.003	0.017	217.463	92.8085	12	539	
8	8.25	2	9	2	3	109	26568	109	26568	0.00312844	0.0009438	0.003	0.01	243.743	96.7244	47	389	
8	8.25	2	10	4	3	123	26596	107	21187	0.00443925	0.00448304	0.003	0.024	198.009	84.9156	73	746	
8	8.25	3	11	5	3	111	26572	94	19615	0.00582979	0.00462726	0.003	0.024	208.67	79.3729	117	591	
8	8.25	3	12	4	3	96	26542	96	26542	0.003	0	0.003	0.003	276.479	119.087	7	373	
8	8.25	3	13	1	3	120	26590	119	26561	0.00623529	0.00603058	0.003	0.024	223.202	92.764	64	591	
8	8.25	3	14	3	3	126	26602	124	26225	0.00587903	0.0059886	0.003	0.024	211.492	60.1487	117	416	
8	8.25	3	15	2	3	95	26540	95	26540	0.003	0	0.003	0.003	279.368	118.001	75	453	
8	8.25	1	16	2	3	122	26594	112	22360	0.0055625	0.0060891	0.003	0.024	199.643	103.985	53	536	
8	8.25	1	17	1	3	96	26542	96	26542	0.00307292	0.000714435	0.003	0.01	276.479	97.872	75	373	
8	8.25	1	18	5	3	100	26550	99	26091	0.00349495	0.00180348	0.003	0.01	263.545	110.353	75	579	
8	8.25	1	19	4	3	93	26536	93	26615	0.00872043	0.00545608	0.003	0.024	286.183	141.027	36	706	
8	8.25	1	20	3	3	127	26604	109	14879	0.0042844	0.0047786	0.003	0.024	136.505	112.13	32	621	
8.25	8.5	4	1	3	3	65	26480	65	26480	0.003	0	0.003	0.003	407.385	191.987	58	597	
8.25	8.5	4	2	5	3	106	26562	86	18645	0.00666279	0.00500496	0.003	0.024	216.802	77.7338	101	650	
8.25	8.5	4	3	1	3	124	26598	109	22613	0.00518349	0.00622445	0.003	0.024	207.459	66.8932	117	420	
8.25	8.5	4	4	4	3	85	26520	67	16652	0.00937313	0.00541277	0.003	0.024	248.537	120.104	157	694	
8.25	8.5	4	5	2	3	110	26570	110	26570	0.003	0	0.003	0.003	241.545	118.577	12	446	
8.25	8.5	2	6	5	3	125	26600	102	14373	0.00354902	0.00306571	0.003	0.024	140.912	56.6735	75	560	
8.25	8.5	2	7	1	3	79	26508	79	26508	0.003	0	0.003	0.003	335.544	211.192	11	517	
8.25	8.5	2	8	3	3	124	26598	124	26522	0.00554032	0.00530592	0.003	0.017	213.887	90.2594	12	311	
8.25	8.5	2	9	2	3	107	26564	107	26564	0.003	0	0.003	0.003	248.262	91.1104	93	389	
8.25	8.5	2	10	4	3	126	26602	104	18786	0.00353846	0.00252338	0.003	0.024	180.635	38.4884	41	384	
8.25	8.5	3	11	5	3	106	26562	90	19619	0.00665555	0.00586393	0.003	0.024	217.989	99.2725	157	706	
8.25	8.5	3	12	4	3	95	26540	95	26540	0.003	0	0.003	0.003	279.368	119.147	7	373	
8.25	8.5	3	13	1	3	118	26586	114	25399	0.00600877	0.00542772	0.003	0.024	222.798	81.2604	64	534	
8.25	8.5	3	14	3	3	125	26600	117	24704	0.00551282	0.00547347	0.003	0.024	211.145	58.5961	117	416	
8.25	8.5	3	15	2	3	95	26540	95	26540	0.003	0	0.003	0.003	279.368	114.396	75	453	
8.25	8.5	1	16	2	3	120	26590	110	21766	0.0058	0.0062322	0.003	0.024	197.873	132.455	57	651	
8.25	8.5	1	17	1	3	103	26556	103	26556	0.003	0	0.003	0.003	257.825	93.9448	75	373	
8.25	8.5	1	18	5	3	110	26570	109	26329	0.00389908	0.00235287	0.003	0.01	241.55	124.493	8	579	
8.25	8.5	1	19	4	3	85	26520	86	26731	0.010407	0.00496192	0.003	0.024	310.826	126.854	11	597	
8.25	8.5	1	20	3	3	126	26602	103	10978	0.00347573	0.0029831	0.003	0.024	106.583	89.8163	26	767	
8.5	8.75	4	1	3	3	62	26474	62	26474	0.003	0	0.003	0.003	427	167.48	58	597	
8.5	8.75	4	2	5	3	100	26550	83	19178	0.00738554	0.00565002	0.003	0.024	231.06	88.6911	101	650	
8.5	8.75	4	3	1	3	125	26600	121	25561	0.00629752	0.0071771	0.003	0.024	211.248	72.1688	117	420	
8.5	8.75	4	4	4	3	102	26554	85	20056	0.00827059	0.00656177	0.003	0.024	235.953	127.7	31	694	
8.5	8.75	4	5	2	3	110	26570	110	26570	0.00312727	0.00093954	0.003	0.01	241.545	114.252	11	453	
8.5	8.75	2	6	5	3	123	26596	98	13536	0.00314286	0.00141421	0.003	0.017	138.122	61.1107	117	711	
8.5	8.75	2	7	1	3	81	26512	81	26512	0.003	0	0.003	0.003	327.309	208.578	11	517	
8.5	8.75	2	8	3	3	125	26600	125	26524	0.005744	0.0055444	0.003	0.017	212.192	97.141	12	301	
8.5	8.75	2	9	2	3	102	26554	102	26554	0.003	0	0.003	0.003	260.333	91.8605	93	389	
8.5	8.75	2	10	4	3	125	26600	101	18236	0.00320792	0.00155124	0.003	0.017	180.554	29.7585	157	332	
8.5	8.75	3	11	5	3	112	26574	91	18301	0.00623077	0.00593123	0.003	0.024	201.11	74.659	157	706	
8.5	8.75	3	12	4	3	95	26540	95	26540	0.00307368	0.000718185	0.003	0.01	279.368	128.621	7	378	
8.5	8.75	3	13	1	3	121	26592	115	25049	0.00555652	0.00518972	0.003	0.024	217.817	66.9976	64	475	
8.5	8.75	3	14	3	3	125	26600	124	26300	0.00582258	0.00563965	0.003	0.024	212.097	51.6261	117	416	
8.5	8.75	3	15	2	3	96	26542	96	26542	0.003	0	0.003	0.003	276.479	124.428	75	453	
8.5	8.75	1	16	2	3	124	26598	110	19805	0.00471818	0.00503407	0.003	0.024	180.045	129.966	57	651	
8.5	8.75	1	17	1	3	107	26564	107	26564	0.00306542	0.000676716	0.003	0.01	248.262	95.0859	75	373	
8.5	8.75	1	18	5	3	109	26568	111	27268	0.0047027	0.00301691	0.003	0.01	245.658	139.003	8	578	
8.5	8.75	1	19	4	3	81	26512	81	26526	0.0111235	0.00448994	0.003	0.017	327.481	115.86	66	621	
8.5	8.75	1	20	3	3	125	26600	101	9367	0.00313861	0.00139305	0.003	0.017	92.7426	74.9801	26	761	
8.75	9	4	1	3	3	68	26486	68	26486	0.003	0	0.003	0.003	389.5	174.004	58	597	
8.75	9	4	2	5	3	98	26546	77	16902	0.00718182	0.00498347	0.003	0.024	219.506	73.4067	101	535	
8.75	9	4	3	1	3	125	26600	113	22920	0.00541593	0.00659914	0.003	0.024	202.832	72.8547	117	420	
8.75	9	4	4	4	3	81	26512	59	14453	0.0109492	0.00543115	0.003	0.024	244.966	102.238	157	694	
8.75	9	4	5	2	3	106	26562	106	26562	0.00313207	0.000956934	0.003	0.01	250.585	109.064	12	462	
8.75	9	2	6	5	3	123	26596	97	12653	0.003	0	0.003	0.003	130.443	17.5991	117	157	
8.75	9	2	7	1	3	76	26502	76	26502	0.003	0	0.003	0.003	348.711	210.574	11	517	
8.75	9	2	8	3	3	125	26600	125	26752	0.005744	0.0055444	0.003	0.017	214.016	83.7192	12	301	
8.75	9	2	9	2	3	114	26578	114	26578	0.003	0	0.003	0.003	233.14	96.6171	93	389	
8.75	9	2	10	4	3	125	26600	102	18288	0.00341176	0.00292599	0.003	0.024	179.294	38.1505	157	384	
8.75	9	3	11	5	3	100	26550	81	16771	0.00645679	0.00457998	0.003	0.024	207.049	64.5157	157	519	
8.75	9	3	12	4	3	96	26542	96	26542	0.00307292	0.000714435	0.003	0.01	276.479	113.465	7	373	
8.75	9	3	13	1	3	112	26574	105	24227	0.00646667	0.00599369	0.003	0.024	230.733	88.1783	64	534	
8.75	9	3	14	3	3	125	26600	118	24228	0.00566949	0.00620181	0.003	0.024	205.322	58.1455	117	360	
8.75	9	3	15	2	3	96	26542	96	26542	0.003	0	0.003	0.003	276.479	111.748	75	453	
8.75	9	1	16	2	3	123	26596	104	18005	0.00468269	0.00472807	0.003	0.024	173.125	88.7129	57	591	
8.75	9	1	17	1	3	102	26554	102	26554	0.003	0	0.003	0.003	260.333	90.221	75	373	
8.75	9	1	18	5	3	111	26572	111	26572	0.0035045	0.00181846	0.003	0.01	239.387	103.197	8	459	
8.75	9	1	19	4	3	87	26524	86	26048	0.0102442	0.00497272	0.003	0.017	302.884	120.276	11	534	
8.75	9	1	20	3	3	125	26600	100	9871	0.00307	0.0007	0.003	0.01	98.71	31.9255	32	193	
9	9.25	4	1	3	3	64	26478	64	26478	0.003	0	0.003	0.003	413.719	182.746	58	597	
9	9.25	4	2	5	3	105	26560	84	18929	0.0065	0.00548712	0.003	0.024	225.345	86.9123	101	650	
9	9.25	4	3	1	3	125	26600	111	22788	0.00501802	0.00584805	0.003	0.024	205.297	64.21	117	420	
9	9.25	4	4	4	3	91	26532	73	17893	0.00923288	0.00623503	0.003	0.024	245.11	112.882	101	694	
9	9.25	4	5	2	3	105	26560	105	26560	0.003	0	0.003	0.003	252.952	113.562	11	462	
9	9.25	2	6	5	3	121	26592	94	12186	0.003	0	0.003	0.003	129.638	17.275	117	153	
9	9.25	2	7	1	3	77	26504	77	26504	0.003	0	0.003	0.003	344.208	206.717	11	517	
9	9.25	2	8	3	3	125	26600	126	26612	0.00577778	0.00553518	0.003	0.017	211.206	87.5799	12	301	
9	9.25	2	9	2	3	113	26576	113	26576	0.003	0	0.003	0.003	235.186	96.681	60	389	
9	9.25	2	10	4	3	125	26600	102	18276	0.00341176	0.00216339	0.003	0.017	179.176	35.5203	157	384	
9	9.25	3	11	5	3	108	26566	85	16988	0.00571765	0.00507705	0.003	0.024	199.859	56.085	157	475	
9	9.25	3	12	4	3	94	26538	94	26538	0.003	0	0.003	0.003	282.319	122.101	7	373	
9	9.25	3	13	1	3	120	26590	118	26258	0.0059661	0.00574521	0.003	0.024	222.525	77.1832	64	535	
9	9.25	3	14	3	3	125	26600	118	24836	0.00555085	0.00576402	0.003	0.024	210.475	51.2631	117	360	
9	9.25	3	15	2	3	95	26540	95	26540	0.00307368	0.000718185	0.003	0.01	279.368	119.451	115	453	
9	9.25	1	16	2	3	123	26596	109	19689	0.00486238	0.00500827	0.003	0.024	180.633	126.31	57	711	
9	9.25	1	17	1	3	104	26558	104	26558	0.00326923	0.00135267	0.003	0.01	255.365	90.224	75	373	
9	9.25	1	18	5	3	110	26570	109	26053	0.00370642	0.00211827	0.003	0.01	239.018	115.064	64	566	
9	9.25	1	19	4	3	78	26506	78	26853	0.0119744	0.00405153	0.003	0.017	344.269	108.834	66	621	
9	9.25	1	20	3	3	125	26600	102	10278	0.00341176	0.0025731	0.003	0.024	100.765	74.8459	26	621	
9.25	9.5	4	1	3	3	67	26484	67	26484	0.003	0	0.003	0.003	395.284	192.839	58	597	
9.25	9.5	4	2	5	3	99	26548	77	16476	0.00718182	0.00428807	0.003	0.024	213.974	75.8274	31	621	
9.25	9.5	4	3	1	3	123	26596	112	23336	0.005625	0.00658571	0.003	0.024	208.357	75.4106	117	535	
9.25	9.5	4	4	4	3	94	26538	75	17302	0.00832	0.00618009	0.003	0.024	230.693	113.603	75	694	
9.25	9.5	4	5	2	3	109	26568	109	26568	0.00306422	0.000670478	0.003	0.01	243.743	117.712	11	462	
9.25	9.5	2	6	5	3	125	26600	102	14028	0.00341176	0.00292599	0.003	0.024	137.529	57.6034	117	560	
9.25	9.5	2	7	1	3	75	26500	75	26500	0.003	0	0.003	0.003	353.333	209.924	26	517	
9.25	9.5	2	8	3	3	124	26598	123	26434	0.00561789	0.00533243	0.003	0.017	214.911	76.5662	12	301	
9.25	9.5	2	9	2	3	120	26590	120	26590	0.003	0	0.003	0.003	221.583	94.362	47	389	
9.25	9.5	2	10	4	3	125	26600	103	18348	0.00381553	0.00370677	0.003	0.024	178.136	39.6907	157	384	
9.25	9.5	3	11	5	3	109	26568	93	20334	0.00631183	0.0055187	0.003	0.024	218.645	100.523	117	746	
9.25	9.5	3	12	4	3	95	26540	95	26540	0.003	0	0.003	0.003	279.368	112.35	7	373	
9.25	9.5	3	13	1	3	117	26584	112	25461	0.0066875	0.00630034	0.003	0.024	227.33	87.3984	64	535	
9.25	9.5	3	14	3	3	125	26600	121	25556	0.00595041	0.00611263	0.003	0.024	211.207	57.8642	117	416	
9.25	9.5	3	15	2	3	92	26534	92	26534	0.003	0	0.003	0.003	288.413	116.867	75	453	
9.25	9.5	1	16	2	3	124	26598	110	19694	0.00490909	0.00518563	0.003	0.024	179.036	127.012	57	711	
9.25	9.5	1	17	1	3	108	26566	107	26490	0.003	0	0.003	0.003	247.57	85.276	88	373	
9.25	9.5	1	18	5	3	118	26586	117	26402	0.00353846	0.00187331	0.003	0.01	225.658	102.943	8	517	
9.25	9.5	1	19	4	3	82	26514	80	25569	0.0109625	0.00482201	0.003	0.017	319.612	123.199	90	534	
9.25	9.5	1	20	3	3	125	26600	102	10351	0.00341176	0.00292599	0.003	0.024	101.48	89.2235	26	723	
9.5	9.75	4	1	3	3	65	26480	65	26480	0.003	0	0.003	0.003	407.385	186.486	58	597	
9.5	9.75	4	2	5	3	100	26550	80	17696	0.0067625	0.00497397	0.003	0.024	221.2	76.3707	101	590	
9.5	9.75	4	3	1	3	123	26596	113	23876	0.00597345	0.00692493	0.003	0.024	211.292	74.3459	117	420	
9.5	9.75	4	4	4	3	96	26542	76	17439	0.00769737	0.00575968	0.003	0.024	229.461	115.381	101	694	
9.5	9.75	4	5	2	3	109	26568	109	26568	0.00306422	0.000670478	0.003	0.01	243.743	112.938	11	485	
9.5	9.75	2	6	5	3	123	26596	98	13461	0.00321428	0.00212132	0.003	0.024	137.357	46.7135	117	560	
9.5	9.75	2	7	1	3	77	26504	77	26504	0.003	0	0.003	0.003	344.208	207.932	11	517	
9.5	9.75	2	8	3	3	125	26600	125	26752	0.005688	0.00546457	0.003	0.017	214.016	95.3817	12	301	
9.5	9.75	2	9	2	3	105	26560	105	26560	0.003	0	0.003	0.003	252.952	99.1489	93	389	
9.5	9.75	2	10	4	3	125	26600	102	18724	0.00341176	0.0025731	0.003	0.024	183.569	38.2448	157	384	
9.5	9.75	3	11	5	3	103	26556	81	16446	0.00576543	0.00452015	0.003	0.024	203.037	88.6066	157	746	
9.5	9.75	3	12	4	3	97	26544	97	26544	0.003	0	0.003	0.003	273.649	132.465	7	373	
9.5	9.75	3	13	1	3	120	26590	116	25573	0.00607759	0.00600312	0.003	0.024	220.457	69.5863	64	475	
9.5	9.75	3	14	3	3	125	26600	119	25064	0.00541176	0.0052697	0.003	0.024	210.622	54.4272	117	416	
9.5	9.75	3	15	2	3	97	26544	97	26544	0.003	0	0.003	0.003	273.649	119.526	75	453	
9.5	9.75	1	16	2	3	121	26592	107	19857	0.00515888	0.0056404	0.003	0.024	185.579	140.642	57	651	
9.5	9.75	1	17	1	3	107	26564	108	26640	0.00338889	0.00161091	0.003	0.01	246.667	102.032	76	373	
9.5	9.75	1	18	5	3	108	26566	109	26808	0.00441284	0.00282256	0.003	0.01	245.945	132.09	12	566	
9.5	9.75	1	19	4	3	80	26510	82	27108	0.0115366	0.00440313	0.003	0.017	330.585	121.063	36	621	
9.5	9.75	1	20	3	3	125	26600	104	11617	0.00374038	0.0037675	0.003	0.024	111.702	125.949	26	723	
9.75	10	4	1	3	3	66	26482	66	26482	0.003	0	0.003	0.003	401.242	205.396	58	597	
9.75	10	4	2	5	3	104	26558	82	17630	0.0062439	0.00442652	0.003	0.024	215	61.6738	101	415	
9.75	10	4	3	1	3	124	26598	114	23703	0.00576316	0.00688246	0.003	0.024	207.921	63.7924	117	360	
9.75	10	4	4	4	3	97	26544	74	15731	0.00659459	0.00421647	0.003	0.024	212.581	77.4487	101	694	
9.75	10	4	5	2	3	107	26564	107	26564	0.003	0	0.003	0.003	248.262	123.239	11	462	
9.75	10	2	6	5	3	125	26600	101	13924	0.00320792	0.00208958	0.003	0.024	137.861	46.0997	117	560	
9.75	10	2	7	1	3	81	26512	81	26512	0.003	0	0.003	0.003	327.309	206.934	11	517	
9.75	10	2	8	3	3	125	26600	125	26600	0.0058	0.00562254	0.003	0.017	212.8	98.7896	12	301	
9.75	10	2	9	2	3	100	26550	100	26550	0.003	0	0.003	0.003	265.5	91.7473	103	389	
9.75	10	2	10	4	3	125	26600	100	17988	0.003	0	0.003	0.003	179.88	25.9422	157	209	
9.75	10	3	11	5	3	114	26578	93	18308	0.00465591	0.00377778	0.003	0.024	196.86	63.24	157	519	
9.75	10	3	12	4	3	94	26538	94	26538	0.003	0	0.003	0.003	282.319	119.501	7	373	
9.75	10	3	13	1	3	120	26590	116	25294	0.00619827	0.00593914	0.003	0.024	218.052	74.7453	64	419	
9.75	10	3	14	3	3	125	26600	118	25007	0.00549152	0.00568059	0.003	0.024	211.924	52.7288	117	416	
9.75	10	3	15	2	3	95	26540	95	26540	0.003	0	0.003	0.003	279.368	122.36	75	453	
9.75	10	1	16	2	3	122	26594	108	19448	0.00481481	0.00482042	0.003	0.024	180.074	142.696	57	651	
9.75	10	1	17	1	3	111	26572	111	26572	0.00331531	0.0014584	0.003	0.01	239.387	102.46	76	373	
9.75	10	1	18	5	3	113	26576	114	27035	0.00416667	0.00262026	0.003	0.01	237.149	124.638	8	517	
9.75	10	1	19	4	3	81	26512	82	26885	0.010939	0.00463574	0.003	0.017	327.866	116.997	117	610	
9.75	10	1	20	3	3	125	26600	101	8987	0.00313861	0.00139305	0.003	0.017	88.9802	75.0076	26	729	
